meshID=7797167
0.000000e+00
0.000000e+00
0.000000e+00
0.000000e+00
3.421969e-03
0.000000e+00
0.000000e+00
6.843938e-03
6.843938e-03
0.000000e+00
0.000000e+00
1.026561e-02
1.368817e-02
1.026561e-02
0.000000e+00
0.000000e+00
1.368610e-02
2.053241e-02
2.053241e-02
1.368610e-02
0.000000e+00
0.000000e+00
1.710364e-02
2.737516e-02
3.080068e-02
2.737516e-02
1.710364e-02
0.000000e+00
0.000000e+00
2.051527e-02
3.421319e-02
4.106895e-02
4.106895e-02
3.421319e-02
2.051527e-02
0.000000e+00
0.000000e+00
2.391658e-02
4.104087e-02
5.133308e-02
5.476688e-02
5.133308e-02
4.104087e-02
2.391658e-02
0.000000e+00
0.000000e+00
2.730140e-02
4.784965e-02
6.158537e-02
6.846481e-02
6.846481e-02
6.158537e-02
4.784965e-02
2.730140e-02
0.000000e+00
0.000000e+00
3.066156e-02
5.462747e-02
7.181370e-02
8.215384e-02
8.560543e-02
8.215384e-02
7.181369e-02
5.462747e-02
3.066156e-02
0.000000e+00
0.000000e+00
3.398663e-02
6.135820e-02
8.200061e-02
9.581914e-02
1.027461e-01
1.027461e-01
9.581914e-02
8.200061e-02
6.135820e-02
3.398663e-02
0.000000e+00
0.000000e+00
3.726376e-02
6.802121e-02
9.212256e-02
1.094387e-01
1.198703e-01
1.233546e-01
1.198703e-01
1.094387e-01
9.212255e-02
6.802121e-02
3.726376e-02
0.000000e+00
0.000000e+00
4.047749e-02
7.459093e-02
1.021491e-01
1.229823e-01
1.369528e-01
1.439632e-01
1.439632e-01
1.369528e-01
1.229823e-01
1.021491e-01
7.459092e-02
4.047749e-02
0.000000e+00
0.000000e+00
4.360970e-02
8.103651e-02
1.120422e-01
1.364104e-01
1.539577e-01
1.645445e-01
1.680834e-01
1.645445e-01
1.539577e-01
1.364104e-01
1.120422e-01
8.103651e-02
4.360970e-02
0.000000e+00
0.000000e+00
4.663958e-02
8.732171e-02
1.217559e-01
1.496729e-01
1.708371e-01
1.850585e-01
1.922036e-01
1.922036e-01
1.850585e-01
1.708371e-01
1.496729e-01
1.217559e-01
8.732171e-02
4.663958e-02
0.000000e+00
0.000000e+00
4.954380e-02
9.340483e-02
1.312358e-01
1.627091e-01
1.875300e-01
2.054503e-01
2.162813e-01
2.199051e-01
2.162813e-01
2.054503e-01
1.875300e-01
1.627091e-01
1.312358e-01
9.340483e-02
4.954380e-02
0.000000e+00
0.000000e+00
5.229667e-02
9.923894e-02
1.404191e-01
1.754465e-01
2.039612e-01
2.256489e-01
2.402567e-01
2.476066e-01
2.476066e-01
2.402567e-01
2.256489e-01
2.039612e-01
1.754465e-01
1.404191e-01
9.923894e-02
5.229668e-02
0.000000e+00
0.000000e+00
5.487059e-02
1.047723e-01
1.492348e-01
1.878009e-01
2.200401e-01
2.455654e-01
2.640500e-01
2.752452e-01
2.789947e-01
2.752452e-01
2.640500e-01
2.455654e-01
2.200402e-01
1.878009e-01
1.492348e-01
1.047723e-01
5.487059e-02
0.000000e+00
0.000000e+00
5.723651e-02
1.099492e-01
1.576045e-01
1.996767e-01
2.356612e-01
2.650917e-01
2.875597e-01
3.027347e-01
3.103828e-01
3.103828e-01
3.027347e-01
2.875597e-01
2.650917e-01
2.356612e-01
1.996768e-01
1.576045e-01
1.099492e-01
5.723652e-02
0.000000e+00
0.000000e+00
5.936479e-02
1.147107e-01
1.654430e-01
2.109677e-01
2.507035e-01
2.841004e-01
3.106609e-01
3.299626e-01
3.416809e-01
3.456105e-01
3.416809e-01
3.299626e-01
3.106609e-01
2.841004e-01
2.507035e-01
2.109678e-01
1.654431e-01
1.147107e-01
5.936479e-02
0.000000e+00
0.000000e+00
6.122609e-02
1.189966e-01
1.726605e-01
2.215581e-01
2.650317e-01
3.024444e-01
3.332042e-01
3.567880e-01
3.727680e-01
3.808382e-01
3.808382e-01
3.727680e-01
3.567880e-01
3.332042e-01
3.024444e-01
2.650317e-01
2.215581e-01
1.726605e-01
1.189966e-01
6.122609e-02
0.000000e+00
0.000000e+00
6.279260e-02
1.227470e-01
1.791638e-01
2.313243e-01
2.784973e-01
3.199581e-01
3.550157e-01
3.830398e-01
4.034888e-01
4.159398e-01
4.201214e-01
4.159398e-01
4.034888e-01
3.830398e-01
3.550157e-01
3.199581e-01
2.784973e-01
2.313244e-01
1.791638e-01
1.227470e-01
6.279260e-02
0.000000e+00
0.000000e+00
6.403938e-02
1.259049e-01
1.848602e-01
2.401380e-01
2.909408e-01
3.364585e-01
3.758979e-01
4.085162e-01
4.336507e-01
4.507483e-01
4.594047e-01
4.594047e-01
4.507483e-01
4.336507e-01
4.085163e-01
3.758979e-01
3.364585e-01
2.909409e-01
2.401380e-01
1.848603e-01
1.259049e-01
6.403938e-02
0.000000e+00
0.000000e+00
6.494562e-02
1.284193e-01
1.896609e-01
2.478693e-01
3.021945e-01
3.517473e-01
3.956313e-01
4.329863e-01
4.630232e-01
4.850511e-01
4.985136e-01
5.030440e-01
4.985136e-01
4.850511e-01
4.630233e-01
4.329863e-01
3.956314e-01
3.517473e-01
3.021945e-01
2.478693e-01
1.896609e-01
1.284193e-01
6.494562e-02
0.000000e+00
0.000000e+00
6.549577e-02
1.302473e-01
1.934855e-01
2.543929e-01
3.120862e-01
3.656129e-01
4.139768e-01
4.561923e-01
4.913389e-01
5.185871e-01
5.372182e-01
5.466832e-01
5.466832e-01
5.372182e-01
5.185871e-01
4.913389e-01
4.561923e-01
4.139768e-01
3.656129e-01
3.120862e-01
2.543929e-01
1.934855e-01
1.302473e-01
6.549576e-02
0.000000e+00
0.000000e+00
6.568023e-02
1.313572e-01
1.962672e-01
2.595947e-01
3.204468e-01
3.778341e-01
4.306757e-01
4.778529e-01
5.182985e-01
5.510475e-01
5.752265e-01
5.900815e-01
5.950938e-01
5.900815e-01
5.752265e-01
5.510475e-01
5.182985e-01
4.778529e-01
4.306757e-01
3.778341e-01
3.204467e-01
2.595946e-01
1.962672e-01
1.313572e-01
6.568022e-02
0.000000e+00
0.000000e+00
6.549578e-02
1.317294e-01
1.979564e-01
2.633796e-01
3.271205e-01
3.881874e-01
4.454501e-01
4.976631e-01
5.435794e-01
5.820833e-01
6.121808e-01
6.329200e-01
6.435045e-01
6.435045e-01
6.329200e-01
6.121808e-01
5.820833e-01
5.435794e-01
4.976631e-01
4.454501e-01
3.881874e-01
3.271205e-01
2.633796e-01
1.979564e-01
1.317294e-01
6.549576e-02
0.000000e+00
0.000000e+00
6.494563e-02
1.313572e-01
1.985228e-01
2.656783e-01
3.319784e-01
3.964624e-01
4.580063e-01
5.152842e-01
5.668396e-01
6.113267e-01
6.476606e-01
6.747887e-01
6.915835e-01
6.972590e-01
6.915835e-01
6.747887e-01
6.476606e-01
6.113267e-01
5.668396e-01
5.152841e-01
4.580063e-01
3.964624e-01
3.319783e-01
2.656783e-01
1.985228e-01
1.313572e-01
6.494562e-02
0.000000e+00
0.000000e+00
6.403940e-02
1.302474e-01
1.979564e-01
2.664492e-01
3.349282e-01
4.024851e-01
4.680565e-01
5.303314e-01
5.876921e-01
6.384239e-01
6.812203e-01
7.151579e-01
7.388959e-01
7.510136e-01
7.510136e-01
7.388959e-01
7.151579e-01
6.812203e-01
6.384238e-01
5.876921e-01
5.303313e-01
4.680565e-01
4.024851e-01
3.349281e-01
2.664491e-01
1.979564e-01
1.302473e-01
6.403938e-02
0.000000e+00
0.000000e+00
6.279262e-02
1.284193e-01
1.962673e-01
2.656784e-01
3.359171e-01
4.061389e-01
4.753608e-01
5.423965e-01
6.056385e-01
6.630061e-01
7.125230e-01
7.533709e-01
7.848115e-01
8.044001e-01
8.108117e-01
8.044001e-01
7.848115e-01
7.533709e-01
7.125230e-01
6.630060e-01
6.056385e-01
5.423965e-01
4.753608e-01
4.061388e-01
3.359170e-01
2.656783e-01
1.962672e-01
1.284193e-01
6.279261e-02
0.000000e+00
0.000000e+00
6.122611e-02
1.259050e-01
1.934856e-01
2.633797e-01
3.349282e-01
4.073628e-01
4.797794e-01
5.511222e-01
6.200759e-01
6.844546e-01
7.414537e-01
7.889942e-01
8.281111e-01
8.570809e-01
8.706098e-01
8.706098e-01
8.570809e-01
8.281111e-01
7.889942e-01
7.414537e-01
6.844546e-01
6.200759e-01
5.511222e-01
4.797793e-01
4.073627e-01
3.349281e-01
2.633796e-01
1.934855e-01
1.259049e-01
6.122609e-02
0.000000e+00
0.000000e+00
5.936482e-02
1.227470e-01
1.896610e-01
2.595947e-01
3.319784e-01
4.061389e-01
4.812564e-01
5.563615e-01
6.303701e-01
7.018984e-01
7.672755e-01
8.230101e-01
8.670728e-01
9.071894e-01
9.319227e-01
9.353049e-01
9.319227e-01
9.071894e-01
8.670728e-01
8.230101e-01
7.672755e-01
7.018984e-01
6.303701e-01
5.563614e-01
4.812563e-01
4.061388e-01
3.319784e-01
2.595947e-01
1.896609e-01
1.227470e-01
5.936480e-02
0.000000e+00
0.000000e+00
5.723654e-02
1.189966e-01
1.848603e-01
2.543930e-01
3.271206e-01
4.024851e-01
4.797794e-01
5.581039e-01
6.364404e-01
7.138419e-01
7.892213e-01
8.539724e-01
9.076203e-01
9.435655e-01
1.000000e+00
1.000000e+00
1.000000e+00
1.000000e+00
9.435655e-01
9.076203e-01
8.539723e-01
7.892213e-01
7.138419e-01
6.364403e-01
5.581039e-01
4.797793e-01
4.024851e-01
3.271206e-01
2.543929e-01
1.848603e-01
1.189966e-01
5.723652e-02
0.000000e+00
0.000000e+00
5.487061e-02
1.147107e-01
1.791639e-01
2.478694e-01
3.204468e-01
3.964624e-01
4.753608e-01
5.563615e-01
6.384364e-01
7.205935e-01
8.025057e-01
8.852056e-01
9.403982e-01
1.000000e+00
1.000000e+00
1.000000e+00
1.000000e+00
1.000000e+00
1.000000e+00
1.000000e+00
9.403982e-01
8.852056e-01
8.025057e-01
7.205935e-01
6.384363e-01
5.563614e-01
4.753608e-01
3.964624e-01
3.204468e-01
2.478694e-01
1.791639e-01
1.147107e-01
5.487060e-02
0.000000e+00
0.000000e+00
5.229670e-02
1.099492e-01
1.726605e-01
2.401381e-01
3.120863e-01
3.881875e-01
4.680566e-01
5.511222e-01
6.364404e-01
7.227608e-01
8.093308e-01
8.976289e-01
1.000000e+00
1.000000e+00
1.000000e+00
1.000000e+00
1.000000e+00
1.000000e+00
1.000000e+00
1.000000e+00
1.000000e+00
1.000000e+00
8.976289e-01
8.093308e-01
7.227608e-01
6.364403e-01
5.511222e-01
4.680565e-01
3.881874e-01
3.120862e-01
2.401380e-01
1.726605e-01
1.099492e-01
5.229668e-02
0.000000e+00
0.000000e+00
4.954382e-02
1.047724e-01
1.654431e-01
2.313244e-01
3.021946e-01
3.778342e-01
4.580064e-01
5.423965e-01
6.303701e-01
7.205935e-01
8.114199e-01
9.028042e-01
1.000000e+00
1.000000e+00
1.000000e+00
1.000000e+00
1.000000e+00
1.000000e+00
1.000000e+00
1.000000e+00
1.000000e+00
1.000000e+00
1.000000e+00
9.028042e-01
8.114199e-01
7.205935e-01
6.303701e-01
5.423965e-01
4.580064e-01
3.778342e-01
3.021945e-01
2.313244e-01
1.654431e-01
1.047723e-01
4.954381e-02
0.000000e+00
0.000000e+00
4.663960e-02
9.923897e-02
1.576045e-01
2.215582e-01
2.909409e-01
3.656130e-01
4.454502e-01
5.303314e-01
6.200759e-01
7.138419e-01
8.093308e-01
9.042571e-01
1.000000e+00
1.000000e+00
1.000000e+00
1.000000e+00
1.000000e+00
1.000000e+00
1.000000e+00
1.000000e+00
1.000000e+00
1.000000e+00
1.000000e+00
1.000000e+00
9.042571e-01
8.093308e-01
7.138419e-01
6.200759e-01
5.303314e-01
4.454501e-01
3.656130e-01
2.909409e-01
2.215582e-01
1.576045e-01
9.923896e-02
4.663959e-02
0.000000e+00
0.000000e+00
4.360971e-02
9.340486e-02
1.492349e-01
2.109678e-01
2.784974e-01
3.517474e-01
4.306758e-01
5.152842e-01
6.056385e-01
7.018985e-01
8.025058e-01
9.028042e-01
1.000000e+00
1.000000e+00
1.000000e+00
1.000000e+00
1.000000e+00
1.000000e+00
1.000000e+00
1.000000e+00
1.000000e+00
1.000000e+00
1.000000e+00
1.000000e+00
1.000000e+00
9.028042e-01
8.025058e-01
7.018985e-01
6.056385e-01
5.152842e-01
4.306758e-01
3.517473e-01
2.784973e-01
2.109678e-01
1.492348e-01
9.340484e-02
4.360971e-02
0.000000e+00
0.000000e+00
4.047750e-02
8.732173e-02
1.404191e-01
1.996768e-01
2.650318e-01
3.364586e-01
4.139769e-01
4.976632e-01
5.876921e-01
6.844547e-01
7.892213e-01
8.976289e-01
1.000000e+00
1.000000e+00
1.000000e+00
1.000000e+00
1.000000e+00
1.000000e+00
1.000000e+00
1.000000e+00
1.000000e+00
1.000000e+00
1.000000e+00
1.000000e+00
1.000000e+00
1.000000e+00
8.976289e-01
7.892213e-01
6.844546e-01
5.876921e-01
4.976631e-01
4.139769e-01
3.364586e-01
2.650317e-01
1.996768e-01
1.404191e-01
8.732172e-02
4.047750e-02
0.000000e+00
0.000000e+00
3.726377e-02
8.103653e-02
1.312358e-01
1.878009e-01
2.507036e-01
3.199582e-01
3.956315e-01
4.778530e-01
5.668397e-01
6.630061e-01
7.672755e-01
8.852057e-01
1.000000e+00
1.000000e+00
1.000000e+00
1.000000e+00
1.000000e+00
1.000000e+00
1.000000e+00
1.000000e+00
1.000000e+00
1.000000e+00
1.000000e+00
1.000000e+00
1.000000e+00
1.000000e+00
1.000000e+00
8.852057e-01
7.672755e-01
6.630061e-01
5.668397e-01
4.778530e-01
3.956314e-01
3.199582e-01
2.507036e-01
1.878009e-01
1.312358e-01
8.103652e-02
3.726377e-02
0.000000e+00
0.000000e+00
3.398664e-02
7.459094e-02
1.217559e-01
1.754465e-01
2.356613e-01
3.024445e-01
3.758980e-01
4.561924e-01
5.435795e-01
6.384239e-01
7.414537e-01
8.539724e-01
1.000000e+00
1.000000e+00
1.000000e+00
1.000000e+00
1.000000e+00
1.000000e+00
1.000000e+00
1.000000e+00
1.000000e+00
1.000000e+00
1.000000e+00
1.000000e+00
1.000000e+00
1.000000e+00
1.000000e+00
1.000000e+00
8.539724e-01
7.414537e-01
6.384239e-01
5.435795e-01
4.561923e-01
3.758979e-01
3.024445e-01
2.356613e-01
1.754465e-01
1.217559e-01
7.459093e-02
3.398664e-02
0.000000e+00
0.000000e+00
3.066156e-02
6.802122e-02
1.120422e-01
1.627092e-01
2.200402e-01
2.841005e-01
3.550158e-01
4.329864e-01
5.182986e-01
6.113268e-01
7.125231e-01
8.230102e-01
9.403982e-01
1.000000e+00
1.000000e+00
1.000000e+00
1.000000e+00
1.000000e+00
1.000000e+00
1.000000e+00
1.000000e+00
1.000000e+00
1.000000e+00
1.000000e+00
1.000000e+00
1.000000e+00
1.000000e+00
1.000000e+00
9.403982e-01
8.230101e-01
7.125230e-01
6.113268e-01
5.182985e-01
4.329864e-01
3.550157e-01
2.841004e-01
2.200402e-01
1.627092e-01
1.120422e-01
6.802121e-02
3.066156e-02
0.000000e+00
0.000000e+00
2.730140e-02
6.135820e-02
1.021491e-01
1.496730e-01
2.039612e-01
2.650918e-01
3.332043e-01
4.085164e-01
4.913390e-01
5.820834e-01
6.812204e-01
7.889942e-01
9.076203e-01
1.000000e+00
1.000000e+00
1.000000e+00
1.000000e+00
1.000000e+00
1.000000e+00
1.000000e+00
1.000000e+00
1.000000e+00
1.000000e+00
1.000000e+00
1.000000e+00
1.000000e+00
1.000000e+00
1.000000e+00
1.000000e+00
9.076203e-01
7.889942e-01
6.812203e-01
5.820834e-01
4.913389e-01
4.085163e-01
3.332042e-01
2.650917e-01
2.039612e-01
1.496729e-01
1.021491e-01
6.135819e-02
2.730139e-02
0.000000e+00
0.000000e+00
2.391658e-02
5.462747e-02
9.212257e-02
1.364104e-01
1.875301e-01
2.455654e-01
3.106610e-01
3.830399e-01
4.630233e-01
5.510476e-01
6.476607e-01
7.533709e-01
8.670728e-01
1.000000e+00
1.000000e+00
1.000000e+00
1.000000e+00
1.000000e+00
1.000000e+00
1.000000e+00
1.000000e+00
1.000000e+00
1.000000e+00
1.000000e+00
1.000000e+00
1.000000e+00
1.000000e+00
1.000000e+00
1.000000e+00
1.000000e+00
8.670728e-01
7.533709e-01
6.476606e-01
5.510476e-01
4.630233e-01
3.830398e-01
3.106610e-01
2.455654e-01
1.875300e-01
1.364104e-01
9.212254e-02
5.462745e-02
2.391657e-02
0.000000e+00
0.000000e+00
2.051528e-02
4.784966e-02
8.200062e-02
1.229823e-01
1.708371e-01
2.256490e-01
2.875598e-01
3.567881e-01
4.336508e-01
5.185872e-01
6.121809e-01
7.151580e-01
8.281112e-01
9.435656e-01
1.000000e+00
1.000000e+00
1.000000e+00
1.000000e+00
1.000000e+00
1.000000e+00
1.000000e+00
1.000000e+00
1.000000e+00
1.000000e+00
1.000000e+00
1.000000e+00
1.000000e+00
1.000000e+00
1.000000e+00
1.000000e+00
9.435655e-01
8.281111e-01
7.151579e-01
6.121809e-01
5.185871e-01
4.336508e-01
3.567881e-01
2.875598e-01
2.256489e-01
1.708371e-01
1.229823e-01
8.200059e-02
4.784964e-02
2.051526e-02
0.000000e+00
0.000000e+00
1.710364e-02
4.104088e-02
7.181370e-02
1.094387e-01
1.539577e-01
2.054503e-01
2.640501e-01
3.299627e-01
4.034888e-01
4.850511e-01
5.752266e-01
6.747887e-01
7.848115e-01
9.071894e-01
1.000000e+00
1.000000e+00
1.000000e+00
1.000000e+00
1.000000e+00
1.000000e+00
1.000000e+00
1.000000e+00
1.000000e+00
1.000000e+00
1.000000e+00
1.000000e+00
1.000000e+00
1.000000e+00
1.000000e+00
1.000000e+00
1.000000e+00
9.071894e-01
7.848115e-01
6.747887e-01
5.752266e-01
4.850511e-01
4.034888e-01
3.299626e-01
2.640500e-01
2.054503e-01
1.539576e-01
1.094387e-01
7.181367e-02
4.104085e-02
1.710363e-02
0.000000e+00
0.000000e+00
1.368610e-02
3.421319e-02
6.158538e-02
9.581915e-02
1.369528e-01
1.850585e-01
2.402568e-01
3.027347e-01
3.727681e-01
4.507484e-01
5.372182e-01
6.329201e-01
7.388960e-01
8.570809e-01
1.000000e+00
1.000000e+00
1.000000e+00
1.000000e+00
1.000000e+00
1.000000e+00
1.000000e+00
1.000000e+00
1.000000e+00
1.000000e+00
1.000000e+00
1.000000e+00
1.000000e+00
1.000000e+00
1.000000e+00
1.000000e+00
1.000000e+00
1.000000e+00
8.570809e-01
7.388959e-01
6.329201e-01
5.372182e-01
4.507483e-01
3.727681e-01
3.027347e-01
2.402567e-01
1.850584e-01
1.369528e-01
9.581911e-02
6.158535e-02
3.421317e-02
1.368610e-02
0.000000e+00
0.000000e+00
1.026561e-02
2.737516e-02
5.133309e-02
8.215385e-02
1.198703e-01
1.645445e-01
2.162814e-01
2.752452e-01
3.416810e-01
4.159399e-01
4.985137e-01
5.900815e-01
6.915835e-01
8.044001e-01
9.319227e-01
1.000000e+00
1.000000e+00
1.000000e+00
1.000000e+00
1.000000e+00
1.000000e+00
1.000000e+00
1.000000e+00
1.000000e+00
1.000000e+00
1.000000e+00
1.000000e+00
1.000000e+00
1.000000e+00
1.000000e+00
1.000000e+00
1.000000e+00
9.319227e-01
8.044001e-01
6.915835e-01
5.900815e-01
4.985136e-01
4.159398e-01
3.416809e-01
2.752452e-01
2.162813e-01
1.645445e-01
1.198703e-01
8.215382e-02
5.133306e-02
2.737515e-02
1.026561e-02
0.000000e+00
0.000000e+00
6.843938e-03
2.053241e-02
4.106895e-02
6.846481e-02
1.027461e-01
1.439632e-01
1.922036e-01
2.476066e-01
3.103829e-01
3.808382e-01
4.594048e-01
5.466833e-01
6.435045e-01
7.510136e-01
8.706099e-01
1.000000e+00
1.000000e+00
1.000000e+00
1.000000e+00
1.000000e+00
1.000000e+00
1.000000e+00
1.000000e+00
1.000000e+00
1.000000e+00
1.000000e+00
1.000000e+00
1.000000e+00
1.000000e+00
1.000000e+00
1.000000e+00
1.000000e+00
1.000000e+00
8.706099e-01
7.510136e-01
6.435045e-01
5.466832e-01
4.594047e-01
3.808382e-01
3.103828e-01
2.476066e-01
1.922036e-01
1.439632e-01
1.027460e-01
6.846479e-02
4.106894e-02
2.053240e-02
6.843935e-03
0.000000e+00
0.000000e+00
3.421969e-03
1.368817e-02
3.080068e-02
5.476688e-02
8.560543e-02
1.233546e-01
1.680834e-01
2.199051e-01
2.789947e-01
3.456105e-01
4.201215e-01
5.030440e-01
5.950939e-01
6.972590e-01
8.108117e-01
9.353049e-01
1.000000e+00
1.000000e+00
1.000000e+00
1.000000e+00
1.000000e+00
1.000000e+00
1.000000e+00
1.000000e+00
1.000000e+00
1.000000e+00
1.000000e+00
1.000000e+00
1.000000e+00
1.000000e+00
1.000000e+00
1.000000e+00
1.000000e+00
9.353049e-01
8.108117e-01
6.972590e-01
5.950939e-01
5.030440e-01
4.201214e-01
3.456105e-01
2.789947e-01
2.199051e-01
1.680834e-01
1.233546e-01
8.560541e-02
5.476687e-02
3.080067e-02
1.368817e-02
3.421967e-03
0.000000e+00
0.000000e+00
6.843938e-03
2.053241e-02
4.106895e-02
6.846481e-02
1.027460e-01
1.439632e-01
1.922036e-01
2.476066e-01
3.103829e-01
3.808382e-01
4.594047e-01
5.466833e-01
6.435045e-01
7.510136e-01
8.706099e-01
1.000000e+00
1.000000e+00
1.000000e+00
1.000000e+00
1.000000e+00
1.000000e+00
1.000000e+00
1.000000e+00
1.000000e+00
1.000000e+00
1.000000e+00
1.000000e+00
1.000000e+00
1.000000e+00
1.000000e+00
1.000000e+00
1.000000e+00
1.000000e+00
8.706099e-01
7.510136e-01
6.435045e-01
5.466832e-01
4.594047e-01
3.808382e-01
3.103828e-01
2.476066e-01
1.922036e-01
1.439632e-01
1.027460e-01
6.846480e-02
4.106894e-02
2.053240e-02
6.843935e-03
0.000000e+00
0.000000e+00
1.026561e-02
2.737516e-02
5.133308e-02
8.215384e-02
1.198703e-01
1.645445e-01
2.162813e-01
2.752452e-01
3.416810e-01
4.159398e-01
4.985136e-01
5.900815e-01
6.915835e-01
8.044001e-01
9.319227e-01
1.000000e+00
1.000000e+00
1.000000e+00
1.000000e+00
1.000000e+00
1.000000e+00
1.000000e+00
1.000000e+00
1.000000e+00
1.000000e+00
1.000000e+00
1.000000e+00
1.000000e+00
1.000000e+00
1.000000e+00
1.000000e+00
1.000000e+00
9.319227e-01
8.044001e-01
6.915835e-01
5.900815e-01
4.985136e-01
4.159398e-01
3.416809e-01
2.752452e-01
2.162813e-01
1.645445e-01
1.198703e-01
8.215383e-02
5.133307e-02
2.737516e-02
1.026561e-02
0.000000e+00
0.000000e+00
1.368610e-02
3.421318e-02
6.158537e-02
9.581913e-02
1.369528e-01
1.850585e-01
2.402567e-01
3.027347e-01
3.727681e-01
4.507484e-01
5.372182e-01
6.329201e-01
7.388960e-01
8.570809e-01
1.000000e+00
1.000000e+00
1.000000e+00
1.000000e+00
1.000000e+00
1.000000e+00
1.000000e+00
1.000000e+00
1.000000e+00
1.000000e+00
1.000000e+00
1.000000e+00
1.000000e+00
1.000000e+00
1.000000e+00
1.000000e+00
1.000000e+00
1.000000e+00
8.570809e-01
7.388959e-01
6.329201e-01
5.372182e-01
4.507483e-01
3.727680e-01
3.027347e-01
2.402567e-01
1.850584e-01
1.369528e-01
9.581912e-02
6.158536e-02
3.421318e-02
1.368610e-02
0.000000e+00
0.000000e+00
1.710364e-02
4.104086e-02
7.181369e-02
1.094387e-01
1.539577e-01
2.054503e-01
2.640501e-01
3.299627e-01
4.034888e-01
4.850511e-01
5.752266e-01
6.747887e-01
7.848115e-01
9.071894e-01
1.000000e+00
1.000000e+00
1.000000e+00
1.000000e+00
1.000000e+00
1.000000e+00
1.000000e+00
1.000000e+00
1.000000e+00
1.000000e+00
1.000000e+00
1.000000e+00
1.000000e+00
1.000000e+00
1.000000e+00
1.000000e+00
1.000000e+00
9.071894e-01
7.848115e-01
6.747887e-01
5.752266e-01
4.850511e-01
4.034888e-01
3.299626e-01
2.640500e-01
2.054503e-01
1.539577e-01
1.094387e-01
7.181368e-02
4.104086e-02
1.710364e-02
0.000000e+00
0.000000e+00
2.051527e-02
4.784965e-02
8.200061e-02
1.229823e-01
1.708371e-01
2.256490e-01
2.875598e-01
3.567881e-01
4.336508e-01
5.185871e-01
6.121809e-01
7.151579e-01
8.281112e-01
9.435656e-01
1.000000e+00
1.000000e+00
1.000000e+00
1.000000e+00
1.000000e+00
1.000000e+00
1.000000e+00
1.000000e+00
1.000000e+00
1.000000e+00
1.000000e+00
1.000000e+00
1.000000e+00
1.000000e+00
1.000000e+00
1.000000e+00
9.435655e-01
8.281111e-01
7.151579e-01
6.121809e-01
5.185871e-01
4.336508e-01
3.567880e-01
2.875597e-01
2.256489e-01
1.708371e-01
1.229823e-01
8.200059e-02
4.784964e-02
2.051527e-02
0.000000e+00
0.000000e+00
2.391658e-02
5.462746e-02
9.212256e-02
1.364104e-01
1.875301e-01
2.455654e-01
3.106610e-01
3.830399e-01
4.630233e-01
5.510476e-01
6.476606e-01
7.533709e-01
8.670728e-01
1.000000e+00
1.000000e+00
1.000000e+00
1.000000e+00
1.000000e+00
1.000000e+00
1.000000e+00
1.000000e+00
1.000000e+00
1.000000e+00
1.000000e+00
1.000000e+00
1.000000e+00
1.000000e+00
1.000000e+00
1.000000e+00
1.000000e+00
8.670728e-01
7.533709e-01
6.476606e-01
5.510476e-01
4.630233e-01
3.830398e-01
3.106609e-01
2.455654e-01
1.875300e-01
1.364104e-01
9.212254e-02
5.462745e-02
2.391657e-02
0.000000e+00
0.000000e+00
2.730140e-02
6.135820e-02
1.021491e-01
1.496730e-01
2.039612e-01
2.650918e-01
3.332043e-01
4.085163e-01
4.913389e-01
5.820834e-01
6.812203e-01
7.889942e-01
9.076203e-01
1.000000e+00
1.000000e+00
1.000000e+00
1.000000e+00
1.000000e+00
1.000000e+00
1.000000e+00
1.000000e+00
1.000000e+00
1.000000e+00
1.000000e+00
1.000000e+00
1.000000e+00
1.000000e+00
1.000000e+00
1.000000e+00
9.076203e-01
7.889942e-01
6.812203e-01
5.820834e-01
4.913389e-01
4.085163e-01
3.332042e-01
2.650917e-01
2.039612e-01
1.496729e-01
1.021491e-01
6.135818e-02
2.730139e-02
0.000000e+00
0.000000e+00
3.066156e-02
6.802122e-02
1.120422e-01
1.627092e-01
2.200402e-01
2.841004e-01
3.550158e-01
4.329864e-01
5.182985e-01
6.113268e-01
7.125230e-01
8.230101e-01
9.403982e-01
1.000000e+00
1.000000e+00
1.000000e+00
1.000000e+00
1.000000e+00
1.000000e+00
1.000000e+00
1.000000e+00
1.000000e+00
1.000000e+00
1.000000e+00
1.000000e+00
1.000000e+00
1.000000e+00
1.000000e+00
9.403982e-01
8.230101e-01
7.125230e-01
6.113268e-01
5.182985e-01
4.329864e-01
3.550157e-01
2.841004e-01
2.200402e-01
1.627091e-01
1.120422e-01
6.802120e-02
3.066155e-02
0.000000e+00
0.000000e+00
3.398664e-02
7.459094e-02
1.217559e-01
1.754465e-01
2.356613e-01
3.024445e-01
3.758979e-01
4.561923e-01
5.435795e-01
6.384239e-01
7.414537e-01
8.539724e-01
1.000000e+00
1.000000e+00
1.000000e+00
1.000000e+00
1.000000e+00
1.000000e+00
1.000000e+00
1.000000e+00
1.000000e+00
1.000000e+00
1.000000e+00
1.000000e+00
1.000000e+00
1.000000e+00
1.000000e+00
1.000000e+00
8.539724e-01
7.414537e-01
6.384239e-01
5.435795e-01
4.561923e-01
3.758979e-01
3.024445e-01
2.356613e-01
1.754465e-01
1.217559e-01
7.459092e-02
3.398662e-02
0.000000e+00
0.000000e+00
3.726377e-02
8.103653e-02
1.312358e-01
1.878009e-01
2.507036e-01
3.199582e-01
3.956314e-01
4.778530e-01
5.668397e-01
6.630061e-01
7.672755e-01
8.852057e-01
1.000000e+00
1.000000e+00
1.000000e+00
1.000000e+00
1.000000e+00
1.000000e+00
1.000000e+00
1.000000e+00
1.000000e+00
1.000000e+00
1.000000e+00
1.000000e+00
1.000000e+00
1.000000e+00
1.000000e+00
8.852056e-01
7.672755e-01
6.630061e-01
5.668397e-01
4.778529e-01
3.956314e-01
3.199582e-01
2.507036e-01
1.878009e-01
1.312358e-01
8.103651e-02
3.726376e-02
0.000000e+00
0.000000e+00
4.047751e-02
8.732173e-02
1.404191e-01
1.996768e-01
2.650317e-01
3.364586e-01
4.139769e-01
4.976632e-01
5.876921e-01
6.844547e-01
7.892214e-01
8.976289e-01
1.000000e+00
1.000000e+00
1.000000e+00
1.000000e+00
1.000000e+00
1.000000e+00
1.000000e+00
1.000000e+00
1.000000e+00
1.000000e+00
1.000000e+00
1.000000e+00
1.000000e+00
1.000000e+00
8.976289e-01
7.892213e-01
6.844546e-01
5.876921e-01
4.976631e-01
4.139769e-01
3.364586e-01
2.650317e-01
1.996768e-01
1.404191e-01
8.732171e-02
4.047749e-02
0.000000e+00
0.000000e+00
4.360971e-02
9.340485e-02
1.492349e-01
2.109678e-01
2.784973e-01
3.517473e-01
4.306758e-01
5.152842e-01
6.056385e-01
7.018985e-01
8.025058e-01
9.028042e-01
1.000000e+00
1.000000e+00
1.000000e+00
1.000000e+00
1.000000e+00
1.000000e+00
1.000000e+00
1.000000e+00
1.000000e+00
1.000000e+00
1.000000e+00
1.000000e+00
1.000000e+00
9.028042e-01
8.025057e-01
7.018984e-01
6.056385e-01
5.152842e-01
4.306758e-01
3.517473e-01
2.784973e-01
2.109678e-01
1.492348e-01
9.340483e-02
4.360969e-02
0.000000e+00
0.000000e+00
4.663959e-02
9.923896e-02
1.576045e-01
2.215582e-01
2.909409e-01
3.656130e-01
4.454502e-01
5.303314e-01
6.200759e-01
7.138420e-01
8.093308e-01
9.042571e-01
1.000000e+00
1.000000e+00
1.000000e+00
1.000000e+00
1.000000e+00
1.000000e+00
1.000000e+00
1.000000e+00
1.000000e+00
1.000000e+00
1.000000e+00
1.000000e+00
9.042571e-01
8.093308e-01
7.138419e-01
6.200759e-01
5.303314e-01
4.454501e-01
3.656130e-01
2.909409e-01
2.215582e-01
1.576045e-01
9.923895e-02
4.663958e-02
0.000000e+00
0.000000e+00
4.954381e-02
1.047723e-01
1.654431e-01
2.313244e-01
3.021945e-01
3.778342e-01
4.580064e-01
5.423965e-01
6.303701e-01
7.205935e-01
8.114199e-01
9.028042e-01
1.000000e+00
1.000000e+00
1.000000e+00
1.000000e+00
1.000000e+00
1.000000e+00
1.000000e+00
1.000000e+00
1.000000e+00
1.000000e+00
1.000000e+00
9.028042e-01
8.114199e-01
7.205935e-01
6.303701e-01
5.423965e-01
4.580064e-01
3.778342e-01
3.021945e-01
2.313244e-01
1.654431e-01
1.047723e-01
4.954380e-02
0.000000e+00
0.000000e+00
5.229669e-02
1.099492e-01
1.726605e-01
2.401380e-01
3.120862e-01
3.881875e-01
4.680565e-01
5.511222e-01
6.364404e-01
7.227608e-01
8.093308e-01
8.976289e-01
1.000000e+00
1.000000e+00
1.000000e+00
1.000000e+00
1.000000e+00
1.000000e+00
1.000000e+00
1.000000e+00
1.000000e+00
1.000000e+00
8.976289e-01
8.093308e-01
7.227608e-01
6.364404e-01
5.511222e-01
4.680565e-01
3.881874e-01
3.120862e-01
2.401380e-01
1.726605e-01
1.099492e-01
5.229668e-02
0.000000e+00
0.000000e+00
5.487060e-02
1.147107e-01
1.791639e-01
2.478694e-01
3.204468e-01
3.964624e-01
4.753608e-01
5.563615e-01
6.384364e-01
7.205935e-01
8.025058e-01
8.852057e-01
9.403982e-01
1.000000e+00
1.000000e+00
1.000000e+00
1.000000e+00
1.000000e+00
1.000000e+00
1.000000e+00
9.403982e-01
8.852057e-01
8.025058e-01
7.205935e-01
6.384364e-01
5.563615e-01
4.753608e-01
3.964624e-01
3.204468e-01
2.478694e-01
1.791639e-01
1.147107e-01
5.487060e-02
0.000000e+00
0.000000e+00
5.723653e-02
1.189966e-01
1.848603e-01
2.543929e-01
3.271206e-01
4.024851e-01
4.797794e-01
5.581039e-01
6.364404e-01
7.138420e-01
7.892213e-01
8.539724e-01
9.076203e-01
9.435656e-01
1.000000e+00
1.000000e+00
1.000000e+00
1.000000e+00
9.435656e-01
9.076203e-01
8.539724e-01
7.892213e-01
7.138420e-01
6.364404e-01
5.581039e-01
4.797794e-01
4.024851e-01
3.271206e-01
2.543930e-01
1.848603e-01
1.189966e-01
5.723653e-02
0.000000e+00
0.000000e+00
5.936480e-02
1.227470e-01
1.896609e-01
2.595947e-01
3.319784e-01
4.061389e-01
4.812564e-01
5.563615e-01
6.303701e-01
7.018985e-01
7.672755e-01
8.230102e-01
8.670728e-01
9.071894e-01
9.319227e-01
9.353049e-01
9.319227e-01
9.071894e-01
8.670728e-01
8.230101e-01
7.672755e-01
7.018985e-01
6.303701e-01
5.563615e-01
4.812564e-01
4.061389e-01
3.319784e-01
2.595947e-01
1.896609e-01
1.227470e-01
5.936481e-02
0.000000e+00
0.000000e+00
6.122610e-02
1.259050e-01
1.934855e-01
2.633797e-01
3.349282e-01
4.073628e-01
4.797794e-01
5.511222e-01
6.200759e-01
6.844547e-01
7.414537e-01
7.889942e-01
8.281112e-01
8.570809e-01
8.706099e-01
8.706099e-01
8.570809e-01
8.281112e-01
7.889942e-01
7.414537e-01
6.844547e-01
6.200759e-01
5.511222e-01
4.797794e-01
4.073628e-01
3.349282e-01
2.633797e-01
1.934856e-01
1.259050e-01
6.122610e-02
0.000000e+00
0.000000e+00
6.279261e-02
1.284193e-01
1.962672e-01
2.656783e-01
3.359171e-01
4.061389e-01
4.753608e-01
5.423965e-01
6.056385e-01
6.630061e-01
7.125231e-01
7.533709e-01
7.848115e-01
8.044001e-01
8.108118e-01
8.044001e-01
7.848115e-01
7.533709e-01
7.125231e-01
6.630061e-01
6.056385e-01
5.423965e-01
4.753608e-01
4.061389e-01
3.359171e-01
2.656784e-01
1.962673e-01
1.284193e-01
6.279262e-02
0.000000e+00
0.000000e+00
6.403938e-02
1.302473e-01
1.979564e-01
2.664491e-01
3.349282e-01
4.024851e-01
4.680565e-01
5.303314e-01
5.876921e-01
6.384239e-01
6.812204e-01
7.151580e-01
7.388960e-01
7.510136e-01
7.510136e-01
7.388960e-01
7.151580e-01
6.812204e-01
6.384239e-01
5.876921e-01
5.303314e-01
4.680565e-01
4.024851e-01
3.349282e-01
2.664492e-01
1.979564e-01
1.302474e-01
6.403939e-02
0.000000e+00
0.000000e+00
6.494562e-02
1.313572e-01
1.985228e-01
2.656783e-01
3.319784e-01
3.964624e-01
4.580064e-01
5.152842e-01
5.668397e-01
6.113268e-01
6.476607e-01
6.747888e-01
6.915836e-01
6.972591e-01
6.915836e-01
6.747887e-01
6.476607e-01
6.113268e-01
5.668397e-01
5.152842e-01
4.580064e-01
3.964624e-01
3.319784e-01
2.656784e-01
1.985228e-01
1.313572e-01
6.494563e-02
0.000000e+00
0.000000e+00
6.549577e-02
1.317294e-01
1.979564e-01
2.633797e-01
3.271206e-01
3.881875e-01
4.454502e-01
4.976632e-01
5.435795e-01
5.820834e-01
6.121809e-01
6.329201e-01
6.435045e-01
6.435045e-01
6.329201e-01
6.121809e-01
5.820834e-01
5.435795e-01
4.976632e-01
4.454501e-01
3.881874e-01
3.271206e-01
2.633797e-01
1.979564e-01
1.317294e-01
6.549577e-02
0.000000e+00
0.000000e+00
6.568023e-02
1.313572e-01
1.962672e-01
2.595947e-01
3.204468e-01
3.778342e-01
4.306758e-01
4.778530e-01
5.182986e-01
5.510476e-01
5.752266e-01
5.900816e-01
5.950939e-01
5.900816e-01
5.752266e-01
5.510476e-01
5.182985e-01
4.778530e-01
4.306758e-01
3.778342e-01
3.204468e-01
2.595947e-01
1.962672e-01
1.313572e-01
6.568023e-02
0.000000e+00
0.000000e+00
6.549577e-02
1.302473e-01
1.934855e-01
2.543930e-01
3.120862e-01
3.656130e-01
4.139769e-01
4.561924e-01
4.913390e-01
5.185872e-01
5.372183e-01
5.466833e-01
5.466833e-01
5.372183e-01
5.185872e-01
4.913390e-01
4.561923e-01
4.139769e-01
3.656129e-01
3.120862e-01
2.543929e-01
1.934855e-01
1.302473e-01
6.549577e-02
0.000000e+00
0.000000e+00
6.494563e-02
1.284193e-01
1.896609e-01
2.478694e-01
3.021945e-01
3.517473e-01
3.956315e-01
4.329864e-01
4.630234e-01
4.850512e-01
4.985137e-01
5.030441e-01
4.985137e-01
4.850512e-01
4.630233e-01
4.329864e-01
3.956314e-01
3.517473e-01
3.021945e-01
2.478694e-01
1.896609e-01
1.284193e-01
6.494562e-02
0.000000e+00
0.000000e+00
6.403939e-02
1.259050e-01
1.848603e-01
2.401381e-01
2.909409e-01
3.364586e-01
3.758980e-01
4.085164e-01
4.336509e-01
4.507484e-01
4.594048e-01
4.594048e-01
4.507484e-01
4.336508e-01
4.085163e-01
3.758979e-01
3.364586e-01
2.909409e-01
2.401380e-01
1.848603e-01
1.259049e-01
6.403938e-02
0.000000e+00
0.000000e+00
6.279262e-02
1.227470e-01
1.791639e-01
2.313244e-01
2.784974e-01
3.199582e-01
3.550158e-01
3.830399e-01
4.034889e-01
4.159399e-01
4.201215e-01
4.159399e-01
4.034889e-01
3.830399e-01
3.550158e-01
3.199582e-01
2.784973e-01
2.313244e-01
1.791638e-01
1.227470e-01
6.279260e-02
0.000000e+00
0.000000e+00
6.122611e-02
1.189966e-01
1.726605e-01
2.215582e-01
2.650318e-01
3.024445e-01
3.332043e-01
3.567882e-01
3.727682e-01
3.808383e-01
3.808383e-01
3.727681e-01
3.567881e-01
3.332043e-01
3.024445e-01
2.650317e-01
2.215581e-01
1.726605e-01
1.189966e-01
6.122609e-02
0.000000e+00
0.000000e+00
5.936481e-02
1.147107e-01
1.654431e-01
2.109678e-01
2.507036e-01
2.841005e-01
3.106610e-01
3.299627e-01
3.416810e-01
3.456106e-01
3.416810e-01
3.299627e-01
3.106610e-01
2.841005e-01
2.507036e-01
2.109678e-01
1.654431e-01
1.147107e-01
5.936480e-02
0.000000e+00
0.000000e+00
5.723654e-02
1.099492e-01
1.576045e-01
1.996768e-01
2.356613e-01
2.650918e-01
2.875599e-01
3.027348e-01
3.103829e-01
3.103829e-01
3.027348e-01
2.875598e-01
2.650918e-01
2.356613e-01
1.996768e-01
1.576045e-01
1.099492e-01
5.723652e-02
0.000000e+00
0.000000e+00
5.487061e-02
1.047724e-01
1.492349e-01
1.878010e-01
2.200402e-01
2.455655e-01
2.640501e-01
2.752453e-01
2.789948e-01
2.752453e-01
2.640501e-01
2.455655e-01
2.200402e-01
1.878009e-01
1.492348e-01
1.047723e-01
5.487060e-02
0.000000e+00
0.000000e+00
5.229669e-02
9.923897e-02
1.404191e-01
1.754466e-01
2.039613e-01
2.256490e-01
2.402568e-01
2.476067e-01
2.476067e-01
2.402568e-01
2.256490e-01
2.039612e-01
1.754465e-01
1.404191e-01
9.923896e-02
5.229669e-02
0.000000e+00
0.000000e+00
4.954382e-02
9.340486e-02
1.312359e-01
1.627092e-01
1.875301e-01
2.054504e-01
2.162814e-01
2.199052e-01
2.162814e-01
2.054504e-01
1.875301e-01
1.627092e-01
1.312358e-01
9.340486e-02
4.954381e-02
0.000000e+00
0.000000e+00
4.663960e-02
8.732174e-02
1.217560e-01
1.496730e-01
1.708372e-01
1.850585e-01
1.922037e-01
1.922037e-01
1.850585e-01
1.708372e-01
1.496730e-01
1.217560e-01
8.732174e-02
4.663960e-02
0.000000e+00
0.000000e+00
4.360971e-02
8.103655e-02
1.120423e-01
1.364104e-01
1.539577e-01
1.645446e-01
1.680835e-01
1.645446e-01
1.539577e-01
1.364104e-01
1.120423e-01
8.103654e-02
4.360971e-02
0.000000e+00
0.000000e+00
4.047751e-02
7.459096e-02
1.021491e-01
1.229824e-01
1.369529e-01
1.439633e-01
1.439633e-01
1.369529e-01
1.229824e-01
1.021491e-01
7.459096e-02
4.047751e-02
0.000000e+00
0.000000e+00
3.726378e-02
6.802125e-02
9.212260e-02
1.094388e-01
1.198704e-01
1.233547e-01
1.198704e-01
1.094388e-01
9.212260e-02
6.802124e-02
3.726378e-02
0.000000e+00
0.000000e+00
3.398665e-02
6.135823e-02
8.200065e-02
9.581919e-02
1.027461e-01
1.027461e-01
9.581919e-02
8.200065e-02
6.135823e-02
3.398665e-02
0.000000e+00
0.000000e+00
3.066158e-02
5.462750e-02
7.181373e-02
8.215389e-02
8.560547e-02
8.215388e-02
7.181373e-02
5.462749e-02
3.066157e-02
0.000000e+00
0.000000e+00
2.730142e-02
4.784968e-02
6.158540e-02
6.846484e-02
6.846484e-02
6.158540e-02
4.784968e-02
2.730141e-02
0.000000e+00
0.000000e+00
2.391660e-02
4.104089e-02
5.133311e-02
5.476691e-02
5.133310e-02
4.104089e-02
2.391659e-02
0.000000e+00
0.000000e+00
2.051528e-02
3.421321e-02
4.106897e-02
4.106897e-02
3.421321e-02
2.051528e-02
0.000000e+00
0.000000e+00
1.710365e-02
2.737518e-02
3.080069e-02
2.737517e-02
1.710365e-02
0.000000e+00
0.000000e+00
1.368611e-02
2.053242e-02
2.053242e-02
1.368611e-02
0.000000e+00
0.000000e+00
1.026562e-02
1.368818e-02
1.026562e-02
0.000000e+00
0.000000e+00
6.843941e-03
6.843941e-03
0.000000e+00
0.000000e+00
3.421971e-03
0.000000e+00
0.000000e+00
0.000000e+00
0.000000e+00
