meshID=9075095
degree=2
Calculation Start Time:1.4387250341331880e+09
Calculation End Time:1.4387250341966920e+09
Calculation Elapsed Time:6.3503980636596680e-02
1.4062500000000000e+00 1.5000000000000000e+00 8.9295951032873644e-01
1.5000000000000000e+00 1.5000000000000000e+00 9.9796130161186314e-01
1.4016741071428571e+00 1.4016741071428571e+00 7.8044672062849674e-01
1.3125000000000000e+00 1.5000000000000000e+00 7.9661064921550118e-01
1.3570870535714286e+00 1.4508370535714286e+00 7.8687717740945595e-01
1.4508370535714286e+00 1.4508370535714286e+00 8.8621381686220480e-01
1.5000000000000000e+00 1.3125000000000000e+00 7.9661064921550118e-01
1.3078125000000000e+00 1.3078125000000000e+00 5.9546749813269884e-01
1.1443359375000000e+00 1.3353515625000001e+00 4.8183482254363302e-01
1.1250000000000000e+00 1.5000000000000000e+00 6.2920384057762591e-01
1.1346679687500001e+00 1.4176757812500000e+00 5.5209438475764561e-01
1.2284179687500001e+00 1.4176757812500000e+00 6.3035185899169255e-01
1.2260742187500000e+00 1.3215820312500002e+00 5.3563557475899315e-01
1.3101562499999999e+00 1.4039062499999999e+00 6.9125883201397531e-01
1.3547433035714285e+00 1.3547433035714285e+00 6.8514951352427622e-01
1.4508370535714286e+00 1.3570870535714286e+00 7.8687833018696074e-01
1.4039062499999999e+00 1.3101562499999999e+00 6.9126323121632383e-01
1.5000000000000000e+00 1.4062500000000000e+00 8.9295951032873644e-01
1.2187500000000000e+00 1.5000000000000000e+00 7.0875481091940840e-01
1.5000000000000000e+00 1.1250000000000000e+00 6.2920384057762591e-01
1.3581311893363064e+00 1.1682837503279120e+00 5.2167425117679311e-01
1.1718750000000000e+00 1.1718750000000000e+00 3.6815901069011719e-01
1.3329718446681533e+00 1.2380481251639561e+00 5.5639557384604721e-01
1.2650030946681532e+00 1.1700793751639560e+00 4.4052179747511133e-01
1.2398437499999999e+00 1.2398437499999999e+00 4.7567924483286844e-01
1.1581054687500001e+00 1.2536132812500000e+00 4.2186081281045618e-01
9.7250525792320253e-01 1.2772358985165733e+00 3.1523934130104680e-01
9.3750000000000000e-01 1.5000000000000000e+00 4.9411137370560165e-01
9.5500262896160126e-01 1.3886179492582866e+00 3.9822313178895102e-01
1.0584205977116012e+00 1.3062937305082867e+00 3.9381692324435846e-01
1.0409179687500001e+00 1.4176757812500000e+00 4.8205489180292943e-01
1.0312500000000000e+00 1.5000000000000000e+00 5.5773930165761154e-01
1.4290655946681532e+00 1.2403918751639560e+00 6.5261458052968857e-01
1.4290655946681532e+00 1.1466418751639560e+00 5.7298819976280191e-01
1.5000000000000000e+00 1.2187500000000000e+00 7.0875481091940840e-01
1.0721901289616014e+00 1.2245554492582866e+00 3.3750156477797599e-01
1.3183593750000000e+00 1.0253906250000000e+00 3.8184732941030047e-01
1.1474609375000000e+00 1.0009765625000000e+00 2.3890259268629471e-01
1.2329101562500000e+00 1.0131835937500000e+00 3.0597495170459760e-01
1.1596679687500000e+00 1.0864257812500000e+00 2.9946647441968605e-01
1.2451171875000000e+00 1.0986328125000000e+00 3.7156339158809126e-01
1.3382452821681532e+00 1.0968371876639560e+00 4.4869987355818891e-01
1.4091796875000000e+00 1.0751953125000000e+00 4.9852153869883975e-01
1.5000000000000000e+00 9.3750000000000000e-01 4.9411137370560165e-01
1.4091796875000000e+00 9.8144531250000000e-01 4.3379168394160289e-01
1.5000000000000000e+00 1.0312500000000000e+00 5.5773930165761154e-01
9.1849097143928682e-01 1.1111299891085142e+00 1.7343813909440989e-01
7.6370889750251536e-01 1.1920696325008384e+00 1.5461120495139205e-01
8.2150135250473144e-01 1.3489128622989752e+00 2.9021999591987147e-01
8.9700330521396698e-01 1.3130743804077742e+00 3.0055960127480397e-01
7.9260512500362346e-01 1.2704912473999068e+00 2.1748833597460726e-01
8.6810707771285900e-01 1.2346527655087058e+00 2.2740571589285119e-01
9.4549811468124467e-01 1.1941829438125438e+00 2.3929079054039179e-01
8.4109993447090114e-01 1.1515998108046763e+00 1.6197906713349397e-01
1.0329759544696433e+00 1.0560532758042571e+00 2.0102311986417262e-01
1.0451829857196433e+00 1.1415024945542571e+00 2.6098446046349982e-01
8.7950067625236572e-01 1.4244564311494876e+00 3.8604590209401440e-01
7.5000000000000000e-01 1.5000000000000000e+00 3.8921311623473065e-01
7.8575067625236572e-01 1.4244564311494876e+00 3.3664692549539671e-01
8.4375000000000000e-01 1.5000000000000000e+00 4.3803918020543609e-01
1.2187500000000000e+00 8.4375000000000000e-01 2.0507226700091016e-01
1.1831054687500000e+00 9.2236328125000000e-01 2.1975261530194656e-01
1.2685546875000000e+00 9.3457031250000000e-01 2.8672196272372319e-01
1.3593750000000000e+00 7.9687500000000000e-01 2.8678628625036895e-01
1.2890625000000000e+00 8.2031250000000000e-01 2.4342735595420553e-01
1.3388671875000000e+00 9.1113281250000000e-01 3.2928836098334996e-01
1.4296875000000000e+00 8.6718750000000000e-01 3.8392302325966293e-01
1.5000000000000000e+00 7.5000000000000000e-01 3.8921311623473065e-01
1.4296875000000000e+00 7.7343750000000000e-01 3.3531604713415020e-01
1.5000000000000000e+00 8.4375000000000000e-01 4.3803918020543609e-01
9.3750000000000000e-01 9.3750000000000000e-01 9.6988438777496216e-02
1.0424804687500000e+00 9.6923828125000000e-01 1.6010849654567533e-01
9.2799548571964341e-01 1.0243149945542571e+00 1.3165289828004167e-01
8.2308010521994956e-01 1.0128288482115861e+00 8.5444482709800457e-02
6.9678154065442710e-01 9.5977208348690157e-01 3.2826391812098163e-02
7.5993082293718839e-01 9.8630046584924380e-01 5.6024534123127356e-02
7.9339450136123246e-01 1.1024492403562123e+00 1.1630855630056521e-01
7.3024521907847117e-01 1.0759208579938699e+00 8.2901343745298062e-02
6.0646540802108007e-01 1.1764371840677335e+00 9.5700279783552250e-02
6.5812125214748041e-01 1.3640563429503358e+00 2.3182571349867612e-01
6.3229333008428024e-01 1.2702467635090346e+00 1.5685232945831970e-01
6.8508715276179766e-01 1.1842534082842859e+00 1.2255162282401030e-01
7.1091507482499794e-01 1.2780629877255871e+00 1.8936057849802246e-01
7.3981130232610592e-01 1.3564846026246555e+00 2.5863390383289414e-01
7.0406062607374020e-01 1.4320281714751679e+00 3.0588308580043277e-01
5.6250000000000000e-01 1.5000000000000000e+00 3.1194983799747600e-01
6.1031062607374020e-01 1.4320281714751679e+00 2.6906654125914198e-01
6.5625000000000000e-01 1.5000000000000000e+00 3.4729975707791105e-01
1.0390783617857982e+00 7.7348508535739480e-01 8.0358657339765466e-02
1.0932696496428991e+00 8.8723082392869745e-01 1.4914725340654308e-01
9.8828918089289908e-01 8.5549254267869745e-01 8.6562949762647765e-02
1.1289141808928991e+00 8.0861754267869745e-01 1.3596149368323715e-01
8.7078553832961814e-01 1.0619794186600502e+00 1.2587742154689746e-01
8.8029005260997484e-01 9.7516442410579307e-01 9.0182740468345637e-02
6.5162347433775358e-01 1.0681046337773175e+00 5.8792812119596714e-02
1.3125000000000000e+00 6.5625000000000000e-01 1.9320221062599954e-01
1.1718750000000000e+00 7.0312500000000000e-01 1.2160553880901864e-01
1.2421875000000000e+00 6.7968750000000000e-01 1.5475703898142440e-01
1.1953125000000000e+00 7.7343750000000000e-01 1.6030800444414706e-01
1.2656250000000000e+00 7.5000000000000000e-01 1.9616770802790964e-01
1.3359375000000000e+00 7.2656250000000000e-01 2.3716476101903056e-01
1.4062500000000000e+00 7.0312500000000000e-01 2.8348916732231599e-01
1.5000000000000000e+00 5.6250000000000000e-01 3.1194983799747600e-01
1.4062500000000000e+00 6.0937500000000000e-01 2.4750944751194362e-01
1.5000000000000000e+00 6.5625000000000000e-01 3.4729975707791105e-01
1.1054766808928991e+00 7.3830504267869745e-01 9.9034345992399575e-02
9.9009100053583454e-01 5.9449406232636692e-01 2.2999256184546190e-02
8.7506344714319306e-01 6.7190672357159653e-01 1.1035132476397529e-02
9.3257722383951380e-01 6.3320039294898178e-01 1.5853294242782225e-02
1.0145846811608163e+00 6.8398957384188086e-01 4.7003757484947582e-02
1.0809830002679173e+00 6.4880953116318341e-01 6.3172629237232700e-02
7.6584025921385734e-01 8.0340199498783382e-01 1.1694334912470052e-02
6.0947017071478959e-01 7.3434327642840358e-01 0.0000000000000000e+00
5.3642269048402180e-01 8.9225826174182055e-01 2.4764316759244127e-03
6.1660211556922451e-01 9.2601517261436106e-01 1.2488299696056767e-02
5.7294643059940564e-01 8.1330076908511206e-01 0.0000000000000000e+00
6.5312585568460835e-01 8.4705767995765258e-01 4.5963680479949249e-03
7.3131089993414222e-01 8.8158703923736770e-01 2.0249208083919348e-02
6.8765521496432347e-01 7.6887263570811870e-01 2.1844522664599749e-04
9.0628172357159642e-01 8.0470336178579827e-01 4.2382305669232782e-02
8.3606099139272683e-01 8.0405267838681604e-01 2.4539792978344490e-02
8.9067258535739469e-01 7.3830504267869745e-01 2.3820732199186890e-02
9.7268004267869723e-01 7.8909422357159653e-01 5.9420594194115578e-02
9.5707090446449561e-01 7.2269590446449561e-01 3.7683228133688081e-02
9.2189086178579815e-01 8.7110168089289908e-01 6.6758621398721255e-02
8.5167012960692867e-01 8.7045099749391697e-01 4.4600746331438013e-02
7.9446018221690351e-01 9.0811542159971004e-01 4.0230773944809797e-02
4.7129114737606892e-01 1.0945970491253563e+00 3.4920828875184717e-02
5.0729154587058389e-01 1.2994592694608298e+00 1.4017603100747306e-01
5.5687847694583192e-01 1.2379482267642816e+00 1.1580918138822084e-01
5.3887827769857455e-01 1.1355171165965450e+00 6.1378671512025973e-02
4.8929134662332641e-01 1.1970281592930929e+00 7.9132253791959928e-02
5.0385691893004536e-01 9.9342765543358835e-01 1.2930401041094547e-02
5.8403634401524807e-01 1.0271845663061290e+00 3.1450495440531162e-02
5.8270639900903221e-01 1.3317578062055828e+00 1.8253704260711581e-01
5.3489577293529189e-01 1.3997296347304149e+00 2.1827019101677611e-01
3.7500000000000000e-01 1.5000000000000000e+00 2.5953508098361833e-01
4.4114577293529195e-01 1.3997296347304149e+00 1.9332393553956048e-01
4.6875000000000000e-01 1.5000000000000000e+00 2.8280956071474395e-01
1.1250000000000000e+00 5.6250000000000000e-01 6.1795876163192223e-02
1.1484375000000000e+00 6.3281250000000000e-01 8.8821089498105160e-02
1.2187500000000000e+00 6.0937500000000000e-01 1.1903902675849667e-01
1.2816317694133395e+00 4.0701353882667901e-01 1.0803741308668888e-01
1.1182994509273354e+00 4.1865653374204248e-01 3.5620935369917256e-02
1.0541952257315850e+00 5.0657529803420465e-01 2.7432967239498899e-02
1.0575455002679173e+00 5.7849703116318341e-01 3.9813537472444739e-02
1.1216497254636677e+00 4.9057826687102124e-01 4.7159123244741988e-02
1.2033158847066696e+00 4.8475676941333951e-01 8.1284795556135256e-02
1.2970658847066696e+00 5.3163176941333945e-01 1.4482090313608537e-01
1.4022133115402851e+00 4.6875000000000000e-01 2.0196369489237470e-01
1.4511066557701424e+00 5.1562500000000000e-01 2.5402290400022459e-01
1.3573566557701424e+00 5.6250000000000000e-01 1.9469320031876650e-01
1.3419225404768123e+00 4.3788176941333951e-01 1.5160696380169367e-01
1.5000000000000000e+00 3.7500000000000000e-01 2.5953508098361833e-01
1.4511066557701424e+00 4.2187500000000000e-01 2.2896390553707113e-01
1.5000000000000000e+00 4.6875000000000000e-01 2.8280956071474395e-01
9.0650886557448795e-01 4.8386818435982193e-01 1.3751064230314281e-03
9.4829993305516125e-01 5.3918112334309443e-01 8.2840873793558773e-03
8.9078615635884051e-01 5.7788745396570929e-01 3.8119023481250295e-03
7.1016551939655792e-01 5.6657219119825208e-01 0.0000000000000000e+00
5.4525973381944870e-01 5.8170054040641916e-01 0.0000000000000000e+00
6.2771262660800331e-01 5.7413636580233562e-01 0.0000000000000000e+00
5.7736495226711915e-01 6.5802190841741137e-01 0.0000000000000000e+00
6.5981784505567376e-01 6.5045773381332783e-01 0.0000000000000000e+00
7.3800288930520763e-01 6.8498709309304295e-01 0.0000000000000000e+00
8.2045185317852520e-01 7.3765435927971512e-01 1.0609853895104687e-02
7.9261448326987549e-01 6.1923945738492425e-01 0.0000000000000000e+00
8.0833719248552294e-01 5.2522018777903701e-01 0.0000000000000000e+00
1.0124041582509116e+00 4.5126235905093220e-01 1.1399755067322669e-02
4.5090891971286640e-01 7.1121669062565585e-01 0.0000000000000000e+00
4.9366580509844410e-01 8.0173747618373814e-01 0.0000000000000000e+00
5.3018954521382800e-01 7.2277998352702966e-01 0.0000000000000000e+00
4.9808432676615755e-01 6.4645861551603745e-01 0.0000000000000000e+00
3.6805642534425487e-01 8.4837343842570379e-01 0.0000000000000000e+00
4.2662984535977316e-01 9.6856876141536463e-01 4.0914897836781539e-03
2.9509189167198485e-01 1.0923403050877081e+00 1.6638613136896740e-02
3.0161719624091654e-01 1.2684331527692858e+00 8.4670042752708605e-02
2.9835454395645067e-01 1.1803867289284971e+00 4.4402147174634268e-02
3.8319151952402686e-01 1.0934686771065323e+00 2.4135143906974906e-02
3.6086086851587901e-01 1.0304545332515365e+00 8.3954872790451447e-03
4.4896049636792101e-01 1.0315829052703605e+00 1.5445275836608501e-02
4.8152626792189746e-01 9.3041351157859253e-01 2.6343946438876450e-03
3.9734313535201404e-01 9.0847109992053421e-01 0.0000000000000000e+00
4.5223955791413833e-01 8.7031585008376222e-01 0.0000000000000000e+00
4.0948267252856063e-01 7.7979506452567982e-01 0.0000000000000000e+00
4.0445437105575022e-01 1.2839462111150577e+00 1.0885936648445978e-01
3.8645417180849273e-01 1.1815151009473210e+00 5.5132480871133607e-02
2.8125000000000000e-01 1.4033212223668956e+00 1.6569078001160412e-01
2.9143359812045827e-01 1.3358771875680908e+00 1.2195595778537544e-01
3.9427077293529195e-01 1.3513902459138627e+00 1.4890649386888902e-01
3.2812500000000000e-01 1.4516606111834478e+00 2.0986770022105730e-01
1.8750000000000000e-01 1.5000000000000000e+00 2.2936092362385307e-01
2.3437500000000000e-01 1.4516606111834478e+00 1.9555973326020787e-01
2.8125000000000000e-01 1.5000000000000000e+00 2.4180948238850575e-01
1.1999656101703375e+00 4.1283503628436075e-01 6.7076585486388840e-02
1.1706094206650524e+00 2.8449429162818063e-01 3.9576609161332418e-02
1.3045087681138750e+00 1.8750000000000006e-01 9.2469449315638497e-02
1.2261205950391960e+00 3.4575391522742982e-01 6.9490502507032606e-02
1.2375590943894637e+00 2.3599714581409034e-01 6.2771175800273304e-02
1.2930702687636071e+00 2.9725676941333956e-01 9.7525291679896181e-02
1.4022543840569375e+00 2.8125000000000000e-01 1.6495339246110027e-01
1.5000000000000000e+00 1.8750000000000000e-01 2.2936092362385307e-01
1.4511271920284687e+00 2.3437500000000000e-01 1.9515383730287003e-01
1.4511271920284687e+00 3.2812500000000000e-01 2.0946650549504647e-01
1.5000000000000000e+00 2.8125000000000000e-01 2.4180948238850575e-01
1.1444544357961939e+00 3.5157541268511155e-01 3.6836910575423168e-02
1.0099988892574712e+00 3.2375222148505767e-01 4.4067223885027110e-03
7.5000000000000000e-01 3.7500000000000000e-01 0.0000000000000000e+00
8.7999944462873558e-01 3.4937611074252883e-01 0.0000000000000000e+00
9.5825387741597956e-01 4.0381020292243980e-01 1.1731838669199086e-03
8.2825443278724398e-01 4.2943409217991096e-01 0.0000000000000000e+00
7.3008275969827896e-01 4.7078609559912604e-01 0.0000000000000000e+00
5.1919601898326306e-01 4.1816623869724945e-01 0.0000000000000000e+00
3.5092836949045780e-01 5.8193375669336667e-01 0.0000000000000000e+00
5.3222787640135594e-01 4.9993338955183431e-01 0.0000000000000000e+00
4.4809405165495325e-01 5.8181714854989286e-01 0.0000000000000000e+00
4.3506219423686043e-01 5.0004999769530811e-01 0.0000000000000000e+00
1.3419430767351384e+00 3.4413176941333951e-01 1.3372272014464562e-01
1.3533815760854062e+00 2.3437500000000003e-01 1.2595547673598334e-01
1.4022338477986112e+00 3.7500000000000000e-01 1.8088073684817721e-01
1.0641491700924033e+00 3.7120437761355007e-01 1.5771476996184714e-02
1.0903041549612618e+00 3.0412325655661915e-01 1.6965634754220991e-02
6.1468076918991055e-01 4.9236921494775077e-01 0.0000000000000000e+00
6.3459800949163148e-01 3.9658311934862472e-01 0.0000000000000000e+00
4.0091864460166210e-01 6.4657522365951126e-01 0.0000000000000000e+00
2.1978077899126294e-01 6.5701552419186571e-01 0.0000000000000000e+00
2.8535457424086036e-01 6.1947464044261613e-01 0.0000000000000000e+00
3.3534484935206466e-01 6.8411610740876072e-01 0.0000000000000000e+00
2.9391860216775889e-01 7.5269448130878480e-01 0.0000000000000000e+00
2.3327587109812442e-01 8.2139929105546372e-01 0.0000000000000000e+00
1.8910654638209662e-01 9.5156254694350473e-01 0.0000000000000000e+00
9.7512594118668833e-02 1.1367154545794220e+00 1.9075861404307559e-02
1.4330957025038271e-01 1.0441390007614633e+00 2.7239934573358095e-03
2.4209921902704074e-01 1.0219514260156064e+00 2.2216424211500257e-03
1.9630224289532683e-01 1.1145278798335649e+00 1.6587576775657708e-02
1.9956489517979270e-01 1.2025743036743539e+00 4.4983286365734371e-02
1.6086076857523485e-01 1.3429699050524775e+00 1.1274345898681280e-01
2.3123898240807569e-01 1.3057015289108818e+00 9.7025676735973593e-02
1.2918668134695183e-01 1.2398426798159496e+00 5.6572829058583005e-02
2.1119120874011052e-01 8.8648091899948422e-01 0.0000000000000000e+00
3.0066614822118964e-01 8.3488636474058375e-01 0.0000000000000000e+00
2.7858148586317577e-01 8.9996799268460426e-01 0.0000000000000000e+00
3.0786819587093489e-01 9.6006565417943468e-01 0.0000000000000000e+00
2.2652832504469367e-01 7.3920740762366477e-01 0.0000000000000000e+00
2.2105538428761742e-01 1.3731455637096865e+00 1.3732696473904485e-01
1.7418038428761742e-01 1.4214849525262387e+00 1.6634022305903909e-01
0.0000000000000000e+00 1.5000000000000000e+00 2.1953489189183562e-01
8.0430384287617424e-02 1.4214849525262387e+00 1.6024550873675328e-01
9.3750000000000000e-02 1.5000000000000000e+00 2.2198010293400694e-01
1.1730969246006611e+00 1.4700796588437051e-01 3.1644225067751573e-02
1.0633370535714286e+00 6.4174107142857123e-02 5.1657221052632445e-03
9.1648509256822619e-01 1.6926796165456209e-01 0.0000000000000000e+00
9.6324199091284868e-01 2.4651009156980988e-01 0.0000000000000000e+00
9.8991107306982740e-01 1.1672103439870961e-01 0.0000000000000000e+00
1.0366679714144498e+00 1.9396316431395738e-01 3.0153972359293832e-03
1.0915479069290661e+00 2.3538009368471408e-01 1.3328154971230346e-02
1.1182169890860449e+00 1.0559103651361382e-01 1.5059201456322131e-02
1.1718531726328567e+00 2.1575112875627556e-01 3.4842562116900774e-02
1.2388028463572680e+00 1.6725398294218530e-01 5.8263294520625515e-02
1.3123168258230400e+00 -2.0688277198421812e-05 8.9329680635760259e-02
1.5000000000000000e+00 0.0000000000000000e+00 2.1953489189183562e-01
1.4022543840569375e+00 9.7647067540817006e-02 1.4746436050152681e-01
1.4022543840569375e+00 1.8944853377040849e-01 1.5401302345416859e-01
1.4511271920284687e+00 1.4257353377040849e-01 1.8592260919623327e-01
1.4511271920284687e+00 4.8823533770408503e-02 1.8118244425026067e-01
1.3572856049399888e+00 4.8813189631809292e-02 1.1621127280784824e-01
1.3533815760854062e+00 1.4257353377040854e-01 1.1791317772312933e-01
1.3084127969684576e+00 9.3739655861400817e-02 8.9069997092785902e-02
1.2427068752118506e+00 7.3493638803586045e-02 5.5896959385625139e-02
1.5000000000000000e+00 9.3750000000000000e-02 2.2198010293400694e-01
8.3324254628411309e-01 2.7213398082728102e-01 0.0000000000000000e+00
7.5222748924524119e-01 2.2458080383650819e-01 0.0000000000000000e+00
6.1315731779970728e-01 2.8194267006241192e-01 0.0000000000000000e+00
4.7024104189989568e-01 2.7224720217179527e-01 0.0000000000000000e+00
5.4169917984980143e-01 2.7709493611710356e-01 0.0000000000000000e+00
4.9471853044157937e-01 3.4520672043452238e-01 0.0000000000000000e+00
5.6617666839148517e-01 3.5005445437983068e-01 0.0000000000000000e+00
6.8157865889985358e-01 3.2847133503120596e-01 0.0000000000000000e+00
6.8269240352247418e-01 2.5326173694946008e-01 0.0000000000000000e+00
7.5111374462262059e-01 2.9979040191825412e-01 0.0000000000000000e+00
8.3435629090673369e-01 1.9692438274553514e-01 0.0000000000000000e+00
3.2738095238095238e-01 2.8273809523809512e-01 0.0000000000000000e+00
2.6559900965790240e-01 4.3812493237369543e-01 0.0000000000000000e+00
2.4268989432458266e-01 5.4757022828278057e-01 0.0000000000000000e+00
3.0826368957418010e-01 5.1002934453353110e-01 0.0000000000000000e+00
3.9239751432058273e-01 4.2814558553547244e-01 0.0000000000000000e+00
2.9648998101942736e-01 3.6043151380589528e-01 0.0000000000000000e+00
4.2328848568210775e-01 3.5045216696767229e-01 0.0000000000000000e+00
3.9881099714042401e-01 2.7749264870494517e-01 0.0000000000000000e+00
1.0991379310344827e-01 7.6077586206896552e-01 0.0000000000000000e+00
1.2972890118213182e-01 5.3565811153201826e-01 0.0000000000000000e+00
1.7475484008669739e-01 5.9633681786194193e-01 0.0000000000000000e+00
1.6484728604735560e-01 7.0889569313041556e-01 0.0000000000000000e+00
1.1982134714279005e-01 6.4821698680049189e-01 0.0000000000000000e+00
1.9766395542001711e-01 4.8689152195285684e-01 0.0000000000000000e+00
1.7159483210078635e-01 7.9108757656221462e-01 0.0000000000000000e+00
1.4951016974277245e-01 8.5616920450623513e-01 0.0000000000000000e+00
3.1753176808546058e-02 9.0504840430158850e-01 0.0000000000000000e+00
1.1042986159532134e-01 9.2830547562254662e-01 0.0000000000000000e+00
7.0833484955997172e-02 8.3291213318527701e-01 0.0000000000000000e+00
-2.8400641596255244e-03 1.0400343373729146e+00 2.1552527367762800e-03
9.3133241111235554e-02 9.9579844215820967e-01 0.0000000000000000e+00
4.7336264979521654e-02 1.0883748959761683e+00 7.9415753098891068e-03
-8.8374751524072093e-02 1.1559949010857595e+00 2.4155297807859376e-02
5.7454501485826870e-03 1.3068127845984308e+00 8.6290122204380343e-02
-4.1314650687744703e-02 1.2314038428420950e+00 5.0316049010399301e-02
4.5689212972983700e-03 1.1463551778325907e+00 2.0538714646802070e-02
5.1629022133625760e-02 1.2217641195889264e+00 4.6533099375292833e-02
8.3303109361908767e-02 1.3248913448254540e+00 9.7842072501092794e-02
2.8727250742913435e-03 1.4034063922992153e+00 1.4588040573026320e-01
-9.3749999999999986e-02 1.4017857142857144e+00 1.4692628011269282e-01
-1.8750000000000000e-01 1.5000000000000000e+00 2.2936092362385307e-01
-1.4062500000000000e-01 1.4508928571428572e+00 1.8557691479887675e-01
-4.6874999999999993e-02 1.4508928571428572e+00 1.8094417824760145e-01
-9.3750000000000000e-02 1.5000000000000000e+00 2.2198010293400694e-01
1.4456556324460267e-02 9.7254137083725156e-01 0.0000000000000000e+00
-4.5607407841848809e-02 1.0980146192293372e+00 9.6110370800233848e-03
-4.4002274925708650e-02 1.3542992494420725e+00 1.1422105921411588e-01
1.1408485417046668e+00 -1.0233202309684412e-01 2.0001500284684080e-02
9.1037878817555951e-01 -8.2384971725367739e-03 0.0000000000000000e+00
7.6275827950549424e-01 7.4514156178531743e-02 0.0000000000000000e+00
8.3656853384052687e-01 3.3137829502997485e-02 0.0000000000000000e+00
9.1343194037189290e-01 8.0514732241012660e-02 0.0000000000000000e+00
9.8685792087349400e-01 2.7967804985160175e-02 0.0000000000000000e+00
1.0256136649401131e+00 -5.5285260134690449e-02 0.0000000000000000e+00
1.1020927976380477e+00 -1.9078957976993501e-02 1.0131475540832499e-02
1.1569727331526640e+00 2.2337971393763194e-02 2.3644337268624322e-02
1.2265826837638534e+00 -5.1176355687021273e-02 4.8401523107969538e-02
1.3035714285714286e+00 -1.8750000000000000e-01 9.1788993591325099e-02
1.2222099851380477e+00 -1.4491601154842207e-01 4.9662105998193137e-02
1.3079441271972343e+00 -9.3760344138599211e-02 8.8718709700601417e-02
1.4017857142857142e+00 -9.8137797577429145e-02 1.4712563541312607e-01
1.5000000000000000e+00 -1.8750000000000000e-01 2.2936092362385307e-01
1.4508928571428572e+00 -1.4281889878871457e-01 1.8573507681378992e-01
1.4508928571428572e+00 -4.9068898788714573e-02 1.8100044667342777e-01
1.5000000000000000e+00 -9.3750000000000000e-02 2.2198010293400694e-01
8.3962168603686016e-01 1.2189105891654692e-01 0.0000000000000000e+00
7.5749288437536766e-01 1.4954748000751997e-01 0.0000000000000000e+00
5.2692956316178630e-01 1.4069692443803591e-01 0.0000000000000000e+00
4.9858530253084099e-01 2.0647206330491558e-01 0.0000000000000000e+00
5.7004344048074684e-01 2.1131979725022393e-01 0.0000000000000000e+00
6.3957852620351374e-01 1.8263886413727204e-01 0.0000000000000000e+00
6.4484392133364032e-01 1.0760554030828383e-01 0.0000000000000000e+00
1.4061584129115201e+00 -1.0344138599210906e-05 1.4779438804705569e-01
1.3570512700543771e+00 -4.9079242927313783e-02 1.1603784552975301e-01
1.3526785714285714e+00 -1.4281889878871457e-01 1.1740513873094803e-01
3.5070654766121406e-01 1.4116446058574728e-01 0.0000000000000000e+00
4.1047379478055490e-01 2.0670583137877127e-01 0.0000000000000000e+00
3.3904375002108322e-01 2.1195127791192120e-01 0.0000000000000000e+00
1.0744409275812139e-01 2.0649643896177416e-01 0.0000000000000000e+00
1.1222275069754881e-01 3.7150811175783038e-01 0.0000000000000000e+00
1.0983342172783510e-01 2.8900227535980227e-01 0.0000000000000000e+00
2.1980185153925058e-01 3.2712310349796275e-01 0.0000000000000000e+00
2.1741252256953689e-01 2.4461726709993464e-01 0.0000000000000000e+00
2.2907532020966773e-01 1.7383044977376072e-01 0.0000000000000000e+00
4.3881805541150021e-01 1.4093069251189161e-01 0.0000000000000000e+00
1.8891088017772562e-01 4.0481652206576291e-01 0.0000000000000000e+00
1.2097582593984031e-01 4.5358311164492432e-01 0.0000000000000000e+00
-5.0498781729253220e-02 3.9931801314794640e-01 0.0000000000000000e+00
-7.3688496091296227e-02 6.3118404093626423e-01 0.0000000000000000e+00
-6.2093638910274723e-02 5.1525102704210535e-01 0.0000000000000000e+00
2.8020202545417795e-02 5.8342107623414119e-01 0.0000000000000000e+00
1.8112648506076023e-02 6.9597995150261482e-01 0.0000000000000000e+00
-1.0015259254503089e-01 8.0745477544650457e-01 0.0000000000000000e+00
-1.3005960303883479e-01 9.8317412830558981e-01 0.0000000000000000e+00
-1.1510609779193284e-01 8.9531445187604719e-01 0.0000000000000000e+00
-3.4199707868242418e-02 8.5625158987404659e-01 0.0000000000000000e+00
4.8806002792086897e-03 7.8411531875773499e-01 0.0000000000000000e+00
-8.6920544318163567e-02 7.1931940819138440e-01 0.0000000000000000e+00
3.9615059726439299e-02 4.6748806233998230e-01 0.0000000000000000e+00
3.0861984484147793e-02 3.8541306245288842e-01 0.0000000000000000e+00
-4.9153213115144367e-02 9.4411126630358910e-01 0.0000000000000000e+00
-6.6449833599230151e-02 1.0116042328392523e+00 0.0000000000000000e+00
-1.0921717728145344e-01 1.0695845146956746e+00 5.4716835714992296e-03
-2.3707721676373594e-01 1.1631922134043453e+00 3.3042650881865122e-02
-1.6272598414390402e-01 1.1595935572450524e+00 2.7705405554986559e-02
-1.8356840990128537e-01 1.0731831708549675e+00 7.5140199484496203e-03
-1.8749999999999997e-01 1.3035714285714286e+00 9.1830506685770655e-02
-1.4062499999999997e-01 1.3526785714285716e+00 1.1728376454372041e-01
-1.8750000000000000e-01 1.4017857142857144e+00 1.5346372443640907e-01
-3.5091145833333337e-01 1.3352906858766234e+00 1.3050441824173392e-01
-3.7500000000000000e-01 1.5000000000000000e+00 2.5953508098361833e-01
-3.6295572916666669e-01 1.4176453429383118e+00 1.8997451619999375e-01
-2.6920572916666669e-01 1.4176453429383118e+00 1.7436772536305026e-01
-2.6920572916666669e-01 1.3194310572240260e+00 1.0904685565332824e-01
-2.1228860838186797e-01 1.2333818209878871e+00 5.8757014799831565e-02
-1.3793737576203602e-01 1.2297831648285942e+00 5.2594663888524268e-02
-9.0877274925708643e-02 1.3051921065849297e+00 8.7127144597384770e-02
-2.8125000000000000e-01 1.5000000000000000e+00 2.4180948238850575e-01
9.6895094254468461e-01 -1.6701229522879765e-01 0.0000000000000000e+00
7.2405419755531208e-01 -1.2620002513655101e-01 0.0000000000000000e+00
8.4650257004999840e-01 -1.4660616018267433e-01 0.0000000000000000e+00
8.1721649286543574e-01 -6.7219261154543894e-02 0.0000000000000000e+00
7.4340623853040322e-01 -2.5842934479009635e-02 0.0000000000000000e+00
6.3440892354879497e-01 -4.8247832763523707e-03 0.0000000000000000e+00
5.8066924335529069e-01 6.7936070580841779e-02 0.0000000000000000e+00
6.9858360152714460e-01 3.4844686451089686e-02 0.0000000000000000e+00
6.7923156055205358e-01 -6.5512404206451685e-02 0.0000000000000000e+00
1.1701554334653923e+00 -2.4437201873245162e-01 3.5890741230555204e-02
1.1555019875850294e+00 -1.7335202091464788e-01 2.6777186348385086e-02
1.0695531880050384e+00 -2.0569215698062465e-01 7.4268422088268156e-03
1.0548997421246757e+00 -1.3467215916282088e-01 3.5149605488947726e-03
9.3966486536012206e-01 -8.7625396200667213e-02 0.0000000000000000e+00
1.2368634310184103e+00 -2.1593600936622581e-01 6.0543209401777341e-02
1.3604729763748513e+00 -3.2453001114471358e-01 1.4258260170959772e-01
1.2653142049201218e+00 -2.8445101493858260e-01 8.0904258834960024e-02
1.3320222024731398e+00 -2.5601500557235679e-01 1.1501904990326592e-01
1.4302364881874257e+00 -2.5601500557235679e-01 1.8192921424558342e-01
1.5000000000000000e+00 -3.7500000000000000e-01 2.5953508098361833e-01
1.4302364881874257e+00 -3.4976500557235679e-01 1.9706760233617204e-01
1.5000000000000000e+00 -2.8125000000000000e-01 2.4180948238850575e-01
1.4017857142857144e+00 -1.8750000000000000e-01 1.5344617709384786e-01
4.2855666231003875e-01 2.0638375969097345e-02 0.0000000000000000e+00
5.3148279292941680e-01 7.9067963463724869e-03 0.0000000000000000e+00
4.7774311273591252e-01 8.0667650203566629e-02 0.0000000000000000e+00
3.8963160498562643e-01 8.0901418277422310e-02 0.0000000000000000e+00
2.5959159774566964e-01 3.0325643713034089e-02 0.0000000000000000e+00
3.4407413002785420e-01 2.5482009841065717e-02 0.0000000000000000e+00
3.0514907270344183e-01 8.5745052149390683e-02 0.0000000000000000e+00
1.8351784525189552e-01 1.1841104133740413e-01 0.0000000000000000e+00
1.3549805666502923e-01 -3.3649273446087397e-02 0.0000000000000000e+00
1.9754482720534944e-01 -1.6618148665266536e-03 0.0000000000000000e+00
1.2147107471157531e-01 8.6423582757843384e-02 0.0000000000000000e+00
0.0000000000000000e+00 0.0000000000000000e+00 0.0000000000000000e+00
-1.0133713028446734e-01 1.9657819730274897e-01 0.0000000000000000e+00
3.0534812368270270e-03 2.0153731813226156e-01 0.0000000000000000e+00
-5.0668565142233668e-02 9.8289098651374487e-02 0.0000000000000000e+00
5.3722046379060695e-02 1.0324821948088708e-01 0.0000000000000000e+00
6.7749028332514616e-02 -1.6824636723043698e-02 0.0000000000000000e+00
2.8472655514434085e-02 3.0290722605486031e-01 0.0000000000000000e+00
-7.5917956006860271e-02 2.9794810522534770e-01 0.0000000000000000e+00
-2.4554481219210395e-01 3.4699247088406937e-01 0.0000000000000000e+00
-2.3489932294189769e-01 5.7907354921541077e-01 0.0000000000000000e+00
-1.5429390951659697e-01 6.0512879507583750e-01 0.0000000000000000e+00
-1.4269905233557545e-01 4.8919578118167861e-01 0.0000000000000000e+00
-2.4022206756700082e-01 4.6303301004974007e-01 0.0000000000000000e+00
-1.4802179696067858e-01 3.7315524201600792e-01 0.0000000000000000e+00
-1.7344097123828564e-01 2.7178533409340916e-01 0.0000000000000000e+00
-2.6724137931034481e-01 7.4538177339901490e-01 0.0000000000000000e+00
-3.1121137620418304e-01 9.2921402566059252e-01 0.0000000000000000e+00
-2.0568198437460697e-01 8.6833440055354849e-01 0.0000000000000000e+00
-2.2063548962150892e-01 9.5619407698309122e-01 0.0000000000000000e+00
-2.7414429648395949e-01 1.0462031195324690e+00 6.2645022096984070e-03
-3.7500000000000000e-01 1.1071428571428572e+00 2.6985906653862274e-02
-3.4310568810209152e-01 1.0181784414017248e+00 5.1852956584391291e-03
-3.0603860838186797e-01 1.1351675352736013e+00 2.9183324153213838e-02
-2.9399433754853466e-01 1.2492414496404844e+00 7.3969023308126089e-02
-3.6295572916666669e-01 1.2212167715097402e+00 6.9336873961426626e-02
-5.1432291666666674e-01 1.3035714285714286e+00 1.4444779601238678e-01
-4.3261718750000006e-01 1.3194310572240260e+00 1.3574670233696129e-01
-4.4466145833333337e-01 1.2053571428571428e+00 7.4665593243485207e-02
-1.8369698592768785e-01 7.7641827442275968e-01 0.0000000000000000e+00
-2.8922637775726390e-01 8.3729789952980371e-01 0.0000000000000000e+00
-1.7046493770082052e-01 6.8828290716763951e-01 0.0000000000000000e+00
-2.5107035112612125e-01 6.6222766130721289e-01 0.0000000000000000e+00
-4.4466145833333337e-01 1.4017857142857144e+00 1.9566914557270473e-01
-5.6250000000000000e-01 1.5000000000000000e+00 3.1194983799747600e-01
-5.3841145833333337e-01 1.4017857142857144e+00 2.2086722776342774e-01
-4.6875000000000000e-01 1.5000000000000000e+00 2.8280956071474395e-01
7.7490811760945999e-01 -3.2418504314477470e-01 0.0000000000000000e+00
7.4948115758238609e-01 -2.2519253414066287e-01 0.0000000000000000e+00
8.7192953007707230e-01 -2.4559866918678619e-01 0.0000000000000000e+00
9.3086931054556366e-01 -3.1836472853749531e-01 0.0000000000000000e+00
1.1071428571428572e+00 -3.7500000000000000e-01 2.6994041945348959e-02
1.0190060838442103e+00 -3.4668236426874766e-01 5.5729399285199873e-03
9.4991012654512419e-01 -2.4268851188314650e-01 0.0000000000000000e+00
1.0380468998437709e+00 -2.7100614761439884e-01 4.9750623149691113e-03
1.1386491453041248e+00 -3.0968600936622581e-01 3.0567692850938955e-02
1.3035714285714286e+00 -4.6156002228942722e-01 1.3195641062579383e-01
1.5000000000000000e+00 -5.6250000000000000e-01 3.1194983799747600e-01
1.4017857142857144e+00 -5.1203001114471358e-01 2.1322156496118783e-01
1.5000000000000000e+00 -4.6875000000000000e-01 2.8280956071474395e-01
1.4017857142857144e+00 -4.1828001114471358e-01 1.8959430603750066e-01
1.3320222024731398e+00 -3.9304501671707037e-01 1.3592700625063178e-01
1.2368634310184103e+00 -3.5296602051093939e-01 7.5420541453861567e-02
1.2053571428571428e+00 -4.1828001114471358e-01 7.0256040575841783e-02
8.5288871407751188e-01 -3.2127488584113501e-01 0.0000000000000000e+00
5.8454177023954124e-01 -2.8730743098826272e-01 0.0000000000000000e+00
6.7972494392450056e-01 -3.0574623706651871e-01 0.0000000000000000e+00
6.5429798389742666e-01 -2.0675372806240688e-01 0.0000000000000000e+00
5.2083333333333337e-01 -1.0416666666666667e-01 0.0000000000000000e+00
3.5071372101678300e-01 -1.1364400996915944e-01 0.0000000000000000e+00
2.2508467451475334e-01 -2.2874329409290012e-01 0.0000000000000000e+00
2.4310588884090611e-01 -7.3646641707623417e-02 0.0000000000000000e+00
1.8029136558989128e-01 -1.3119628376949377e-01 0.0000000000000000e+00
2.8789919776576817e-01 -1.7119365203102976e-01 0.0000000000000000e+00
5.5268755178643736e-01 -1.9573704882746470e-01 0.0000000000000000e+00
6.2244376544432267e-01 -1.1518334590160884e-01 0.0000000000000000e+00
5.7762112844106417e-01 -5.4495724971509521e-02 0.0000000000000000e+00
4.7469499782168606e-01 -4.1764145348784663e-02 0.0000000000000000e+00
3.8963519166341087e-01 -4.6502817000031046e-02 0.0000000000000000e+00
4.3577352717505818e-01 -1.0890533831791305e-01 0.0000000000000000e+00
3.0515265938122632e-01 -4.1659183128062674e-02 0.0000000000000000e+00
6.9530777684352729e-02 -1.5669526105777112e-01 0.0000000000000000e+00
1.4730772609955303e-01 -1.9271927757533563e-01 0.0000000000000000e+00
1.0251441717469098e-01 -9.5172267251929260e-02 0.0000000000000000e+00
3.4765388842176365e-02 -7.8347630528885562e-02 0.0000000000000000e+00
-1.3922424360619123e-01 -9.2967873764541853e-02 0.0000000000000000e+00
-2.4032471942399733e-01 4.0467913599377417e-02 0.0000000000000000e+00
-1.8977448151509430e-01 -2.6249980082582218e-02 0.0000000000000000e+00
-6.9612121803095617e-02 -4.6483936882270926e-02 0.0000000000000000e+00
-1.2016235971199866e-01 2.0233956799688708e-02 0.0000000000000000e+00
-1.7083092485423235e-01 1.1852305545106320e-01 0.0000000000000000e+00
-2.5384645900284597e-01 1.9243317001065219e-01 0.0000000000000000e+00
-1.7759179464365665e-01 1.9450568365670057e-01 0.0000000000000000e+00
-2.4708558921342166e-01 1.1645054180501480e-01 0.0000000000000000e+00
-3.4846732960919252e-02 -1.2483156741115649e-01 0.0000000000000000e+00
-2.4969563559747496e-01 2.6971282044736078e-01 0.0000000000000000e+00
-4.0364583333333337e-01 2.2135416666666669e-01 0.0000000000000000e+00
-4.2605817049077371e-01 3.6103446774719861e-01 0.0000000000000000e+00
-3.8231490307343868e-01 4.9556857465865189e-01 0.0000000000000000e+00
-4.0418653678210620e-01 4.2830152120292525e-01 0.0000000000000000e+00
-3.3580149134143883e-01 3.5401346931563399e-01 0.0000000000000000e+00
-4.1485200191205351e-01 2.9119431720693267e-01 0.0000000000000000e+00
-3.2459532276271863e-01 2.8417331877536800e-01 0.0000000000000000e+00
-3.2874614616808967e-01 2.0689366833865944e-01 0.0000000000000000e+00
-3.0860711300766819e-01 5.3732106193703133e-01 0.0000000000000000e+00
-3.1392985763277131e-01 4.2128052277136063e-01 0.0000000000000000e+00
-4.4823141013354684e-01 6.9146366725160746e-01 0.0000000000000000e+00
-4.1527315660349273e-01 5.9351612095512962e-01 0.0000000000000000e+00
-3.4156536653772229e-01 6.3526860823350906e-01 0.0000000000000000e+00
-3.5773639472194585e-01 7.1842272032531118e-01 0.0000000000000000e+00
-3.8433887100869912e-01 8.1454837662845747e-01 0.0000000000000000e+00
-4.3516382575419588e-01 9.8517501041691036e-01 5.7551860798786096e-03
-3.7318760097918946e-01 9.5719451803875144e-01 4.0846216861891468e-04
-4.0508191287709794e-01 1.0461589337798838e+00 1.4159423135223703e-02
-5.5604100251830824e-01 1.0532629134615794e+00 3.4390258408737738e-02
-5.3518195959248749e-01 1.1784171710165041e+00 7.9557185381491743e-02
-4.6552050125915412e-01 1.0802028853022183e+00 2.9309630359522824e-02
-4.9560241413625206e-01 1.0192189619392449e+00 1.6995521605559075e-02
-3.4777512360644108e-01 8.7188120114452494e-01 0.0000000000000000e+00
-4.0975134838144750e-01 8.9986169352268397e-01 0.0000000000000000e+00
-3.2579012515952199e-01 7.7996507501373613e-01 0.0000000000000000e+00
-4.1628514057112298e-01 7.5300602194003252e-01 0.0000000000000000e+00
-7.0982142857142860e-01 1.1629464285714286e+00 1.1882067188618921e-01
-6.5625000000000000e-01 1.4046477316708486e+00 2.6334419116820895e-01
-6.8303571428571430e-01 1.2837970801211385e+00 1.8285629535300590e-01
-5.8528645833333337e-01 1.3541095801211385e+00 1.9927032714318949e-01
-6.1207217261904767e-01 1.2332589285714286e+00 1.2799307196821794e-01
-6.3293121554486842e-01 1.1081046710165041e+00 7.0430648744181645e-02
-6.0937500000000000e-01 1.4523238658354243e+00 2.8603858642901941e-01
-7.5000000000000000e-01 1.5000000000000000e+00 3.8921311623473065e-01
-7.0312500000000000e-01 1.4523238658354243e+00 3.2336676438594281e-01
-6.5625000000000000e-01 1.5000000000000000e+00 3.4729975707791105e-01
6.0246913351853315e-01 -4.5642948346677847e-01 0.0000000000000000e+00
5.9350545187903725e-01 -3.7186845722752060e-01 0.0000000000000000e+00
6.8868862556399657e-01 -3.9030726330577659e-01 0.0000000000000000e+00
7.5910937324497474e-01 -5.2128417687507334e-01 0.0000000000000000e+00
9.2196987855544910e-01 -4.7418054889741124e-01 2.0685857089364958e-03
9.2641959455050638e-01 -3.9627263871745327e-01 0.0000000000000000e+00
1.0145563678491532e+00 -4.2459027444870562e-01 9.7005752210293974e-03
1.0915398740876316e+00 -5.5587120367933862e-01 4.7358608836018515e-02
1.2363150640137208e+00 -6.6540653945049189e-01 1.4629258375732290e-01
1.1639274690506762e+00 -6.1063887156491525e-01 9.0465915532620927e-02
1.1975556513295302e+00 -5.0871561298438295e-01 8.3224440061287444e-02
1.2699432462925748e+00 -5.6348328086995958e-01 1.3632574176299528e-01
1.3600652391893124e+00 -5.9321779727644275e-01 2.0624896309004398e-01
1.5000000000000000e+00 -7.5000000000000000e-01 3.8921311623473065e-01
1.4300326195946562e+00 -5.7785889863822137e-01 2.5613503044848557e-01
1.4300326195946562e+00 -6.7160889863822137e-01 2.9066954401963163e-01
1.5000000000000000e+00 -6.5625000000000000e-01 3.4729975707791105e-01
8.4053962590021192e-01 -4.9773236288624229e-01 0.0000000000000000e+00
7.6700874542721742e-01 -4.2273461000992402e-01 0.0000000000000000e+00
8.4843899808245449e-01 -3.9918279602109297e-01 0.0000000000000000e+00
6.8078925338175389e-01 -4.8885683017092590e-01 0.0000000000000000e+00
1.0993413656152444e+00 -4.6543560183966931e-01 3.5433734699227941e-02
1.0067548763215404e+00 -5.1502587628837493e-01 1.6600988074211096e-02
1.3318183338803706e+00 -5.2738890978293496e-01 1.6655482640347632e-01
1.2981901516015166e+00 -6.2931216836346726e-01 1.7416785606453514e-01
4.3777066081124005e-01 -4.1402580347827034e-01 0.0000000000000000e+00
2.3193542755918917e-01 -4.3559179525218561e-01 0.0000000000000000e+00
7.2784953806281139e-02 -3.2309142643194766e-01 0.0000000000000000e+00
7.1157865745316934e-02 -2.3989334374485938e-01 0.0000000000000000e+00
1.4893481416051724e-01 -2.7591736026242386e-01 0.0000000000000000e+00
1.5236019068273515e-01 -3.7934161084206663e-01 0.0000000000000000e+00
2.2851005103697125e-01 -3.3216754467254284e-01 0.0000000000000000e+00
3.7727965430085852e-01 -2.6875100537084462e-01 0.0000000000000000e+00
4.8091071227019988e-01 -2.7802921817955367e-01 0.0000000000000000e+00
4.0752515755604929e-01 -3.4138840442455748e-01 0.0000000000000000e+00
5.1115621552539059e-01 -3.5066661723326653e-01 0.0000000000000000e+00
5.2011989716488660e-01 -4.3522764347252441e-01 0.0000000000000000e+00
4.4905649381709595e-01 -1.8645883601875565e-01 0.0000000000000000e+00
3.6399668765882076e-01 -1.9119750767000204e-01 0.0000000000000000e+00
3.0118216440780593e-01 -2.4874714973187237e-01 0.0000000000000000e+00
3.0460754093002385e-01 -3.5217140031151511e-01 0.0000000000000000e+00
-7.5659560554061783e-02 -2.4784184390961878e-01 0.0000000000000000e+00
-3.3427169176849469e-01 -2.6426482428720277e-01 0.0000000000000000e+00
-2.9832816295214848e-01 -1.0849799661452721e-01 0.0000000000000000e+00
-2.1877620327916986e-01 -1.0073293518953452e-01 0.0000000000000000e+00
-2.6932644118807292e-01 -3.4015041507574895e-02 0.0000000000000000e+00
-3.8098942583625212e-01 7.7636547178042137e-02 0.0000000000000000e+00
-3.3965879439420033e-01 -1.5430724718242535e-02 0.0000000000000000e+00
-3.1065707263012471e-01 5.9052230388709777e-02 0.0000000000000000e+00
-3.1741794241954902e-01 1.3503485859434716e-01 0.0000000000000000e+00
-3.9231762958479277e-01 1.4949535692235441e-01 0.0000000000000000e+00
-5.6445362265532739e-01 2.1087903797109606e-01 0.0000000000000000e+00
-5.6709903829781128e-01 3.7200592959348810e-01 0.0000000000000000e+00
-5.6577633047656928e-01 2.9144248378229209e-01 0.0000000000000000e+00
-4.9525589657305058e-01 2.8595675285914735e-01 0.0000000000000000e+00
-4.8404972799433038e-01 2.1611660231888136e-01 0.0000000000000000e+00
-4.7272152424578973e-01 1.4425779257456911e-01 0.0000000000000000e+00
-1.4373033738903224e-03 -2.8546663517078319e-01 0.0000000000000000e+00
-3.0643914348545270e-03 -2.0226855248369496e-01 0.0000000000000000e+00
-1.0744190208012651e-01 -1.7040485883708031e-01 0.0000000000000000e+00
-2.3674796768734296e-01 -1.7861634902587231e-01 0.0000000000000000e+00
-3.1629992736032159e-01 -1.8638141045086498e-01 0.0000000000000000e+00
-2.0496562616127822e-01 -2.5605333409841080e-01 0.0000000000000000e+00
-5.0138805848576584e-01 5.6453941989147316e-01 0.0000000000000000e+00
-6.2500000000000000e-01 6.2500000000000000e-01 0.0000000000000000e+00
-6.4108255473523879e-01 7.8314001836202218e-01 5.1880447168785554e-04
-5.4465698243439276e-01 7.3730184280681477e-01 0.0000000000000000e+00
-6.3304127736761939e-01 7.0407000918101104e-01 0.0000000000000000e+00
-5.3661570506677347e-01 6.5823183362580373e-01 0.0000000000000000e+00
-4.7480973430965634e-01 6.2800154357154025e-01 0.0000000000000000e+00
-5.6319402924288298e-01 5.9476970994573652e-01 0.0000000000000000e+00
-4.6372311448826975e-01 4.6278694381933588e-01 0.0000000000000000e+00
-4.4185148077960223e-01 5.3005399727506253e-01 0.0000000000000000e+00
-4.9657860439429247e-01 3.6652019867034336e-01 0.0000000000000000e+00
-5.3424354839178856e-01 4.6827267474248063e-01 0.0000000000000000e+00
-5.0829132055871196e-01 8.7050936138477530e-01 1.9257892750261125e-04
-5.7468693764697543e-01 8.2682468987339874e-01 0.0000000000000000e+00
-4.7826136534612940e-01 7.8098651431819133e-01 0.0000000000000000e+00
-4.4631509578370554e-01 8.4252886900661639e-01 0.0000000000000000e+00
-4.7172757315645392e-01 9.2784218590084278e-01 1.5571654983128653e-03
-5.3216616153851004e-01 9.6188613742317730e-01 9.5590385212131375e-03
-7.0765374299591266e-01 1.0033408685829355e+00 4.8531583377257347e-02
-6.3184737275711045e-01 1.0283018910222574e+00 4.0261133163705741e-02
-6.0797253177731236e-01 9.3692511498385533e-01 1.3166585203611116e-02
-7.0873758578367063e-01 1.0831436485771819e+00 7.9702354271035419e-02
-8.8559539798720499e-01 1.1367628228782027e+00 1.7290540092703538e-01
-7.6529797907066055e-01 1.3272548648411511e+00 2.4697438386991005e-01
-8.2544668852893277e-01 1.2320088438596768e+00 2.0553345011982474e-01
-7.3755970382104463e-01 1.2451006467062897e+00 1.7750175564927650e-01
-7.9770841327931685e-01 1.1498546257248157e+00 1.4314002547592569e-01
-7.9662457049155888e-01 1.0700518457305690e+00 1.0160238036920095e-01
-7.1077398953533022e-01 1.3659512982559998e+00 2.5385454246893274e-01
-7.5764898953533022e-01 1.4136274324205755e+00 3.1378552414477823e-01
-9.3750000000000000e-01 1.5000000000000000e+00 4.9411137370560165e-01
-8.5139898953533022e-01 1.4136274324205755e+00 3.6069985985806147e-01
-8.4375000000000000e-01 1.5000000000000000e+00 4.3803918020543609e-01
6.2500000000000000e-01 -6.2500000000000000e-01 0.0000000000000000e+00
4.9235117787542626e-01 -5.4308303850548223e-01 0.0000000000000000e+00
5.5867558893771307e-01 -5.8404151925274106e-01 0.0000000000000000e+00
5.4741015569697971e-01 -4.9975626098613035e-01 0.0000000000000000e+00
6.1373456675926663e-01 -5.4071474173338929e-01 0.0000000000000000e+00
6.9205468662248737e-01 -5.7314208843753667e-01 0.0000000000000000e+00
7.8338052281142823e-01 -7.0708293456000215e-01 3.8395581448239830e-03
9.5982142857142860e-01 -6.8080357142857140e-01 2.9687800094490041e-02
1.1016059634724809e+00 -6.9301053494679898e-01 8.3441056425408208e-02
1.0965729187800561e+00 -6.2444086931306875e-01 6.3619777997658500e-02
1.1689605137431007e+00 -6.7920853719864538e-01 1.1236280094772792e-01
1.1097248997841220e+00 -8.3027890424270612e-01 1.3409585717358424e-01
1.3429946698367272e+00 -7.8613802883620587e-01 2.6859814214062167e-01
1.2263597848104246e+00 -8.0820846653945599e-01 1.9419937344531696e-01
1.2896548669252241e+00 -7.2577228414334893e-01 2.0303291172708987e-01
1.1730199818989213e+00 -7.4784272184659906e-01 1.3750341690184184e-01
1.1056654316283014e+00 -7.6164471959475255e-01 1.0671649105364661e-01
1.0307136960219547e+00 -6.8690705318768519e-01 5.3165820101215303e-02
1.0256806513295302e+00 -6.1833738755395506e-01 3.6905276996803384e-02
9.4089565356343885e-01 -5.7749206016299137e-01 1.0520626279661875e-02
8.5946540090820167e-01 -6.0104387415182237e-01 2.1563400238795837e-03
7.7124494802820154e-01 -6.1418355571753769e-01 0.0000000000000000e+00
7.0419026140571406e-01 -6.6604146728000102e-01 0.0000000000000000e+00
4.6506091934333316e-01 -4.7855442099187628e-01 0.0000000000000000e+00
3.4526619867134328e-01 -5.2419648832532639e-01 0.0000000000000000e+00
2.8860081311526620e-01 -4.7989414178875600e-01 0.0000000000000000e+00
3.9151842974129170e-01 -4.6911114590179837e-01 0.0000000000000000e+00
3.3485304418521461e-01 -4.2480879936522797e-01 0.0000000000000000e+00
8.7160097569142847e-01 -6.9394325299428683e-01 1.2745776822579888e-02
1.3515299545130199e+00 -6.8967791305632431e-01 2.3419059613833565e-01
1.4214973349183637e+00 -7.6806901441810294e-01 3.2550498054435856e-01
1.5000000000000000e+00 -9.3750000000000000e-01 4.9411137370560165e-01
1.4214973349183637e+00 -8.6181901441810294e-01 3.7346583585349080e-01
1.5000000000000000e+00 -8.4375000000000000e-01 4.3803918020543609e-01
4.1880868827338480e-01 -5.3363976341540431e-01 0.0000000000000000e+00
1.6075935039090361e-01 -5.8182240438249866e-01 0.0000000000000000e+00
3.0743819266837152e-02 -4.8412190963341856e-01 0.0000000000000000e+00
-1.9430551549378913e-01 -4.2391774575318630e-01 0.0000000000000000e+00
-1.3498253802392546e-01 -3.3587979483140251e-01 0.0000000000000000e+00
-8.1780848113475996e-02 -4.5401982769330240e-01 0.0000000000000000e+00
-2.2457870643612314e-02 -3.6598187677151867e-01 0.0000000000000000e+00
5.1764386536559147e-02 -4.0360666803268308e-01 0.0000000000000000e+00
1.3133962341301317e-01 -4.5985685244280206e-01 0.0000000000000000e+00
1.9634738897504639e-01 -5.0870709981734219e-01 0.0000000000000000e+00
2.5301277453112347e-01 -5.5300944635391258e-01 0.0000000000000000e+00
9.5751584828870376e-02 -5.3297215700795864e-01 0.0000000000000000e+00
-2.6428860363114193e-01 -3.4409128502019454e-01 0.0000000000000000e+00
-4.3476224581443867e-01 -5.0041391021701398e-01 0.0000000000000000e+00
-5.6541847814995339e-01 -3.0535879020856638e-01 0.0000000000000000e+00
-5.0009036198219603e-01 -4.0288635021279018e-01 0.0000000000000000e+00
-4.4984508495922404e-01 -2.8481180724788457e-01 0.0000000000000000e+00
-3.8451696879146668e-01 -3.8233936725210838e-01 0.0000000000000000e+00
-3.1453388065411392e-01 -4.6216582798510014e-01 0.0000000000000000e+00
-4.4105704682500868e-01 -1.7313393060771193e-01 0.0000000000000000e+00
-4.7168237010987962e-01 -3.6130129890120322e-02 0.0000000000000000e+00
-4.2633589797306587e-01 2.0753208643960908e-02 0.0000000000000000e+00
-3.8500526653101408e-01 -7.2314063252323757e-02 0.0000000000000000e+00
-3.6969260488857858e-01 -1.4081596361111956e-01 0.0000000000000000e+00
-3.8766436929675169e-01 -2.1869937744745735e-01 0.0000000000000000e+00
-5.0323776248748109e-01 -2.3924636040813915e-01 0.0000000000000000e+00
-4.5636970846744418e-01 -1.0463203024891612e-01 0.0000000000000000e+00
-6.3660758567398190e-01 6.6786432163170539e-02 0.0000000000000000e+00
-7.3952414772727282e-01 2.3171164772727276e-01 0.0000000000000000e+00
-6.0053060416465465e-01 1.3883273506713328e-01 0.0000000000000000e+00
-6.5198888519130005e-01 2.2129534284918440e-01 0.0000000000000000e+00
-6.8806586670062742e-01 1.4924903994522165e-01 0.0000000000000000e+00
-5.0879850575511698e-01 7.2211489670606338e-02 0.0000000000000000e+00
-5.5414497789193073e-01 1.5328151136525109e-02 0.0000000000000000e+00
-6.5331159301254205e-01 3.0185878866038041e-01 0.0000000000000000e+00
-6.9492533290638914e-01 4.7587395734038018e-01 0.0000000000000000e+00
-5.9815669569607754e-01 5.2020668861592667e-01 0.0000000000000000e+00
-6.5996266645319457e-01 5.5043697867019015e-01 0.0000000000000000e+00
-8.0453962043489236e-01 6.1949227508325733e-01 7.8705348038895953e-04
-7.4973247667064080e-01 5.4768311621181875e-01 0.0000000000000000e+00
-7.1476981021744623e-01 6.2224613754162861e-01 0.0000000000000000e+00
-7.2281108758506551e-01 7.0131614672263975e-01 0.0000000000000000e+00
-7.7971326694730936e-01 8.6091173305269053e-01 2.4815611285837549e-02
-6.7436814886557572e-01 8.9324044347247877e-01 1.3707667343620659e-02
-7.1039791084127413e-01 8.2202587570735641e-01 7.3783577039416067e-03
-7.4368350497161106e-01 9.3212630081781300e-01 3.4967493948521194e-02
-8.6645620715349692e-01 9.8586283393774155e-01 8.9384449189346557e-02
-8.2308473705040308e-01 9.2338728349521604e-01 5.2386282093534083e-02
-7.8705497507470479e-01 9.9460185126033851e-01 6.6636103223187568e-02
-8.7602580257035090e-01 1.0613128284079720e+00 1.2757993073526272e-01
-1.0156250000000000e+00 1.0156250000000000e+00 1.6940241451842467e-01
-1.0558986962114376e+00 1.1824681894449194e+00 2.9578907487188455e-01
-9.3750000000000000e-01 1.3067274716177861e+00 3.1807187187027003e-01
-8.5139898953533022e-01 1.3169911682294686e+00 2.7970798508156658e-01
-9.1154769899360244e-01 1.2217451472479945e+00 2.4021248467532860e-01
-9.7074704709932136e-01 1.1596155061615612e+00 2.2987785399486282e-01
-9.9669934810571881e-01 1.2445978305313528e+00 3.0464445366395310e-01
-1.0966929878663159e+00 1.3398753532247523e+00 4.5001697822677017e-01
-1.0170964939331579e+00 1.3233014124212692e+00 3.8056836287173201e-01
-1.0170964939331579e+00 1.4199376766123761e+00 4.6766060018027333e-01
-1.1250000000000000e+00 1.5000000000000000e+00 6.2920384057762591e-01
-1.1108464939331579e+00 1.4199376766123761e+00 5.3573883865115668e-01
-1.0312500000000000e+00 1.5000000000000000e+00 5.5773930165761154e-01
-6.3101218560210026e-01 4.2393994346693414e-01 0.0000000000000000e+00
-7.1722474031683103e-01 3.5379280253382650e-01 0.0000000000000000e+00
-7.9212644369110086e-01 7.4020200406797398e-01 6.9370317154992481e-03
-1.0357618481057189e+00 1.0990465947224597e+00 2.2808758833960890e-01
-9.5061019899360244e-01 1.0761939114391015e+00 1.6909713210140898e-01
-9.4104060357674846e-01 1.0007439169688708e+00 1.2598635648510123e-01
-9.3750000000000000e-01 1.4033637358088931e+00 4.0078992204667868e-01
4.6803902590406354e-01 -6.8108203133653256e-01 0.0000000000000000e+00
6.4278264313773192e-01 -7.8452858933553804e-01 4.3987868608632539e-04
5.5541083452089768e-01 -7.3280531033603524e-01 0.0000000000000000e+00
6.3389132156886596e-01 -7.0476429466776902e-01 0.0000000000000000e+00
5.4651951295203172e-01 -6.5304101566826622e-01 0.0000000000000000e+00
4.8019510188974490e-01 -6.1208253492100739e-01 0.0000000000000000e+00
4.0665261228770344e-01 -6.0263925983092947e-01 0.0000000000000000e+00
3.0250806300701372e-01 -6.6155149242045108e-01 0.0000000000000000e+00
6.9721650962007525e-02 -7.2126246363595281e-01 0.0000000000000000e+00
1.1524050067645557e-01 -6.5154243400922573e-01 0.0000000000000000e+00
2.3163370669895866e-01 -6.2168694840147487e-01 0.0000000000000000e+00
1.8611485698451063e-01 -6.9140697802820195e-01 0.0000000000000000e+00
7.1308158297458002e-01 -7.4580576194777004e-01 7.2082850530994186e-04
7.6811453066479030e-01 -8.8481573298443972e-01 2.7932703434180653e-02
7.0544858690126111e-01 -8.3467216115998888e-01 8.3708267275282647e-03
7.7574752673810932e-01 -7.9594933377222099e-01 1.2122338739891719e-02
9.3936694302714197e-01 -8.6034868529148190e-01 6.9325078478522498e-02
1.0245459214056321e+00 -8.4531379476709401e-01 9.8296381199836344e-02
9.4959418579928534e-01 -7.7057612836002665e-01 4.6599049973212854e-02
1.0347731641777753e+00 -7.5554123783563876e-01 7.3007874221529739e-02
8.6137373291928510e-01 -7.8371580992574197e-01 2.5897254791193574e-02
8.5374073684596619e-01 -8.7258220913796081e-01 4.5679027015723898e-02
1.0156250000000000e+00 -1.0156250000000000e+00 1.6943241141819865e-01
9.7749597151357093e-01 -9.3798684264574095e-01 1.1408261526294113e-01
1.0626749498920609e+00 -9.2295195212135306e-01 1.4874190500890699e-01
1.1763770886056322e+00 -1.0624865298144186e+00 2.9567888426246625e-01
1.2878024193548387e+00 -9.3750000000000000e-01 3.0311550070995763e-01
1.3602938071195410e+00 -1.0692841840775988e+00 4.4861480068392212e-01
1.2320897539802353e+00 -9.9999326490720930e-01 2.9729596384126827e-01
1.3240481132371897e+00 -1.0033920920387995e+00 3.7235953956496243e-01
1.4301469035597705e+00 -1.0033920920387995e+00 4.6814026314664936e-01
1.5000000000000000e+00 -1.1250000000000000e+00 6.2920384057762591e-01
1.4301469035597705e+00 -1.0971420920387995e+00 5.3533612948577491e-01
1.5000000000000000e+00 -1.0312500000000000e+00 5.5773930165761154e-01
1.3153985445957830e+00 -8.6181901441810294e-01 2.8379317656412961e-01
1.1987636595694804e+00 -8.8388945212135306e-01 2.1079303457659063e-01
1.1430509941948772e+00 -9.4638271702856236e-01 2.0638777146646228e-01
1.0960010443028161e+00 -1.0390557649072094e+00 2.2813725760637993e-01
1.3939012096774195e+00 -9.3750000000000000e-01 3.9223061960334415e-01
3.2388713083917853e-01 -5.9287399037288879e-01 0.0000000000000000e+00
3.8527354445553863e-01 -6.7131676187849187e-01 0.0000000000000000e+00
5.0232735114422340e-02 -6.0269218663468571e-01 0.0000000000000000e+00
-1.6125781383094318e-01 -6.3364956319724741e-01 0.0000000000000000e+00
-4.5768081434467825e-02 -6.7745601341660011e-01 0.0000000000000000e+00
-6.5256997282053017e-02 -5.5888573641533301e-01 0.0000000000000000e+00
-1.7778166466236617e-01 -5.2878365447521691e-01 0.0000000000000000e+00
-2.8782462015804150e-01 -5.4612325896459712e-01 0.0000000000000000e+00
-2.4106506782591530e-01 -4.8502050235889171e-01 0.0000000000000000e+00
-3.6129343298624006e-01 -5.2326858459080561e-01 0.0000000000000000e+00
-3.7500000000000000e-01 -7.5000000000000000e-01 0.0000000000000000e+00
-5.6137464236953094e-01 -6.4440078768901599e-01 0.0000000000000000e+00
-4.9806844409198481e-01 -5.7240734895301504e-01 0.0000000000000000e+00
-4.6818732118476547e-01 -6.9720039384450794e-01 0.0000000000000000e+00
-4.0488112290721934e-01 -6.2520695510850699e-01 0.0000000000000000e+00
-3.3141231007902072e-01 -6.4806162948229851e-01 0.0000000000000000e+00
-2.2454121699449234e-01 -5.8988641108092232e-01 0.0000000000000000e+00
-6.9138526448664095e-01 -5.0347471493353435e-01 0.0000000000000000e+00
-7.2068501752716418e-01 -2.6449608045684631e-01 0.0000000000000000e+00
-6.4305174783855878e-01 -2.8492743533270637e-01 0.0000000000000000e+00
-7.0603514100690257e-01 -3.8398539769519036e-01 0.0000000000000000e+00
-6.2840187131829717e-01 -4.0441675257105036e-01 0.0000000000000000e+00
-5.6307375515053981e-01 -5.0194431257527417e-01 0.0000000000000000e+00
-6.2637995342808594e-01 -5.7393775131127511e-01 0.0000000000000000e+00
-5.7944567453615847e-01 -1.4954283996753159e-01 0.0000000000000000e+00
-5.1025136068058363e-01 -1.6133838528762176e-01 0.0000000000000000e+00
-5.2556402232301902e-01 -9.2836484928825957e-02 0.0000000000000000e+00
-6.0802663010507019e-01 -4.1378203902180527e-02 0.0000000000000000e+00
-7.2916666666666663e-01 -1.0416666666666667e-01 0.0000000000000000e+00
-6.5006534603166133e-01 -2.0701946021218895e-01 0.0000000000000000e+00
-6.5430617060141261e-01 -1.2685475331709914e-01 0.0000000000000000e+00
-6.8288712617032421e-01 -1.8690117251748066e-02 0.0000000000000000e+00
-7.7202298169675521e-01 2.9570680168691577e-02 0.0000000000000000e+00
-9.0947414783524116e-01 5.8372044783748384e-02 0.0000000000000000e+00
-9.1303214795566912e-01 2.3184361073227752e-01 0.0000000000000000e+00
-9.1125314789545508e-01 1.4510782775801295e-01 0.0000000000000000e+00
-8.2627814784147091e-01 2.3177762922977513e-01 0.0000000000000000e+00
-8.2449914778125699e-01 1.4504184625551059e-01 0.0000000000000000e+00
-8.4074856476599824e-01 4.3971362476219980e-02 0.0000000000000000e+00
-7.5577356471201407e-01 1.3064116394798217e-01 0.0000000000000000e+00
-7.0431528368536855e-01 4.8178556165931058e-02 0.0000000000000000e+00
-7.5059482418171086e-01 -3.7297993248987547e-02 0.0000000000000000e+00
-5.7243207634305593e-01 -2.2745081508804899e-01 0.0000000000000000e+00
-8.5721533364848801e-01 4.4776551660601027e-01 0.0000000000000000e+00
-9.7920078630808716e-01 6.6142421369191284e-01 3.1062270968751353e-02
-1.0205602488957453e+00 8.3614425009766535e-01 9.3122672307470997e-02
-8.9249372432903284e-01 7.7420467107363633e-01 3.1162515530928768e-02
-9.5652698661238911e-01 8.0517446058565079e-01 5.8204696119652871e-02
-9.3584725531855995e-01 7.1781444238277459e-01 3.0435559326032161e-02
-8.4851667238196260e-01 6.9684847307844677e-01 9.3588505721024472e-03
-8.9187020337148981e-01 6.4045824438758503e-01 9.2604199535457916e-03
-8.3087747704169024e-01 5.3362889584463380e-01 0.0000000000000000e+00
-9.1820805997828758e-01 5.5459486514896161e-01 4.8415320174090837e-03
-7.7607033327743857e-01 4.6181973697319523e-01 0.0000000000000000e+00
-7.9836974068788047e-01 3.3973858216664155e-01 0.0000000000000000e+00
-8.8512374080207856e-01 3.3980456366914391e-01 0.0000000000000000e+00
-8.3610349563817110e-01 8.1755820206316343e-01 2.7265098261503612e-02
-8.7947496574126482e-01 8.8003375250568894e-01 5.5501423059418721e-02
-9.4350822802462109e-01 9.1100354201770339e-01 8.8848868601991884e-02
-1.0180926244478727e+00 9.2588462504883262e-01 1.2755766184903777e-01
-1.1527900508177997e+00 8.9049048694419664e-01 1.8474822002492094e-01
-1.1763770886056322e+00 1.0624865298144186e+00 2.9565665833006588e-01
-1.1161378924085348e+00 1.1224773596296691e+00 2.9355096624852922e-01
-1.0960010443028161e+00 1.0390557649072094e+00 2.2812322388555620e-01
-1.1645835697117159e+00 9.7648850837930756e-01 2.3627410394196560e-01
-1.0842075254088999e+00 9.5305774347209837e-01 1.7477013102054270e-01
-1.0866751498567724e+00 8.6331736852093099e-01 1.3525838393693826e-01
-1.0762958420388768e+00 1.2611717713348358e+00 3.6885884869516217e-01
-1.2225740708274895e+00 1.2234308549744379e+00 4.4784195158541129e-01
-1.1596335293469027e+00 1.2816531040995951e+00 4.4647929986329232e-01
-1.1392363835194637e+00 1.2029495222096787e+00 3.6757761635380359e-01
-1.1994755797165608e+00 1.1429586923944282e+00 3.6762753478866800e-01
-1.3037345542984413e+00 1.3499458733703091e+00 6.3150247221203126e-01
-1.3125000000000000e+00 1.5000000000000000e+00 7.9661064921550118e-01
-1.3081172771492207e+00 1.4249729366851547e+00 7.1108416410522424e-01
-1.2143672771492207e+00 1.4249729366851547e+00 6.2548867074854875e-01
-1.2002137710823786e+00 1.3449106132975306e+00 5.3542655264265138e-01
-1.2631543125629654e+00 1.2866883641723734e+00 5.3605053520452695e-01
-1.2187500000000000e+00 1.5000000000000000e+00 7.0875481091940840e-01
4.8681038910851343e-01 -8.4670080307278139e-01 0.0000000000000000e+00
5.6479651612312265e-01 -8.1561469620415972e-01 0.0000000000000000e+00
4.7742470750628851e-01 -7.6389141720465692e-01 0.0000000000000000e+00
3.0458373784878368e-01 -8.4378957637701746e-01 0.0000000000000000e+00
1.5808823529411764e-01 -9.5220588235294112e-01 0.0000000000000000e+00
4.9807342824405021e-03 -9.6696084566492413e-01 0.0000000000000000e+00
8.1534484788279071e-02 -9.5958336400893263e-01 0.0000000000000000e+00
3.7351192622224014e-02 -8.4411165465043847e-01 0.0000000000000000e+00
1.1390494312806258e-01 -8.3673417299444697e-01 0.0000000000000000e+00
1.8715269440539561e-01 -7.8252602000648519e-01 0.0000000000000000e+00
3.0354590042789870e-01 -7.5267053439873433e-01 0.0000000000000000e+00
3.8631138187642361e-01 -7.6243580385677501e-01 0.0000000000000000e+00
3.9569706347864853e-01 -8.4524518972489937e-01 0.0000000000000000e+00
6.1376075557316623e-01 -9.3845193063377119e-01 1.3979747326725354e-02
6.2827169935544913e-01 -8.6149025998465456e-01 4.2314680698636335e-03
6.9093764311897821e-01 -9.1163383180910551e-01 1.9719113963567122e-02
7.1040983275643022e-01 -1.0408283915846348e+00 6.2666543374508887e-02
6.6208529416479822e-01 -9.8964016110920294e-01 3.4191323599798873e-02
7.3926218171061020e-01 -9.6282206228453726e-01 4.2859956027381178e-02
8.8333723719901425e-01 -9.8422932424591625e-01 9.4951682450086838e-02
8.3278477408420981e-01 -1.1104441772386278e+00 1.3538009871392057e-01
8.5806100564161203e-01 -1.0473367507422719e+00 1.1352702887577516e-01
9.4948111859950712e-01 -9.9992716212295818e-01 1.2940334882008964e-01
9.2420488704210491e-01 -1.0630345886193138e+00 1.4945693925740766e-01
1.0564730937583859e+00 -1.1746510097376968e+00 2.9062276414579136e-01
1.2225740708274895e+00 -1.2234308549744379e+00 4.4785031747303700e-01
1.1395235822929377e+00 -1.1990409323560673e+00 3.6481253623046878e-01
1.1164250911820091e+00 -1.1185687697760578e+00 2.9112402415896727e-01
1.1994755797165608e+00 -1.1429586923944282e+00 3.6764204479377788e-01
1.2683354478625866e+00 -1.0658853569460087e+00 3.6755215525843010e-01
1.2914339389735152e+00 -1.1463575195260183e+00 4.4468539065347890e-01
1.3770879234613371e+00 -1.2187500000000000e+00 5.8167454382526773e-01
1.5000000000000000e+00 -1.3125000000000000e+00 7.9661064921550118e-01
1.4385439617306686e+00 -1.2656250000000000e+00 6.8534949620132724e-01
1.4385439617306686e+00 -1.1718750000000000e+00 6.0321942556017094e-01
1.5000000000000000e+00 -1.2187500000000000e+00 7.0875481091940840e-01
5.5028557234083986e-01 -8.9257636685327624e-01 1.9757213940777862e-03
-1.1672295639156788e-01 -8.7289795455103181e-01 0.0000000000000000e+00
-2.9541546349465664e-01 -9.5807358446589208e-01 0.0000000000000000e+00
-4.9283005124302720e-01 -9.4346603264084050e-01 4.4736077912527622e-03
-3.9412275736884195e-01 -9.5076980855336624e-01 0.0000000000000000e+00
-3.3520773174732832e-01 -8.5403679223294604e-01 0.0000000000000000e+00
-2.5075621904231138e-01 -8.2173555364441386e-01 0.0000000000000000e+00
-2.7308584126848401e-01 -8.8990456905515303e-01 0.0000000000000000e+00
-1.8373958771693963e-01 -8.4731675409772289e-01 0.0000000000000000e+00
-2.0600701643662728e-01 -7.2769255842083069e-01 0.0000000000000000e+00
-1.3899038511125553e-01 -7.5327375887413961e-01 0.0000000000000000e+00
-2.3500652714780176e-02 -7.9708020909349231e-01 0.0000000000000000e+00
-5.5871111054563688e-02 -9.1992940010797797e-01 0.0000000000000000e+00
2.3133598657145066e-01 -8.9799772936497924e-01 0.0000000000000000e+00
9.1135209011307805e-01 -9.2228900476869913e-01 8.0856840878884714e-02
8.2572588393190227e-01 -9.3452252861517793e-01 5.6765981159949741e-02
7.9687353497772229e-01 -1.0125288579152756e+00 7.6589077218945381e-02
1.0360490468791930e+00 -1.0951380048688484e+00 2.2584940811333221e-01
9.4462893392129788e-01 -1.1425475934881621e+00 2.0512900620038599e-01
1.3686908652904390e+00 -1.1440170920387995e+00 5.1227192494138174e-01
1.2998309971444133e+00 -1.2210904274872190e+00 5.1176847508121692e-01
-2.6812890691547159e-01 -6.9182478159862371e-01 0.0000000000000000e+00
-3.1287810952115569e-01 -7.8586777682220688e-01 0.0000000000000000e+00
-5.2023604556124803e-01 -7.8906246534263236e-01 0.0000000000000000e+00
-5.0653304840213764e-01 -8.6626424899173649e-01 0.0000000000000000e+00
-4.4761802278062401e-01 -7.6953123267131618e-01 0.0000000000000000e+00
-4.3391502562151363e-01 -8.4673301632042031e-01 0.0000000000000000e+00
-5.4080534396538948e-01 -7.1673162651582412e-01 0.0000000000000000e+00
-6.7004365721640968e-01 -8.0236902835077095e-01 2.6533235848379294e-03
-5.9513985138882886e-01 -7.9571574684670165e-01 0.0000000000000000e+00
-6.1570914979297031e-01 -7.2338490801989352e-01 0.0000000000000000e+00
-7.3994965279596547e-01 -6.5715137399902857e-01 0.0000000000000000e+00
-9.0374673899547431e-01 -5.9244421443167083e-01 6.6297677346248245e-03
-8.2184819589571989e-01 -6.2479779421534976e-01 6.2172716739554651e-04
-7.1566745864130321e-01 -5.8031304446628140e-01 0.0000000000000000e+00
-7.9756600174105763e-01 -5.4795946468260259e-01 0.0000000000000000e+00
-9.4189154063027658e-01 -4.4940996426554464e-01 2.5719049974377516e-03
-8.7167112729598561e-01 -3.1909144615125007e-01 0.0000000000000000e+00
-7.9617807241157490e-01 -2.9179376330404816e-01 0.0000000000000000e+00
-7.8152819589131328e-01 -4.1128308054239221e-01 0.0000000000000000e+00
-9.0678133396313110e-01 -3.8425070520839733e-01 0.0000000000000000e+00
-8.1663840255845876e-01 -4.7644233959953952e-01 0.0000000000000000e+00
-9.2281913981287544e-01 -5.2092708934860776e-01 3.4422765569524574e-03
-6.5066214758274821e-01 -6.5077608084402228e-01 0.0000000000000000e+00
-7.0499665500618758e-01 -7.2976020117489981e-01 0.0000000000000000e+00
-7.2492584209691535e-01 -1.8433137356175650e-01 0.0000000000000000e+00
-9.2692446146502361e-01 -1.3400034084766396e-01 0.0000000000000000e+00
-1.1159974055548405e+00 -6.9212297931966871e-02 1.3794739186302472e-02
-1.1174138452665821e+00 1.2688407240077648e-01 1.5215651077125990e-02
-1.0648674242424243e+00 3.1581439393939398e-01 1.1512423671900949e-02
-1.0152229966111257e+00 1.7936384156652702e-01 0.0000000000000000e+00
-9.8894978609904671e-01 2.7382900233583574e-01 0.0000000000000000e+00
-1.0911406347545032e+00 2.2134923317008523e-01 1.2078407945621686e-02
-8.2380473949609390e-01 -1.9924821065225512e-01 0.0000000000000000e+00
-8.2804556406584506e-01 -1.1908350375716531e-01 0.0000000000000000e+00
-8.4947372158088941e-01 -5.2214830339486193e-02 0.0000000000000000e+00
-9.1819930465013244e-01 -3.7814148031957789e-02 0.0000000000000000e+00
-1.0214609335099321e+00 -1.0160631938981542e-01 0.0000000000000000e+00
-1.0127357766950409e+00 -5.4201265741092436e-03 0.0000000000000000e+00
-1.0134439965509117e+00 9.2628058592262433e-02 0.0000000000000000e+00
-1.1167056254107113e+00 2.8835887234404806e-02 1.3338641322456945e-02
-8.9929779438050461e-01 -2.2654589349945703e-01 0.0000000000000000e+00
-9.6104137894545616e-01 3.8178995527270210e-01 0.0000000000000000e+00
-1.0302137239260103e+00 4.9064679374605208e-01 1.8498495978514815e-02
-9.4371452878724915e-01 4.6920615517603115e-01 2.0888461134913258e-03
-1.0475405740842172e+00 4.0323059384272303e-01 1.3882336756145216e-02
-1.0047072551170486e+00 5.7603550371898249e-01 2.3542365093688306e-02
-1.1198713212637961e+00 6.1043617169975428e-01 6.9870972095773282e-02
-1.1779635165663340e+00 7.4976191629156630e-01 1.4091719945701195e-01
-1.1489174189150650e+00 6.8009904399566024e-01 1.0210336971163170e-01
-1.0495360537859417e+00 6.3593019269583362e-01 4.8061945546468969e-02
-1.0785821514372107e+00 7.0559306499173957e-01 7.6699959215564509e-02
-1.0992618827310396e+00 7.9295308319461588e-01 1.1438154373683097e-01
-9.9988051760191621e-01 7.4878423189478904e-01 5.7668174772183584e-02
-1.0750425225949032e+00 5.5054148272290315e-01 4.0271369747479441e-02
-1.1653767836920670e+00 8.2012620161788141e-01 1.6108882157555404e-01
-1.2878024193548387e+00 9.3750000000000000e-01 3.0306787343085495e-01
-1.3602938071195410e+00 1.0692841840775988e+00 4.4859894311674542e-01
-1.2683354478625866e+00 1.0658853569460087e+00 3.6752526381980333e-01
-1.2320897539802353e+00 9.9999326490720930e-01 2.9724309240367114e-01
-1.3240481132371897e+00 1.0033920920387995e+00 3.7233156308186199e-01
-1.2202962350863191e+00 9.1399524347209837e-01 2.4044890950740597e-01
-1.2328829679605864e+00 8.4363095814578315e-01 2.1442500376824075e-01
-1.2914339389735152e+00 1.1463575195260183e+00 4.4467100561555856e-01
-1.3770879234613371e+00 1.2187500000000000e+00 5.8166846959017615e-01
-1.5000000000000000e+00 1.3125000000000000e+00 7.9661064921550118e-01
-1.4385439617306686e+00 1.2656250000000000e+00 6.8534714048643386e-01
-1.3404112388798892e+00 1.2843479366851547e+00 6.0447339662138933e-01
-1.4018672771492207e+00 1.3312229366851547e+00 7.0950028992145564e-01
-1.5000000000000000e+00 1.5000000000000000e+00 9.9796130161186314e-01
-1.4018672771492207e+00 1.4249729366851547e+00 8.0526935305174530e-01
-1.4062500000000000e+00 1.5000000000000000e+00 8.9295951032873644e-01
-1.2998309971444133e+00 1.2210904274872190e+00 5.1175998200549744e-01
-1.3686908652904390e+00 1.1440170920387995e+00 5.1226192638321544e-01
-1.5000000000000000e+00 1.4062500000000000e+00 8.9295951032873644e-01
4.9150671850871264e-01 -9.9089372486464544e-01 1.0453158705294448e-02
5.7892501348625580e-01 -1.0911645235247209e+00 5.1446096342623114e-02
5.5263373704093943e-01 -9.6467282774920826e-01 1.1727313384759078e-02
5.3521586599748416e-01 -1.0410291241946832e+00 2.7383406015489806e-02
5.9634288452971096e-01 -1.0148082270792460e+00 2.9497996752810580e-02
6.4466742312134295e-01 -1.0659964575546779e+00 5.6047405616423379e-02
7.1062135086130462e-01 -1.2762673439301635e+00 1.8791712172416269e-01
9.3750000000000000e-01 -1.2878024193548387e+00 3.0307442478977764e-01
1.0966991948222873e+00 -1.3360696171028568e+00 4.4663218005011213e-01
1.0765861442903366e+00 -1.2553603134202769e+00 3.6441596828663936e-01
1.1596366328248884e+00 -1.2797502360386472e+00 4.4486664977731205e-01
1.3037345542984413e+00 -1.3499458733703091e+00 6.3150553522612929e-01
1.5000000000000000e+00 -1.5000000000000000e+00 9.9796130161186314e-01
1.4018672771492207e+00 -1.4249729366851547e+00 8.0527022093462242e-01
1.4018672771492207e+00 -1.3312229366851547e+00 7.0950250851862340e-01
1.5000000000000000e+00 -1.4062500000000000e+00 8.9295951032873644e-01
4.8915855380861306e-01 -9.1879726396871342e-01 9.7718240231326522e-04
3.6504500443759391e-01 -1.0321687322529520e+00 9.0978250694764683e-03
3.3481437114318879e-01 -9.3797915431498469e-01 0.0000000000000000e+00
2.6156661986585578e-01 -9.9218730730294658e-01 0.0000000000000000e+00
1.6031633378082652e-01 -1.1060065695604833e+00 1.2766436960001971e-02
7.2088327691493537e-03 -1.1207615328724663e+00 1.3659756160455635e-02
8.2648534031633511e-02 -1.0364837076127036e+00 7.3685091443853286e-04
6.0947835257949279e-03 -1.0438611892686951e+00 1.2871104107157866e-03
8.3762583274987937e-02 -1.1133840512164748e+00 1.2567294184443573e-02
4.2592769677305364e-01 -9.3943476766286671e-01 0.0000000000000000e+00
4.2827586147315327e-01 -1.0115312285587987e+00 9.1397983973150743e-03
1.5920228453747209e-01 -1.0291062259567121e+00 8.8491839774998133e-04
2.6268066910921023e-01 -1.0690876509067175e+00 9.5155582620573120e-03
-1.6156967562112282e-01 -1.0088426764179221e+00 8.8658629928133786e-04
-2.1816332916145179e-01 -1.1403316645807258e+00 2.4562306423544438e-02
-4.4169891955073765e-01 -1.1038592707304387e+00 3.3564545755980231e-02
-3.6855719152269717e-01 -1.0309664275981654e+00 8.4783221298233291e-03
-4.6726448539688242e-01 -1.0236626516856395e+00 1.5029382606672328e-02
-6.0621349082081744e-01 -1.1395711636069392e+00 7.7822119391880176e-02
-6.5660874481713083e-01 -9.6733117071346331e-01 2.7243548702760616e-02
-6.3141111781897408e-01 -1.0534511671602012e+00 4.8694558039899007e-02
-5.7471939803007899e-01 -9.5539860167715185e-01 1.2874042359388549e-02
-5.4952177103192235e-01 -1.0415185981238899e+00 2.9903424927790329e-02
-5.2395620518577757e-01 -1.1217152171686888e+00 5.2788119835137107e-02
-7.8294470669341157e-02 -9.8790176104142313e-01 0.0000000000000000e+00
-7.7180421425986731e-02 -1.0648021046451941e+00 4.2880721501131159e-03
-1.8986650239128730e-01 -1.0745871704993240e+00 8.1429748207444801e-03
-2.2849256955788971e-01 -9.8345813044190711e-01 0.0000000000000000e+00
-1.3914631600634536e-01 -9.4087031548447697e-01 0.0000000000000000e+00
-2.0606920994311226e-01 -9.1548576950846194e-01 0.0000000000000000e+00
7.1051559180886747e-01 -1.1585478677573993e+00 1.1663392350975642e-01
6.4477318217378021e-01 -1.1837159337274423e+00 1.0977425695354340e-01
7.7159730342032007e-01 -1.0756362844116314e+00 9.5641889122472332e-02
7.7170306247275722e-01 -1.1933557605843956e+00 1.5829152149714060e-01
8.8514238704210491e-01 -1.1991232982967333e+00 2.1158693946922000e-01
8.2406067543065231e-01 -1.2820348816425011e+00 2.3994542343985742e-01
9.9698654687919297e-01 -1.2312267145462679e+00 2.9482009520298652e-01
1.0170995974111436e+00 -1.3119360182288478e+00 3.7099923904295345e-01
1.2002168745603643e+00 -1.3430077452365830e+00 5.3366345310018470e-01
1.2631543125629654e+00 -1.2866883641723734e+00 5.3605626158852115e-01
1.3404112388798892e+00 -1.2843479366851547e+00 6.0447815428042140e-01
-3.2993112435609473e-01 -1.1220954676555821e+00 2.7177525290801342e-02
-2.5678939632805420e-01 -1.0492026245233088e+00 6.2353730235937405e-03
-5.8842239518918937e-01 -8.7819681802804783e-01 3.2594196077663003e-03
-6.6332620101677020e-01 -8.8485009953211713e-01 1.1007288144953170e-02
-7.9385405102809670e-01 -9.2228125713398090e-01 4.4150566747102708e-02
-7.2523139792261371e-01 -9.4480621392372210e-01 3.4552532983678649e-02
-7.3194885412225319e-01 -8.6232514274237593e-01 1.6650336713399196e-02
-8.5348540211883972e-01 -7.7153952451770969e-01 2.1583271555309258e-02
-7.9671752745740254e-01 -7.1434544925836918e-01 4.6993180705448348e-03
-8.7861607055715707e-01 -6.8199186947469026e-01 1.2099969346560433e-02
-9.9898726851851849e-01 -8.1790388431013428e-01 7.7973223466793820e-02
-1.0937500000000000e+00 -7.2248931623931623e-01 8.8526980829662191e-02
-9.5136700375699634e-01 -7.0517404937090256e-01 3.2136409390722091e-02
-1.0463686342592593e+00 -7.7019660027472525e-01 8.2288367920406724e-02
-9.9874836949773715e-01 -6.5746676533549353e-01 3.6189103263147483e-02
-1.1351668311300669e+00 -5.8895546932411402e-01 7.1825690102948508e-02
-1.1144584155650334e+00 -6.5572239278171507e-01 7.9041613934008118e-02
-1.0194567850627707e+00 -5.9069984187789237e-01 3.0194110162316649e-02
-1.0897435897435896e+00 -4.5673076923076933e-01 3.1325202087772529e-02
-1.0158175651869330e+00 -4.5307036674815698e-01 1.2453911511393011e-02
-9.9674516436953198e-01 -5.2458749183122011e-01 1.5463616918960452e-02
-1.1124552104368282e+00 -5.2284311927744165e-01 4.9163623120985663e-02
-7.6176452966762476e-01 -7.8695427643424032e-01 8.8437107534487473e-03
-8.2366972657346826e-01 -8.4691039082584529e-01 3.1177529247635130e-02
-9.2623633531867910e-01 -7.9472170441392198e-01 4.5497813293291771e-02
-1.0725400142904888e+00 -2.6091668721263273e-01 1.0838573204631777e-02
-9.9973223787775622e-01 -1.9745851403014836e-01 0.0000000000000000e+00
-1.0942687099226647e+00 -1.6506449257229980e-01 1.0985409348408434e-02
-1.2417844594703169e+00 -1.3954810768724299e-01 5.7986267643816328e-02
-1.3034346422046850e+00 -9.2838991129596173e-03 8.4530567641945525e-02
-1.3039118401094734e+00 1.8750000000000000e-01 9.2011562662831031e-02
-1.2104242437356336e+00 5.8800086643908435e-02 4.2236674242745013e-02
-1.2106628426880277e+00 1.5719203620038824e-01 4.5698506679367840e-02
-1.3036732411570791e+00 8.9108050443520187e-02 8.6294638630957890e-02
-1.0072157774603827e+00 -3.5516332573908871e-01 4.5517101377483974e-03
-9.7210557079323723e-01 -2.9000406668194140e-01 0.0000000000000000e+00
-1.0811418020170391e+00 -3.5882372822170105e-01 1.8693167938564400e-02
-1.2097160238797628e+00 -3.9248098522463241e-02 4.1663186834882258e-02
-1.2726095508375010e+00 -7.4416003400101308e-02 6.9833340929724430e-02
-1.1788909325125787e+00 -1.0438020280960493e-01 3.2004013152988488e-02
-1.1571622368804029e+00 -2.0023239744993787e-01 2.8954414540123829e-02
-1.2029746089364608e+00 2.8628024101974825e-01 5.2019385205019329e-02
-1.1654391233321886e+00 4.2659938016549470e-01 5.3864039203819193e-02
-1.1842068661343248e+00 3.5643981059262148e-01 5.2013658084129617e-02
-1.1339210165894427e+00 3.0104731747957114e-01 2.8178709753751120e-02
-1.1151532737873064e+00 3.7120688705244431e-01 2.8782519526519112e-02
-1.0978264236290993e+00 4.5862308695577336e-01 3.3610503379787729e-02
-1.1426552222979924e+00 5.1851777593262449e-01 6.0002763057512891e-02
-1.2550967206699744e+00 5.4638875811919685e-01 1.2275817958570484e-01
-1.1874840209668851e+00 5.7841246490947551e-01 9.3862281444194562e-02
-1.2165301186181541e+00 6.4807533720538157e-01 1.2891593811697388e-01
-1.3390226773887484e+00 6.9453300950460173e-01 2.2654982144688354e-01
-1.3822110705620290e+00 8.3052003073231362e-01 3.2230222758737592e-01
-1.3606168739753888e+00 7.6252652011845767e-01 2.7180497281954746e-01
-1.2800872935641814e+00 7.9014097351194001e-01 2.2307707490994594e-01
-1.2584930969775412e+00 7.2214746289808396e-01 1.8033216237330049e-01
-1.2970596990293615e+00 6.2046088381189923e-01 1.7043388950071559e-01
-1.1601942271015213e+00 2.0658215671026237e-01 3.0073703969589839e-02
-1.2534432245229672e+00 2.3689012050987412e-01 7.0071418326316220e-02
-1.2102679220010815e+00 4.8649406914234578e-01 8.4761117275885020e-02
-1.3350067449584340e+00 8.8401001536615675e-01 3.1109783277098840e-01
-1.5000000000000000e+00 9.3750000000000000e-01 4.9411137370560165e-01
-1.5000000000000000e+00 1.1250000000000000e+00 6.2920384057762591e-01
-1.4385439617306686e+00 1.1718750000000000e+00 6.0321530020180758e-01
-1.5000000000000000e+00 1.2187500000000000e+00 7.0875481091940840e-01
-1.4301469035597705e+00 1.0033920920387995e+00 4.6813257954999465e-01
-1.4301469035597705e+00 1.0971420920387995e+00 5.3532945681364308e-01
-1.5000000000000000e+00 1.0312500000000000e+00 5.5773930165761154e-01
-1.3939012096774195e+00 9.3750000000000000e-01 3.9222083103966771e-01
-1.4411055352810145e+00 8.8401001536615675e-01 4.0401170428798949e-01
4.7198500896192486e-01 -1.0616666278888365e+00 2.4773571930277086e-02
4.2337645445832417e-01 -1.2688538170367116e+00 1.0359570471738087e-01
2.9542785799488441e-01 -1.1598851159027073e+00 3.6365204484797187e-02
3.3023643121623913e-01 -1.0960269240778295e+00 1.9982061664606952e-02
3.5940215622660432e-01 -1.2143694664697096e+00 6.5558759544792136e-02
3.9421072944795904e-01 -1.1505112746448318e+00 4.3742455845577087e-02
5.0115073397229004e-01 -1.1800091702807163e+00 7.3242839414562014e-02
5.6787994475606196e-01 -1.2384236778592859e+00 1.1873614053783910e-01
6.5181645854026038e-01 -1.3982337049345062e+00 2.5640258587220632e-01
6.0984820164816123e-01 -1.3183286913968959e+00 1.8157120620366435e-01
6.8121890470078250e-01 -1.3372505244323349e+00 2.2013267338204415e-01
6.3925064780868324e-01 -1.2573455108947247e+00 1.5074188536697472e-01
5.7340247912115894e-01 -1.1647941006920033e+00 8.1587170260392000e-02
4.9562819960719307e-01 -1.2536387474479986e+00 1.0989263961844482e-01
8.4375000000000000e-01 -1.3939012096774193e+00 3.3923015937672796e-01
7.7718567543065231e-01 -1.3350842768037914e+00 2.5829063387308071e-01
8.9062500000000000e-01 -1.3408518145161290e+00 3.1948930820403337e-01
9.3750000000000000e-01 -1.5000000000000000e+00 4.9411137370560165e-01
1.1250000000000000e+00 -1.5000000000000000e+00 6.2920384057762591e-01
1.0170995974111436e+00 -1.4180348085514285e+00 4.6585437847671224e-01
1.1108495974111436e+00 -1.4180348085514285e+00 5.3387420290497889e-01
1.0312500000000000e+00 -1.5000000000000000e+00 5.5773930165761154e-01
7.4778322927013019e-01 -1.3960674573059628e+00 2.9428844399386800e-01
9.3750000000000000e-01 -1.3939012096774195e+00 3.9223719599609047e-01
8.9062500000000000e-01 -1.4469506048387095e+00 4.1334839325645434e-01
1.2143672771492207e+00 -1.4249729366851547e+00 6.2549053206598415e-01
1.3125000000000000e+00 -1.5000000000000000e+00 7.9661064921550118e-01
1.3081172771492207e+00 -1.4249729366851547e+00 7.1108561616070742e-01
1.4062500000000000e+00 -1.5000000000000000e+00 8.9295951032873644e-01
1.2187500000000000e+00 -1.5000000000000000e+00 7.0875481091940840e-01
2.2787209588785545e-01 -1.1329458427315953e+00 2.2730984525345065e-02
1.8749999999999992e-01 -1.2574022897749704e+00 6.7806065664304901e-02
1.7390816689041322e-01 -1.1817044296677268e+00 3.5318065059741936e-02
9.7354416384574635e-02 -1.1890819113237183e+00 3.4850621056089909e-02
6.1848843581280927e-02 -1.3540452368702103e+00 1.1439942514995052e-01
3.4528838175215140e-02 -1.2374033848713384e+00 5.2516360526141170e-02
1.2467442179064042e-01 -1.3057237633225904e+00 8.8750544416847335e-02
2.4146392899744218e-01 -1.2086437028388388e+00 5.0246420169024711e-02
-9.0015927333786799e-02 -1.3086011647867279e+00 8.8817147714479336e-02
-1.4083541876252936e-02 -1.3313232008284692e+00 9.9963886125378418e-02
-4.1403547282318723e-02 -1.2146813488295971e+00 4.3301576567910414e-02
-1.5408962824761929e-01 -1.2244664146837270e+00 5.1026491719064565e-02
-1.0547724819615122e-01 -1.1305465987265961e+00 1.7427833061936050e-02
-4.1244258086334745e-01 -1.2696436189048352e+00 1.0208921633321830e-01
-5.6139348211793882e-01 -1.2821700764462978e+00 1.4327369179343338e-01
-4.8691803149064317e-01 -1.2759068476755666e+00 1.2082619196580109e-01
-5.0154620083433821e-01 -1.1930146735883682e+00 7.9484405914241135e-02
-4.2707075020704255e-01 -1.1867514448176371e+00 6.3161839052207708e-02
-3.1530295501239963e-01 -1.2049876417427805e+00 5.6016425408760166e-02
-2.5781881889623720e-01 -1.3436599988185167e+00 1.2240680151199231e-01
-1.7391737311501199e-01 -1.3261305818026223e+00 1.0355523263968879e-01
-2.3799107402884451e-01 -1.2419958316996214e+00 6.4731613414468744e-02
-3.3513069987979233e-01 -1.3066518088616759e+00 1.1044523374949790e-01
-5.8380348646937819e-01 -1.2108706200266184e+00 1.0764080053049414e-01
-7.0869402132409831e-01 -1.3075833460641135e+00 2.0905185658865885e-01
-7.8900522469774670e-01 -1.0666497359431681e+00 9.7436358252109001e-02
-7.2280698475743876e-01 -1.0169904533283156e+00 5.7126658501380025e-02
-6.9760935775928212e-01 -1.1031104497750537e+00 8.5406626645985459e-02
-7.4884962301092250e-01 -1.1871165410036408e+00 1.4599782369065337e-01
-6.5745375607245782e-01 -1.2235772548355264e+00 1.3608228873237049e-01
-6.3504375172101857e-01 -1.2948767112552058e+00 1.7379516421972302e-01
-7.9142963786292175e-01 -9.9446549653857452e-01 6.7941264857014766e-02
-9.3750000000000000e-01 -9.3750000000000000e-01 9.6884872186588977e-02
-9.6824363425925930e-01 -8.7770194215506714e-01 8.6318245037451058e-02
-8.9549270105941980e-01 -8.5451976225885484e-01 5.2728160678923441e-02
-8.6567702551404835e-01 -9.2989062856699045e-01 6.7681146362511491e-02
-8.6325261234887329e-01 -1.0020748679715841e+00 9.5075013688189949e-02
-1.0937500000000000e+00 -9.1331845238095233e-01 1.6110015123848365e-01
-1.0156250000000000e+00 -9.2540922619047616e-01 1.2623205718503480e-01
-1.0463686342592593e+00 -8.6561116834554330e-01 1.1608817627070382e-01
-1.0937500000000000e+00 -8.1790388431013428e-01 1.2095961987205707e-01
-1.1912357267589369e+00 -8.1592506165508916e-01 1.7505492780295923e-01
-1.2749602532775097e+00 -5.8684803079927816e-01 1.4600335854528609e-01
-1.2330979900182233e+00 -7.0138654622718366e-01 1.5659842592855730e-01
-1.1424928633794684e+00 -7.6920718894720275e-01 1.2839114024957804e-01
-1.1843551266387549e+00 -6.5466867351929725e-01 1.1317461502844366e-01
-1.2050635422037883e+00 -5.8790175006169609e-01 1.0568567917472134e-01
-1.2334567157732543e+00 -4.4904379063296751e-01 8.9556608907944743e-02
-1.2542084845253820e+00 -5.1794591071612284e-01 1.1546879594845652e-01
-1.1843117734516606e+00 -5.1899962997854077e-01 7.9042222379692662e-02
-1.1616001527584219e+00 -4.5288727993186839e-01 5.6724651215757899e-02
-1.1529983650318716e+00 -3.5498023892280012e-01 4.0196908601417704e-02
-1.2680538862179487e+00 -2.8125000000000000e-01 8.2075865735025455e-02
-1.3781630780768119e+00 -1.2437135425036787e-01 1.3265090394756193e-01
-1.3099737687735644e+00 -1.3195973096880542e-01 9.1732646715810412e-02
-1.3407988601407483e+00 -6.6827626681663740e-02 1.0665238231989990e-01
-1.5000000000000000e+00 0.0000000000000000e+00 2.1953489189183562e-01
-1.5000000000000000e+00 1.8750000000000000e-01 2.2936092362385307e-01
-1.3153523311372155e+00 3.7182033808401238e-01 1.2156537952724406e-01
-1.4076761655686076e+00 2.7966016904200619e-01 1.6854057062932318e-01
-1.3096320856233445e+00 2.7966016904200619e-01 1.0451487066303007e-01
-1.2591634700368382e+00 3.2905028955188032e-01 8.3259094617810961e-02
-1.2403957272347022e+00 3.9920985912475354e-01 8.4085924913665386e-02
-1.2852245259035948e+00 4.5910454810160461e-01 1.2016548322895898e-01
-1.4060343986757957e+00 4.6875000000000000e-01 2.0480447782831732e-01
-1.5000000000000000e+00 5.6250000000000000e-01 3.1194983799747600e-01
-1.4530171993378977e+00 5.1562500000000000e-01 2.5558241228001299e-01
-1.3725285380322720e+00 5.8164150475230092e-01 2.1175738358838919e-01
-1.3305655596728849e+00 5.0756937905959842e-01 1.6038345167805279e-01
-1.3606933649065056e+00 4.2028516904200619e-01 1.6042174171803725e-01
-1.1424928633794684e+00 -8.6462175701802080e-01 1.6683699131092572e-01
-1.2507553009956016e+00 -3.6514689531648375e-01 8.4313385665082230e-02
-1.1702969502542189e+00 -2.7108334360631636e-01 3.8305388918499453e-02
-1.2549191728441329e+00 -2.1039905384362151e-01 6.8681884942750501e-02
-1.3231084821473802e+00 -2.0281067712518394e-01 1.0432840796997851e-01
-1.4019559200547367e+00 9.3750000000000000e-02 1.4706392663843734e-01
-1.4509779600273682e+00 1.4062500000000000e-01 1.8564757299275828e-01
-1.4509779600273682e+00 4.6875000000000000e-02 1.8101922874248902e-01
-1.3526952811297108e+00 4.2233050443520194e-02 1.1323654823337508e-01
-1.4017173211023426e+00 -4.6419495564798087e-03 1.4474194795743833e-01
-1.4390815390384060e+00 -6.2185677125183934e-02 1.7248871664253621e-01
-1.3529338800821051e+00 1.4062500000000000e-01 1.1745849621441477e-01
-1.4019559200547367e+00 1.8750000000000000e-01 1.5358416358726679e-01
-1.5000000000000000e+00 7.5000000000000000e-01 3.8921311623473065e-01
-1.4411055352810145e+00 7.9026001536615675e-01 3.5376216109453951e-01
-1.4195113386943743e+00 7.2226650475230092e-01 3.0287633670575687e-01
-1.4195113386943743e+00 6.2851650475230092e-01 2.6516016690680416e-01
-1.5000000000000000e+00 6.5625000000000000e-01 3.4729975707791105e-01
-1.5000000000000000e+00 8.4375000000000000e-01 4.3803918020543609e-01
3.0055153266046625e-01 -1.3637832902610731e+00 1.4105663162346488e-01
5.1976933203632625e-01 -1.3682776544674426e+00 1.9016930878514746e-01
4.1016043234839628e-01 -1.3660304723642578e+00 1.6199061171630144e-01
4.7157289324732521e-01 -1.3185657357520770e+00 1.4370761539424992e-01
3.6196399355939524e-01 -1.3163185536488924e+00 1.2045526903264359e-01
2.9798969532767533e-01 -1.2618342030818903e+00 8.0642843432739267e-02
2.4402576633023310e-01 -1.3105927900180219e+00 1.0093178484951146e-01
1.8120018812087357e-01 -1.3589142635656417e+00 1.2410697635262019e-01
1.8750000000000000e-01 -1.5000000000000000e+00 2.2936092362385307e-01
0.0000000000000000e+00 -1.5000000000000000e+00 2.1953489189183562e-01
-1.8750000000000000e-01 -1.5000000000000000e+00 2.2936092362385307e-01
-2.2265940944811860e-01 -1.4218299994092582e+00 1.7149169209240456e-01
-1.3875796366689341e-01 -1.4043005823933639e+00 1.5121681735008538e-01
-4.5007963666893400e-02 -1.4043005823933639e+00 1.4694357076080977e-01
-9.3750000000000000e-02 -1.5000000000000000e+00 2.2198010293400694e-01
5.4382463839619410e-01 -1.3033506661633643e+00 1.5198284352495234e-01
5.8579289528829337e-01 -1.3832556797009743e+00 2.2131432562794190e-01
5.6250000000000000e-01 -1.5000000000000000e+00 3.1194983799747600e-01
6.0715822927013019e-01 -1.4491168524672531e+00 2.8245073760263956e-01
5.4113466601816307e-01 -1.4341388272337214e+00 2.4764519285436845e-01
7.5000000000000000e-01 -1.5000000000000000e+00 3.8921311623473065e-01
7.0090822927013019e-01 -1.4491168524672531e+00 3.1953067105936678e-01
6.5625000000000000e-01 -1.5000000000000000e+00 3.4729975707791105e-01
7.9687500000000000e-01 -1.4469506048387095e+00 3.6242201057676593e-01
8.4375000000000000e-01 -1.5000000000000000e+00 4.3803918020543609e-01
3.0924421790640463e-02 -1.4270226184351051e+00 1.6279911554828552e-01
1.2467442179064046e-01 -1.4270226184351051e+00 1.6649974515831881e-01
9.3750000000000000e-02 -1.5000000000000000e+00 2.2198010293400694e-01
2.4402576633023312e-01 -1.4318916451305366e+00 1.8155612516325434e-01
-4.6875000000000000e-01 -1.3970171239982043e+00 1.9798857141421591e-01
-5.1507174105896936e-01 -1.3395936002222510e+00 1.6857157809659720e-01
-4.4059629043167370e-01 -1.3333303714515199e+00 1.4641619820069199e-01
-3.6328440944811857e-01 -1.3703385614083605e+00 1.5585413820192631e-01
-3.7500000000000000e-01 -1.5000000000000000e+00 2.5953508098361833e-01
-5.6250000000000000e-01 -1.5000000000000000e+00 3.1194983799747600e-01
-7.5000000000000000e-01 -1.5000000000000000e+00 3.8921311623473065e-01
-6.3559701066204921e-01 -1.4037916730320568e+00 2.5487854611495192e-01
-7.2934701066204921e-01 -1.4037916730320568e+00 2.9261137466500819e-01
-6.5625000000000000e-01 -1.5000000000000000e+00 3.4729975707791105e-01
-5.6194674105896936e-01 -1.3910850382231490e+00 2.1978875643199788e-01
-5.1562500000000000e-01 -1.4485085619991023e+00 2.5182464710007041e-01
-4.2187500000000000e-01 -1.4485085619991023e+00 2.2682126588861162e-01
-3.1640940944811857e-01 -1.4218299994092582e+00 1.8471200728784964e-01
-2.8125000000000000e-01 -1.5000000000000000e+00 2.4180948238850575e-01
-8.9148575520102746e-01 -1.2346619184003425e+00 2.3897899267231867e-01
-9.3971109731931624e-01 -1.0899858920454759e+00 1.7151083642260587e-01
-1.0937500000000000e+00 -1.0714285714285714e+00 2.4617013870605958e-01
-1.0167305486596581e+00 -1.0807072317370237e+00 2.0624063387325636e-01
-9.3860554865965806e-01 -1.0137429460227381e+00 1.3114092154234291e-01
-1.0156250000000000e+00 -1.0044642857142856e+00 1.6365217387277545e-01
-1.0937500000000000e+00 -9.9237351190476186e-01 2.0064805124893120e-01
-1.2500000000000000e+00 -9.3750000000000000e-01 2.7444057081740564e-01
-1.3167133503442705e+00 -7.6603446712569412e-01 2.3940771890596546e-01
-1.3994537716376918e+00 -6.5625000000000000e-01 2.5911582125073168e-01
-1.3580835609909812e+00 -7.1114223356284700e-01 2.4785206339737548e-01
-1.3372070124576008e+00 -6.2154901539963903e-01 1.9886112981228937e-01
-1.2958368018108901e+00 -6.7644124896248614e-01 1.8875433665329494e-01
-1.2539745385516037e+00 -7.9097976439039164e-01 2.0526363956268748e-01
-1.2206178633794684e+00 -8.7671253082754452e-01 2.2192461100275354e-01
-1.2833566751721353e+00 -8.5176723356284700e-01 2.5427688724485548e-01
-8.0008988826256289e-01 -1.2711226322322280e+00 2.2120340695166824e-01
-8.4024548994938708e-01 -1.1506558271717553e+00 1.6099214971072948e-01
-8.6435816100853147e-01 -1.0783178139943219e+00 1.3143419167158640e-01
-9.1559842626017185e-01 -1.1623239052229093e+00 2.0286864156099144e-01
-8.4375000000000000e-01 -1.3795990063197898e+00 3.2694232524273287e-01
-7.9687500000000000e-01 -1.4397995031598949e+00 3.5590255825102857e-01
-7.7622201066204921e-01 -1.3435911761919517e+00 2.6453483514412840e-01
-8.6761787760051368e-01 -1.3071304623600661e+00 2.8033162930685757e-01
-1.1718750000000000e+00 -9.2540922619047616e-01 2.1393802007016446e-01
-1.1718750000000000e+00 -1.0044642857142856e+00 2.5711746338818192e-01
-1.3760197458531598e+00 -4.6875000000000000e-01 1.8251050454389661e-01
-1.3047382308132072e+00 -4.5889689531648375e-01 1.3219515924343950e-01
-1.3254899995653346e+00 -5.2779901539963903e-01 1.6240878932442718e-01
-1.3877367587454259e+00 -5.6250000000000000e-01 2.1739828842458478e-01
-1.3220368160355542e+00 -3.7500000000000000e-01 1.2641651092028813e-01
-1.5000000000000000e+00 -3.7500000000000000e-01 2.5953508098361833e-01
-1.5000000000000000e+00 -1.8750000000000000e-01 2.2936092362385307e-01
-1.3840269431089745e+00 -2.3437500000000000e-01 1.4615451387751338e-01
-1.3840269431089745e+00 -3.2812500000000000e-01 1.5929606686888020e-01
-1.5000000000000000e+00 -2.8125000000000000e-01 2.4180948238850575e-01
-1.4390815390384060e+00 -1.5593567712518394e-01 1.7780866535438200e-01
-1.5000000000000000e+00 -9.3750000000000000e-02 2.2198010293400694e-01
-1.4380098729265800e+00 -4.2187500000000000e-01 2.1839088643248966e-01
-1.5000000000000000e+00 9.3750000000000000e-02 2.2198010293400694e-01
-1.5000000000000000e+00 3.7500000000000000e-01 2.5953508098361833e-01
-1.4076761655686076e+00 3.7341016904200619e-01 1.8448026679769255e-01
-1.5000000000000000e+00 2.8125000000000000e-01 2.4180948238850575e-01
-1.4530171993378977e+00 4.2187500000000000e-01 2.3047631061576443e-01
-1.5000000000000000e+00 4.6875000000000000e-01 2.8280956071474395e-01
3.7500000000000000e-01 -1.5000000000000000e+00 2.5953508098361833e-01
3.3777576633023310e-01 -1.4318916451305366e+00 1.9608208975908079e-01
2.8125000000000000e-01 -1.5000000000000000e+00 2.4180948238850575e-01
4.4738466601816312e-01 -1.4341388272337214e+00 2.2142461832865939e-01
4.6875000000000000e-01 -1.5000000000000000e+00 2.8280956071474395e-01
-4.6875000000000000e-01 -1.5000000000000000e+00 2.8280956071474395e-01
-9.3750000000000000e-01 -1.5000000000000000e+00 4.9411137370560165e-01
-8.9062500000000000e-01 -1.4397995031598949e+00 4.0661916068856901e-01
-8.4375000000000000e-01 -1.5000000000000000e+00 4.3803918020543609e-01
-1.0614380371743799e+00 -1.3205158641336654e+00 4.0798021936509216e-01
-1.2276785714285714e+00 -1.2276785714285714e+00 4.5549526204196361e-01
-1.0775940185871900e+00 -1.1959722177811183e+00 3.1965139452961461e-01
-1.1445583043014755e+00 -1.2740972177811183e+00 4.2861423302113011e-01
-1.1607142857142856e+00 -1.1495535714285714e+00 3.4356455558408389e-01
-1.2388392857142858e+00 -1.0825892857142856e+00 3.5550187930715116e-01
-1.2332589285714286e+00 -1.1551339285714284e+00 4.0304834986358640e-01
-1.1662946428571428e+00 -1.0770089285714284e+00 2.9794157646316122e-01
-1.2444196428571428e+00 -1.0100446428571428e+00 3.1268333297326145e-01
-1.3750000000000000e+00 -1.0312500000000000e+00 4.3544055320677238e-01
-1.5000000000000000e+00 -9.3750000000000000e-01 4.9411137370560165e-01
-1.4375000000000000e+00 -9.8437500000000000e-01 4.6253152944941861e-01
-1.3125000000000000e+00 -9.8437500000000000e-01 3.5075468767747503e-01
-1.3750000000000000e+00 -9.3750000000000000e-01 3.7541491257409071e-01
-1.4083566751721353e+00 -8.5176723356284700e-01 3.5620663690341664e-01
-1.5000000000000000e+00 -7.5000000000000000e-01 3.8921311623473065e-01
-1.5000000000000000e+00 -5.6250000000000000e-01 3.1194983799747600e-01
-1.4497268858188459e+00 -6.0937500000000000e-01 2.8380627741110059e-01
-1.4497268858188459e+00 -7.0312500000000000e-01 3.2105644268292510e-01
-1.5000000000000000e+00 -6.5625000000000000e-01 3.4729975707791105e-01
-1.0005745672468480e+00 -1.2052508780895708e+00 2.7809375995549029e-01
-9.7646189618770363e-01 -1.2775888912670039e+00 3.1784899308761050e-01
-9.5259401858718995e-01 -1.3500574352267276e+00 3.6287089493163399e-01
-9.9946901858718995e-01 -1.4102579320668327e+00 4.4662233597864920e-01
-1.3069196428571428e+00 -1.0569196428571428e+00 3.9328587528527431e-01
-1.4083566751721353e+00 -7.5801723356284700e-01 3.0944038411865199e-01
-1.5000000000000000e+00 -8.4375000000000000e-01 4.3803918020543609e-01
-1.4380098729265800e+00 -5.1562500000000000e-01 2.4314533910007535e-01
-1.5000000000000000e+00 -4.6875000000000000e-01 2.8280956071474395e-01
-1.1250000000000000e+00 -1.5000000000000000e+00 6.2920384057762591e-01
-1.1995655050399747e+00 -1.3725967126731520e+00 5.6106179732095840e-01
-1.3464537431548045e+00 -1.3259060276157781e+00 6.4906286950892633e-01
-1.2730096240973896e+00 -1.3492513701444651e+00 6.0263169537674910e-01
-1.2870661572916879e+00 -1.2767922995221748e+00 5.4842225707834891e-01
-1.2136220382342731e+00 -1.3001376420508617e+00 5.0582453807813921e-01
-1.1305017711071774e+00 -1.3465562884034088e+00 4.8133970675057230e-01
-1.1622827525199875e+00 -1.4362983563365761e+00 5.9300508779021555e-01
-1.0932190185871900e+00 -1.4102579320668327e+00 5.1290902008846806e-01
-1.0312500000000000e+00 -1.5000000000000000e+00 5.5773930165761154e-01
-1.3638392857142858e+00 -1.1763392857142858e+00 5.3353663363244697e-01
-1.3013392857142858e+00 -1.1294642857142856e+00 4.4044560154291013e-01
-1.2957589285714286e+00 -1.2020089285714286e+00 4.9238027620878921e-01
-1.3551465144345451e+00 -1.2511226566650320e+00 5.8872434837940513e-01
-1.3694196428571428e+00 -1.1037946428571428e+00 4.8215407237371138e-01
-1.5000000000000000e+00 -1.1250000000000000e+00 6.2920384057762591e-01
-1.4375000000000000e+00 -1.0781250000000000e+00 5.2832899365415309e-01
-1.5000000000000000e+00 -1.0312500000000000e+00 5.5773930165761154e-01
-1.4319196428571428e+00 -1.1506696428571428e+00 5.7910244302912284e-01
-1.3125000000000000e+00 -1.5000000000000000e+00 7.9661064921550118e-01
-1.3294768715774024e+00 -1.4129530138078890e+00 7.1924160437805829e-01
-1.2560327525199875e+00 -1.4362983563365761e+00 6.7421811713499713e-01
-1.2187500000000000e+00 -1.5000000000000000e+00 7.0875481091940840e-01
-1.5000000000000000e+00 -1.5000000000000000e+00 9.9796130161186314e-01
-1.5000000000000000e+00 -1.3125000000000000e+00 7.9661064921550118e-01
-1.4232268715774024e+00 -1.3192030138078890e+00 7.1994843978262490e-01
-1.4232268715774024e+00 -1.4129530138078890e+00 8.1511674544029100e-01
-1.5000000000000000e+00 -1.4062500000000000e+00 8.9295951032873644e-01
-1.4062500000000000e+00 -1.5000000000000000e+00 8.9295951032873644e-01
-1.4319196428571428e+00 -1.2444196428571428e+00 6.5916502218930018e-01
-1.5000000000000000e+00 -1.2187500000000000e+00 7.0875481091940840e-01
