meshID=9225217
degree=1
Calculation Start Time:1.4387250337044151e+09
Calculation End Time:1.4387250337418931e+09
Calculation Elapsed Time:3.7477970123291016e-02
1.5000000000000000e+00 1.5000000000000000e+00 9.9796130161186314e-01
1.5000000000000000e+00 1.3125000000000000e+00 7.9661064921550118e-01
1.4016741071428571e+00 1.4016741071428571e+00 7.8374937070801609e-01
1.3125000000000000e+00 1.5000000000000000e+00 7.9661064921550118e-01
1.3078125000000000e+00 1.3078125000000000e+00 5.9649592883663971e-01
1.3581311893363064e+00 1.1682837503279120e+00 5.2249799753281523e-01
1.5000000000000000e+00 1.1250000000000000e+00 6.2920384057762591e-01
1.1443359375000000e+00 1.3353515625000001e+00 4.8037852586399282e-01
1.1250000000000000e+00 1.5000000000000000e+00 6.2920384057762591e-01
1.1718750000000000e+00 1.1718750000000000e+00 3.6521602440067863e-01
1.3183593750000000e+00 1.0253906250000000e+00 3.8004773816534609e-01
1.5000000000000000e+00 9.3750000000000000e-01 4.9411137370560165e-01
9.3750000000000000e-01 1.5000000000000000e+00 4.9411137370560165e-01
9.7250525792320253e-01 1.2772358985165733e+00 3.1484919240799519e-01
1.1474609375000000e+00 1.0009765625000000e+00 2.3761658050595627e-01
1.2187500000000000e+00 8.4375000000000000e-01 2.0550017129123718e-01
1.3593750000000000e+00 7.9687500000000000e-01 2.8760496843668093e-01
1.5000000000000000e+00 7.5000000000000000e-01 3.8921311623473065e-01
9.1849097143928682e-01 1.1111299891085142e+00 1.7257485849170037e-01
7.6370889750251536e-01 1.1920696325008384e+00 1.5156435721919742e-01
8.2150135250473144e-01 1.3489128622989752e+00 2.9142059686078187e-01
7.5000000000000000e-01 1.5000000000000000e+00 3.8921311623473065e-01
9.3750000000000000e-01 9.3750000000000000e-01 9.6770434889957041e-02
8.2308010521994956e-01 1.0128288482115861e+00 8.5535158779394674e-02
6.9678154065442710e-01 9.5977208348690157e-01 2.8831139786785812e-02
6.0646540802108007e-01 1.1764371840677335e+00 9.4931055148800125e-02
6.5812125214748041e-01 1.3640563429503358e+00 2.3156521565926272e-01
5.6250000000000000e-01 1.5000000000000000e+00 3.1194983799747600e-01
1.0390783617857982e+00 7.7348508535739480e-01 7.9044731237294399e-02
1.1718750000000000e+00 7.0312500000000000e-01 1.2211092722827856e-01
1.3125000000000000e+00 6.5625000000000000e-01 1.9013395256231014e-01
1.5000000000000000e+00 5.6250000000000000e-01 3.1194983799747600e-01
7.6584025921385734e-01 8.0340199498783382e-01 8.6825576069825307e-03
6.0947017071478959e-01 7.3434327642840358e-01 0.0000000000000000e+00
5.3642269048402180e-01 8.9225826174182055e-01 0.0000000000000000e+00
4.7129114737606892e-01 1.0945970491253563e+00 3.2758477823747752e-02
5.0729154587058389e-01 1.2994592694608298e+00 1.3795629918738161e-01
3.7500000000000000e-01 1.5000000000000000e+00 2.5953508098361833e-01
9.0628172357159642e-01 8.0470336178579827e-01 4.4894031670893508e-02
8.7506344714319306e-01 6.7190672357159653e-01 8.6310347700684249e-03
9.9009100053583454e-01 5.9449406232636692e-01 2.2302635919413866e-02
1.1250000000000000e+00 5.6250000000000000e-01 6.2293307920784052e-02
1.2816317694133395e+00 4.0701353882667901e-01 1.0660970859755826e-01
1.4022133115402851e+00 4.6875000000000000e-01 2.0292506152575188e-01
1.5000000000000000e+00 3.7500000000000000e-01 2.5953508098361833e-01
7.1016551939655792e-01 5.6657219119825208e-01 0.0000000000000000e+00
5.4525973381944870e-01 5.8170054040641916e-01 0.0000000000000000e+00
4.5090891971286640e-01 7.1121669062565585e-01 0.0000000000000000e+00
3.6805642534425487e-01 8.4837343842570379e-01 0.0000000000000000e+00
4.2662984535977316e-01 9.6856876141536463e-01 2.5285500544524101e-03
2.9509189167198485e-01 1.0923403050877081e+00 1.7359570611540243e-02
3.0161719624091654e-01 1.2684331527692858e+00 8.4397107613654029e-02
2.8125000000000000e-01 1.4033212223668956e+00 1.6666102978405681e-01
1.8750000000000000e-01 1.5000000000000000e+00 2.2936092362385307e-01
9.0650886557448795e-01 4.8386818435982193e-01 0.0000000000000000e+00
1.1182994509273354e+00 4.1865653374204248e-01 3.3968365572402855e-02
1.1706094206650524e+00 2.8449429162818063e-01 3.8679461193579456e-02
1.3045087681138750e+00 1.8750000000000006e-01 9.2335860068117129e-02
1.4022543840569375e+00 2.8125000000000000e-01 1.6479137310788397e-01
1.5000000000000000e+00 1.8750000000000000e-01 2.2936092362385307e-01
5.1919601898326306e-01 4.1816623869724945e-01 0.0000000000000000e+00
3.5092836949045780e-01 5.8193375669336667e-01 0.0000000000000000e+00
2.1978077899126294e-01 6.5701552419186571e-01 0.0000000000000000e+00
2.3327587109812442e-01 8.2139929105546372e-01 0.0000000000000000e+00
1.8910654638209662e-01 9.5156254694350473e-01 0.0000000000000000e+00
9.7512594118668833e-02 1.1367154545794220e+00 1.6451862804405821e-02
1.6086076857523485e-01 1.3429699050524775e+00 1.1211550414536212e-01
0.0000000000000000e+00 1.5000000000000000e+00 2.1953489189183562e-01
7.5000000000000000e-01 3.7500000000000000e-01 0.0000000000000000e+00
1.0099988892574712e+00 3.2375222148505767e-01 0.0000000000000000e+00
1.1730969246006611e+00 1.4700796588437051e-01 2.9782672968496474e-02
1.3123168258230400e+00 -2.0688277198421812e-05 8.7529627532138249e-02
1.5000000000000000e+00 0.0000000000000000e+00 2.1953489189183562e-01
1.4022543840569375e+00 9.7647067540817006e-02 1.4838277805807920e-01
6.1315731779970728e-01 2.8194267006241192e-01 0.0000000000000000e+00
4.7024104189989568e-01 2.7224720217179527e-01 0.0000000000000000e+00
3.2738095238095238e-01 2.8273809523809512e-01 0.0000000000000000e+00
2.6559900965790240e-01 4.3812493237369543e-01 0.0000000000000000e+00
1.2972890118213182e-01 5.3565811153201826e-01 0.0000000000000000e+00
1.0991379310344827e-01 7.6077586206896552e-01 0.0000000000000000e+00
3.1753176808546058e-02 9.0504840430158850e-01 0.0000000000000000e+00
-2.8400641596255244e-03 1.0400343373729146e+00 2.4452680742573072e-04
-8.8374751524072093e-02 1.1559949010857595e+00 2.4265324495152590e-02
5.7454501485826870e-03 1.3068127845984308e+00 8.7129925930017171e-02
-9.3749999999999986e-02 1.4017857142857144e+00 1.5062980444650542e-01
-1.8750000000000000e-01 1.5000000000000000e+00 2.2936092362385307e-01
9.1648509256822619e-01 1.6926796165456209e-01 0.0000000000000000e+00
1.0633370535714286e+00 6.4174107142857123e-02 3.5141508386543280e-03
1.1408485417046668e+00 -1.0233202309684412e-01 1.6897060447898935e-02
1.3035714285714286e+00 -1.8750000000000000e-01 9.2049185467858494e-02
1.5000000000000000e+00 -1.8750000000000000e-01 2.2936092362385307e-01
1.4017857142857142e+00 -9.8137797577429145e-02 1.4983227137831998e-01
7.5222748924524119e-01 2.2458080383650819e-01 0.0000000000000000e+00
5.2692956316178630e-01 1.4069692443803591e-01 0.0000000000000000e+00
7.6275827950549424e-01 7.4514156178531743e-02 0.0000000000000000e+00
9.1037878817555951e-01 -8.2384971725367739e-03 0.0000000000000000e+00
9.6895094254468461e-01 -1.6701229522879765e-01 0.0000000000000000e+00
1.1701554334653923e+00 -2.4437201873245162e-01 3.3728352750158605e-02
1.3604729763748513e+00 -3.2453001114471358e-01 1.4306445972637324e-01
1.5000000000000000e+00 -3.7500000000000000e-01 2.5953508098361833e-01
3.5070654766121406e-01 1.4116446058574728e-01 0.0000000000000000e+00
1.0744409275812139e-01 2.0649643896177416e-01 0.0000000000000000e+00
1.1222275069754881e-01 3.7150811175783038e-01 0.0000000000000000e+00
-5.0498781729253220e-02 3.9931801314794640e-01 0.0000000000000000e+00
-7.3688496091296227e-02 6.3118404093626423e-01 0.0000000000000000e+00
-1.0015259254503089e-01 8.0745477544650457e-01 0.0000000000000000e+00
-1.3005960303883479e-01 9.8317412830558981e-01 0.0000000000000000e+00
-2.3707721676373594e-01 1.1631922134043453e+00 3.2053501074179369e-02
-1.8749999999999997e-01 1.3035714285714286e+00 9.3177035418803469e-02
-3.5091145833333337e-01 1.3352906858766234e+00 1.3069012855192985e-01
-3.7500000000000000e-01 1.5000000000000000e+00 2.5953508098361833e-01
6.3440892354879497e-01 -4.8247832763523707e-03 0.0000000000000000e+00
4.2855666231003875e-01 2.0638375969097345e-02 0.0000000000000000e+00
2.5959159774566964e-01 3.0325643713034089e-02 0.0000000000000000e+00
1.3549805666502923e-01 -3.3649273446087397e-02 0.0000000000000000e+00
0.0000000000000000e+00 0.0000000000000000e+00 0.0000000000000000e+00
-1.0133713028446734e-01 1.9657819730274897e-01 0.0000000000000000e+00
-2.4554481219210395e-01 3.4699247088406937e-01 0.0000000000000000e+00
-2.3489932294189769e-01 5.7907354921541077e-01 0.0000000000000000e+00
-2.6724137931034481e-01 7.4538177339901490e-01 0.0000000000000000e+00
-3.1121137620418304e-01 9.2921402566059252e-01 0.0000000000000000e+00
-3.7500000000000000e-01 1.1071428571428572e+00 2.7177611216024408e-02
-5.1432291666666674e-01 1.3035714285714286e+00 1.4264038858397368e-01
-5.6250000000000000e-01 1.5000000000000000e+00 3.1194983799747600e-01
7.2405419755531208e-01 -1.2620002513655101e-01 0.0000000000000000e+00
7.7490811760945999e-01 -3.2418504314477470e-01 0.0000000000000000e+00
9.3086931054556366e-01 -3.1836472853749531e-01 0.0000000000000000e+00
1.1071428571428572e+00 -3.7500000000000000e-01 2.5266988707008182e-02
1.3035714285714286e+00 -4.6156002228942722e-01 1.2786077792095282e-01
1.5000000000000000e+00 -5.6250000000000000e-01 3.1194983799747600e-01
5.2083333333333337e-01 -1.0416666666666667e-01 0.0000000000000000e+00
3.5071372101678300e-01 -1.1364400996915944e-01 0.0000000000000000e+00
2.2508467451475334e-01 -2.2874329409290012e-01 0.0000000000000000e+00
6.9530777684352729e-02 -1.5669526105777112e-01 0.0000000000000000e+00
-1.3922424360619123e-01 -9.2967873764541853e-02 0.0000000000000000e+00
-2.4032471942399733e-01 4.0467913599377417e-02 0.0000000000000000e+00
-2.5384645900284597e-01 1.9243317001065219e-01 0.0000000000000000e+00
-4.0364583333333337e-01 2.2135416666666669e-01 0.0000000000000000e+00
-4.2605817049077371e-01 3.6103446774719861e-01 0.0000000000000000e+00
-3.8231490307343868e-01 4.9556857465865189e-01 0.0000000000000000e+00
-4.4823141013354684e-01 6.9146366725160746e-01 0.0000000000000000e+00
-3.8433887100869912e-01 8.1454837662845747e-01 0.0000000000000000e+00
-4.3516382575419588e-01 9.8517501041691036e-01 7.0041187656087172e-03
-5.5604100251830824e-01 1.0532629134615794e+00 3.4267206490094737e-02
-7.0982142857142860e-01 1.1629464285714286e+00 1.1879659497293880e-01
-6.5625000000000000e-01 1.4046477316708486e+00 2.6325708184043944e-01
-7.5000000000000000e-01 1.5000000000000000e+00 3.8921311623473065e-01
5.8454177023954124e-01 -2.8730743098826272e-01 0.0000000000000000e+00
6.0246913351853315e-01 -4.5642948346677847e-01 0.0000000000000000e+00
7.5910937324497474e-01 -5.2128417687507334e-01 0.0000000000000000e+00
9.2196987855544910e-01 -4.7418054889741124e-01 0.0000000000000000e+00
1.0915398740876316e+00 -5.5587120367933862e-01 4.5817726788491803e-02
1.2363150640137208e+00 -6.6540653945049189e-01 1.4676504329980375e-01
1.3600652391893124e+00 -5.9321779727644275e-01 2.0697352969864469e-01
1.5000000000000000e+00 -7.5000000000000000e-01 3.8921311623473065e-01
3.7727965430085852e-01 -2.6875100537084462e-01 0.0000000000000000e+00
4.3777066081124005e-01 -4.1402580347827034e-01 0.0000000000000000e+00
2.3193542755918917e-01 -4.3559179525218561e-01 0.0000000000000000e+00
7.2784953806281139e-02 -3.2309142643194766e-01 0.0000000000000000e+00
-7.5659560554061783e-02 -2.4784184390961878e-01 0.0000000000000000e+00
-3.3427169176849469e-01 -2.6426482428720277e-01 0.0000000000000000e+00
-2.9832816295214848e-01 -1.0849799661452721e-01 0.0000000000000000e+00
-3.8098942583625212e-01 7.7636547178042137e-02 0.0000000000000000e+00
-5.6445362265532739e-01 2.1087903797109606e-01 0.0000000000000000e+00
-5.6709903829781128e-01 3.7200592959348810e-01 0.0000000000000000e+00
-5.0138805848576584e-01 5.6453941989147316e-01 0.0000000000000000e+00
-6.2500000000000000e-01 6.2500000000000000e-01 0.0000000000000000e+00
-6.4108255473523879e-01 7.8314001836202218e-01 0.0000000000000000e+00
-5.0829132055871196e-01 8.7050936138477530e-01 0.0000000000000000e+00
-7.0765374299591266e-01 1.0033408685829355e+00 4.5193330217059180e-02
-8.8559539798720499e-01 1.1367628228782027e+00 1.7128659024238502e-01
-7.6529797907066055e-01 1.3272548648411511e+00 2.4738018464054717e-01
-9.3750000000000000e-01 1.5000000000000000e+00 4.9411137370560165e-01
6.2500000000000000e-01 -6.2500000000000000e-01 0.0000000000000000e+00
4.9235117787542626e-01 -5.4308303850548223e-01 0.0000000000000000e+00
7.8338052281142823e-01 -7.0708293456000215e-01 0.0000000000000000e+00
9.5982142857142860e-01 -6.8080357142857140e-01 2.5194991582381546e-02
1.1016059634724809e+00 -6.9301053494679898e-01 8.4387112656243046e-02
1.1097248997841220e+00 -8.3027890424270612e-01 1.2996915244580903e-01
1.3429946698367272e+00 -7.8613802883620587e-01 2.6831599375561899e-01
1.5000000000000000e+00 -9.3750000000000000e-01 4.9411137370560165e-01
3.4526619867134328e-01 -5.2419648832532639e-01 0.0000000000000000e+00
1.6075935039090361e-01 -5.8182240438249866e-01 0.0000000000000000e+00
3.0743819266837152e-02 -4.8412190963341856e-01 0.0000000000000000e+00
-1.9430551549378913e-01 -4.2391774575318630e-01 0.0000000000000000e+00
-4.3476224581443867e-01 -5.0041391021701398e-01 0.0000000000000000e+00
-5.6541847814995339e-01 -3.0535879020856638e-01 0.0000000000000000e+00
-4.4105704682500868e-01 -1.7313393060771193e-01 0.0000000000000000e+00
-4.7168237010987962e-01 -3.6130129890120322e-02 0.0000000000000000e+00
-6.3660758567398190e-01 6.6786432163170539e-02 0.0000000000000000e+00
-7.3952414772727282e-01 2.3171164772727276e-01 0.0000000000000000e+00
-6.9492533290638914e-01 4.7587395734038018e-01 0.0000000000000000e+00
-8.0453962043489236e-01 6.1949227508325733e-01 0.0000000000000000e+00
-7.7971326694730936e-01 8.6091173305269053e-01 2.6291847502089915e-02
-8.6645620715349692e-01 9.8586283393774155e-01 9.0020161680207864e-02
-1.0156250000000000e+00 1.0156250000000000e+00 1.6981940586575311e-01
-1.0558986962114376e+00 1.1824681894449194e+00 2.9604775627507451e-01
-9.3750000000000000e-01 1.3067274716177861e+00 3.2017951480668605e-01
-1.0966929878663159e+00 1.3398753532247523e+00 4.5017666863904759e-01
-1.1250000000000000e+00 1.5000000000000000e+00 6.2920384057762591e-01
4.6803902590406354e-01 -6.8108203133653256e-01 0.0000000000000000e+00
6.4278264313773192e-01 -7.8452858933553804e-01 0.0000000000000000e+00
7.6811453066479030e-01 -8.8481573298443972e-01 2.8000003291886778e-02
9.3936694302714197e-01 -8.6034868529148190e-01 6.7012267140809142e-02
1.0156250000000000e+00 -1.0156250000000000e+00 1.6989627227342358e-01
1.1763770886056322e+00 -1.0624865298144186e+00 2.9480572633231183e-01
1.2878024193548387e+00 -9.3750000000000000e-01 3.0416706979877339e-01
1.3602938071195410e+00 -1.0692841840775988e+00 4.4923873296574834e-01
1.5000000000000000e+00 -1.1250000000000000e+00 6.2920384057762591e-01
3.0250806300701372e-01 -6.6155149242045108e-01 0.0000000000000000e+00
6.9721650962007525e-02 -7.2126246363595281e-01 0.0000000000000000e+00
-1.6125781383094318e-01 -6.3364956319724741e-01 0.0000000000000000e+00
-2.8782462015804150e-01 -5.4612325896459712e-01 0.0000000000000000e+00
-3.7500000000000000e-01 -7.5000000000000000e-01 0.0000000000000000e+00
-5.6137464236953094e-01 -6.4440078768901599e-01 0.0000000000000000e+00
-6.9138526448664095e-01 -5.0347471493353435e-01 0.0000000000000000e+00
-7.2068501752716418e-01 -2.6449608045684631e-01 0.0000000000000000e+00
-7.2916666666666663e-01 -1.0416666666666667e-01 0.0000000000000000e+00
-5.7944567453615847e-01 -1.4954283996753159e-01 0.0000000000000000e+00
-7.7202298169675521e-01 2.9570680168691577e-02 0.0000000000000000e+00
-9.0947414783524116e-01 5.8372044783748384e-02 0.0000000000000000e+00
-9.1303214795566912e-01 2.3184361073227752e-01 0.0000000000000000e+00
-8.5721533364848801e-01 4.4776551660601027e-01 0.0000000000000000e+00
-9.7920078630808716e-01 6.6142421369191284e-01 2.8617163541674095e-02
-1.0205602488957453e+00 8.3614425009766535e-01 9.4379189043968609e-02
-8.9249372432903284e-01 7.7420467107363633e-01 3.2334090547053940e-02
-1.1763770886056322e+00 1.0624865298144186e+00 2.9610973359759774e-01
-1.1527900508177997e+00 8.9049048694419664e-01 1.8668429572906536e-01
-1.2225740708274895e+00 1.2234308549744379e+00 4.4800149572690962e-01
-1.3037345542984413e+00 1.3499458733703091e+00 6.2902105577856704e-01
-1.3125000000000000e+00 1.5000000000000000e+00 7.9661064921550118e-01
4.8681038910851343e-01 -8.4670080307278139e-01 0.0000000000000000e+00
6.1376075557316623e-01 -9.3845193063377119e-01 1.3577347809631045e-02
7.1040983275643022e-01 -1.0408283915846348e+00 6.1822850124246258e-02
8.3278477408420981e-01 -1.1104441772386278e+00 1.3551212014202102e-01
8.8333723719901425e-01 -9.8422932424591625e-01 9.5814255234036944e-02
3.0458373784878368e-01 -8.4378957637701746e-01 0.0000000000000000e+00
1.0564730937583859e+00 -1.1746510097376968e+00 2.8966680195631817e-01
1.2225740708274895e+00 -1.2234308549744379e+00 4.4736049932871236e-01
1.3770879234613371e+00 -1.2187500000000000e+00 5.8259881903426924e-01
1.5000000000000000e+00 -1.3125000000000000e+00 7.9661064921550118e-01
-1.1672295639156788e-01 -8.7289795455103181e-01 0.0000000000000000e+00
-2.9541546349465664e-01 -9.5807358446589208e-01 0.0000000000000000e+00
-4.9283005124302720e-01 -9.4346603264084050e-01 7.1543094043338023e-04
-5.2023604556124803e-01 -7.8906246534263236e-01 0.0000000000000000e+00
-6.7004365721640968e-01 -8.0236902835077095e-01 0.0000000000000000e+00
-7.3994965279596547e-01 -6.5715137399902857e-01 0.0000000000000000e+00
-9.0374673899547431e-01 -5.9244421443167083e-01 0.0000000000000000e+00
-9.4189154063027658e-01 -4.4940996426554464e-01 0.0000000000000000e+00
-8.7167112729598561e-01 -3.1909144615125007e-01 0.0000000000000000e+00
-9.2692446146502361e-01 -1.3400034084766396e-01 0.0000000000000000e+00
-1.1159974055548405e+00 -6.9212297931966871e-02 9.9697688837154935e-03
-1.1174138452665821e+00 1.2688407240077648e-01 1.0684641954324028e-02
-1.0648674242424243e+00 3.1581439393939398e-01 1.1116134654785987e-02
-1.0302137239260103e+00 4.9064679374605208e-01 2.1346745628410015e-02
-1.1198713212637961e+00 6.1043617169975428e-01 7.1600579288151361e-02
-1.1779635165663340e+00 7.4976191629156630e-01 1.3824286570728894e-01
-1.2878024193548387e+00 9.3750000000000000e-01 3.0338848314888262e-01
-1.3602938071195410e+00 1.0692841840775988e+00 4.4928825280551848e-01
-1.3770879234613371e+00 1.2187500000000000e+00 5.8278435401228956e-01
-1.5000000000000000e+00 1.3125000000000000e+00 7.9661064921550118e-01
-1.5000000000000000e+00 1.5000000000000000e+00 9.9796130161186314e-01
1.5808823529411764e-01 -9.5220588235294112e-01 0.0000000000000000e+00
4.9807342824405021e-03 -9.6696084566492413e-01 0.0000000000000000e+00
-2.5075621904231138e-01 -8.2173555364441386e-01 0.0000000000000000e+00
4.9150671850871264e-01 -9.9089372486464544e-01 1.1047192652755012e-02
5.7892501348625580e-01 -1.0911645235247209e+00 5.0370686237489803e-02
3.6504500443759391e-01 -1.0321687322529520e+00 2.4731873503742426e-03
7.1062135086130462e-01 -1.2762673439301635e+00 1.8655317491416520e-01
9.3750000000000000e-01 -1.2878024193548387e+00 3.0256674081494073e-01
1.0966991948222873e+00 -1.3360696171028568e+00 4.4599506800075844e-01
1.3037345542984413e+00 -1.3499458733703091e+00 6.2876998902907622e-01
1.5000000000000000e+00 -1.5000000000000000e+00 9.9796130161186314e-01
-1.6156967562112282e-01 -1.0088426764179221e+00 0.0000000000000000e+00
-2.1816332916145179e-01 -1.1403316645807258e+00 2.3769314284978183e-02
-4.4169891955073765e-01 -1.1038592707304387e+00 3.3814535220548420e-02
-6.0621349082081744e-01 -1.1395711636069392e+00 7.6203050516527177e-02
-6.5660874481713083e-01 -9.6733117071346331e-01 2.4617974375883939e-02
-7.9385405102809670e-01 -9.2228125713398090e-01 4.2980118865401172e-02
-8.5348540211883972e-01 -7.7153952451770969e-01 2.1165483214981358e-02
-9.9898726851851849e-01 -8.1790388431013428e-01 7.6986185208155367e-02
-1.0937500000000000e+00 -7.2248931623931623e-01 8.6929190998315628e-02
-1.1351668311300669e+00 -5.8895546932411402e-01 7.1481575726213623e-02
-1.0897435897435896e+00 -4.5673076923076933e-01 3.1920966143511448e-02
-1.0725400142904888e+00 -2.6091668721263273e-01 4.3912724960648852e-03
-1.2417844594703169e+00 -1.3954810768724299e-01 5.7123079400385475e-02
-1.3034346422046850e+00 -9.2838991129596173e-03 8.2163575106629777e-02
-1.3039118401094734e+00 1.8750000000000000e-01 9.2033952151407208e-02
-1.2029746089364608e+00 2.8628024101974825e-01 5.2506024800765813e-02
-1.1654391233321886e+00 4.2659938016549470e-01 5.4446158467039145e-02
-1.2550967206699744e+00 5.4638875811919685e-01 1.2369533257818834e-01
-1.3390226773887484e+00 6.9453300950460173e-01 2.2728990445233849e-01
-1.3822110705620290e+00 8.3052003073231362e-01 3.2347145517877174e-01
-1.5000000000000000e+00 9.3750000000000000e-01 4.9411137370560165e-01
-1.5000000000000000e+00 1.1250000000000000e+00 6.2920384057762591e-01
1.6031633378082652e-01 -1.1060065695604833e+00 1.3445849287040366e-02
7.2088327691493537e-03 -1.1207615328724663e+00 1.2092497433291067e-02
4.2337645445832417e-01 -1.2688538170367116e+00 1.0295333990341948e-01
2.9542785799488441e-01 -1.1598851159027073e+00 3.7140051298765270e-02
5.6787994475606196e-01 -1.2384236778592859e+00 1.2069682992875146e-01
6.5181645854026038e-01 -1.3982337049345062e+00 2.5595684962520932e-01
8.4375000000000000e-01 -1.3939012096774193e+00 3.4090471198549849e-01
9.3750000000000000e-01 -1.5000000000000000e+00 4.9411137370560165e-01
1.1250000000000000e+00 -1.5000000000000000e+00 6.2920384057762591e-01
1.3125000000000000e+00 -1.5000000000000000e+00 7.9661064921550118e-01
-4.1244258086334745e-01 -1.2696436189048352e+00 1.0419270564238169e-01
-5.6139348211793882e-01 -1.2821700764462978e+00 1.4199712632964565e-01
-7.0869402132409831e-01 -1.3075833460641135e+00 2.0691898091526881e-01
-7.8900522469774670e-01 -1.0666497359431681e+00 9.4631873582791182e-02
-9.3750000000000000e-01 -9.3750000000000000e-01 9.3532734829424105e-02
-1.0937500000000000e+00 -9.1331845238095233e-01 1.6026750564668871e-01
-1.1912357267589369e+00 -8.1592506165508916e-01 1.7493881121284260e-01
-1.2749602532775097e+00 -5.8684803079927816e-01 1.4450210719956560e-01
-1.2334567157732543e+00 -4.4904379063296751e-01 8.7614741713986199e-02
-1.2680538862179487e+00 -2.8125000000000000e-01 7.8578646981520658e-02
-1.3781630780768119e+00 -1.2437135425036787e-01 1.3453586380057952e-01
-1.5000000000000000e+00 0.0000000000000000e+00 2.1953489189183562e-01
-1.5000000000000000e+00 1.8750000000000000e-01 2.2936092362385307e-01
-1.3153523311372155e+00 3.7182033808401238e-01 1.2056245166662506e-01
-1.4060343986757957e+00 4.6875000000000000e-01 2.0600149314760274e-01
-1.5000000000000000e+00 5.6250000000000000e-01 3.1194983799747600e-01
-1.5000000000000000e+00 7.5000000000000000e-01 3.8921311623473065e-01
-9.0015927333786799e-02 -1.3086011647867279e+00 8.8377115845668222e-02
6.1848843581280927e-02 -1.3540452368702103e+00 1.1405858561341066e-01
1.8749999999999992e-01 -1.2574022897749704e+00 7.0133340001026181e-02
3.0055153266046625e-01 -1.3637832902610731e+00 1.3977782646460860e-01
5.1976933203632625e-01 -1.3682776544674426e+00 1.9052040601668352e-01
5.6250000000000000e-01 -1.5000000000000000e+00 3.1194983799747600e-01
7.5000000000000000e-01 -1.5000000000000000e+00 3.8921311623473065e-01
-2.5781881889623720e-01 -1.3436599988185167e+00 1.2316318334964843e-01
-1.4019559200547367e+00 9.3750000000000000e-02 1.4968901363827694e-01
-4.6875000000000000e-01 -1.3970171239982043e+00 2.0022077747151112e-01
-5.6250000000000000e-01 -1.5000000000000000e+00 3.1194983799747600e-01
-7.5000000000000000e-01 -1.5000000000000000e+00 3.8921311623473065e-01
-8.4375000000000000e-01 -1.3795990063197898e+00 3.2819412074267046e-01
-8.9148575520102746e-01 -1.2346619184003425e+00 2.4081532108391976e-01
-9.3971109731931624e-01 -1.0899858920454759e+00 1.7035660243101944e-01
-1.0937500000000000e+00 -1.0714285714285714e+00 2.4428890129644609e-01
-1.2500000000000000e+00 -9.3750000000000000e-01 2.7371649131781062e-01
-1.3167133503442705e+00 -7.6603446712569412e-01 2.3835473916555494e-01
-1.3994537716376918e+00 -6.5625000000000000e-01 2.5990347764807814e-01
-1.3760197458531598e+00 -4.6875000000000000e-01 1.8249054351953670e-01
-1.5000000000000000e+00 -3.7500000000000000e-01 2.5953508098361833e-01
-1.5000000000000000e+00 -1.8750000000000000e-01 2.2936092362385307e-01
-1.5000000000000000e+00 3.7500000000000000e-01 2.5953508098361833e-01
-1.8750000000000000e-01 -1.5000000000000000e+00 2.2936092362385307e-01
0.0000000000000000e+00 -1.5000000000000000e+00 2.1953489189183562e-01
1.8750000000000000e-01 -1.5000000000000000e+00 2.2936092362385307e-01
3.7500000000000000e-01 -1.5000000000000000e+00 2.5953508098361833e-01
-3.7500000000000000e-01 -1.5000000000000000e+00 2.5953508098361833e-01
-9.3750000000000000e-01 -1.5000000000000000e+00 4.9411137370560165e-01
-1.0614380371743799e+00 -1.3205158641336654e+00 4.0480728558936807e-01
-1.2276785714285714e+00 -1.2276785714285714e+00 4.5532295981715132e-01
-1.2388392857142858e+00 -1.0825892857142856e+00 3.5721890587096194e-01
-1.3750000000000000e+00 -1.0312500000000000e+00 4.3844903697758958e-01
-1.5000000000000000e+00 -9.3750000000000000e-01 4.9411137370560165e-01
-1.5000000000000000e+00 -7.5000000000000000e-01 3.8921311623473065e-01
-1.5000000000000000e+00 -5.6250000000000000e-01 3.1194983799747600e-01
-1.1250000000000000e+00 -1.5000000000000000e+00 6.2920384057762591e-01
-1.1995655050399747e+00 -1.3725967126731520e+00 5.6166834362459439e-01
-1.3464537431548045e+00 -1.3259060276157781e+00 6.4866979692229809e-01
-1.3638392857142858e+00 -1.1763392857142858e+00 5.3387136457952933e-01
-1.5000000000000000e+00 -1.1250000000000000e+00 6.2920384057762591e-01
-1.3125000000000000e+00 -1.5000000000000000e+00 7.9661064921550118e-01
-1.5000000000000000e+00 -1.5000000000000000e+00 9.9796130161186314e-01
-1.5000000000000000e+00 -1.3125000000000000e+00 7.9661064921550118e-01
