ID=7174350
numvertices=530
numsimplices=994
vertices
-1.500000e+00 -1.500000e+00
1.500000e+00 -1.500000e+00
1.500000e+00 1.500000e+00
-1.500000e+00 1.500000e+00
0.000000e+00 -1.500000e+00
1.500000e+00 0.000000e+00
0.000000e+00 1.500000e+00
-1.500000e+00 0.000000e+00
0.000000e+00 0.000000e+00
-1.500000e+00 -7.500000e-01
-7.500000e-01 -1.500000e+00
-7.500000e-01 1.500000e+00
-1.500000e+00 7.500000e-01
1.500000e+00 -7.500000e-01
7.500000e-01 -1.500000e+00
1.500000e+00 7.500000e-01
7.500000e-01 1.500000e+00
6.250000e-01 -6.250000e-01
-6.250000e-01 6.250000e-01
-3.750000e-01 -7.500000e-01
7.500000e-01 3.750000e-01
-7.291667e-01 -1.041667e-01
1.099138e-01 7.607759e-01
-9.375000e-01 -9.375000e-01
9.375000e-01 9.375000e-01
-1.064867e+00 3.158144e-01
-3.750000e-01 1.107143e+00
1.580882e-01 -9.522059e-01
1.107143e+00 -3.750000e-01
1.015625e+00 -1.015625e+00
-1.015625e+00 1.015625e+00
5.208333e-01 -1.041667e-01
-1.089744e+00 -4.567308e-01
4.712911e-01 1.094597e+00
3.074382e-02 -4.841219e-01
-4.036458e-01 2.213542e-01
5.789250e-01 -1.091165e+00
-3.342717e-01 -2.642648e-01
3.273810e-01 2.827381e-01
1.125000e+00 5.625000e-01
-2.181633e-01 -1.140332e+00
1.063337e+00 6.417411e-02
-1.125000e+00 -1.500000e+00
-1.500000e+00 -1.125000e+00
1.500000e+00 1.125000e+00
1.125000e+00 1.500000e+00
-1.115997e+00 -6.921230e-02
-6.913853e-01 -5.034747e-01
6.094702e-01 7.343433e-01
3.750000e-01 -1.500000e+00
-3.750000e-01 -1.500000e+00
-1.125000e+00 1.500000e+00
1.125000e+00 -1.500000e+00
1.500000e+00 -3.750000e-01
-1.500000e+00 -3.750000e-01
-1.500000e+00 3.750000e-01
-3.750000e-01 1.500000e+00
1.500000e+00 -1.125000e+00
-1.500000e+00 1.125000e+00
3.750000e-01 1.500000e+00
1.500000e+00 3.750000e-01
-6.062135e-01 -1.139571e+00
-2.672414e-01 7.453818e-01
9.751259e-02 1.136715e+00
-5.049878e-02 3.993180e-01
-9.792008e-01 6.614242e-01
-7.395241e-01 2.317116e-01
-7.098214e-01 1.162946e+00
9.598214e-01 -6.808036e-01
7.749081e-01 -3.241850e-01
2.250847e-01 -2.287433e-01
3.025081e-01 -6.615515e-01
-1.255097e+00 5.463888e-01
-1.250000e+00 -9.375000e-01
-8.914858e-01 -1.234662e+00
-6.700437e-01 -8.023690e-01
1.218750e+00 8.437500e-01
1.171875e+00 1.171875e+00
7.637089e-01 1.192070e+00
1.875000e-01 -1.257402e+00
-1.227679e+00 -1.227679e+00
-1.167230e-01 -8.728980e-01
7.627583e-01 7.451416e-02
4.377707e-01 -4.140258e-01
7.681145e-01 -8.848157e-01
-1.287802e+00 9.375000e-01
-1.222574e+00 1.223431e+00
1.287802e+00 -9.375000e-01
1.222574e+00 -1.223431e+00
9.375000e-01 -1.287802e+00
-7.797133e-01 8.609117e-01
1.236315e+00 -6.654065e-01
8.750634e-01 6.719067e-01
1.303571e+00 -1.875000e-01
-1.875000e-01 1.303571e+00
-3.823149e-01 4.955686e-01
-1.303912e+00 1.875000e-01
1.304509e+00 1.875000e-01
-1.300596e-01 9.831741e-01
-9.375000e-01 1.306727e+00
3.509284e-01 5.819338e-01
3.680564e-01 8.483734e-01
-5.082913e-01 8.705094e-01
2.595916e-01 3.032564e-02
4.868104e-01 -8.467008e-01
-1.093750e+00 -7.224893e-01
-1.500000e+00 -5.625000e-01
-8.716711e-01 -3.190914e-01
1.009999e+00 3.237522e-01
5.625000e-01 1.500000e+00
-8.572153e-01 4.477655e-01
-1.500000e+00 -1.875000e-01
-1.268054e+00 -2.812500e-01
-4.716824e-01 -3.613013e-02
-4.347622e-01 -5.004139e-01
-1.612578e-01 -6.336496e-01
-7.565956e-02 -2.478418e-01
9.689509e-01 -1.670123e-01
6.967815e-01 9.597721e-01
5.269296e-01 1.406969e-01
-9.094741e-01 5.837204e-02
-5.143229e-01 1.303571e+00
9.375000e-01 1.500000e+00
-2.403247e-01 4.046791e-02
6.972165e-02 -7.212625e-01
1.500000e+00 1.312500e+00
-9.037467e-01 -5.924442e-01
1.875000e-01 1.500000e+00
3.016172e-01 1.268433e+00
4.233765e-01 -1.268854e+00
-4.928301e-01 -9.434660e-01
5.191960e-01 4.181662e-01
-5.670990e-01 3.720059e-01
3.650450e-01 -1.032169e+00
7.106214e-01 -1.276267e+00
1.297289e-01 5.356581e-01
-7.368850e-02 6.311840e-01
-1.274960e+00 -5.868480e-01
1.074441e-01 2.064964e-01
-5.654185e-01 -3.053588e-01
-4.124426e-01 -1.269644e+00
7.208833e-03 -1.120762e+00
-1.875000e-01 -1.500000e+00
-9.001593e-02 -1.308601e+00
1.312500e+00 6.562500e-01
1.281632e+00 4.070135e-01
1.312500e+00 1.500000e+00
5.072915e-01 1.299459e+00
-1.177964e+00 7.497619e-01
1.109725e+00 -8.302789e-01
2.319354e-01 -4.355918e-01
-1.093750e+00 -1.071429e+00
-5.625000e-01 -1.500000e+00
9.725053e-01 1.277236e+00
-1.943055e-01 -4.239177e-01
-1.013371e-01 1.965782e-01
9.219699e-01 -4.741805e-01
8.327848e-01 -1.110444e+00
5.625000e-01 -1.500000e+00
7.240542e-01 -1.262000e-01
1.318359e+00 1.025391e+00
-2.455448e-01 3.469925e-01
1.891065e-01 9.515625e-01
1.303571e+00 -4.615600e-01
1.312500e+00 -1.500000e+00
-1.312500e+00 1.500000e+00
-1.500000e+00 1.312500e+00
1.500000e+00 -1.312500e+00
-1.303435e+00 -9.283899e-03
-1.072540e+00 -2.609167e-01
-1.117414e+00 1.268841e-01
-7.890052e-01 -1.066650e+00
-7.086940e-01 -1.307583e+00
7.101655e-01 5.665722e-01
-1.312500e+00 -1.500000e+00
-1.500000e+00 -1.312500e+00
1.039078e+00 7.734851e-01
-5.613746e-01 -6.444008e-01
-2.954155e-01 -9.580736e-01
-9.269245e-01 -1.340003e-01
-6.366076e-01 6.678643e-02
-4.482314e-01 6.914637e-01
-3.112114e-01 9.292140e-01
5.745450e-03 1.306813e+00
1.312317e+00 -2.068828e-05
-5.625000e-01 1.500000e+00
-9.375000e-01 1.500000e+00
1.500000e+00 1.875000e-01
-1.875000e-01 1.500000e+00
1.500000e+00 -5.625000e-01
1.500000e+00 -1.875000e-01
9.375000e-01 -1.500000e+00
1.500000e+00 -9.375000e-01
1.875000e-01 -1.500000e+00
-9.375000e-01 -1.500000e+00
-1.500000e+00 -9.375000e-01
-1.500000e+00 1.875000e-01
-1.500000e+00 5.625000e-01
-1.500000e+00 9.375000e-01
1.500000e+00 5.625000e-01
1.500000e+00 9.375000e-01
9.065089e-01 4.838682e-01
-1.315352e+00 3.718203e-01
1.307813e+00 1.307813e+00
-1.001526e-01 8.074548e-01
-1.030214e+00 4.906468e-01
-8.045396e-01 6.194923e-01
-1.020560e+00 8.361443e-01
-5.560410e-01 1.053263e+00
-1.061438e+00 -1.320516e+00
-1.316713e+00 -7.660345e-01
9.164851e-01 1.692680e-01
-8.837475e-02 1.155995e+00
5.845418e-01 -2.873074e-01
1.140849e+00 -1.023320e-01
5.364227e-01 8.922583e-01
-8.534854e-01 -7.715395e-01
9.393669e-01 -8.603487e-01
3.045837e-01 -8.437896e-01
9.184910e-01 1.111130e+00
6.024691e-01 -4.564295e-01
7.833805e-01 -7.070829e-01
-8.855954e-01 1.136763e+00
1.091540e+00 -5.558712e-01
-7.652980e-01 1.327255e+00
7.658403e-01 8.034020e-01
-2.348993e-01 5.790735e-01
2.950919e-01 1.092340e+00
-9.130321e-01 2.318436e-01
-4.416989e-01 -1.103859e+00
7.591094e-01 -5.212842e-01
-1.392242e-01 -9.296787e-02
1.147461e+00 1.000977e+00
1.144336e+00 1.335352e+00
1.122228e-01 3.715081e-01
5.452597e-01 5.817005e-01
-3.509115e-01 1.335291e+00
-2.578188e-01 -1.343660e+00
4.680390e-01 -6.810820e-01
1.607594e-01 -5.818224e-01
1.170609e+00 2.844943e-01
6.131573e-01 2.819427e-01
3.175318e-02 9.050484e-01
-1.339023e+00 6.945330e-01
6.953078e-02 -1.566953e-01
7.278495e-02 -3.230914e-01
3.507137e-01 -1.136440e-01
-6.566087e-01 -9.673312e-01
4.509089e-01 7.112167e-01
-2.983282e-01 -1.084980e-01
2.655990e-01 4.381249e-01
9.103788e-01 -8.238497e-03
8.215014e-01 1.348913e+00
6.581213e-01 1.364056e+00
-7.399497e-01 -6.571514e-01
-5.644536e-01 2.108790e-01
3.772797e-01 -2.687510e-01
-1.375000e+00 -1.031250e+00
-1.093750e+00 -9.133185e-01
9.308693e-01 -3.183647e-01
-7.076537e-01 1.003341e+00
4.285567e-01 2.063838e-02
-1.376020e+00 -4.687500e-01
6.064654e-01 1.176437e+00
3.005515e-01 -1.363783e+00
1.603163e-01 -1.106007e+00
6.184884e-02 -1.354045e+00
-7.206850e-01 -2.644961e-01
-2.878246e-01 -5.461233e-01
-2.538465e-01 1.924332e-01
-1.055899e+00 1.182468e+00
-1.096693e+00 1.339875e+00
7.522275e-01 2.245808e-01
6.344089e-01 -4.824783e-03
-8.437500e-01 -1.379599e+00
-9.397111e-01 -1.089986e+00
2.197808e-01 6.570155e-01
-6.949253e-01 4.758740e-01
-5.202360e-01 -7.890625e-01
-1.119871e+00 6.104362e-01
-1.165439e+00 4.265994e-01
-5.613935e-01 -1.282170e+00
1.608608e-01 1.342970e+00
6.427826e-01 -7.845286e-01
6.137608e-01 -9.384519e-01
1.171875e+00 7.031250e-01
1.359375e+00 7.968750e-01
-8.664562e-01 9.858628e-01
-1.377088e+00 1.218750e+00
-1.360294e+00 1.069284e+00
1.377088e+00 -1.218750e+00
1.360294e+00 -1.069284e+00
1.176377e+00 -1.062487e+00
1.056473e+00 -1.174651e+00
1.096699e+00 -1.336070e+00
-1.176377e+00 1.062487e+00
-1.199566e+00 -1.372597e+00
-1.346454e+00 -1.325906e+00
-1.363839e+00 -1.176339e+00
-1.238839e+00 -1.082589e+00
-1.303735e+00 1.349946e+00
1.303735e+00 -1.349946e+00
-2.370772e-01 1.163192e+00
5.678799e-01 -1.238424e+00
2.954279e-01 -1.159885e+00
-1.233457e+00 -4.490438e-01
4.980734e-03 -9.669608e-01
-1.615697e-01 -1.008843e+00
-2.507562e-01 -8.217356e-01
-1.152790e+00 8.904905e-01
4.702410e-01 2.722472e-01
-5.794457e-01 -1.495428e-01
-1.382211e+00 8.305200e-01
8.437500e-01 -1.393901e+00
1.342995e+00 -7.861380e-01
1.360065e+00 -5.932178e-01
1.358131e+00 1.168284e+00
-7.938541e-01 -9.222813e-01
-8.924937e-01 7.742047e-01
-6.410826e-01 7.831400e-01
3.452662e-01 -5.241965e-01
1.118299e+00 4.186565e-01
3.507065e-01 1.411645e-01
7.104098e-01 -1.040828e+00
-9.418915e-01 -4.494100e-01
-5.013881e-01 5.645394e-01
-4.260582e-01 3.610345e-01
1.101606e+00 -6.930105e-01
-4.687500e-01 -1.397017e+00
1.170155e+00 -2.443720e-01
-2.840064e-03 1.040034e+00
-1.241784e+00 -1.395481e-01
1.360473e+00 -3.245300e-01
-1.399454e+00 -6.562500e-01
-7.720230e-01 2.957068e-02
9.062817e-01 8.047034e-01
9.900910e-01 5.944941e-01
2.332759e-01 8.213993e-01
8.833372e-01 -9.842293e-01
-4.351638e-01 9.851750e-01
-3.843389e-01 8.145484e-01
-9.375000e-02 1.401786e+00
-1.401956e+00 9.375000e-02
-1.202975e+00 2.862802e-01
1.173097e+00 1.470080e-01
1.402254e+00 2.812500e-01
-4.410570e-01 -1.731339e-01
5.197693e-01 -1.368278e+00
4.923512e-01 -5.430830e-01
8.230801e-01 1.012829e+00
6.518165e-01 -1.398234e+00
1.402213e+00 4.687500e-01
4.266298e-01 9.685688e-01
1.354981e-01 -3.364927e-02
-6.562500e-01 1.404648e+00
-3.809894e-01 7.763655e-02
-9.989873e-01 -8.179039e-01
-1.191236e+00 -8.159251e-01
-1.135167e+00 -5.889555e-01
4.915067e-01 -9.908937e-01
2.812500e-01 1.403321e+00
-1.406034e+00 4.687500e-01
-1.378163e+00 -1.243714e-01
1.402254e+00 9.764707e-02
1.401786e+00 -9.813780e-02
1.401674e+00 1.401674e+00
-6.430517e-01 -2.849274e-01
-7.060351e-01 -3.839854e-01
-6.284019e-01 -4.044168e-01
8.465026e-01 -1.466062e-01
7.494812e-01 -2.251925e-01
8.719295e-01 -2.455987e-01
6.277126e-01 5.741364e-01
5.773650e-01 6.580219e-01
6.598178e-01 6.504577e-01
-5.446570e-01 7.373018e-01
-5.366157e-01 6.582318e-01
1.861149e-01 -6.914070e-01
8.264853e-02 -1.036484e+00
8.172165e-01 -6.721926e-02
8.365685e-01 3.313783e-02
7.434062e-01 -2.584293e-02
9.396649e-01 -8.762540e-02
8.153448e-02 -9.595834e-01
-4.339150e-01 -8.467330e-01
-4.980684e-01 -5.724073e-01
-4.681873e-01 -6.972004e-01
-4.048811e-01 -6.252070e-01
-5.000904e-01 -4.028864e-01
-4.498451e-01 -2.848118e-01
-3.845170e-01 -3.823394e-01
8.332425e-01 2.721340e-01
8.799994e-01 3.493761e-01
-8.244991e-01 1.450418e-01
-5.630738e-01 -5.019443e-01
-7.815282e-01 -4.112831e-01
5.322279e-01 4.999334e-01
4.480941e-01 5.818171e-01
4.350622e-01 5.000500e-01
-1.542939e-01 6.051288e-01
-1.426991e-01 4.891958e-01
-6.209364e-02 5.152510e-01
2.426899e-01 5.475702e-01
2.853546e-01 6.194746e-01
-2.056820e-01 8.683344e-01
1.747548e-01 5.963368e-01
1.648473e-01 7.088957e-01
1.198213e-01 6.482170e-01
-1.836970e-01 7.764183e-01
-6.005306e-01 1.388327e-01
-6.519889e-01 2.212953e-01
-6.880659e-01 1.492490e-01
5.554108e-01 -7.328053e-01
5.935055e-01 -3.718685e-01
6.886886e-01 -3.903073e-01
6.797249e-01 -3.057462e-01
2.313360e-01 -8.979977e-01
2.615666e-01 -9.921873e-01
3.863114e-01 -7.624358e-01
3.852735e-01 -6.713168e-01
3.035459e-01 -7.526705e-01
-4.576808e-02 -6.774560e-01
-6.525700e-02 -5.588857e-01
-1.837396e-01 -8.473168e-01
-2.060692e-01 -9.154858e-01
5.700434e-01 2.113198e-01
5.806692e-01 6.793607e-02
6.985836e-01 3.484469e-02
6.448439e-01 1.076055e-01
4.809107e-01 -2.780292e-01
5.111562e-01 -3.506666e-01
-5.981567e-01 5.202067e-01
-5.657763e-01 2.914425e-01
-6.533116e-01 3.018588e-01
-4.637231e-01 4.627869e-01
-4.041865e-01 4.283015e-01
-4.418515e-01 5.300540e-01
-8.692054e-02 7.193194e-01
-1.704649e-01 6.882829e-01
3.006661e-01 8.348864e-01
2.785815e-01 8.999680e-01
5.465195e-01 -6.530410e-01
-4.748097e-01 6.280015e-01
-2.350065e-02 -7.970802e-01
-1.389904e-01 -7.532738e-01
-1.777817e-01 -5.287837e-01
-3.612934e-01 -5.232686e-01
-3.145339e-01 -4.621658e-01
1.025614e+00 -5.528526e-02
5.314828e-01 7.906796e-03
-3.128781e-01 -7.858678e-01
-3.352077e-01 -8.540368e-01
5.661767e-01 3.500545e-01
6.815787e-01 3.284713e-01
6.345980e-01 3.965831e-01
-7.172247e-01 3.537928e-01
-6.310122e-01 4.239399e-01
2.802020e-02 5.834211e-01
1.811265e-02 6.959800e-01
-2.402221e-01 4.630330e-01
-3.086071e-01 5.373211e-01
-3.139299e-01 4.212805e-01
-5.032378e-01 -2.392464e-01
-5.724321e-01 -2.274508e-01
-6.500653e-01 -2.070195e-01
-6.543062e-01 -1.268548e-01
-7.249258e-01 -1.843314e-01
-1.054772e-01 -1.130547e+00
-7.718042e-02 -1.064802e+00
-7.829447e-02 -9.879018e-01
-2.245412e-01 -5.898864e-01
-4.952559e-01 2.859568e-01
1.495102e-01 8.561692e-01
4.880600e-03 7.841153e-01
6.146808e-01 4.923692e-01
7.300828e-01 4.707861e-01
-6.263800e-01 -5.739378e-01
-5.587111e-02 -9.199294e-01
-7.557736e-01 1.306412e-01
-7.043153e-01 4.817856e-02
-7.505948e-01 -3.729799e-02
-6.828871e-01 -1.869012e-02
-4.152732e-01 5.935161e-01
-2.510704e-01 6.622277e-01
8.083372e-01 5.252202e-01
6.395785e-01 1.826389e-01
7.574929e-01 1.495475e-01
6.542980e-01 -2.067537e-01
6.224438e-01 -1.151833e-01
4.936658e-01 8.017375e-01
1.871527e-01 -7.825260e-01
1.139049e-01 -8.367342e-01
5.201199e-01 -4.352276e-01
4.801951e-01 -6.120825e-01
5.586756e-01 -5.840415e-01
6.137346e-01 -5.407147e-01
7.380029e-01 6.849871e-01
-3.415654e-01 6.352686e-01
-3.577364e-01 7.184227e-01
4.980843e-01 6.464586e-01
4.009186e-01 6.465752e-01
4.188087e-01 -5.336398e-01
4.650609e-01 -4.785544e-01
2.530128e-01 -5.530094e-01
3.238871e-01 -5.928740e-01
6.826924e-01 2.532617e-01
7.511137e-01 2.997904e-01
4.490565e-01 -1.864588e-01
4.094827e-01 7.797951e-01
3.353448e-01 6.841161e-01
3.923975e-01 4.281456e-01
8.396217e-01 1.218911e-01
-4.965786e-01 3.665202e-01
-8.238047e-01 -1.992482e-01
-8.280456e-01 -1.190835e-01
-3.314123e-01 -6.480616e-01
-2.681289e-01 -6.918248e-01
6.792316e-01 -6.551240e-02
2.939186e-01 7.526945e-01
1.715948e-01 7.910876e-01
3.735119e-02 -8.441117e-01
-2.060070e-01 -7.276926e-01
-6.080266e-01 -4.137820e-02
4.066526e-01 -6.026393e-01
-5.342435e-01 4.682727e-01
-8.494737e-01 -5.221483e-02
2.265283e-01 7.392074e-01
5.474102e-01 -4.997563e-01
3.078682e-01 9.600657e-01
-5.087985e-01 7.221149e-02
simplices
34 116 154
105 126 356
126 216 254
80 151 209
139 367 368
47 367 368
139 366 367
267 366 367
61 171 247
148 243 312
99 222 224
88 293 294
129 133 304
130 178 229
48 118 215
33 147 263
92 201 336
97 145 240
159 369 371
117 369 371
159 370 371
69 370 371
235 372 374
173 372 374
235 373 374
48 373 374
123 231 249
18 319 375
18 375 376
181 375 376
124 239 377
71 239 377
141 306 378
141 265 378
82 379 380
251 379 380
82 379 381
159 379 381
251 369 379
159 369 379
251 369 382
117 369 382
102 319 375
102 181 375
113 249 355
63 162 330
80 298 299
99 222 270
27 378 383
306 378 383
27 265 378
91 223 327
36 284 359
38 138 234
83 150 320
33 118 215
130 278 384
19 278 384
177 385 387
114 385 387
177 386 387
19 386 387
8 123 231
102 208 260
129 264 347
37 231 249
139 388 390
114 388 390
139 389 390
37 389 390
70 246 353
41 108 211
140 281 328
39 144 285
108 211 392
211 391 392
20 391 392
43 195 257
151 209 275
76 160 232
76 144 286
77 160 232
77 203 316
120 228 393
66 228 393
139 388 394
114 388 394
139 368 394
47 368 394
107 267 395
267 367 395
47 367 395
48 118 225
235 396 398
131 396 398
235 397 398
100 397 398
79 141 265
40 140 229
30 270 295
30 222 270
89 293 294
13 189 315
54 111 112
25 280 343
55 196 202
102 260 319
94 188 341
57 167 290
88 292 293
58 166 288
99 270 271
63 128 282
63 128 227
145 240 321
47 126 254
136 400 401
64 400 401
136 399 400
226 399 400
100 402 403
276 402 403
100 250 402
98 204 404
98 182 404
63 162 227
276 405 407
135 405 407
276 406 407
22 406 407
62 404 408
204 404 408
62 182 404
72 148 279
202 280 343
25 170 228
255 409 411
180 409 411
255 410 411
66 410 411
67 222 224
68 223 327
104 283 412
104 238 412
213 414 415
69 414 415
213 413 414
220 413 414
28 156 259
31 246 261
70 244 245
133 218 417
218 416 417
27 416 417
71 418 419
238 418 419
71 418 420
218 418 420
9 106 333
105 137 357
61 171 172
74 209 275
74 171 172
75 247 278
78 153 252
78 153 219
122 153 252
79 141 266
141 143 266
34 124 421
34 421 422
115 421 422
178 308 424
308 423 424
81 423 424
241 310 425
119 310 425
273 426 428
119 426 428
273 427 428
82 427 428
69 156 230
83 256 429
83 429 430
213 429 430
84 283 284
36 129 133
85 289 295
85 295 309
87 291 292
91 149 314
89 134 157
89 134 313
65 148 207
18 325 431
18 277 431
53 163 189
91 163 223
39 321 336
92 225 335
108 240 321
69 156 259
26 182 339
255 432 433
132 432 433
255 410 433
66 410 433
95 434 435
326 434 435
95 434 436
325 434 436
96 168 170
96 202 343
41 108 344
187 345 363
94 183 212
204 437 438
136 437 438
204 408 438
62 408 438
11 186 224
64 138 234
135 402 405
276 402 405
135 250 402
33 227 352
162 337 440
337 439 440
101 439 440
102 339 340
98 212 302
38 234 250
8 138 155
104 283 284
17 283 412
17 412 441
238 412 441
126 216 356
105 137 358
137 262 305
137 210 333
46 168 170
107 324 395
47 324 395
39 145 321
108 201 392
20 201 392
33 128 147
78 253 263
325 376 442
181 376 442
18 325 376
65 110 206
7 196 342
168 331 362
54 106 262
46 169 179
35 255 355
113 311 346
81 421 443
124 421 443
81 421 444
115 421 444
154 422 445
115 422 445
34 154 422
37 116 154
154 268 447
268 446 447
114 446 447
116 244 245
8 231 244
117 214 329
117 382 448
251 382 448
117 214 448
24 225 335
78 118 349
119 426 449
273 426 449
119 261 449
103 246 261
46 120 179
107 169 179
26 121 236
56 121 236
45 122 233
122 153 233
8 123 155
64 138 155
104 238 418
104 218 418
34 124 239
77 203 233
77 153 233
47 126 324
32 126 324
63 183 212
63 183 282
59 109 147
128 282 360
36 284 323
178 308 451
308 450 451
19 450 451
130 178 384
178 384 451
19 384 451
241 310 452
131 310 452
241 452 454
131 452 454
241 453 454
20 453 454
66 110 455
110 277 455
132 433 455
66 433 455
132 455 456
277 455 456
104 284 359
104 133 218
303 347 350
134 303 350
136 407 457
135 407 457
136 407 458
22 407 458
64 135 401
135 401 457
136 401 457
95 459 460
226 459 460
95 459 461
161 459 461
64 161 400
161 400 459
226 400 459
137 210 357
32 305 358
103 246 353
38 310 322
311 462 463
139 462 463
311 346 462
21 464 465
311 464 465
21 464 466
267 464 466
141 143 467
40 143 467
307 467 468
141 467 468
40 307 467
141 306 468
306 468 469
307 468 469
40 143 237
40 140 237
142 143 237
4 142 143
60 187 345
15 144 199
39 144 145
146 203 365
125 203 365
16 122 252
16 252 253
72 148 243
65 148 279
68 149 217
29 149 217
70 246 256
34 116 245
23 151 275
73 210 357
10 152 172
10 194 274
77 219 232
77 153 219
154 390 447
114 390 447
37 154 390
154 268 445
268 445 470
115 445 470
35 326 471
35 255 471
123 155 269
68 217 221
28 163 223
29 292 293
84 217 221
158 347 350
129 303 347
31 273 449
31 261 449
220 230 414
69 230 414
44 160 200
155 161 269
64 155 161
162 242 472
22 242 472
204 437 458
136 437 458
204 458 473
22 458 473
93 329 332
28 117 329
1 164 301
52 191 294
3 165 300
51 186 271
3 166 300
166 288 300
1 167 301
167 290 301
111 112 362
46 168 331
112 331 362
137 305 358
46 120 170
120 170 228
75 247 317
23 216 356
152 172 281
61 172 281
235 372 474
173 372 474
235 396 474
131 396 474
20 474 475
173 474 475
20 454 474
131 454 474
0 175 297
174 296 297
0 174 297
80 296 297
76 144 285
24 219 232
177 385 394
114 385 394
177 394 476
47 394 476
75 216 254
40 178 229
81 307 469
81 469 477
306 469 477
139 463 464
311 463 464
139 366 464
267 366 464
120 334 393
334 393 478
66 393 478
180 411 478
66 411 478
180 478 479
334 478 479
334 479 481
180 479 481
334 480 481
21 480 481
325 442 482
181 442 482
325 436 482
95 436 482
226 399 438
136 399 438
226 438 483
62 438 483
182 339 340
62 182 340
6 127 282
6 183 282
93 214 329
5 190 364
67 224 354
56 121 185
99 186 271
99 186 224
5 184 363
5 187 363
94 212 302
6 188 341
91 314 315
13 314 315
93 190 364
53 163 332
89 191 294
14 158 350
87 149 314
57 290 291
79 265 304
4 143 266
74 209 274
42 174 296
73 195 257
9 210 333
96 196 342
96 196 202
72 202 280
12 243 312
85 148 312
58 288 289
144 199 351
60 199 351
15 200 286
15 144 286
92 201 484
92 173 484
20 201 484
20 475 484
173 475 484
55 197 361
55 202 361
44 125 316
125 203 316
204 242 473
22 242 473
98 204 242
25 110 205
65 110 205
90 260 319
65 207 318
90 287 318
30 222 287
26 121 208
67 121 208
42 194 209
194 209 274
9 195 210
73 195 210
272 428 485
119 428 485
272 428 486
82 428 486
41 251 448
41 214 448
26 182 302
98 182 302
69 415 487
213 415 487
69 370 487
159 370 487
31 213 487
31 487 488
159 487 488
93 184 214
41 214 344
101 215 352
48 248 489
48 215 489
171 247 317
23 171 317
29 157 338
29 217 338
71 420 490
218 420 490
71 377 490
124 377 490
27 416 490
218 416 490
27 490 491
124 490 491
78 219 349
24 219 349
220 413 430
213 413 430
220 430 492
83 430 492
348 441 493
238 441 493
348 441 494
17 441 494
17 221 230
220 230 495
17 230 495
90 260 287
67 208 260
28 156 223
68 156 223
11 185 354
11 224 354
48 225 496
48 374 496
173 374 496
92 225 496
92 173 496
62 483 497
226 483 497
62 497 498
181 497 498
95 460 497
226 460 497
95 482 497
181 482 497
33 215 352
33 128 227
66 110 228
25 110 228
61 130 229
152 281 328
68 221 230
68 156 230
37 116 231
116 231 244
24 176 232
76 176 232
146 203 233
45 146 233
135 234 250
64 135 234
248 373 499
235 373 499
48 248 373
248 397 499
235 397 499
248 397 500
100 397 500
94 188 236
56 188 236
50 152 328
50 142 237
83 501 502
348 501 502
83 320 501
71 503 504
320 503 504
71 239 503
150 320 503
150 239 503
34 150 239
108 240 344
97 240 344
241 425 485
119 425 485
241 485 505
272 485 505
272 453 505
241 453 505
272 453 506
20 453 506
162 242 330
98 242 330
12 197 243
72 202 361
70 244 353
8 244 353
34 150 245
70 150 245
31 213 507
213 429 507
256 429 507
31 246 507
246 256 507
61 130 247
130 247 278
101 489 508
248 489 508
101 215 489
100 403 509
276 403 509
100 500 509
248 500 509
123 249 355
346 389 462
139 389 462
37 346 389
38 250 510
38 131 510
100 250 510
100 398 510
131 398 510
41 211 251
211 251 511
251 380 511
82 380 511
147 253 263
78 252 253
16 109 253
109 147 253
75 177 254
177 254 476
47 254 476
35 269 355
132 471 512
326 471 512
132 432 471
255 432 471
70 150 256
83 150 256
80 297 298
73 257 299
73 151 258
23 151 258
28 117 259
117 259 371
69 259 371
67 222 260
222 260 287
119 261 322
103 261 322
112 262 305
54 112 262
33 118 263
78 118 263
4 193 266
49 193 264
133 265 304
133 265 417
27 265 417
193 264 266
79 264 266
21 466 513
267 466 513
21 513 514
179 513 514
107 267 513
107 179 513
268 387 446
114 387 446
268 387 515
19 387 515
268 470 516
115 470 516
268 515 516
19 515 516
35 161 269
123 269 355
86 270 271
86 270 295
86 271 300
86 288 300
211 272 511
272 486 511
82 486 511
211 272 391
272 391 506
20 391 506
273 488 517
159 488 517
31 273 488
273 381 517
159 381 517
273 381 427
82 381 427
10 172 274
74 172 274
74 171 275
23 171 275
248 508 518
101 508 518
248 509 518
276 509 518
162 337 472
337 472 519
22 472 519
18 206 277
110 206 277
177 278 386
19 278 386
75 177 278
25 205 280
65 205 279
205 279 280
72 279 280
140 229 281
61 229 281
59 127 360
127 282 360
84 221 283
17 221 283
84 217 338
84 284 323
76 176 285
39 285 336
160 200 286
76 160 286
30 207 287
207 287 318
86 289 295
86 288 289
58 198 289
85 198 289
88 291 292
88 290 291
57 192 291
87 192 291
87 149 292
29 149 292
29 157 293
89 157 293
88 294 301
88 290 301
30 207 309
30 295 309
42 209 296
80 209 296
43 175 298
175 297 298
257 298 299
43 257 298
80 151 299
73 151 299
51 271 300
51 165 300
52 294 301
52 164 301
94 236 302
26 236 302
36 134 303
36 129 303
79 264 304
129 264 304
32 169 305
112 169 305
27 383 520
306 383 520
27 491 520
124 491 520
81 477 520
306 477 520
81 443 520
124 443 520
178 307 424
81 307 424
40 178 307
308 444 521
115 444 521
308 423 444
81 423 444
308 516 521
115 516 521
308 450 516
19 450 516
85 148 309
148 207 309
38 131 310
119 310 322
113 311 522
113 180 522
21 465 522
311 465 522
21 481 522
180 481 522
85 198 312
12 198 312
14 191 313
89 191 313
87 192 314
13 192 314
163 189 315
91 163 315
77 160 316
44 160 316
75 216 317
23 216 317
65 206 318
90 206 318
90 206 319
18 206 319
71 504 523
320 504 523
71 419 523
238 419 523
348 501 523
320 501 523
348 493 523
238 493 523
201 321 336
108 201 321
38 138 322
103 138 322
36 134 323
134 157 323
107 169 324
32 169 324
132 431 524
325 431 524
132 431 456
277 431 456
132 434 512
326 434 512
132 434 524
325 434 524
35 161 326
161 326 461
326 435 461
95 435 461
68 149 327
91 149 327
50 237 328
140 237 328
28 163 329
163 329 332
63 212 330
98 212 330
112 169 331
46 169 331
53 190 332
93 190 332
137 262 333
106 262 333
120 334 525
120 179 525
21 480 525
334 480 525
21 514 525
179 514 525
92 176 335
24 176 335
176 285 336
92 176 336
22 519 526
337 519 526
22 406 526
276 406 526
337 518 526
276 518 526
337 439 518
101 439 518
84 323 338
157 323 338
26 208 339
102 208 339
102 181 340
181 340 498
62 340 498
94 183 341
6 183 341
7 168 342
96 168 342
96 170 343
25 170 343
184 214 344
97 184 344
144 145 351
97 145 345
37 249 346
113 249 346
49 264 347
49 158 347
348 495 527
220 495 527
348 494 495
17 494 495
348 492 527
220 492 527
348 492 502
83 492 502
118 225 349
24 225 349
14 313 350
134 313 350
145 345 351
60 345 351
162 227 528
227 352 528
101 352 528
101 440 528
162 440 528
103 138 353
8 138 353
67 121 354
121 185 354
255 409 529
180 409 529
255 355 529
113 355 529
113 180 529
105 258 356
23 258 356
73 258 357
105 258 357
105 126 358
32 126 358
104 133 359
36 133 359
128 147 360
59 147 360
72 243 361
197 243 361
7 168 362
7 111 362
97 345 363
97 184 363
5 184 364
93 184 364
2 125 365
2 146 365
