ID=8988356
numvertices=51
numsimplices=84
vertices
-1.500000e+00 -1.500000e+00
1.500000e+00 -1.500000e+00
1.500000e+00 1.500000e+00
-1.500000e+00 1.500000e+00
0.000000e+00 -1.500000e+00
1.500000e+00 0.000000e+00
0.000000e+00 1.500000e+00
-1.500000e+00 0.000000e+00
0.000000e+00 0.000000e+00
-1.500000e+00 -7.500000e-01
-7.500000e-01 -1.500000e+00
-7.500000e-01 1.500000e+00
-1.500000e+00 7.500000e-01
1.500000e+00 -7.500000e-01
7.500000e-01 -1.500000e+00
1.500000e+00 7.500000e-01
7.500000e-01 1.500000e+00
6.250000e-01 -6.250000e-01
-6.250000e-01 6.250000e-01
-3.750000e-01 -7.500000e-01
7.500000e-01 3.750000e-01
-7.291667e-01 -1.041667e-01
1.099138e-01 7.607759e-01
-9.375000e-01 -9.375000e-01
9.375000e-01 9.375000e-01
-1.064867e+00 3.158144e-01
-3.750000e-01 1.107143e+00
1.580882e-01 -9.522059e-01
1.107143e+00 -3.750000e-01
1.015625e+00 -1.015625e+00
-1.015625e+00 1.015625e+00
-5.520833e-01 -4.270833e-01
-3.645833e-01 -5.208333e-02
-1.875000e-01 -3.750000e-01
-8.333333e-01 -5.208333e-01
-1.114583e+00 -4.270833e-01
5.868566e-01 -9.839154e-01
-1.875000e-01 -1.125000e+00
-1.084559e-01 -8.511029e-01
5.237069e-01 8.491379e-01
4.299569e-01 5.678879e-01
4.299569e-01 1.130388e+00
5.495690e-02 3.803879e-01
3.750000e-01 1.875000e-01
-2.575431e-01 6.928879e-01
-3.125000e-01 3.125000e-01
3.915441e-01 -7.886029e-01
7.904412e-02 -4.761029e-01
3.125000e-01 -3.125000e-01
6.875000e-01 -1.250000e-01
-6.770833e-01 2.604167e-01
simplices
13 28 29
21 31 33
19 31 33
21 32 33
8 32 33
19 23 34
19 31 34
21 31 34
7 21 35
7 9 35
23 34 35
21 34 35
9 23 35
7 21 25
10 19 23
12 25 30
11 26 30
14 29 36
14 27 36
4 10 37
10 19 37
27 37 38
19 37 38
4 27 37
20 24 39
20 39 40
22 39 40
5 15 20
24 39 41
22 39 41
16 24 41
15 20 24
5 20 28
22 40 43
20 40 43
22 42 43
8 42 43
22 44 45
18 44 45
22 42 45
8 42 45
18 26 30
17 47 48
8 47 48
17 46 47
27 46 47
19 33 47
8 33 47
19 38 47
27 38 47
8 43 49
20 43 49
8 48 49
17 48 49
20 28 49
17 28 49
21 45 50
18 45 50
21 32 45
8 32 45
21 25 50
18 25 50
6 22 41
6 16 41
22 26 44
18 26 44
0 9 23
0 10 23
2 15 24
2 16 24
18 25 30
7 12 25
6 22 26
6 11 26
4 14 27
17 29 36
17 36 46
27 36 46
17 28 29
5 13 28
1 14 29
1 13 29
3 11 30
3 12 30
