ID=8303710
numvertices=85
numsimplices=145
vertices
-1.500000e+00 -1.500000e+00
1.500000e+00 -1.500000e+00
1.500000e+00 1.500000e+00
-1.500000e+00 1.500000e+00
0.000000e+00 -1.500000e+00
1.500000e+00 0.000000e+00
0.000000e+00 1.500000e+00
-1.500000e+00 0.000000e+00
0.000000e+00 0.000000e+00
-1.500000e+00 -7.500000e-01
-7.500000e-01 -1.500000e+00
-7.500000e-01 1.500000e+00
-1.500000e+00 7.500000e-01
1.500000e+00 -7.500000e-01
7.500000e-01 -1.500000e+00
1.500000e+00 7.500000e-01
7.500000e-01 1.500000e+00
6.250000e-01 -6.250000e-01
-6.250000e-01 6.250000e-01
-3.750000e-01 -7.500000e-01
7.500000e-01 3.750000e-01
-7.291667e-01 -1.041667e-01
1.099138e-01 7.607759e-01
-9.375000e-01 -9.375000e-01
9.375000e-01 9.375000e-01
-1.064867e+00 3.158144e-01
-3.750000e-01 1.107143e+00
1.580882e-01 -9.522059e-01
1.107143e+00 -3.750000e-01
1.015625e+00 -1.015625e+00
-1.015625e+00 1.015625e+00
1.061384e+00 -6.953125e-01
-5.520833e-01 -4.270833e-01
-1.875000e-01 -3.750000e-01
-8.333333e-01 -5.208333e-01
-6.562500e-01 -8.437500e-01
-1.114583e+00 -4.270833e-01
-1.114583e+00 -5.208333e-02
-1.500000e+00 -3.750000e-01
-1.218750e+00 -8.437500e-01
-8.970170e-01 1.058239e-01
-1.282434e+00 1.579072e-01
-8.437500e-01 -1.218750e+00
-5.625000e-01 -1.125000e+00
-1.040246e+00 6.657197e-01
-6.953125e-01 1.061384e+00
5.868566e-01 -9.839154e-01
4.540441e-01 -1.226103e+00
-1.875000e-01 -1.125000e+00
-3.750000e-01 -1.500000e+00
-1.084559e-01 -8.511029e-01
7.904412e-02 -1.226103e+00
5.237069e-01 8.491379e-01
8.437500e-01 6.562500e-01
4.299569e-01 5.678879e-01
1.125000e+00 5.625000e-01
1.125000e+00 1.875000e-01
1.500000e+00 3.750000e-01
8.437500e-01 1.218750e+00
4.299569e-01 1.130388e+00
1.218750e+00 8.437500e-01
9.285714e-01 0.000000e+00
1.303571e+00 -1.875000e-01
3.750000e-01 1.875000e-01
-2.575431e-01 6.928879e-01
-3.125000e-01 3.125000e-01
-8.203125e-01 8.203125e-01
-5.000000e-01 8.660714e-01
3.915441e-01 -7.886029e-01
7.904412e-02 -4.761029e-01
3.125000e-01 -3.125000e-01
6.875000e-01 -1.250000e-01
8.660714e-01 -5.000000e-01
-6.770833e-01 2.604167e-01
-8.449337e-01 4.704072e-01
5.495690e-02 1.130388e+00
3.750000e-01 1.500000e+00
-1.325431e-01 9.339594e-01
-1.218750e+00 -1.218750e+00
1.218750e+00 1.218750e+00
-1.500000e+00 3.750000e-01
-1.875000e-01 1.303571e+00
-3.750000e-01 1.500000e+00
8.203125e-01 -8.203125e-01
1.500000e+00 -3.750000e-01
simplices
13 29 31
13 28 31
21 32 33
19 32 33
8 21 33
19 34 35
23 34 35
19 32 34
21 32 34
7 36 37
21 36 37
7 36 38
9 36 38
23 34 36
21 34 36
23 36 39
9 36 39
25 37 40
21 37 40
25 37 41
7 37 41
23 35 43
19 35 43
23 42 43
10 42 43
12 30 44
12 25 44
11 30 45
11 26 45
14 29 46
14 46 47
27 46 47
10 48 49
4 48 49
10 43 48
19 43 48
27 48 50
19 48 50
27 48 51
4 48 51
20 52 53
24 52 53
20 52 54
22 52 54
15 56 57
5 56 57
15 55 56
20 55 56
24 52 59
22 52 59
24 58 59
16 58 59
24 53 55
20 53 55
24 55 60
15 55 60
28 56 61
20 56 61
28 56 62
5 56 62
22 54 63
20 54 63
8 22 63
22 64 65
18 64 65
8 22 65
18 45 66
30 45 66
18 45 67
26 45 67
17 69 70
8 69 70
17 68 69
27 68 69
19 33 69
8 33 69
19 50 69
27 50 69
8 63 71
20 63 71
8 70 71
17 70 71
28 61 71
20 61 71
28 71 72
17 71 72
21 65 73
18 65 73
8 21 65
25 40 73
21 40 73
25 73 74
18 73 74
6 59 75
22 59 75
6 59 76
16 59 76
26 64 77
22 64 77
26 64 67
18 64 67
0 9 78
9 39 78
23 39 78
0 10 78
10 42 78
23 42 78
2 15 79
15 60 79
24 60 79
2 16 79
16 58 79
24 58 79
18 44 66
30 44 66
18 44 74
25 44 74
12 25 80
25 41 80
7 41 80
26 75 77
22 75 77
26 75 81
6 75 81
11 26 82
26 81 82
6 81 82
4 47 51
27 47 51
4 14 47
17 46 83
29 46 83
17 46 68
27 46 68
17 31 83
29 31 83
17 31 72
28 31 72
13 28 84
28 62 84
5 62 84
1 14 29
1 13 29
3 11 30
3 12 30
