ID=2172588
numvertices=31
numsimplices=44
vertices
-1.500000e+00 -1.500000e+00
1.500000e+00 -1.500000e+00
1.500000e+00 1.500000e+00
-1.500000e+00 1.500000e+00
0.000000e+00 -1.500000e+00
1.500000e+00 0.000000e+00
0.000000e+00 1.500000e+00
-1.500000e+00 0.000000e+00
0.000000e+00 0.000000e+00
-1.500000e+00 -7.500000e-01
-7.500000e-01 -1.500000e+00
-7.500000e-01 1.500000e+00
-1.500000e+00 7.500000e-01
1.500000e+00 -7.500000e-01
7.500000e-01 -1.500000e+00
1.500000e+00 7.500000e-01
7.500000e-01 1.500000e+00
6.250000e-01 -6.250000e-01
-6.250000e-01 6.250000e-01
-3.750000e-01 -7.500000e-01
7.500000e-01 3.750000e-01
-7.291667e-01 -1.041667e-01
1.099138e-01 7.607759e-01
-9.375000e-01 -9.375000e-01
9.375000e-01 9.375000e-01
-1.064867e+00 3.158144e-01
-3.750000e-01 1.107143e+00
1.580882e-01 -9.522059e-01
1.107143e+00 -3.750000e-01
1.015625e+00 -1.015625e+00
-1.015625e+00 1.015625e+00
simplices
13 28 29
8 19 21
19 21 23
7 9 21
9 21 23
7 21 25
10 19 23
12 25 30
11 26 30
14 27 29
4 10 19
4 19 27
20 22 24
5 15 20
16 22 24
15 20 24
5 20 28
8 20 22
8 18 22
18 26 30
8 17 27
8 19 27
8 17 20
17 20 28
8 18 21
18 21 25
6 16 22
18 22 26
0 9 23
0 10 23
2 15 24
2 16 24
18 25 30
7 12 25
6 22 26
6 11 26
4 14 27
17 27 29
17 28 29
5 13 28
1 14 29
1 13 29
3 11 30
3 12 30
