ID=3293800
numvertices=116
numsimplices=198
vertices
-1.500000e+00 -1.500000e+00
1.500000e+00 -1.500000e+00
1.500000e+00 1.500000e+00
-1.500000e+00 1.500000e+00
0.000000e+00 -1.500000e+00
1.500000e+00 0.000000e+00
0.000000e+00 1.500000e+00
-1.500000e+00 0.000000e+00
0.000000e+00 0.000000e+00
-1.500000e+00 -7.500000e-01
-7.500000e-01 -1.500000e+00
-7.500000e-01 1.500000e+00
-1.500000e+00 7.500000e-01
1.500000e+00 -7.500000e-01
7.500000e-01 -1.500000e+00
1.500000e+00 7.500000e-01
7.500000e-01 1.500000e+00
6.250000e-01 -6.250000e-01
-6.250000e-01 6.250000e-01
-3.750000e-01 -7.500000e-01
7.500000e-01 3.750000e-01
-7.291667e-01 -1.041667e-01
1.099138e-01 7.607759e-01
-9.375000e-01 -9.375000e-01
9.375000e-01 9.375000e-01
-1.064867e+00 3.158144e-01
-3.750000e-01 1.107143e+00
1.580882e-01 -9.522059e-01
1.107143e+00 -3.750000e-01
1.015625e+00 -1.015625e+00
-1.015625e+00 1.015625e+00
5.208333e-01 -1.041667e-01
-1.089744e+00 -4.567308e-01
4.712911e-01 1.094597e+00
3.074382e-02 -4.841219e-01
-4.036458e-01 2.213542e-01
5.789250e-01 -1.091165e+00
-3.342717e-01 -2.642648e-01
3.273810e-01 2.827381e-01
1.125000e+00 5.625000e-01
-2.181633e-01 -1.140332e+00
1.063337e+00 6.417411e-02
-1.125000e+00 -1.500000e+00
-1.500000e+00 -1.125000e+00
1.500000e+00 1.125000e+00
1.125000e+00 1.500000e+00
-1.115997e+00 -6.921230e-02
-6.913853e-01 -5.034747e-01
6.094702e-01 7.343433e-01
3.750000e-01 -1.500000e+00
-3.750000e-01 -1.500000e+00
-1.125000e+00 1.500000e+00
1.125000e+00 -1.500000e+00
1.500000e+00 -3.750000e-01
-1.500000e+00 -3.750000e-01
-1.500000e+00 3.750000e-01
-3.750000e-01 1.500000e+00
1.500000e+00 -1.125000e+00
-1.500000e+00 1.125000e+00
3.750000e-01 1.500000e+00
1.500000e+00 3.750000e-01
-6.062135e-01 -1.139571e+00
-2.672414e-01 7.453818e-01
9.751259e-02 1.136715e+00
-5.049878e-02 3.993180e-01
-9.792008e-01 6.614242e-01
-7.395241e-01 2.317116e-01
-7.098214e-01 1.162946e+00
9.598214e-01 -6.808036e-01
7.749081e-01 -3.241850e-01
2.250847e-01 -2.287433e-01
3.025081e-01 -6.615515e-01
-1.255097e+00 5.463888e-01
-1.250000e+00 -9.375000e-01
-8.914858e-01 -1.234662e+00
-6.700437e-01 -8.023690e-01
1.218750e+00 8.437500e-01
1.171875e+00 1.171875e+00
8.789062e-01 1.230469e+00
1.875000e-01 -1.257402e+00
-1.227679e+00 -1.227679e+00
-1.167230e-01 -8.728980e-01
7.627583e-01 7.451416e-02
4.377707e-01 -4.140258e-01
7.681145e-01 -8.848157e-01
-7.614851e-01 8.791399e-01
-1.287802e+00 9.375000e-01
-1.222574e+00 1.223431e+00
1.287802e+00 -9.375000e-01
1.222574e+00 -1.223431e+00
9.375000e-01 -1.287802e+00
1.236315e+00 -6.654065e-01
8.750634e-01 6.719067e-01
-1.477364e-01 1.265615e+00
1.303571e+00 -1.875000e-01
-3.823149e-01 4.955686e-01
-1.303912e+00 1.875000e-01
1.304509e+00 1.875000e-01
-8.639423e-02 9.424745e-01
-9.554065e-01 1.284670e+00
5.043676e-01 4.860900e-01
1.279142e-01 -3.564326e-01
1.125423e-01 -1.143716e-01
1.537191e-02 -2.420610e-01
-1.517639e-01 -3.741934e-01
-1.671358e-01 -1.321324e-01
2.342572e-01 -4.490739e-01
1.384411e-01 3.410281e-01
-2.524939e-02 1.996590e-01
1.636905e-01 1.413690e-01
-3.546358e-01 -5.071324e-01
-2.270723e-01 3.103361e-01
-2.018229e-01 1.106771e-01
-3.689588e-01 -2.145533e-02
2.186474e-01 5.217570e-01
2.762328e-01 2.699740e-02
simplices
13 57 88
70 101 103
34 101 103
70 102 103
8 102 103
23 32 47
21 32 47
23 74 80
21 32 46
19 40 61
12 72 86
30 67 99
29 89 90
27 36 79
19 40 81
24 48 92
24 33 48
20 48 92
20 39 92
31 69 82
22 33 48
37 103 104
34 103 104
37 103 105
8 103 105
18 62 85
70 101 106
34 101 106
70 83 106
27 40 81
28 41 69
41 69 82
18 62 95
21 35 66
16 45 78
63 93 98
23 73 80
30 67 85
6 59 63
27 71 81
29 68 84
29 84 90
64 107 109
38 107 109
64 108 109
8 108 109
34 71 106
71 83 106
9 32 54
22 33 63
19 47 75
19 34 110
34 104 110
37 104 110
64 111 112
35 111 112
64 108 112
8 108 112
26 67 85
14 36 49
8 105 113
37 105 113
8 112 113
35 112 113
21 37 113
21 35 113
31 70 83
20 41 82
5 53 94
10 50 61
15 39 60
20 39 41
43 73 80
42 74 80
9 43 73
24 76 77
15 39 76
15 44 76
44 76 77
25 65 66
7 55 96
37 47 110
19 47 110
21 37 47
22 48 100
20 48 100
36 49 79
4 49 79
4 40 50
40 50 61
30 86 87
30 87 99
29 88 89
14 52 90
28 53 94
13 88 91
32 46 54
7 46 54
25 72 96
55 72 96
26 62 85
6 63 93
57 88 89
52 89 90
58 86 87
51 87 99
33 59 63
16 33 59
39 60 97
5 60 97
23 47 75
10 42 74
64 95 111
35 95 111
64 107 114
38 107 114
22 64 114
22 62 98
22 63 98
22 62 64
62 64 95
25 65 72
18 65 66
25 46 66
21 46 66
26 56 67
11 56 67
28 68 91
17 71 83
17 68 69
28 68 69
31 70 115
31 38 115
8 102 115
70 102 115
8 109 115
38 109 115
27 36 71
17 36 71
12 58 86
12 55 72
23 32 73
9 32 73
10 61 74
23 61 74
23 61 75
19 61 75
45 77 78
24 77 78
2 44 77
2 45 77
16 33 78
24 33 78
27 40 79
4 40 79
0 43 80
0 42 80
34 71 81
19 34 81
20 38 82
31 38 82
17 69 83
31 69 83
17 68 84
17 36 84
30 65 85
18 65 85
65 72 86
30 65 86
3 51 87
3 58 87
29 68 91
29 88 91
1 52 89
1 57 89
36 84 90
14 36 90
13 53 91
28 53 91
39 76 92
24 76 92
6 56 93
26 56 93
39 41 97
28 41 94
18 66 95
35 66 95
7 46 96
25 46 96
41 94 97
5 94 97
26 93 98
26 62 98
11 67 99
11 51 99
38 100 114
22 100 114
20 38 100
