ID=4962334
numvertices=1694
numsimplices=3354
vertices
-1.500000e+00 -1.500000e+00
1.500000e+00 -1.500000e+00
1.500000e+00 1.500000e+00
-1.500000e+00 1.500000e+00
0.000000e+00 -1.500000e+00
1.500000e+00 0.000000e+00
0.000000e+00 1.500000e+00
-1.500000e+00 0.000000e+00
0.000000e+00 0.000000e+00
-1.500000e+00 -7.500000e-01
-7.500000e-01 -1.500000e+00
-7.500000e-01 1.500000e+00
-1.500000e+00 7.500000e-01
1.500000e+00 -7.500000e-01
7.500000e-01 -1.500000e+00
1.500000e+00 7.500000e-01
7.500000e-01 1.500000e+00
6.250000e-01 -6.250000e-01
-6.250000e-01 6.250000e-01
-3.750000e-01 -7.500000e-01
7.500000e-01 3.750000e-01
-7.291667e-01 -1.041667e-01
1.099138e-01 7.607759e-01
-9.375000e-01 -9.375000e-01
9.375000e-01 9.375000e-01
-1.064867e+00 3.158144e-01
-3.750000e-01 1.107143e+00
1.580882e-01 -9.522059e-01
1.107143e+00 -3.750000e-01
1.015625e+00 -1.015625e+00
-1.015625e+00 1.015625e+00
5.208333e-01 -1.041667e-01
-1.089744e+00 -4.567308e-01
4.712911e-01 1.094597e+00
3.074382e-02 -4.841219e-01
-4.036458e-01 2.213542e-01
5.789250e-01 -1.091165e+00
-3.342717e-01 -2.642648e-01
3.273810e-01 2.827381e-01
1.125000e+00 5.625000e-01
-2.181633e-01 -1.140332e+00
1.063337e+00 6.417411e-02
-1.125000e+00 -1.500000e+00
-1.500000e+00 -1.125000e+00
1.500000e+00 1.125000e+00
1.125000e+00 1.500000e+00
-1.115997e+00 -6.921230e-02
-6.913853e-01 -5.034747e-01
6.094702e-01 7.343433e-01
3.750000e-01 -1.500000e+00
-3.750000e-01 -1.500000e+00
-1.125000e+00 1.500000e+00
1.125000e+00 -1.500000e+00
1.500000e+00 -3.750000e-01
-1.500000e+00 -3.750000e-01
-1.500000e+00 3.750000e-01
-3.750000e-01 1.500000e+00
1.500000e+00 -1.125000e+00
-1.500000e+00 1.125000e+00
3.750000e-01 1.500000e+00
1.500000e+00 3.750000e-01
-6.062135e-01 -1.139571e+00
-2.672414e-01 7.453818e-01
9.751259e-02 1.136715e+00
-5.049878e-02 3.993180e-01
-9.792008e-01 6.614242e-01
-7.395241e-01 2.317116e-01
-7.098214e-01 1.162946e+00
9.598214e-01 -6.808036e-01
7.749081e-01 -3.241850e-01
2.250847e-01 -2.287433e-01
3.025081e-01 -6.615515e-01
-1.255097e+00 5.463888e-01
-1.250000e+00 -9.375000e-01
-8.914858e-01 -1.234662e+00
-6.700437e-01 -8.023690e-01
1.218750e+00 8.437500e-01
1.171875e+00 1.171875e+00
8.789062e-01 1.230469e+00
1.875000e-01 -1.257402e+00
-1.227679e+00 -1.227679e+00
-1.167230e-01 -8.728980e-01
7.627583e-01 7.451416e-02
4.377707e-01 -4.140258e-01
7.681145e-01 -8.848157e-01
-7.614851e-01 8.791399e-01
-1.287802e+00 9.375000e-01
-1.222574e+00 1.223431e+00
1.287802e+00 -9.375000e-01
1.222574e+00 -1.223431e+00
9.375000e-01 -1.287802e+00
1.236315e+00 -6.654065e-01
8.750634e-01 6.719067e-01
-1.477364e-01 1.265615e+00
1.303571e+00 -1.875000e-01
-3.823149e-01 4.955686e-01
-1.303912e+00 1.875000e-01
1.304509e+00 1.875000e-01
-8.639423e-02 9.424745e-01
-9.554065e-01 1.284670e+00
5.043676e-01 4.860900e-01
-8.905644e-01 -4.801027e-01
-8.144426e-01 -7.204874e-01
-1.013622e+00 -6.971154e-01
-7.102760e-01 -3.038207e-01
-9.094551e-01 -2.804487e-01
-1.102870e+00 -2.629715e-01
-9.225820e-01 -8.668948e-02
-4.121884e-01 -1.139951e+00
-4.906067e-01 -9.447856e-01
-2.965817e-01 -9.451658e-01
3.685066e-01 -1.021685e+00
-1.674431e-01 -1.006615e+00
-2.458615e-01 -8.114490e-01
5.403807e-01 9.144702e-01
7.043956e-01 1.016049e+00
6.797351e-01 5.546716e-01
7.688332e-01 -1.248354e-01
6.417958e-01 -1.482626e-02
6.478707e-01 -2.141759e-01
3.596920e-01 7.475596e-01
2.906025e-01 9.276865e-01
-5.143632e-01 8.122608e-01
-6.932425e-01 7.520700e-01
-4.461207e-01 6.851909e-01
2.342572e-01 -4.490739e-01
2.068264e-02 -9.125519e-01
-3.003755e-02 -1.046269e+00
9.191226e-01 -1.300055e-01
9.130477e-01 6.934413e-02
-3.247781e-01 6.204752e-01
-5.036575e-01 5.602843e-01
-7.343454e-01 6.377249e-02
-5.664062e-01 5.859375e-02
-1.170653e-01 1.104045e+00
5.559182e-03 1.039595e+00
2.362563e-01 1.318358e+00
9.289255e-02 -7.672247e-01
2.302981e-01 -8.068787e-01
3.701394e-01 -5.377886e-01
1.666259e-01 -5.728367e-01
2.844019e-01 1.115656e+00
1.037132e-01 9.487457e-01
-6.807145e-01 -6.529219e-01
-5.225218e-01 -7.761845e-01
-5.331926e-01 -6.267374e-01
-3.546358e-01 -5.071324e-01
-1.721281e-01 -6.170610e-01
-5.682425e-01 9.931414e-01
-3.689588e-01 -2.145533e-02
-5.317192e-01 -1.842157e-01
4.793020e-01 -2.590962e-01
3.729590e-01 -1.664550e-01
7.563791e-01 2.247571e-01
9.066685e-01 2.195871e-01
-4.906067e-01 -1.319786e+00
1.094169e+00 3.133371e-01
-8.593625e-01 4.465679e-01
-9.021958e-01 2.737630e-01
-1.022034e+00 4.886193e-01
-5.128285e-01 -3.838698e-01
5.569189e-01 6.102166e-01
3.071407e-01 6.234329e-01
6.271838e-01 4.305450e-01
-1.307999e+00 -2.221061e-01
-3.211207e-01 9.262623e-01
2.186474e-01 5.217570e-01
-1.768178e-01 8.439282e-01
1.175978e-02 8.516252e-01
-7.866379e-02 7.530788e-01
-1.588701e-01 5.723499e-01
-6.822621e-01 4.283558e-01
-8.021004e-01 6.432121e-01
-9.277608e-01 8.124967e-02
-1.090432e+00 1.233010e-01
5.313853e-01 -5.195129e-01
4.637540e-01 -6.432757e-01
8.673648e-01 -5.024943e-01
6.999541e-01 -4.745925e-01
2.762328e-01 2.699740e-02
4.407165e-01 -8.763580e-01
6.019625e-01 -8.580823e-01
-1.169872e+00 -6.971154e-01
-7.718567e-01 -1.038536e+00
-6.381286e-01 -9.709701e-01
-1.533166e-02 -1.198867e+00
-4.298957e-02 -6.785099e-01
5.450696e-01 1.786261e-01
5.386905e-01 3.288690e-01
6.063394e-01 -3.691054e-01
-5.609195e-01 3.636401e-01
-2.306971e-01 1.024809e+00
4.158743e-01 3.844140e-01
1.279142e-01 -3.564326e-01
1.537191e-02 -2.420610e-01
-8.525035e-01 -6.002950e-01
-7.909748e-01 -4.917887e-01
-1.051683e+00 -5.769231e-01
-9.901540e-01 -4.684168e-01
-7.529139e-01 -6.119810e-01
-9.000098e-01 -3.802757e-01
-8.004202e-01 -3.919617e-01
-9.995994e-01 -3.685897e-01
-8.098655e-01 -2.921347e-01
-7.008306e-01 -4.036477e-01
-8.193109e-01 -1.923077e-01
-7.197213e-01 -2.039937e-01
-1.006163e+00 -2.717101e-01
-1.109434e+00 -1.660919e-01
-1.012726e+00 -1.748305e-01
-1.096307e+00 -3.598512e-01
-9.160186e-01 -1.835691e-01
-1.019290e+00 -7.795089e-02
-8.258744e-01 -9.542807e-02
-3.935942e-01 -9.449757e-01
-2.573725e-01 -1.042749e+00
-3.543850e-01 -1.042559e+00
-3.357908e-01 -8.475829e-01
-4.328034e-01 -8.473928e-01
-4.513976e-01 -1.042368e+00
-3.151759e-01 -1.140142e+00
-5.484101e-01 -1.042178e+00
-5.092010e-01 -1.139761e+00
-8.627232e-01 1.089286e+00
4.737158e-01 -1.056425e+00
3.832125e-01 -1.174283e+00
2.632974e-01 -9.869455e-01
1.727941e-01 -1.104804e+00
-2.320124e-01 -9.758903e-01
-1.420830e-01 -9.397564e-01
-2.066523e-01 -9.090319e-01
-1.928032e-01 -1.073473e+00
-2.712216e-01 -8.783074e-01
-1.812922e-01 -8.421735e-01
-3.104307e-01 -7.807245e-01
7.422668e-01 7.031250e-01
7.734851e-01 8.359216e-01
6.569329e-01 8.751959e-01
5.749254e-01 8.244067e-01
5.878434e-01 1.055323e+00
5.058359e-01 1.004534e+00
6.446026e-01 6.445075e-01
7.148675e-01 4.648358e-01
8.125317e-01 5.234534e-01
9.375000e-01 4.687500e-01
7.053145e-01 -6.983085e-02
5.813146e-01 -5.949646e-02
6.448333e-01 -1.145011e-01
7.022770e-01 2.984395e-02
7.657957e-01 -2.516064e-02
7.083520e-01 -1.695056e-01
5.843520e-01 -1.591713e-01
7.113894e-01 -2.691804e-01
7.718707e-01 -2.245102e-01
3.251472e-01 8.376230e-01
3.809468e-01 1.011142e+00
4.154916e-01 9.210783e-01
2.002581e-01 8.442312e-01
2.348029e-01 7.541677e-01
4.500363e-01 8.310149e-01
4.845811e-01 7.409514e-01
-1.517639e-01 -3.741934e-01
-1.671358e-01 -1.321324e-01
-6.038029e-01 7.821654e-01
-6.591213e-01 6.885350e-01
-5.696816e-01 7.186304e-01
-7.273638e-01 8.156049e-01
-6.379242e-01 8.457004e-01
-4.802420e-01 7.487259e-01
-5.355603e-01 6.550954e-01
-3.566810e-01 7.152863e-01
-3.908023e-01 7.788213e-01
1.325005e-01 -4.665979e-01
3.360140e-01 -4.315498e-01
3.314277e-01 -3.213845e-01
-7.338025e-02 -9.595834e-01
-1.241004e-01 -1.093300e+00
-4.802016e-02 -8.927249e-01
6.402534e-02 -9.992373e-01
8.938544e-02 -9.323789e-01
8.470154e-01 -2.270953e-01
9.410255e-01 -3.495925e-01
9.912298e-01 -3.291568e-02
1.085240e+00 -1.554129e-01
8.439779e-01 -1.274205e-01
8.409404e-01 -2.774566e-02
9.160851e-01 -3.033067e-02
8.379030e-01 7.192914e-02
9.881924e-01 6.675912e-02
-3.854494e-01 6.528330e-01
-3.535465e-01 5.580219e-01
-4.142178e-01 5.903797e-01
-2.960098e-01 6.829285e-01
-4.748891e-01 6.227376e-01
-4.429862e-01 5.279264e-01
-5.643287e-01 5.926421e-01
-6.529652e-01 1.451527e-01
-5.715850e-01 2.265329e-01
-7.369348e-01 1.477421e-01
-6.477865e-01 -2.278646e-02
-7.317560e-01 -2.019709e-02
5.153589e-02 1.088155e+00
-9.776366e-03 1.120380e+00
-4.041752e-02 9.910348e-01
-1.017298e-01 1.023260e+00
-2.511191e-02 1.201165e+00
-7.356533e-01 1.021043e+00
1.668844e-01 1.227537e+00
4.875630e-02 1.318358e+00
5.678760e-02 -8.398883e-01
1.254904e-01 -8.597153e-01
-1.191520e-02 -8.200613e-01
1.615954e-01 -7.870517e-01
1.941932e-01 -8.795423e-01
2.664031e-01 -7.342151e-01
1.977003e-01 -7.143881e-01
8.528073e-01 -1.086309e+00
1.384411e-01 3.410281e-01
1.636905e-01 1.413690e-01
2.345670e-01 -6.171941e-01
2.683827e-01 -5.553127e-01
9.868488e-02 -5.284793e-01
3.363237e-01 -5.996701e-01
4.039550e-01 -4.759072e-01
-1.294872e+00 -4.158654e-01
-1.294872e+00 -6.033654e-01
2.875022e-01 1.021671e+00
1.909572e-01 1.126186e+00
1.940575e-01 1.032201e+00
3.778465e-01 1.105127e+00
1.971578e-01 9.382161e-01
1.006129e-01 1.042731e+00
1.068135e-01 8.547608e-01
-6.069535e-01 -6.398296e-01
-6.016181e-01 -7.145532e-01
-6.753791e-01 -7.276454e-01
-6.122889e-01 -5.651060e-01
-6.860499e-01 -5.781983e-01
-5.278572e-01 -7.014609e-01
-5.962827e-01 -7.892768e-01
-4.540963e-01 -6.883687e-01
-4.487609e-01 -7.630923e-01
-7.069214e-02 -5.505914e-01
-1.619460e-01 -4.956272e-01
-2.735640e-01 -6.835305e-01
-3.648179e-01 -6.285662e-01
-3.444538e-01 -3.856986e-01
-2.270723e-01 3.103361e-01
-2.018229e-01 1.106771e-01
-4.716213e-01 1.050142e+00
-5.424107e-01 1.135045e+00
-6.648638e-01 9.361406e-01
4.769625e-01 -1.295582e+00
-3.516152e-01 -1.428601e-01
-6.304429e-01 -1.441912e-01
-5.490627e-01 -6.281100e-02
-4.329954e-01 -2.242403e-01
4.053648e-01 -2.902404e-01
4.585363e-01 -3.365610e-01
4.468962e-01 -1.353108e-01
5.000677e-01 -1.816315e-01
9.098581e-01 1.444656e-01
8.347134e-01 1.470506e-01
9.850028e-01 1.418806e-01
8.315238e-01 2.221721e-01
7.595687e-01 1.496356e-01
8.283343e-01 2.972935e-01
7.531896e-01 2.998785e-01
-5.484101e-01 -1.229678e+00
-6.781067e-01 -1.319786e+00
9.220843e-01 3.441685e-01
1.078753e+00 1.887556e-01
-8.807791e-01 3.601655e-01
-9.835316e-01 2.947887e-01
-9.621149e-01 3.811912e-01
-8.208600e-01 2.527373e-01
-7.994433e-01 3.391398e-01
-9.406983e-01 4.675936e-01
-1.043451e+00 4.022168e-01
-1.000617e+00 5.750218e-01
-9.192816e-01 5.539961e-01
-4.337322e-01 -4.455011e-01
-6.021069e-01 -4.436722e-01
-5.230106e-01 -5.053036e-01
-4.235501e-01 -3.240673e-01
-4.439142e-01 -5.669349e-01
-6.115522e-01 -3.438452e-01
-6.209976e-01 -2.440182e-01
-5.222738e-01 -2.840428e-01
4.583054e-01 6.788881e-01
5.306432e-01 5.481533e-01
4.320298e-01 6.168248e-01
5.831945e-01 6.722799e-01
3.334163e-01 6.854962e-01
4.057541e-01 5.547614e-01
2.085272e-01 6.921044e-01
6.183270e-01 5.824441e-01
5.920513e-01 5.203808e-01
6.534594e-01 4.926083e-01
5.657757e-01 4.583175e-01
6.885919e-01 4.027725e-01
-2.965817e-01 -1.320166e+00
-1.090817e-01 -1.320166e+00
-3.543850e-01 -1.230059e+00
-1.198871e+00 -3.394185e-01
-1.211998e+00 -1.456592e-01
-1.307999e+00 -3.460615e-02
-1.279504e+00 3.669444e-01
-1.184390e+00 2.516572e-01
-1.159982e+00 4.311016e-01
-5.413029e-01 9.027011e-01
-4.446816e-01 9.597018e-01
-4.177420e-01 8.692616e-01
-3.480603e-01 1.016703e+00
-2.941810e-01 8.358220e-01
3.537737e-01 1.206477e+00
4.231456e-01 1.297299e+00
6.106456e-01 1.297299e+00
-7.422431e-01 -7.614282e-01
-8.037718e-01 -8.699345e-01
-2.164068e-01 4.474433e-01
-3.929804e-01 3.584614e-01
2.730142e-01 4.022475e-01
1.642806e-01 6.412664e-01
2.970751e-02 5.800469e-01
-1.277408e-01 7.985035e-01
-8.252901e-02 8.477767e-01
-1.316060e-01 8.932014e-01
-1.729526e-01 7.492303e-01
-2.220296e-01 7.946550e-01
-3.345201e-02 8.023520e-01
-3.731722e-02 8.970499e-01
1.562500e-02 7.569273e-01
6.083679e-02 8.062005e-01
5.463619e-02 9.941703e-01
8.659481e-03 9.456101e-01
5.773649e-02 9.001854e-01
-2.447814e-02 6.665629e-01
-2.130557e-01 6.588658e-01
-2.705925e-01 5.339592e-01
-1.117149e+00 6.039065e-01
-7.708123e-01 4.374619e-01
-6.536310e-01 5.266779e-01
-7.421812e-01 5.357840e-01
-7.108931e-01 3.300337e-01
-8.307314e-01 5.448900e-01
-7.135502e-01 6.341061e-01
-8.906506e-01 6.523182e-01
-9.149783e-01 1.775063e-01
-9.963141e-01 1.985320e-01
-8.336425e-01 1.564807e-01
-1.009097e+00 1.022754e-01
-1.077650e+00 2.195577e-01
-1.103215e+00 2.704438e-02
-1.021879e+00 6.018688e-03
-8.310531e-01 7.251108e-02
-8.284637e-01 -1.145850e-02
-9.251714e-01 -2.719904e-03
-5.424107e-01 1.331473e+00
-3.750000e-01 1.303571e+00
4.169467e-01 -5.905322e-01
4.507623e-01 -5.286508e-01
3.831310e-01 -6.524136e-01
4.975697e-01 -5.813943e-01
4.845780e-01 -4.667694e-01
5.443770e-01 -6.341379e-01
5.781927e-01 -5.722565e-01
6.624770e-01 -5.497963e-01
7.461824e-01 -5.637472e-01
7.374311e-01 -3.993888e-01
8.211364e-01 -4.133397e-01
7.924107e-01 -6.529018e-01
3.985331e-01 -3.858463e-02
4.241071e-01 8.928571e-02
3.355073e-01 -8.416183e-01
2.994024e-01 -9.142819e-01
3.716123e-01 -7.689548e-01
4.046116e-01 -9.490216e-01
5.098208e-01 -9.837613e-01
4.522353e-01 -7.598169e-01
5.328583e-01 -7.506790e-01
5.213395e-01 -8.672201e-01
6.134813e-01 -7.415411e-01
5.904438e-01 -9.746234e-01
-1.129808e+00 -5.769231e-01
-7.488496e-01 -1.187117e+00
-6.890351e-01 -1.089053e+00
-6.540861e-01 -8.866696e-01
-7.209502e-01 -9.204523e-01
-6.221710e-01 -1.055271e+00
-5.643677e-01 -9.578778e-01
-5.803252e-01 -8.735773e-01
-5.065643e-01 -8.604850e-01
6.750987e-01 1.162533e+00
7.137829e-02 -1.075536e+00
-1.167475e-01 -1.169599e+00
2.495149e-02 -7.228673e-01
-6.122875e-03 -5.813159e-01
6.181819e-02 -6.256733e-01
-7.985626e-02 -7.757039e-01
1.297592e-01 -6.700307e-01
-1.075588e-01 -6.477854e-01
-1.444255e-01 -7.449795e-01
-2.089948e-01 -7.142550e-01
6.507244e-01 2.016916e-01
6.475348e-01 2.768131e-01
6.539139e-01 1.265701e-01
5.418800e-01 2.537476e-01
6.443452e-01 3.519345e-01
4.330357e-01 3.058036e-01
4.362253e-01 2.306821e-01
5.329515e-01 3.722973e-02
5.688624e-01 -4.443092e-01
6.156697e-01 -4.970527e-01
5.220550e-01 -3.915656e-01
6.531467e-01 -4.218490e-01
6.906238e-01 -3.466452e-01
5.428207e-01 -3.141008e-01
5.635864e-01 -2.366360e-01
6.271051e-01 -2.916406e-01
6.965573e-01 -7.549079e-01
6.735198e-01 -9.879901e-01
-8.703429e-01 7.702821e-01
-9.974129e-01 8.385246e-01
-7.817927e-01 7.611760e-01
-1.133502e+00 7.994621e-01
-2.613682e-01 1.186379e+00
1.183923e+00 1.258371e-01
-5.322885e-01 4.619622e-01
-5.929598e-01 4.943201e-01
-4.716172e-01 4.296043e-01
-6.215908e-01 3.959980e-01
-6.502218e-01 2.976759e-01
-1.209955e+00 5.914385e-02
1.304040e+00 2.775558e-17
-3.028486e-01 1.065976e+00
-1.585457e-01 9.836416e-01
-2.489692e-01 8.850952e-01
-2.037575e-01 9.343684e-01
-2.759089e-01 9.755355e-01
4.601209e-01 4.352520e-01
3.615075e-01 5.039235e-01
3.716276e-01 3.335761e-01
4.772824e-01 3.566415e-01
5.215290e-01 4.074795e-01
5.829371e-01 3.797070e-01
2.305786e-02 -3.630914e-01
7.932903e-02 -4.202773e-01
-8.407696e-01 -4.859457e-01
-8.715340e-01 -5.401989e-01
-7.411801e-01 -4.976317e-01
-7.719444e-01 -5.518849e-01
-9.520931e-01 -5.886091e-01
-9.403592e-01 -4.742597e-01
-9.711236e-01 -5.285129e-01
-1.039949e+00 -4.625738e-01
-1.070713e+00 -5.168269e-01
-7.221496e-01 -5.577279e-01
-7.956975e-01 -4.418752e-01
-8.454923e-01 -4.360322e-01
-7.459027e-01 -4.477182e-01
-8.502150e-01 -3.861187e-01
-8.952871e-01 -4.301892e-01
-8.549377e-01 -3.362052e-01
-9.047325e-01 -3.303622e-01
-9.948767e-01 -4.185032e-01
-9.450819e-01 -4.243462e-01
-1.044671e+00 -4.126603e-01
-9.498046e-01 -3.744327e-01
-9.545272e-01 -3.245192e-01
-7.506254e-01 -3.978047e-01
-7.055533e-01 -3.537342e-01
-7.553481e-01 -3.478912e-01
-6.961079e-01 -4.535612e-01
-8.051429e-01 -3.420482e-01
-7.600708e-01 -2.979777e-01
-8.596603e-01 -2.862917e-01
-7.695161e-01 -1.981507e-01
-7.149986e-01 -2.539072e-01
-7.647934e-01 -2.480642e-01
-7.244440e-01 -1.540802e-01
-7.742388e-01 -1.482372e-01
-8.145882e-01 -2.422212e-01
-8.643830e-01 -2.363782e-01
-1.009445e+00 -2.232703e-01
-1.057798e+00 -2.189010e-01
-1.054517e+00 -2.673408e-01
-9.610907e-01 -2.276396e-01
-9.578090e-01 -2.760794e-01
-1.061080e+00 -1.704612e-01
-1.106152e+00 -2.145317e-01
-1.064362e+00 -1.220214e-01
-1.112716e+00 -1.176521e-01
-1.002881e+00 -3.201499e-01
-1.051235e+00 -3.157806e-01
-1.047953e+00 -3.642204e-01
-1.099589e+00 -3.114113e-01
-1.093025e+00 -4.082910e-01
-9.643724e-01 -1.791998e-01
-9.193003e-01 -1.351293e-01
-9.676542e-01 -1.307600e-01
-9.127369e-01 -2.320089e-01
-1.016008e+00 -1.263907e-01
-9.709359e-01 -8.232019e-02
-1.067644e+00 -7.358159e-02
-8.676647e-01 -1.879384e-01
-8.709465e-01 -1.394986e-01
-8.225926e-01 -1.438679e-01
-8.742282e-01 -9.105878e-02
-7.775205e-01 -9.979737e-02
-3.739896e-01 -9.937672e-01
-3.254834e-01 -9.938622e-01
-3.450879e-01 -9.450708e-01
-4.224959e-01 -9.936721e-01
-4.421005e-01 -9.448806e-01
-3.058788e-01 -1.042654e+00
-2.769771e-01 -9.939573e-01
-2.862742e-01 -1.091445e+00
-2.377679e-01 -1.091540e+00
-4.131988e-01 -8.961842e-01
-3.646925e-01 -8.962793e-01
-4.617051e-01 -8.960892e-01
-3.842971e-01 -8.474879e-01
-3.161862e-01 -8.963744e-01
-4.039017e-01 -7.986964e-01
-3.553954e-01 -7.987915e-01
-3.347805e-01 -1.091350e+00
-3.636821e-01 -1.140046e+00
-3.832867e-01 -1.091255e+00
-2.666696e-01 -1.140237e+00
-4.028913e-01 -1.042464e+00
-4.317930e-01 -1.091160e+00
-4.710022e-01 -9.935770e-01
-5.288055e-01 -1.090970e+00
-4.606947e-01 -1.139856e+00
-4.802993e-01 -1.091065e+00
-5.577072e-01 -1.139666e+00
-5.773118e-01 -1.090875e+00
-4.999038e-01 -1.042273e+00
-5.195084e-01 -9.934820e-01
3.758596e-01 -1.097984e+00
2.780033e-01 -1.139544e+00
4.211112e-01 -1.039055e+00
4.810688e-01 -1.132724e+00
5.263204e-01 -1.073795e+00
2.706504e-01 -1.063245e+00
3.159020e-01 -1.004315e+00
1.654412e-01 -1.028505e+00
2.106928e-01 -9.695757e-01
-2.193324e-01 -9.424611e-01
-1.870477e-01 -9.578234e-01
-1.997278e-01 -9.912526e-01
-2.516170e-01 -9.270989e-01
-2.642970e-01 -9.605281e-01
-1.743677e-01 -9.243941e-01
-1.547631e-01 -9.731856e-01
-1.616876e-01 -8.909649e-01
-1.294030e-01 -9.063272e-01
-2.446925e-01 -1.009320e+00
-2.124078e-01 -1.024682e+00
-2.250879e-01 -1.058111e+00
-1.801232e-01 -1.040044e+00
-2.054833e-01 -1.106902e+00
-2.389369e-01 -8.936696e-01
-2.585415e-01 -8.448782e-01
-2.262569e-01 -8.602404e-01
-2.839016e-01 -9.117366e-01
-1.939723e-01 -8.756027e-01
-2.135768e-01 -8.268112e-01
-1.490076e-01 -8.575357e-01
-3.035062e-01 -8.629452e-01
-2.908262e-01 -8.295159e-01
-3.231108e-01 -8.141537e-01
-2.781461e-01 -7.960867e-01
-3.427154e-01 -7.653622e-01
6.914776e-01 7.851325e-01
6.758685e-01 7.187341e-01
5.576530e-01 8.694384e-01
5.986568e-01 8.948330e-01
5.921978e-01 7.793750e-01
6.332015e-01 8.047696e-01
6.223881e-01 9.652593e-01
5.231083e-01 9.595019e-01
5.641120e-01 9.848965e-01
4.885635e-01 1.049565e+00
5.295673e-01 1.074960e+00
7.110009e-01 6.288983e-01
7.773993e-01 6.132892e-01
6.621689e-01 5.995895e-01
6.270364e-01 6.894254e-01
7.461334e-01 5.390625e-01
6.973013e-01 5.097537e-01
7.812659e-01 4.492267e-01
7.324338e-01 4.199179e-01
8.437500e-01 4.218750e-01
6.750739e-01 -9.216595e-02
6.433145e-01 -6.466366e-02
6.735552e-01 -4.232855e-02
7.068332e-01 -1.196682e-01
7.370739e-01 -9.733315e-02
6.130739e-01 -8.699876e-02
6.115552e-01 -3.716136e-02
5.828333e-01 -1.093339e-01
5.510740e-01 -8.183156e-02
7.355551e-01 -4.749575e-02
7.037958e-01 -1.999345e-02
7.673145e-01 -7.499804e-02
7.340364e-01 2.341653e-03
6.720364e-01 7.508848e-03
7.642770e-01 2.467676e-02
7.325177e-01 5.217905e-02
6.765926e-01 -1.420034e-01
6.781113e-01 -1.918408e-01
6.463520e-01 -1.643385e-01
7.385926e-01 -1.471705e-01
6.145926e-01 -1.368362e-01
6.161114e-01 -1.866736e-01
5.525927e-01 -1.316690e-01
7.401113e-01 -1.970079e-01
7.098707e-01 -2.193430e-01
7.703519e-01 -1.746728e-01
7.416300e-01 -2.468453e-01
6.796301e-01 -2.416782e-01
7.733894e-01 -2.743476e-01
7.431488e-01 -2.966827e-01
3.703194e-01 8.793507e-01
3.530470e-01 9.243824e-01
3.078748e-01 8.826547e-01
3.875918e-01 8.343189e-01
3.424196e-01 7.925913e-01
3.982192e-01 9.661100e-01
3.357746e-01 9.694141e-01
4.433914e-01 1.007838e+00
4.261190e-01 1.052869e+00
2.799751e-01 7.958954e-01
2.627027e-01 8.409271e-01
2.972474e-01 7.508636e-01
2.175305e-01 7.991994e-01
2.454303e-01 8.859588e-01
1.723583e-01 7.574718e-01
1.550860e-01 8.025035e-01
4.606637e-01 9.628060e-01
4.779361e-01 9.177742e-01
4.327639e-01 8.760466e-01
4.952085e-01 8.727425e-01
4.048642e-01 7.892872e-01
5.297532e-01 7.826791e-01
5.124809e-01 8.277108e-01
5.470256e-01 7.376473e-01
4.673087e-01 7.859831e-01
4.221365e-01 7.442555e-01
-2.430178e-01 -3.192291e-01
-1.594499e-01 -2.531629e-01
-6.051006e-02 -4.291576e-01
-2.507038e-01 -1.981986e-01
-5.867423e-01 7.503979e-01
-6.314621e-01 7.353502e-01
-6.485227e-01 7.671177e-01
-5.420224e-01 7.654456e-01
-5.590831e-01 7.972131e-01
-6.144014e-01 7.035827e-01
-6.761819e-01 7.203025e-01
-5.973408e-01 6.718152e-01
-6.420606e-01 6.567675e-01
-6.208635e-01 8.139329e-01
-6.655834e-01 7.988852e-01
-5.761437e-01 8.289806e-01
-6.826440e-01 8.306527e-01
-7.103032e-01 7.838374e-01
-6.997046e-01 8.624201e-01
-7.444245e-01 8.473724e-01
-5.249618e-01 7.336781e-01
-4.631813e-01 7.169584e-01
-5.079012e-01 7.019107e-01
-4.973026e-01 7.804934e-01
-5.526210e-01 6.868629e-01
-4.908405e-01 6.701432e-01
-5.802802e-01 6.400477e-01
-4.355221e-01 7.637736e-01
-4.184615e-01 7.320061e-01
-4.525828e-01 7.955411e-01
-3.737417e-01 7.470538e-01
-4.014009e-01 7.002386e-01
-3.290218e-01 7.621015e-01
-3.119612e-01 7.303341e-01
8.162217e-02 -4.753599e-01
3.845992e-01 -3.677052e-01
3.868923e-01 -4.227878e-01
-1.204117e-01 -9.830991e-01
-9.505160e-02 -9.162407e-01
-9.874034e-02 -1.026442e+00
-1.457718e-01 -1.049958e+00
-1.711319e-01 -1.116816e+00
-1.366876e-02 -9.026384e-01
-2.634881e-02 -9.360676e-01
-8.237156e-02 -8.828114e-01
-4.677454e-03 -9.794103e-01
5.503404e-02 -9.224654e-01
4.235399e-02 -9.558946e-01
1.237368e-01 -9.422924e-01
1.110568e-01 -9.757216e-01
9.300740e-01 -2.397990e-01
8.830690e-01 -1.785504e-01
8.579668e-01 -3.368888e-01
8.109617e-01 -2.756401e-01
1.013133e+00 -2.525027e-01
1.002181e+00 -1.427092e-01
9.551762e-01 -8.146057e-02
1.074289e+00 -4.561942e-02
1.027283e+00 1.562921e-02
8.033681e-01 -2.645315e-02
8.048868e-01 -7.629055e-02
8.018494e-01 2.338425e-02
8.424592e-01 -7.758306e-02
8.064055e-01 -1.261279e-01
8.800315e-01 -7.887556e-02
8.815502e-01 -1.287130e-01
8.094430e-01 -2.258027e-01
8.079243e-01 -1.759653e-01
8.454966e-01 -1.772579e-01
8.785128e-01 -2.903816e-02
9.145664e-01 1.950673e-02
8.769940e-01 2.079924e-02
9.176039e-01 -8.016807e-02
8.394217e-01 2.209174e-02
8.754753e-01 7.063664e-02
8.003306e-01 7.322165e-02
9.536575e-01 -3.162317e-02
9.521387e-01 1.821423e-02
9.897111e-01 1.692172e-02
9.506200e-01 6.805163e-02
1.025765e+00 6.546661e-02
-3.998336e-01 6.216064e-01
-3.694980e-01 6.054275e-01
-3.551138e-01 6.366541e-01
-4.301692e-01 6.377853e-01
-4.157851e-01 6.690120e-01
-3.838822e-01 5.742008e-01
-3.391623e-01 5.892485e-01
-3.982663e-01 5.429742e-01
-3.679307e-01 5.267952e-01
-3.710652e-01 6.840597e-01
-3.407296e-01 6.678808e-01
-3.263454e-01 6.991074e-01
-3.103940e-01 6.517018e-01
-2.816256e-01 7.141551e-01
-4.445534e-01 6.065587e-01
-4.892733e-01 5.915109e-01
-4.589376e-01 5.753320e-01
-4.605049e-01 6.539642e-01
-4.286020e-01 5.591531e-01
-4.733218e-01 5.441054e-01
-4.126505e-01 5.117475e-01
-5.052247e-01 6.389165e-01
-5.196089e-01 6.076899e-01
-5.499445e-01 6.238688e-01
-5.339931e-01 5.764632e-01
-5.946644e-01 6.088211e-01
-6.555546e-01 2.291223e-01
-6.962447e-01 1.884322e-01
-7.356401e-01 1.057573e-01
-6.936553e-01 1.044626e-01
-7.382295e-01 1.897269e-01
-6.503758e-01 6.118312e-02
-7.330507e-01 2.178770e-02
-6.910659e-01 2.049302e-02
-7.304614e-01 -6.218188e-02
-6.884766e-01 -6.347656e-02
-2.108592e-03 1.079988e+00
-5.575307e-02 1.071820e+00
2.854753e-02 1.063875e+00
4.386811e-02 1.128548e+00
7.452424e-02 1.112435e+00
-4.808530e-02 1.031427e+00
-1.742917e-02 1.015315e+00
-9.406200e-02 9.828671e-01
-6.340588e-02 9.667547e-01
3.620034e-02 1.168940e+00
-7.485692e-01 9.500915e-01
-8.121042e-01 9.842128e-01
-8.885550e-01 9.473825e-01
7.313445e-02 1.227537e+00
1.321985e-01 1.182126e+00
1.074379e-01 -8.960471e-01
7.308652e-02 -8.861336e-01
1.417893e-01 -9.059606e-01
9.113900e-02 -8.498018e-01
3.873512e-02 -8.762201e-01
1.091915e-01 -8.134700e-01
7.484007e-02 -8.035565e-01
-2.996768e-02 -8.563931e-01
4.383719e-03 -8.663066e-01
-6.431908e-02 -8.464796e-01
2.243620e-02 -8.299748e-01
4.048868e-02 -7.936430e-01
1.435429e-01 -8.233835e-01
1.959468e-01 -7.969652e-01
1.778943e-01 -8.332970e-01
1.272440e-01 -7.771382e-01
1.598418e-01 -8.696288e-01
2.122457e-01 -8.432105e-01
1.761407e-01 -9.158741e-01
1.796478e-01 -7.507199e-01
2.139992e-01 -7.606334e-01
1.452964e-01 -7.408064e-01
2.320517e-01 -7.243016e-01
2.483506e-01 -7.705469e-01
2.501042e-01 -6.879698e-01
2.844556e-01 -6.978833e-01
2.455357e-01 2.120536e-01
2.329110e-01 3.118831e-01
2.175043e-01 -5.640747e-01
2.004416e-01 -5.109553e-01
2.005965e-01 -5.950154e-01
2.854454e-01 -6.084321e-01
2.685375e-01 -6.393728e-01
1.495632e-01 -5.197173e-01
1.326554e-01 -5.506580e-01
6.471435e-02 -5.063006e-01
3.192610e-01 -5.465507e-01
3.021983e-01 -4.934313e-01
3.532315e-01 -5.687294e-01
3.194159e-01 -6.306108e-01
3.530767e-01 -4.846692e-01
3.870472e-01 -5.068479e-01
4.208628e-01 -4.449665e-01
-1.192308e+00 -5.300481e-01
-1.192308e+00 -4.362981e-01
2.407799e-01 1.026936e+00
2.392297e-01 1.073929e+00
2.859520e-01 1.068664e+00
2.423300e-01 9.799437e-01
2.890523e-01 9.746789e-01
1.925074e-01 1.079193e+00
2.376796e-01 1.120921e+00
1.457851e-01 1.084458e+00
1.442349e-01 1.131451e+00
3.342245e-01 1.016407e+00
3.326743e-01 1.063399e+00
3.793967e-01 1.058134e+00
3.311242e-01 1.110391e+00
4.245688e-01 1.099862e+00
1.956077e-01 9.852085e-01
1.504355e-01 9.434809e-01
1.488854e-01 9.904733e-01
2.438802e-01 9.329513e-01
1.473352e-01 1.037466e+00
1.021630e-01 9.957381e-01
9.906274e-02 1.089723e+00
1.987080e-01 8.912236e-01
1.519857e-01 8.964884e-01
1.535358e-01 8.494960e-01
1.052633e-01 9.017532e-01
1.083636e-01 8.077683e-01
-6.384986e-01 -7.210993e-01
-6.780468e-01 -6.902837e-01
-6.411663e-01 -6.837375e-01
-6.727114e-01 -7.650072e-01
-6.358309e-01 -7.584611e-01
-6.042858e-01 -6.771914e-01
-6.438340e-01 -6.463757e-01
-5.674054e-01 -6.706453e-01
-5.700731e-01 -6.332835e-01
-6.491694e-01 -5.716522e-01
-6.833822e-01 -6.155601e-01
-6.465017e-01 -6.090140e-01
-6.887176e-01 -5.408365e-01
-6.518371e-01 -5.342904e-01
-6.096212e-01 -6.024678e-01
-5.727408e-01 -5.959217e-01
-5.989504e-01 -7.519150e-01
-5.594023e-01 -7.827306e-01
-5.620700e-01 -7.453689e-01
-6.331632e-01 -7.958229e-01
-5.647377e-01 -7.080071e-01
-5.251895e-01 -7.388227e-01
-5.305249e-01 -6.640991e-01
-4.514286e-01 -7.257305e-01
-4.856414e-01 -7.696384e-01
-4.883091e-01 -7.322766e-01
-4.118805e-01 -7.565461e-01
-4.145482e-01 -7.191843e-01
-4.909768e-01 -6.949148e-01
-4.936445e-01 -6.575530e-01
-1.670371e-01 -5.563441e-01
-2.633820e-01 -5.620967e-01
-1.214101e-01 -5.838262e-01
-6.560110e-02 -4.898745e-01
-1.997416e-02 -5.173567e-01
-2.684730e-01 -6.228136e-01
-3.597269e-01 -5.678493e-01
-2.228461e-01 -6.502957e-01
-3.699090e-01 -6.892831e-01
-3.242820e-01 -7.167652e-01
-3.495448e-01 -4.464155e-01
-2.531999e-01 -4.406629e-01
-3.393627e-01 -3.249817e-01
-5.553266e-01 1.064093e+00
-6.390320e-01 1.078044e+00
-5.199319e-01 1.021642e+00
-4.587054e-01 1.121094e+00
-4.233106e-01 1.078642e+00
-6.165532e-01 9.646410e-01
-6.519479e-01 1.007092e+00
-7.131745e-01 9.076403e-01
5.279438e-01 -1.193373e+00
6.644625e-01 -1.295582e+00
-3.429435e-01 -2.035625e-01
-5.403909e-01 -1.235134e-01
-4.503390e-01 -1.028355e-01
-5.810811e-01 -1.642035e-01
-6.391147e-01 -8.348883e-02
-6.798048e-01 -1.241789e-01
-4.416672e-01 -1.635379e-01
-4.823573e-01 -2.042280e-01
-3.836336e-01 -2.442526e-01
4.215677e-01 -3.521331e-01
4.689192e-01 -2.978286e-01
4.423334e-01 -2.746683e-01
4.481535e-01 -3.752934e-01
4.261305e-01 -2.127756e-01
4.896848e-01 -2.203638e-01
4.630991e-01 -1.972035e-01
5.104505e-01 -1.428991e-01
4.838648e-01 -1.197387e-01
8.363082e-01 1.094899e-01
8.738805e-01 1.081974e-01
7.987358e-01 1.107824e-01
8.722857e-01 1.457581e-01
9.114529e-01 1.069049e-01
8.706910e-01 1.833188e-01
9.082633e-01 1.820263e-01
9.865976e-01 1.043198e-01
9.490252e-01 1.056124e-01
1.024170e+00 1.030273e-01
9.474304e-01 1.431731e-01
9.458357e-01 1.807338e-01
7.971411e-01 1.483431e-01
7.579739e-01 1.871963e-01
7.955463e-01 1.859038e-01
7.611635e-01 1.120749e-01
8.331186e-01 1.846113e-01
7.939515e-01 2.234646e-01
8.690962e-01 2.208796e-01
7.907619e-01 2.985860e-01
7.547844e-01 2.623178e-01
7.923567e-01 2.610253e-01
7.515948e-01 3.374393e-01
7.891671e-01 3.361468e-01
8.299290e-01 2.597328e-01
8.675014e-01 2.584403e-01
-6.421601e-01 -1.229678e+00
-5.773118e-01 -1.184625e+00
9.143764e-01 2.818778e-01
8.360421e-01 3.595843e-01
1.000419e+00 2.664621e-01
9.927107e-01 2.041713e-01
1.071045e+00 1.264648e-01
-9.214470e-01 3.706783e-01
-9.321554e-01 3.274771e-01
-8.914875e-01 3.169642e-01
-9.107387e-01 4.138795e-01
-8.700708e-01 4.033667e-01
-9.728233e-01 3.379899e-01
-9.428637e-01 2.842759e-01
-1.013491e+00 3.485028e-01
-1.024200e+00 3.053016e-01
-8.401112e-01 3.496526e-01
-8.508195e-01 3.064514e-01
-8.294029e-01 3.928539e-01
-8.101516e-01 2.959386e-01
-8.615279e-01 2.632502e-01
-7.694837e-01 2.854257e-01
-7.801921e-01 2.422245e-01
-9.514066e-01 4.243924e-01
-9.813662e-01 4.781065e-01
-9.920745e-01 4.349052e-01
-9.000304e-01 4.570808e-01
-1.002783e+00 3.917040e-01
-1.032742e+00 4.454181e-01
-1.054159e+00 3.590156e-01
-9.299900e-01 5.107948e-01
-9.706579e-01 5.213077e-01
-8.893220e-01 5.002820e-01
-9.599495e-01 5.645089e-01
-1.011326e+00 5.318205e-01
-9.492412e-01 6.077101e-01
-9.899091e-01 6.182230e-01
-4.783714e-01 -4.754023e-01
-5.179195e-01 -4.445867e-01
-4.732803e-01 -4.146854e-01
-4.388232e-01 -5.062180e-01
-3.941840e-01 -4.763168e-01
-5.625587e-01 -4.744879e-01
-5.574677e-01 -4.137710e-01
-6.071979e-01 -5.043891e-01
-6.467461e-01 -4.735735e-01
-3.890930e-01 -4.155999e-01
-4.286411e-01 -3.847842e-01
-3.840019e-01 -3.548830e-01
-4.681893e-01 -3.539685e-01
-3.789109e-01 -2.941661e-01
-5.676498e-01 -5.352048e-01
-5.281016e-01 -5.660205e-01
-4.834624e-01 -5.361192e-01
-4.885534e-01 -5.968361e-01
-3.992750e-01 -5.370336e-01
-4.094571e-01 -6.584674e-01
-4.490053e-01 -6.276518e-01
-4.043661e-01 -5.977505e-01
-6.703594e-01 -2.240059e-01
-6.656368e-01 -2.739195e-01
-6.750821e-01 -1.740924e-01
-6.162749e-01 -2.939317e-01
-6.609141e-01 -3.238330e-01
-5.669130e-01 -3.139440e-01
-5.621903e-01 -3.638575e-01
-6.514687e-01 -4.236600e-01
-6.561914e-01 -3.737465e-01
-6.068295e-01 -3.937587e-01
-6.257202e-01 -1.941047e-01
-5.763584e-01 -2.141170e-01
-5.716357e-01 -2.640305e-01
-5.269965e-01 -2.341293e-01
-5.175512e-01 -3.339563e-01
-4.282728e-01 -2.741538e-01
-4.776346e-01 -2.541415e-01
-4.729120e-01 -3.040550e-01
4.451676e-01 6.478564e-01
4.944743e-01 6.135207e-01
5.076122e-01 6.445524e-01
3.958609e-01 6.821922e-01
4.089987e-01 7.132238e-01
4.813365e-01 5.824890e-01
5.437811e-01 5.791850e-01
4.681987e-01 5.514574e-01
5.175054e-01 5.171216e-01
4.714433e-01 7.099198e-01
5.207500e-01 6.755840e-01
5.338878e-01 7.066157e-01
5.700567e-01 6.412483e-01
5.963323e-01 7.033116e-01
3.827231e-01 6.511605e-01
3.202785e-01 6.544646e-01
3.695852e-01 6.201288e-01
3.465542e-01 7.165279e-01
4.188920e-01 5.857931e-01
3.564474e-01 5.890972e-01
4.550609e-01 5.204257e-01
2.841096e-01 7.198320e-01
2.709718e-01 6.888003e-01
2.216651e-01 7.231361e-01
2.578340e-01 6.577687e-01
1.592205e-01 7.264401e-01
6.051892e-01 5.514125e-01
5.744851e-01 5.652987e-01
5.876229e-01 5.963304e-01
6.358932e-01 5.375262e-01
6.490310e-01 5.685579e-01
5.613473e-01 5.342670e-01
5.482095e-01 5.032354e-01
6.314648e-01 6.134758e-01
6.007608e-01 6.273620e-01
6.138986e-01 6.583937e-01
6.227554e-01 5.064946e-01
6.403216e-01 4.615766e-01
6.096176e-01 4.754629e-01
6.665973e-01 5.236400e-01
5.789135e-01 4.893491e-01
5.964797e-01 4.444312e-01
5.350716e-01 4.722037e-01
6.841635e-01 4.787221e-01
6.710257e-01 4.476904e-01
7.017297e-01 4.338042e-01
6.578878e-01 4.166587e-01
7.192959e-01 3.888862e-01
-1.636225e-01 -1.230249e+00
-2.573725e-01 -1.230249e+00
-3.832867e-01 -1.185005e+00
-2.862742e-01 -1.185195e+00
-4.513976e-01 -1.229868e+00
-4.802993e-01 -1.184815e+00
-1.144307e+00 -3.980746e-01
-1.150871e+00 -3.011950e-01
-1.205435e+00 -2.425388e-01
-1.157434e+00 -2.043154e-01
-1.163998e+00 -1.074358e-01
-1.211998e+00 -5.190922e-02
-1.124629e+00 2.837358e-01
-1.172186e+00 3.413794e-01
-1.112425e+00 3.734580e-01
-4.929923e-01 9.312015e-01
-5.064621e-01 9.764216e-01
-5.547727e-01 9.479212e-01
-4.795224e-01 8.859813e-01
-5.278331e-01 8.574810e-01
-4.581514e-01 1.004922e+00
-4.098408e-01 1.033422e+00
-5.896135e-01 8.742007e-01
-6.030834e-01 9.194209e-01
-6.513940e-01 8.909205e-01
-4.312118e-01 9.144817e-01
-3.694313e-01 8.977619e-01
-3.829012e-01 9.429821e-01
-4.660526e-01 8.407612e-01
-3.963710e-01 9.882022e-01
-3.345905e-01 9.714825e-01
-3.615302e-01 1.061923e+00
-4.042721e-01 8.240414e-01
-3.559615e-01 8.525418e-01
-3.424917e-01 8.073217e-01
-3.076509e-01 8.810422e-01
-2.807112e-01 7.906019e-01
3.190878e-01 1.161067e+00
2.603291e-01 1.217007e+00
4.125324e-01 1.150537e+00
2.256432e-01 1.171596e+00
4.472184e-01 1.195948e+00
5.409684e-01 1.195948e+00
-7.114788e-01 -7.071750e-01
-7.475785e-01 -6.867046e-01
-7.061434e-01 -7.818986e-01
-7.168142e-01 -6.324515e-01
-7.369077e-01 -8.361518e-01
-2.993609e-01 4.715059e-01
-3.046936e-01 4.029523e-01
-3.876476e-01 4.270150e-01
3.001976e-01 3.424928e-01
6.981065e-02 6.704114e-01
1.370972e-01 7.010211e-01
-1.070675e-01 8.704890e-01
-1.542119e-01 8.685648e-01
-1.296734e-01 8.458524e-01
-1.090001e-01 9.178379e-01
-8.446162e-02 8.951256e-01
-1.051349e-01 8.231401e-01
-1.522793e-01 8.212158e-01
-8.059640e-02 8.004277e-01
-1.032023e-01 7.757912e-01
-1.974911e-01 7.719426e-01
-1.994237e-01 8.192916e-01
-1.748852e-01 7.965792e-01
-2.446355e-01 7.700184e-01
-2.200970e-01 7.473060e-01
-1.503467e-01 7.738669e-01
-1.258082e-01 7.511546e-01
-5.992312e-02 8.724133e-01
-1.277872e-02 8.743375e-01
-3.538462e-02 8.497009e-01
-6.185573e-02 9.197622e-01
-5.799051e-02 8.250643e-01
-1.084611e-02 8.269886e-01
-5.605790e-02 7.777154e-01
3.823089e-02 7.815639e-01
3.629828e-02 8.289129e-01
1.369239e-02 8.042763e-01
8.537529e-02 7.834882e-01
6.276940e-02 7.588516e-01
-8.913503e-03 7.796397e-01
-3.151940e-02 7.550031e-01
-1.587902e-02 9.683224e-01
7.109331e-03 9.926026e-01
-3.886737e-02 9.440423e-01
3.164783e-02 9.698902e-01
3.009768e-02 1.016883e+00
5.618634e-02 9.471779e-01
7.917469e-02 9.714580e-01
7.607439e-02 1.065443e+00
5.308604e-02 1.041163e+00
7.762454e-02 1.018450e+00
3.319798e-02 9.228978e-01
3.474813e-02 8.759053e-01
1.020963e-02 8.986177e-01
8.072484e-02 9.244655e-01
-1.432887e-02 9.213300e-01
8.227499e-02 8.774731e-01
5.928664e-02 8.531930e-01
8.382514e-02 8.304806e-01
4.271782e-02 7.136694e-01
-5.157097e-02 7.098208e-01
-1.187669e-01 6.627144e-01
-1.458598e-01 7.059723e-01
-2.401486e-01 7.021238e-01
-3.264537e-01 5.147639e-01
-2.976853e-01 5.772172e-01
-2.418241e-01 5.964125e-01
-2.689169e-01 6.396705e-01
-1.069591e+00 5.462629e-01
-1.138565e+00 5.175040e-01
-1.048175e+00 6.326653e-01
-1.091008e+00 4.598604e-01
-7.564968e-01 4.866229e-01
-7.122217e-01 4.820699e-01
-7.265372e-01 4.329089e-01
-8.007719e-01 4.911759e-01
-8.150874e-01 4.420149e-01
-6.979061e-01 5.312309e-01
-6.679466e-01 4.775169e-01
-6.835906e-01 5.803920e-01
-6.393155e-01 5.758390e-01
-7.851278e-01 3.883008e-01
-7.408527e-01 3.837478e-01
-7.551682e-01 3.345868e-01
-6.965776e-01 3.791948e-01
-7.252086e-01 2.808727e-01
-7.864563e-01 5.403370e-01
-8.164159e-01 5.940511e-01
-7.721408e-01 5.894980e-01
-8.450469e-01 4.957290e-01
-7.278657e-01 5.849450e-01
-7.578253e-01 6.386591e-01
-6.692751e-01 6.295530e-01
-8.750065e-01 5.494430e-01
-8.606910e-01 5.986041e-01
-9.049661e-01 6.031571e-01
-8.463755e-01 6.477651e-01
-9.349257e-01 6.568712e-01
-9.899229e-01 2.466604e-01
-9.492549e-01 2.361475e-01
-1.030591e+00 2.571732e-01
-9.556462e-01 1.880192e-01
-9.085870e-01 2.256347e-01
-9.620374e-01 1.398909e-01
-9.213695e-01 1.293780e-01
-8.272512e-01 2.046090e-01
-8.679191e-01 2.151218e-01
-7.865833e-01 1.940962e-01
-8.743104e-01 1.669935e-01
-8.807016e-01 1.188652e-01
-1.002705e+00 1.504037e-01
-1.049765e+00 1.127882e-01
-1.043373e+00 1.609165e-01
-9.684287e-01 9.176252e-02
-1.036982e+00 2.090449e-01
-1.084041e+00 1.714294e-01
-1.071259e+00 2.676861e-01
-1.015488e+00 5.414702e-02
-1.056156e+00 6.465987e-02
-9.748199e-01 4.363418e-02
-1.062547e+00 1.653153e-02
-1.096824e+00 7.517271e-02
-1.068938e+00 -3.159680e-02
-1.109606e+00 -2.108396e-02
-7.801099e-01 -1.582779e-02
-7.814046e-01 2.615700e-02
-7.788152e-01 -5.781258e-02
-8.297584e-01 3.052629e-02
-7.826992e-01 6.814179e-02
-8.781122e-01 3.489559e-02
-8.794069e-01 7.688038e-02
-7.852886e-01 1.521114e-01
-7.839939e-01 1.101266e-01
-8.323478e-01 1.144959e-01
-8.271690e-01 -5.344329e-02
-8.755229e-01 -4.907399e-02
-8.768176e-01 -7.089200e-03
-9.238767e-01 -4.470469e-02
-9.264661e-01 3.926489e-02
-1.020584e+00 -3.596610e-02
-9.722306e-01 -4.033540e-02
-9.735252e-01 1.649392e-03
-4.587054e-01 1.219308e+00
-3.750000e-01 1.205357e+00
4.273587e-01 -5.022790e-01
4.104509e-01 -5.332197e-01
4.442665e-01 -4.713383e-01
4.338545e-01 -5.595915e-01
3.935430e-01 -5.641604e-01
4.572582e-01 -5.859633e-01
4.403504e-01 -6.169040e-01
3.597274e-01 -6.260418e-01
3.766352e-01 -5.951011e-01
3.428196e-01 -6.569826e-01
4.000389e-01 -6.214729e-01
4.234425e-01 -6.478447e-01
4.676702e-01 -4.977101e-01
5.079817e-01 -4.931411e-01
4.910738e-01 -5.240818e-01
4.611743e-01 -4.403976e-01
4.741660e-01 -5.550225e-01
5.144775e-01 -5.504536e-01
4.806619e-01 -6.123350e-01
5.612848e-01 -6.031972e-01
5.547890e-01 -5.458847e-01
5.378812e-01 -5.768254e-01
6.015963e-01 -5.986282e-01
5.846885e-01 -6.295689e-01
5.209733e-01 -6.077661e-01
5.040655e-01 -6.387068e-01
7.230682e-01 -5.191698e-01
7.836594e-01 -4.885434e-01
6.812155e-01 -5.121944e-01
6.855912e-01 -5.943736e-01
6.437385e-01 -5.873981e-01
7.605453e-01 -4.439661e-01
7.186926e-01 -4.369907e-01
7.980223e-01 -3.687624e-01
7.561696e-01 -3.617869e-01
7.087054e-01 -6.389509e-01
4.596832e-01 -7.137565e-02
3.757440e-01 1.860119e-01
3.018069e-01 1.548677e-01
4.724702e-01 -7.440476e-03
2.467978e-01 -8.969121e-01
2.648503e-01 -8.605803e-01
2.287453e-01 -9.332439e-01
3.174549e-01 -8.779501e-01
2.829027e-01 -8.242485e-01
3.700595e-01 -8.953200e-01
3.881119e-01 -8.589882e-01
3.190077e-01 -7.515849e-01
3.009552e-01 -7.879167e-01
3.370602e-01 -7.152531e-01
3.535598e-01 -8.052865e-01
4.061644e-01 -8.226564e-01
2.813499e-01 -9.506137e-01
3.339545e-01 -9.679836e-01
3.520070e-01 -9.316518e-01
3.865591e-01 -9.853534e-01
4.226641e-01 -9.126898e-01
4.917683e-01 -1.020093e+00
4.391637e-01 -1.002723e+00
5.443729e-01 -1.037463e+00
4.572162e-01 -9.663914e-01
4.752687e-01 -9.300596e-01
5.386176e-01 -6.924084e-01
4.983062e-01 -6.969774e-01
5.789291e-01 -6.878395e-01
4.925468e-01 -7.552479e-01
4.579947e-01 -7.015463e-01
4.867874e-01 -8.135185e-01
4.464759e-01 -8.180874e-01
3.773717e-01 -7.106842e-01
4.176832e-01 -7.061152e-01
4.119238e-01 -7.643858e-01
5.270989e-01 -8.089496e-01
5.616510e-01 -8.626512e-01
5.674104e-01 -8.043806e-01
4.810280e-01 -8.717891e-01
5.731698e-01 -7.461101e-01
6.077219e-01 -7.998117e-01
6.192406e-01 -6.832706e-01
5.155801e-01 -9.254907e-01
5.558916e-01 -9.209218e-01
5.501323e-01 -9.791923e-01
5.962031e-01 -9.163528e-01
5.846844e-01 -1.032894e+00
-1.109776e+00 -5.168269e-01
-6.775316e-01 -1.163344e+00
-6.476243e-01 -1.114312e+00
-6.795394e-01 -9.457112e-01
-7.049927e-01 -1.004753e+00
-6.461073e-01 -9.288198e-01
-6.954969e-01 -8.614107e-01
-6.620649e-01 -8.445193e-01
-6.635818e-01 -1.030012e+00
-6.301498e-01 -1.013120e+00
-6.141923e-01 -1.097421e+00
-5.723464e-01 -9.157276e-01
-6.092269e-01 -9.222737e-01
-6.012481e-01 -9.644240e-01
-5.354660e-01 -9.091814e-01
-5.274872e-01 -9.513317e-01
-6.172057e-01 -8.801234e-01
-6.251844e-01 -8.379732e-01
-5.563889e-01 -1.000028e+00
-5.932693e-01 -1.006574e+00
-5.852906e-01 -1.048725e+00
-5.434447e-01 -8.670312e-01
-5.145431e-01 -8.183348e-01
-5.514235e-01 -8.248809e-01
-4.985855e-01 -9.026353e-01
-5.883040e-01 -8.314270e-01
-4.696838e-01 -8.539389e-01
-4.776626e-01 -8.117887e-01
-4.407821e-01 -8.052425e-01
5.731949e-01 1.128565e+00
1.147333e-01 -1.013871e+00
-1.674554e-01 -1.154965e+00
4.338484e-02 -6.742703e-01
9.414309e-03 -6.520916e-01
-9.019038e-03 -7.006886e-01
7.735537e-02 -6.964490e-01
5.892202e-02 -7.450460e-01
2.784766e-02 -6.034946e-01
-2.455622e-02 -6.299129e-01
4.628100e-02 -5.548976e-01
1.231047e-02 -5.327189e-01
6.518145e-03 -7.714643e-01
-2.745239e-02 -7.492856e-01
-4.588573e-02 -7.978826e-01
-6.142292e-02 -7.271069e-01
-9.828961e-02 -8.243009e-01
9.578872e-02 -6.478520e-01
1.481926e-01 -6.214337e-01
1.142221e-01 -5.992550e-01
1.113259e-01 -7.186277e-01
8.025153e-02 -5.770763e-01
1.637298e-01 -6.922094e-01
1.821631e-01 -6.436124e-01
2.161337e-01 -6.657911e-01
-1.259922e-01 -6.963824e-01
-9.370755e-02 -7.117447e-01
-7.527420e-02 -6.631477e-01
-1.582768e-01 -6.810202e-01
-1.398435e-01 -6.324232e-01
-1.121409e-01 -7.603417e-01
-1.305742e-01 -8.089387e-01
-8.912548e-02 -5.991884e-01
-5.684085e-02 -6.145507e-01
-3.840751e-02 -5.659537e-01
-1.628589e-01 -7.935765e-01
-1.951435e-01 -7.782142e-01
-1.767102e-01 -7.296172e-01
-2.274281e-01 -7.628520e-01
-1.905614e-01 -6.656580e-01
-2.919974e-01 -7.321275e-01
-2.597128e-01 -7.474897e-01
-2.412794e-01 -6.988927e-01
7.003622e-01 2.883458e-01
7.019570e-01 2.507851e-01
6.987674e-01 3.259065e-01
6.491296e-01 2.392523e-01
7.035518e-01 2.132243e-01
5.963022e-01 2.277196e-01
5.978970e-01 1.901589e-01
7.067413e-01 1.381029e-01
7.051465e-01 1.756636e-01
7.083361e-01 1.005421e-01
6.523192e-01 1.641309e-01
5.994918e-01 1.525981e-01
5.947074e-01 2.652803e-01
5.402853e-01 2.913083e-01
5.931126e-01 3.028411e-01
5.434748e-01 2.161869e-01
6.459400e-01 3.143738e-01
5.915179e-01 3.404018e-01
6.971726e-01 3.634673e-01
4.890527e-01 2.422148e-01
4.874579e-01 2.797756e-01
4.906475e-01 2.046541e-01
4.346305e-01 2.682428e-01
4.858631e-01 3.173363e-01
3.818031e-01 2.567101e-01
3.802083e-01 2.942708e-01
5.873736e-01 1.120174e-02
5.268924e-01 -3.346847e-02
5.934327e-01 8.189994e-02
6.478549e-01 5.587194e-02
4.845884e-01 1.339559e-01
5.969312e-01 -5.346546e-01
5.735275e-01 -5.082828e-01
6.203348e-01 -5.610264e-01
5.922660e-01 -4.706809e-01
5.501238e-01 -4.819110e-01
6.110045e-01 -4.330791e-01
5.876009e-01 -4.067073e-01
5.033165e-01 -4.291675e-01
5.267202e-01 -4.555393e-01
4.799128e-01 -4.027957e-01
5.454587e-01 -4.179374e-01
5.641972e-01 -3.803355e-01
6.390734e-01 -5.234245e-01
6.578119e-01 -4.858226e-01
6.344082e-01 -4.594508e-01
6.765504e-01 -4.482207e-01
6.297431e-01 -3.954772e-01
7.140274e-01 -3.730170e-01
6.952889e-01 -4.106189e-01
7.327659e-01 -3.354151e-01
6.718852e-01 -3.842471e-01
6.484816e-01 -3.578753e-01
5.318270e-01 -2.091337e-01
5.214442e-01 -2.478661e-01
5.422098e-01 -1.704014e-01
5.532035e-01 -2.753684e-01
5.110613e-01 -2.865985e-01
5.849629e-01 -3.028707e-01
5.745800e-01 -3.416031e-01
4.902957e-01 -3.640633e-01
5.006785e-01 -3.253309e-01
5.324379e-01 -3.528332e-01
5.739692e-01 -1.979037e-01
6.057285e-01 -2.254059e-01
5.953457e-01 -2.641383e-01
6.374879e-01 -2.529082e-01
6.167222e-01 -3.303730e-01
7.010066e-01 -3.079128e-01
6.692472e-01 -2.804105e-01
6.588644e-01 -3.191429e-01
6.607786e-01 -6.899539e-01
6.377411e-01 -9.230362e-01
6.850385e-01 -8.714490e-01
6.262224e-01 -1.039577e+00
6.492599e-01 -8.064951e-01
-8.794490e-01 8.588323e-01
-8.159140e-01 8.247110e-01
-9.883068e-01 7.499744e-01
-9.247719e-01 7.158531e-01
-8.362217e-01 7.067471e-01
-7.716389e-01 8.201580e-01
-7.375176e-01 7.566230e-01
-7.476715e-01 6.976410e-01
-7.033964e-01 6.930880e-01
-1.056351e+00 7.304432e-01
7.158661e-01 -1.088737e+00
7.582125e-01 -1.189483e+00
-3.181841e-01 1.146761e+00
1.123630e+00 9.500558e-02
1.183454e+00 -6.166295e-02
-5.786442e-01 5.434811e-01
-5.483086e-01 5.273022e-01
-6.089799e-01 5.596600e-01
-5.626241e-01 4.781411e-01
-5.179730e-01 5.111232e-01
-5.769396e-01 4.289801e-01
-5.466040e-01 4.128012e-01
-4.573017e-01 4.787654e-01
-4.876373e-01 4.949443e-01
-4.269661e-01 4.625865e-01
-5.019529e-01 4.457833e-01
-5.162684e-01 3.966222e-01
-6.232954e-01 5.104990e-01
-6.376109e-01 4.613379e-01
-6.072753e-01 4.451590e-01
-6.519264e-01 4.121769e-01
-5.912552e-01 3.798190e-01
-6.805575e-01 3.138548e-01
-6.662420e-01 3.630159e-01
-6.948730e-01 2.646938e-01
-6.359063e-01 3.468369e-01
-6.055707e-01 3.306580e-01
-4.769499e-01 3.610507e-01
-4.822827e-01 2.924971e-01
-5.662523e-01 2.950865e-01
-1.162976e+00 -5.034223e-03
-1.150194e+00 9.122245e-02
-1.197172e+00 1.554005e-01
-1.137411e+00 1.874791e-01
1.183689e+00 3.208705e-02
-2.460327e-01 1.105594e+00
-1.892168e-01 1.145212e+00
-2.667728e-01 1.045392e+00
-3.389243e-01 1.086559e+00
-1.738812e-01 1.064427e+00
-1.224700e-01 9.630581e-01
-1.946214e-01 1.004225e+00
-2.263634e-01 9.097318e-01
-1.902876e-01 8.891483e-01
-2.128935e-01 8.645117e-01
-2.624391e-01 9.303154e-01
-2.850450e-01 9.056788e-01
-1.676817e-01 9.137849e-01
-1.450758e-01 9.384215e-01
-2.715751e-01 8.604586e-01
-2.354994e-01 8.398751e-01
-2.581053e-01 8.152385e-01
-2.398332e-01 9.549520e-01
-2.533030e-01 1.000172e+00
-2.172273e-01 9.795886e-01
-2.985148e-01 9.508989e-01
-1.811516e-01 9.590050e-01
-3.119846e-01 9.961190e-01
-2.893787e-01 1.020756e+00
-3.254545e-01 1.041339e+00
3.886909e-01 4.441688e-01
2.900774e-01 5.128402e-01
3.172608e-01 4.530855e-01
4.379976e-01 4.098330e-01
4.329375e-01 4.950067e-01
4.822443e-01 4.606710e-01
3.444442e-01 3.933308e-01
3.937509e-01 3.589950e-01
3.495043e-01 3.081571e-01
3.343241e-01 5.636782e-01
2.357106e-01 6.323497e-01
4.994057e-01 3.820605e-01
4.687017e-01 3.959468e-01
4.465783e-01 3.705278e-01
5.301098e-01 3.681743e-01
5.079864e-01 3.427553e-01
4.908250e-01 4.213658e-01
5.129483e-01 4.467847e-01
4.551590e-01 3.312226e-01
4.244550e-01 3.451088e-01
4.023317e-01 3.196898e-01
5.436524e-01 4.328985e-01
5.743564e-01 4.190122e-01
5.522331e-01 3.935933e-01
6.050605e-01 4.051260e-01
5.608138e-01 3.542880e-01
6.664686e-01 3.773535e-01
6.357645e-01 3.912398e-01
6.136412e-01 3.658208e-01
simplices
13 57 88
70 193 194
193 546 547
34 546 547
193 194 546
8 70 194
195 196 549
196 548 549
101 548 549
195 196 551
196 550 551
47 550 551
103 195 552
195 549 552
101 549 552
197 198 554
198 553 554
101 553 554
197 198 556
198 555 556
32 555 556
103 197 552
197 552 554
101 552 554
102 195 199
195 199 551
199 551 557
47 551 557
102 103 195
23 102 103
196 548 559
101 548 559
196 558 559
201 558 559
196 550 560
47 550 560
196 558 560
201 558 560
200 559 562
101 559 562
200 559 561
201 559 561
200 563 564
105 563 564
200 561 563
201 561 563
198 553 566
101 553 566
198 565 566
202 565 566
198 555 567
32 555 567
198 565 567
202 565 567
200 562 566
101 562 566
200 566 568
202 566 568
200 564 569
105 564 569
200 568 569
202 568 569
204 570 572
201 570 572
204 571 572
104 571 572
204 560 570
201 560 570
204 560 573
47 560 573
203 572 574
201 572 574
203 572 575
104 572 575
203 563 574
201 563 574
203 563 576
105 563 576
206 577 579
205 577 579
206 578 579
104 578 579
206 577 581
205 577 581
206 580 581
21 580 581
203 575 579
104 575 579
203 579 582
205 579 582
203 576 583
105 576 583
203 582 583
205 582 583
23 74 80
207 585 586
106 585 586
207 584 585
209 584 585
207 587 588
105 587 588
207 584 587
209 584 587
208 585 590
106 585 590
208 585 589
209 585 589
208 591 592
46 591 592
208 589 591
209 589 591
207 593 594
202 593 594
207 586 594
106 586 594
207 569 593
202 569 593
207 569 588
105 569 588
210 594 595
202 594 595
210 594 596
106 594 596
210 567 595
202 567 595
210 567 597
32 567 597
211 598 600
209 598 600
211 599 600
107 599 600
211 587 598
209 587 598
211 587 601
105 587 601
212 600 602
209 600 602
212 600 603
107 600 603
212 591 602
209 591 602
212 591 604
46 591 604
211 605 606
205 605 606
211 599 606
107 599 606
211 583 605
205 583 605
211 583 601
105 583 601
213 606 607
205 606 607
213 606 608
107 606 608
213 581 607
205 581 607
213 581 609
21 581 609
214 611 612
110 611 612
214 610 611
216 610 611
214 613 614
109 613 614
214 610 613
216 610 613
215 611 616
110 611 616
215 611 615
216 611 615
215 617 618
40 617 618
215 615 617
216 615 617
214 612 620
110 612 620
214 619 620
218 619 620
214 614 621
109 614 621
214 619 621
218 619 621
217 620 623
110 620 623
217 620 622
218 620 622
217 624 625
19 624 625
217 622 624
218 622 624
220 626 628
216 626 628
220 627 628
108 627 628
220 617 626
216 617 626
220 617 629
40 617 629
219 628 630
216 628 630
219 628 631
108 628 631
219 613 630
216 613 630
219 613 632
109 613 632
222 633 635
221 633 635
222 634 635
108 634 635
222 633 637
221 633 637
222 636 637
61 636 637
219 631 635
108 631 635
219 635 638
221 635 638
219 632 639
109 632 639
219 638 639
221 638 639
12 72 86
67 99 223
30 99 223
29 89 90
225 640 641
111 640 641
79 225 641
224 640 642
111 640 642
224 225 640
224 643 644
36 643 644
224 225 643
227 641 645
111 641 645
79 227 641
226 645 646
111 645 646
226 227 645
226 647 648
27 647 648
226 227 647
228 650 651
112 650 651
228 649 650
230 649 650
228 652 653
110 652 653
228 649 652
230 649 652
229 650 655
112 650 655
229 650 654
230 650 654
229 656 657
81 656 657
229 654 656
230 654 656
228 658 659
215 658 659
228 651 659
112 651 659
228 616 658
215 616 658
228 616 653
110 616 653
231 659 660
215 659 660
231 659 661
112 659 661
231 618 660
215 618 660
231 618 662
40 618 662
232 663 665
230 663 665
232 664 665
113 664 665
232 652 663
230 652 663
232 652 666
110 652 666
233 665 667
230 665 667
233 665 668
113 665 668
233 656 667
230 656 667
233 656 669
81 656 669
232 670 671
217 670 671
232 664 671
113 664 671
232 623 670
217 623 670
232 623 666
110 623 666
234 671 672
217 671 672
234 671 673
113 671 673
234 625 672
217 625 672
234 625 674
19 625 674
92 235 236
235 675 676
48 675 676
235 236 675
24 92 236
237 238 678
238 677 678
114 677 678
237 238 680
238 679 680
48 679 680
115 237 681
237 678 681
114 678 681
239 240 683
240 682 683
114 682 683
239 240 685
240 684 685
33 684 685
115 239 681
239 681 683
114 681 683
115 236 237
236 237 675
237 675 680
48 675 680
24 115 236
235 686 687
116 686 687
92 235 687
235 241 686
241 686 688
116 686 688
235 241 676
241 676 689
48 676 689
243 687 690
116 687 690
92 243 687
242 690 691
116 690 691
242 243 690
242 692 693
20 692 693
242 243 692
39 92 244
92 243 244
243 692 694
20 692 694
243 244 694
245 696 697
118 696 697
245 695 696
247 695 696
245 698 699
117 698 699
245 695 698
247 695 698
246 696 701
118 696 701
246 696 700
247 696 700
246 702 703
31 702 703
246 700 702
247 700 702
245 697 705
118 697 705
245 704 705
249 704 705
245 699 706
117 699 706
245 704 706
249 704 706
248 705 708
118 705 708
248 705 707
249 705 707
248 709 710
82 709 710
248 707 709
249 707 709
250 711 713
247 711 713
250 712 713
119 712 713
250 698 711
247 698 711
250 698 714
117 698 714
251 713 715
247 713 715
251 713 716
119 713 716
251 702 715
247 702 715
251 702 717
31 702 717
250 712 719
119 712 719
250 718 719
253 718 719
250 714 720
117 714 720
250 718 720
253 718 720
252 719 722
119 719 722
252 719 721
253 719 721
252 723 724
69 723 724
252 721 723
253 721 723
254 726 727
121 726 727
254 725 726
256 725 726
254 728 729
120 728 729
254 725 728
256 725 728
255 726 731
121 726 731
255 726 730
256 726 730
255 732 733
33 732 733
255 730 732
256 730 732
254 727 735
121 727 735
254 734 735
258 734 735
254 729 736
120 729 736
254 734 736
258 734 736
257 735 738
121 735 738
257 735 737
258 735 737
257 739 740
22 739 740
257 737 739
258 737 739
240 682 742
114 682 742
240 741 742
256 741 742
240 684 732
33 684 732
240 732 741
256 732 741
259 742 743
256 742 743
259 742 744
114 742 744
259 728 743
256 728 743
259 728 745
120 728 745
238 677 747
114 677 747
238 746 747
260 746 747
238 679 748
48 679 748
238 746 748
260 746 748
259 744 747
114 744 747
259 747 749
260 747 749
259 745 750
120 745 750
259 749 750
260 749 750
194 261 752
261 751 752
37 751 752
194 261 546
261 546 753
34 546 753
194 262 752
262 752 754
37 752 754
8 194 262
263 756 757
123 756 757
263 755 756
265 755 756
263 758 759
122 758 759
263 755 758
265 755 758
264 756 761
123 756 761
264 756 760
265 756 760
264 762 763
18 762 763
264 760 762
265 760 762
263 757 765
123 757 765
263 764 765
267 764 765
263 759 766
122 759 766
263 764 766
267 764 766
266 765 768
123 765 768
266 765 767
267 765 767
266 769 770
85 769 770
266 767 769
267 767 769
268 771 773
265 771 773
268 772 773
124 772 773
268 758 771
265 758 771
268 758 774
122 758 774
269 773 775
265 773 775
269 773 776
124 773 776
269 762 775
265 762 775
269 762 777
18 762 777
268 772 779
124 772 779
268 778 779
271 778 779
268 774 780
122 774 780
268 778 780
271 778 780
270 779 782
124 779 782
270 779 781
271 779 781
270 783 784
62 783 784
270 781 783
271 781 783
70 125 193
125 193 272
193 272 547
272 547 785
34 547 785
125 273 274
273 786 787
83 786 787
273 274 786
70 125 274
229 655 788
112 655 788
229 275 788
229 657 789
81 657 789
229 275 789
127 275 790
275 788 790
112 788 790
231 661 791
112 661 791
231 276 791
231 662 792
40 662 792
231 276 792
127 276 790
276 790 791
112 790 791
275 277 794
277 793 794
126 793 794
275 277 789
277 789 795
81 789 795
127 275 796
275 794 796
126 794 796
278 279 798
279 797 798
126 797 798
278 279 800
279 799 800
27 799 800
127 278 796
278 796 798
126 796 798
280 801 802
128 801 802
280 281 801
280 803 804
69 803 804
280 281 803
281 801 805
128 801 805
28 281 805
282 806 807
128 806 807
282 283 806
282 808 809
41 808 809
282 283 808
283 805 806
128 805 806
28 283 805
249 706 811
117 706 811
249 810 811
285 810 811
249 709 812
82 709 812
249 810 812
285 810 812
284 811 814
117 811 814
284 811 813
285 811 813
284 815 816
128 815 816
284 813 815
285 813 815
253 720 818
117 720 818
253 817 818
280 817 818
253 723 804
69 723 804
253 804 817
280 804 817
284 818 819
280 818 819
284 814 818
117 814 818
284 802 819
280 802 819
284 802 816
128 802 816
286 820 822
285 820 822
286 821 822
129 821 822
286 815 820
285 815 820
286 815 823
128 815 823
287 822 824
285 822 824
287 822 825
129 822 825
287 812 824
285 812 824
287 812 826
82 812 826
286 827 828
282 827 828
286 821 828
129 821 828
286 807 827
282 807 827
286 807 823
128 807 823
288 828 829
282 828 829
288 828 830
129 828 830
288 809 829
282 809 829
288 809 831
41 809 831
289 833 834
130 833 834
289 832 833
291 832 833
289 835 836
124 835 836
289 832 835
291 832 835
290 833 838
130 833 838
290 833 837
291 833 837
290 839 840
95 839 840
290 837 839
291 837 839
289 841 842
270 841 842
289 834 842
130 834 842
289 782 841
270 782 841
289 782 836
124 782 836
292 842 843
270 842 843
292 842 844
130 842 844
292 784 843
270 784 843
292 784 845
62 784 845
293 846 848
291 846 848
293 847 848
131 847 848
293 835 846
291 835 846
293 835 849
124 835 849
294 848 850
291 848 850
294 848 851
131 848 851
294 839 850
291 839 850
294 839 852
95 839 852
293 853 854
269 853 854
293 847 854
131 847 854
293 776 853
269 776 853
293 776 849
124 776 849
295 854 855
269 854 855
295 854 856
131 854 856
295 777 855
269 777 855
295 777 857
18 777 857
133 296 297
296 858 859
66 858 859
296 297 858
35 133 297
296 298 861
298 860 861
132 860 861
296 298 859
298 859 862
66 859 862
133 296 863
296 861 863
132 861 863
299 300 865
300 864 865
132 864 865
299 300 867
300 866 867
21 866 867
133 299 863
299 863 865
132 863 865
16 45 78
302 868 869
135 868 869
134 302 869
301 868 870
135 868 870
301 302 868
301 871 872
63 871 872
301 302 871
304 869 873
135 869 873
134 304 869
303 873 874
135 873 874
303 304 873
303 875 876
98 875 876
303 304 875
93 134 305
134 302 305
302 871 877
63 871 877
302 305 877
23 73 80
223 306 879
306 878 879
85 878 879
67 223 306
223 879 880
85 879 880
30 223 880
136 307 308
307 881 882
63 881 882
307 308 881
6 136 308
6 59 136
279 797 884
126 797 884
279 883 884
310 883 884
279 799 885
27 799 885
279 883 885
310 883 885
309 884 887
126 884 887
309 884 886
310 884 886
309 888 889
137 888 889
309 886 888
310 886 888
277 793 891
126 793 891
277 890 891
311 890 891
277 795 892
81 795 892
277 890 892
311 890 892
309 887 891
126 887 891
309 891 893
311 891 893
309 889 894
137 889 894
309 893 894
311 893 894
312 895 897
310 895 897
312 896 897
138 896 897
312 888 895
310 888 895
312 888 898
137 888 898
313 897 899
310 897 899
313 897 900
138 897 900
313 885 899
310 885 899
313 885 901
27 885 901
312 896 903
138 896 903
312 902 903
315 902 903
312 898 904
137 898 904
312 902 904
315 902 904
314 903 906
138 903 906
314 903 905
315 903 905
314 907 908
71 907 908
314 905 907
315 905 907
29 68 84
29 90 316
29 84 316
64 317 318
317 909 910
38 909 910
317 318 909
8 64 318
320 911 912
140 911 912
125 320 912
319 911 913
140 911 913
319 320 911
319 914 915
71 914 915
319 320 914
272 912 916
140 912 916
125 272 912
272 321 916
321 916 917
140 916 917
272 321 785
321 785 918
34 785 918
320 919 920
139 919 920
125 320 920
320 322 919
322 919 921
139 919 921
320 322 914
322 914 922
71 914 922
273 920 923
139 920 923
125 273 920
273 323 923
323 923 924
139 923 924
273 323 787
323 787 925
83 787 925
54 324 325
324 926 927
32 926 927
324 325 926
9 54 325
326 929 930
141 929 930
326 928 929
328 928 929
326 931 932
121 931 932
326 928 931
328 928 931
327 929 934
141 929 934
327 929 933
328 929 933
327 935 936
63 935 936
327 933 935
328 933 935
326 937 938
255 937 938
326 930 938
141 930 938
326 731 937
255 731 937
326 731 932
121 731 932
329 938 939
255 938 939
329 938 940
141 938 940
329 733 939
255 733 939
329 733 941
33 733 941
330 942 944
328 942 944
330 943 944
142 943 944
330 931 942
328 931 942
330 931 945
121 931 945
331 944 946
328 944 946
331 944 947
142 944 947
331 935 946
328 935 946
331 935 948
63 935 948
330 949 950
257 949 950
330 943 950
142 943 950
330 738 949
257 738 949
330 738 945
121 738 945
332 950 951
257 950 951
332 950 952
142 950 952
332 740 951
257 740 951
332 740 953
22 740 953
335 954 956
334 954 956
335 955 956
143 955 956
335 954 958
334 954 958
335 957 958
75 957 958
333 956 960
143 956 960
333 956 959
334 956 959
333 961 962
145 961 962
333 959 961
334 959 961
337 963 965
336 963 965
337 964 965
143 964 965
337 963 967
336 963 967
337 966 967
47 966 967
333 960 965
143 960 965
333 965 968
336 965 968
333 962 969
145 962 969
333 968 969
336 968 969
339 970 972
334 970 972
339 971 972
144 971 972
339 958 970
334 958 970
339 958 973
75 958 973
338 972 974
334 972 974
338 972 975
144 972 975
338 961 974
334 961 974
338 961 976
145 961 976
341 977 979
340 977 979
341 978 979
144 978 979
341 977 981
340 977 981
341 980 981
19 980 981
338 975 979
144 975 979
338 979 982
340 979 982
338 976 983
145 976 983
338 982 983
340 982 983
343 984 985
147 984 985
146 343 985
342 984 986
147 984 986
342 343 984
342 987 988
34 987 988
342 343 987
345 985 989
147 985 989
345 985 990
146 985 990
344 989 991
147 989 991
344 345 989
344 992 993
19 992 993
344 345 992
261 346 995
346 994 995
146 994 995
261 346 751
346 751 996
37 751 996
261 343 995
146 343 995
261 343 753
343 753 987
34 753 987
64 347 348
35 347 348
8 64 348
350 997 998
148 997 998
67 350 998
349 997 999
148 997 999
349 350 997
349 1000 1001
26 1000 1001
349 350 1000
306 351 1003
351 1002 1003
148 1002 1003
306 351 878
351 878 1004
85 878 1004
306 998 1003
148 998 1003
67 306 998
14 49 352
352 1005 1006
36 1005 1006
14 352 1006
149 262 353
262 353 754
353 754 1007
37 754 1007
8 149 262
35 149 348
8 149 348
355 1008 1009
150 1008 1009
149 355 1009
354 1008 1010
150 1008 1010
354 355 1008
354 1011 1012
21 1011 1012
354 355 1011
353 1009 1013
150 1009 1013
149 353 1009
353 356 1013
356 1013 1014
150 1013 1014
353 356 1007
356 1007 1015
37 1007 1015
133 299 355
299 867 1011
21 867 1011
299 355 1011
133 149 355
35 133 149
152 274 357
274 357 786
357 786 1016
83 786 1016
70 152 274
357 358 1018
358 1017 1018
151 1017 1018
357 358 1016
358 1016 1019
83 1016 1019
152 357 1020
357 1018 1020
151 1018 1020
359 360 1022
360 1021 1022
151 1021 1022
359 360 1024
360 1023 1024
31 1023 1024
152 359 1020
359 1020 1022
151 1020 1022
287 825 1026
129 825 1026
287 1025 1026
362 1025 1026
287 826 1027
82 826 1027
287 1025 1027
362 1025 1027
361 1026 1029
129 1026 1029
361 1026 1028
362 1026 1028
361 1030 1031
154 1030 1031
361 1028 1030
362 1028 1030
288 830 1033
129 830 1033
288 1032 1033
363 1032 1033
288 831 1034
41 831 1034
288 1032 1034
363 1032 1034
361 1029 1033
129 1029 1033
361 1033 1035
363 1033 1035
361 1031 1036
154 1031 1036
361 1035 1036
363 1035 1036
365 1037 1039
362 1037 1039
365 1038 1039
153 1038 1039
365 1027 1037
362 1027 1037
365 1027 1040
82 1027 1040
364 1039 1041
362 1039 1041
364 1039 1042
153 1039 1042
364 1030 1041
362 1030 1041
364 1030 1043
154 1030 1043
367 1044 1046
366 1044 1046
367 1045 1046
153 1045 1046
367 1044 1048
366 1044 1048
367 1047 1048
20 1047 1048
364 1042 1046
153 1042 1046
364 1046 1049
366 1046 1049
364 1043 1050
154 1043 1050
364 1049 1050
366 1049 1050
5 53 94
155 368 369
368 1051 1052
61 1051 1052
368 369 1051
10 155 369
10 50 155
15 39 60
366 1050 1053
154 1050 1053
366 370 1053
366 1048 1054
20 1048 1054
366 370 1054
156 370 1055
370 1053 1055
154 1053 1055
363 1036 1056
154 1036 1056
363 371 1056
363 1034 1057
41 1034 1057
363 371 1057
156 371 1055
371 1055 1056
154 1055 1056
39 156 244
156 244 370
244 370 694
370 694 1054
20 694 1054
43 73 80
42 74 80
9 43 73
24 76 77
15 39 76
15 44 76
44 76 77
372 1059 1060
158 1059 1060
372 1058 1059
374 1058 1059
372 1061 1062
157 1061 1062
372 1058 1061
374 1058 1061
373 1059 1064
158 1059 1064
373 1059 1063
374 1059 1063
373 1065 1066
25 1065 1066
373 1063 1065
374 1063 1065
372 1060 1068
158 1060 1068
372 1067 1068
376 1067 1068
372 1062 1069
157 1062 1069
372 1067 1069
376 1067 1069
375 1068 1071
158 1068 1071
375 1068 1070
376 1068 1070
375 1072 1073
66 1072 1073
375 1070 1072
376 1070 1072
377 1074 1076
374 1074 1076
377 1075 1076
159 1075 1076
377 1061 1074
374 1061 1074
377 1061 1077
157 1061 1077
378 1076 1078
374 1076 1078
378 1076 1079
159 1076 1079
378 1065 1078
374 1065 1078
378 1065 1080
25 1065 1080
377 1075 1082
159 1075 1082
377 1081 1082
380 1081 1082
377 1077 1083
157 1077 1083
377 1081 1083
380 1081 1083
379 1082 1085
159 1082 1085
379 1082 1084
380 1082 1084
379 1086 1087
65 1086 1087
379 1084 1086
380 1084 1086
7 55 96
381 1089 1090
160 1089 1090
381 1088 1089
383 1088 1089
381 1091 1092
146 1091 1092
381 1088 1091
383 1088 1091
382 1089 1094
160 1089 1094
382 1089 1093
383 1089 1093
382 1095 1096
47 1095 1096
382 1093 1095
383 1093 1095
381 1097 1098
346 1097 1098
381 1090 1098
160 1090 1098
381 994 1097
346 994 1097
381 994 1092
146 994 1092
384 1098 1099
346 1098 1099
384 1098 1100
160 1098 1100
384 996 1099
346 996 1099
384 996 1101
37 996 1101
336 969 1103
145 969 1103
336 1102 1103
383 1102 1103
336 967 1095
47 967 1095
336 1095 1102
383 1095 1102
385 1103 1104
383 1103 1104
385 1103 1105
145 1103 1105
385 1091 1104
383 1091 1104
385 1091 1106
146 1091 1106
340 983 1108
145 983 1108
340 1107 1108
345 1107 1108
340 981 992
19 981 992
340 992 1107
345 992 1107
385 1108 1109
345 1108 1109
385 1105 1108
145 1105 1108
385 990 1109
345 990 1109
385 990 1106
146 990 1106
206 578 1111
104 578 1111
206 1110 1111
387 1110 1111
206 580 1112
21 580 1112
206 1110 1112
387 1110 1112
386 1111 1114
104 1111 1114
386 1111 1113
387 1111 1113
386 1115 1116
160 1115 1116
386 1113 1115
387 1113 1115
204 571 1118
104 571 1118
204 1117 1118
382 1117 1118
204 573 1096
47 573 1096
204 1096 1117
382 1096 1117
386 1118 1119
382 1118 1119
386 1114 1118
104 1114 1118
386 1094 1119
382 1094 1119
386 1094 1116
160 1094 1116
354 1010 1121
150 1010 1121
354 1120 1121
387 1120 1121
354 1012 1112
21 1012 1112
354 1112 1120
387 1112 1120
388 1121 1122
387 1121 1122
388 1121 1123
150 1121 1123
388 1115 1122
387 1115 1122
388 1115 1124
160 1115 1124
356 1014 1126
150 1014 1126
356 1125 1126
384 1125 1126
356 1015 1101
37 1015 1101
356 1101 1125
384 1101 1125
388 1126 1127
384 1126 1127
388 1123 1126
150 1123 1126
388 1100 1127
384 1100 1127
388 1100 1124
160 1100 1124
389 1129 1130
161 1129 1130
389 1128 1129
391 1128 1129
389 1131 1132
120 1131 1132
389 1128 1131
391 1128 1131
390 1129 1134
161 1129 1134
390 1129 1133
391 1129 1133
390 1135 1136
100 1135 1136
390 1133 1135
391 1133 1135
389 1137 1138
260 1137 1138
389 1130 1138
161 1130 1138
389 750 1137
260 750 1137
389 750 1132
120 750 1132
392 1138 1139
260 1138 1139
392 1138 1140
161 1138 1140
392 748 1139
260 748 1139
392 748 1141
48 748 1141
393 1142 1144
391 1142 1144
393 1143 1144
162 1143 1144
393 1131 1142
391 1131 1142
393 1131 1145
120 1131 1145
394 1144 1146
391 1144 1146
394 1144 1147
162 1144 1147
394 1135 1146
391 1135 1146
394 1135 1148
100 1135 1148
393 1149 1150
258 1149 1150
393 1143 1150
162 1143 1150
393 736 1149
258 736 1149
393 736 1145
120 736 1145
395 1150 1151
258 1150 1151
395 1150 1152
162 1150 1152
395 739 1151
258 739 1151
395 739 1153
22 739 1153
396 1155 1156
161 1155 1156
396 1154 1155
397 1154 1155
396 1157 1158
116 1157 1158
396 1154 1157
397 1154 1157
390 1134 1155
161 1134 1155
390 1155 1159
397 1155 1159
390 1136 1160
100 1136 1160
390 1159 1160
397 1159 1160
396 1161 1162
241 1161 1162
396 1156 1162
161 1156 1162
396 688 1161
241 688 1161
396 688 1158
116 688 1158
392 1162 1163
241 1162 1163
392 1140 1162
161 1140 1162
392 689 1163
241 689 1163
392 689 1141
48 689 1141
398 1164 1166
397 1164 1166
398 1165 1166
163 1165 1166
398 1157 1164
397 1157 1164
398 1157 1167
116 1157 1167
399 1166 1168
397 1166 1168
399 1166 1169
163 1166 1169
399 1160 1168
397 1160 1168
399 1160 1170
100 1160 1170
398 1171 1172
242 1171 1172
398 1165 1172
163 1165 1172
398 691 1171
242 691 1171
398 691 1167
116 691 1167
400 1172 1173
242 1172 1173
400 1172 1174
163 1172 1174
400 693 1173
242 693 1173
400 693 1175
20 693 1175
49 79 352
79 225 352
225 643 1005
36 643 1005
225 352 1005
4 49 79
50 401 402
401 1176 1177
40 1176 1177
401 402 1176
4 50 402
220 627 1178
108 627 1178
220 403 1178
220 629 1179
40 629 1179
220 403 1179
155 403 1180
403 1178 1180
108 1178 1180
222 634 1181
108 634 1181
222 368 1181
222 636 1052
61 636 1052
222 368 1052
155 368 1180
368 1180 1181
108 1180 1181
50 155 401
155 401 403
401 403 1177
403 1177 1179
40 1177 1179
30 86 87
30 87 99
29 88 89
14 52 90
28 53 94
13 88 91
54 164 324
164 324 404
324 404 927
404 927 1182
32 927 1182
210 596 1183
106 596 1183
210 404 1183
210 597 1182
32 597 1182
210 404 1182
164 404 1184
404 1183 1184
106 1183 1184
208 590 1185
106 590 1185
208 405 1185
208 592 1186
46 592 1186
208 405 1186
164 405 1184
405 1184 1185
106 1184 1185
7 54 164
164 405 406
405 1186 1187
46 1186 1187
405 406 1187
7 164 406
407 408 1189
408 1188 1189
25 1188 1189
96 407 408
407 409 1189
409 1189 1190
25 1189 1190
72 407 409
55 96 407
55 72 407
410 1192 1193
148 1192 1193
410 1191 1192
411 1191 1192
410 1194 1195
122 1194 1195
410 1191 1194
411 1191 1194
349 999 1192
148 999 1192
349 1192 1196
411 1192 1196
349 1001 1197
26 1001 1197
349 1196 1197
411 1196 1197
410 1198 1199
267 1198 1199
410 1193 1199
148 1193 1199
410 766 1198
267 766 1198
410 766 1195
122 766 1195
351 1199 1200
267 1199 1200
351 1002 1199
148 1002 1199
351 769 1200
267 769 1200
351 769 1004
85 769 1004
412 1201 1203
411 1201 1203
412 1202 1203
165 1202 1203
412 1194 1201
411 1194 1201
412 1194 1204
122 1194 1204
413 1203 1205
411 1203 1205
413 1203 1206
165 1203 1206
413 1197 1205
411 1197 1205
413 1197 1207
26 1197 1207
412 1208 1209
271 1208 1209
412 1202 1209
165 1202 1209
412 780 1208
271 780 1208
412 780 1204
122 780 1204
414 1209 1210
271 1209 1210
414 1209 1211
165 1209 1211
414 783 1210
271 783 1210
414 783 1212
62 783 1212
93 305 308
305 877 881
63 877 881
305 308 881
6 93 308
57 88 89
52 89 90
58 86 87
51 87 99
415 1213 1214
141 1213 1214
136 415 1214
329 940 1213
141 940 1213
329 415 1213
329 941 1215
33 941 1215
329 415 1215
307 1214 1216
141 1214 1216
136 307 1214
307 327 1216
327 934 1216
141 934 1216
307 327 882
327 882 936
63 882 936
59 136 416
136 415 416
415 1215 1217
33 1215 1217
415 416 1217
59 416 417
416 1217 1218
33 1217 1218
416 417 1218
16 59 417
39 60 97
5 60 97
418 1219 1220
143 1219 1220
102 418 1220
335 955 1219
143 955 1219
335 418 1219
335 957 1221
75 957 1221
335 418 1221
199 1220 1222
143 1220 1222
102 199 1220
199 337 1222
337 964 1222
143 964 1222
199 337 557
337 557 966
47 557 966
102 418 419
418 1221 1223
75 1221 1223
418 419 1223
23 102 419
10 42 74
347 420 1225
420 1224 1225
95 1224 1225
64 347 420
347 421 1225
421 1225 1226
95 1225 1226
35 347 421
64 166 317
166 317 422
317 422 910
422 910 1227
38 910 1227
64 166 424
166 423 424
423 1228 1229
22 1228 1229
423 424 1228
427 1230 1232
426 1230 1232
427 1231 1232
167 1231 1232
427 1230 1234
426 1230 1234
427 1233 1234
98 1233 1234
425 1232 1236
167 1232 1236
425 1232 1235
426 1232 1235
425 1237 1238
169 1237 1238
425 1235 1237
426 1235 1237
429 1239 1241
428 1239 1241
429 1240 1241
167 1240 1241
429 1239 1243
428 1239 1243
429 1242 1243
62 1242 1243
425 1236 1241
167 1236 1241
425 1241 1244
428 1241 1244
425 1238 1245
169 1238 1245
425 1244 1245
428 1244 1245
431 1246 1248
426 1246 1248
431 1247 1248
168 1247 1248
431 1234 1246
426 1234 1246
431 1234 1249
98 1234 1249
430 1248 1250
426 1248 1250
430 1248 1251
168 1248 1251
430 1237 1250
426 1237 1250
430 1237 1252
169 1237 1252
433 1253 1255
432 1253 1255
433 1254 1255
168 1254 1255
433 1253 1257
432 1253 1257
433 1256 1257
22 1256 1257
430 1251 1255
168 1251 1255
430 1255 1258
432 1255 1258
430 1252 1259
169 1252 1259
430 1258 1259
432 1258 1259
303 874 1261
135 874 1261
303 1260 1261
435 1260 1261
303 876 1262
98 876 1262
303 1260 1262
435 1260 1262
434 1261 1264
135 1261 1264
434 1261 1263
435 1261 1263
434 1265 1266
142 1265 1266
434 1263 1265
435 1263 1265
301 870 1268
135 870 1268
301 1267 1268
331 1267 1268
301 872 948
63 872 948
301 948 1267
331 948 1267
434 1268 1269
331 1268 1269
434 1264 1268
135 1264 1268
434 947 1269
331 947 1269
434 947 1266
142 947 1266
436 1270 1272
435 1270 1272
436 1271 1272
168 1271 1272
436 1265 1270
435 1265 1270
436 1265 1273
142 1265 1273
431 1247 1272
168 1247 1272
431 1272 1274
435 1272 1274
431 1249 1262
98 1249 1262
431 1262 1274
435 1262 1274
436 1275 1276
332 1275 1276
436 1271 1276
168 1271 1276
436 952 1275
332 952 1275
436 952 1273
142 952 1273
433 1276 1277
332 1276 1277
433 1254 1276
168 1254 1276
433 953 1277
332 953 1277
433 953 1256
22 953 1256
64 170 424
170 424 437
424 437 1228
437 1228 1278
22 1228 1278
432 1259 1279
169 1259 1279
432 437 1279
432 1257 1278
22 1257 1278
432 437 1278
170 437 1280
437 1279 1280
169 1279 1280
428 1245 1281
169 1245 1281
428 438 1281
428 1243 1282
62 1243 1282
428 438 1282
170 438 1280
438 1280 1281
169 1280 1281
170 420 439
420 439 1224
439 1224 1283
95 1224 1283
64 170 420
290 838 1284
130 838 1284
290 439 1284
290 840 1283
95 840 1283
290 439 1283
170 439 1285
439 1284 1285
130 1284 1285
292 844 1286
130 844 1286
292 438 1286
292 845 1282
62 845 1282
292 438 1282
170 438 1285
438 1285 1286
130 1285 1286
440 1287 1288
159 1287 1288
72 440 1288
379 1085 1287
159 1085 1287
379 440 1287
379 1087 1289
65 1087 1289
379 440 1289
409 1288 1290
159 1288 1290
72 409 1288
378 1079 1290
159 1079 1290
378 409 1290
378 1080 1190
25 1080 1190
378 409 1190
441 1292 1293
171 1292 1293
441 1291 1292
443 1291 1292
441 1294 1295
157 1294 1295
441 1291 1294
443 1291 1294
442 1292 1297
171 1292 1297
442 1292 1296
443 1292 1296
442 1298 1299
18 1298 1299
442 1296 1298
443 1296 1298
441 1300 1301
376 1300 1301
441 1293 1301
171 1293 1301
441 1069 1300
376 1069 1300
441 1069 1295
157 1069 1295
444 1301 1302
376 1301 1302
444 1301 1303
171 1301 1303
444 1072 1302
376 1072 1302
444 1072 1304
66 1072 1304
445 1305 1307
443 1305 1307
445 1306 1307
172 1306 1307
445 1294 1305
443 1294 1305
445 1294 1308
157 1294 1308
446 1307 1309
443 1307 1309
446 1307 1310
172 1307 1310
446 1298 1309
443 1298 1309
446 1298 1311
18 1298 1311
445 1312 1313
380 1312 1313
445 1306 1313
172 1306 1313
445 1083 1312
380 1083 1312
445 1083 1308
157 1083 1308
447 1313 1314
380 1313 1314
447 1313 1315
172 1313 1315
447 1086 1314
380 1086 1314
447 1086 1316
65 1086 1316
373 1064 1318
158 1064 1318
373 1317 1318
449 1317 1318
373 1066 1319
25 1066 1319
373 1317 1319
449 1317 1319
448 1318 1321
158 1318 1321
448 1318 1320
449 1318 1320
448 1322 1323
173 1322 1323
448 1320 1322
449 1320 1322
375 1071 1325
158 1071 1325
375 1324 1325
450 1324 1325
375 1073 1326
66 1073 1326
375 1324 1326
450 1324 1326
448 1321 1325
158 1321 1325
448 1325 1327
450 1325 1327
448 1323 1328
173 1323 1328
448 1327 1328
450 1327 1328
451 1329 1331
449 1329 1331
451 1330 1331
174 1330 1331
451 1322 1329
449 1322 1329
451 1322 1332
173 1322 1332
452 1331 1333
449 1331 1333
452 1331 1334
174 1331 1334
452 1319 1333
449 1319 1333
452 1319 1335
25 1319 1335
451 1330 1337
174 1330 1337
451 1336 1337
454 1336 1337
451 1332 1338
173 1332 1338
451 1336 1338
454 1336 1338
453 1337 1340
174 1337 1340
453 1337 1339
454 1337 1339
453 1341 1342
46 1341 1342
453 1339 1341
454 1339 1341
300 864 1344
132 864 1344
300 1343 1344
456 1343 1344
300 866 1345
21 866 1345
300 1343 1345
456 1343 1345
455 1344 1347
132 1344 1347
455 1344 1346
456 1344 1346
455 1348 1349
173 1348 1349
455 1346 1348
456 1346 1348
298 860 1351
132 860 1351
298 1350 1351
450 1350 1351
298 862 1326
66 862 1326
298 1326 1350
450 1326 1350
455 1351 1352
450 1351 1352
455 1347 1351
132 1347 1351
455 1328 1352
450 1328 1352
455 1328 1349
173 1328 1349
213 608 1354
107 608 1354
213 1353 1354
456 1353 1354
213 609 1345
21 609 1345
213 1345 1353
456 1345 1353
457 1354 1355
456 1354 1355
457 1354 1356
107 1354 1356
457 1348 1355
456 1348 1355
457 1348 1357
173 1348 1357
212 603 1359
107 603 1359
212 1358 1359
454 1358 1359
212 604 1341
46 604 1341
212 1341 1358
454 1341 1358
457 1359 1360
454 1359 1360
457 1356 1359
107 1356 1359
457 1338 1360
454 1338 1360
457 1338 1357
173 1338 1357
350 1000 1361
26 1000 1361
350 458 1361
67 350 458
458 459 1361
459 1361 1362
26 1361 1362
56 458 459
11 67 458
11 56 458
28 68 91
323 924 1364
139 924 1364
323 1363 1364
461 1363 1364
323 925 1365
83 925 1365
323 1363 1365
461 1363 1365
460 1364 1367
139 1364 1367
460 1364 1366
461 1364 1366
460 1368 1369
176 1368 1369
460 1366 1368
461 1366 1368
322 921 1371
139 921 1371
322 1370 1371
462 1370 1371
322 922 1372
71 922 1372
322 1370 1372
462 1370 1372
460 1367 1371
139 1367 1371
460 1371 1373
462 1371 1373
460 1369 1374
176 1369 1374
460 1373 1374
462 1373 1374
464 1375 1377
461 1375 1377
464 1376 1377
175 1376 1377
464 1365 1375
461 1365 1375
464 1365 1378
83 1365 1378
463 1377 1379
461 1377 1379
463 1377 1380
175 1377 1380
463 1368 1379
461 1368 1379
463 1368 1381
176 1368 1381
466 1382 1384
465 1382 1384
466 1383 1384
175 1383 1384
466 1382 1386
465 1382 1386
466 1385 1386
17 1385 1386
463 1380 1384
175 1380 1384
463 1384 1387
465 1384 1387
463 1381 1388
176 1381 1388
463 1387 1388
465 1387 1388
468 1389 1390
178 1389 1390
177 468 1390
467 1389 1391
178 1389 1391
467 468 1389
467 1392 1393
17 1392 1393
467 468 1392
470 1390 1394
178 1390 1394
177 470 1390
469 1394 1395
178 1394 1395
469 470 1394
469 1396 1397
69 1396 1397
469 470 1396
68 177 471
177 468 471
468 1392 1398
17 1392 1398
468 471 1398
177 281 470
281 470 803
470 803 1396
69 803 1396
28 177 281
28 68 177
152 359 472
359 1024 1399
31 1024 1399
359 472 1399
152 179 472
70 152 179
179 473 1401
473 1400 1401
38 1400 1401
179 472 473
472 1399 1402
31 1399 1402
472 473 1402
8 70 179
179 318 1401
318 909 1401
38 909 1401
8 179 318
313 900 1404
138 900 1404
313 1403 1404
475 1403 1404
313 901 1405
27 901 1405
313 1403 1405
475 1403 1405
474 1404 1407
138 1404 1407
474 1404 1406
475 1404 1406
474 1408 1409
180 1408 1409
474 1406 1408
475 1406 1408
314 906 1411
138 906 1411
314 1410 1411
476 1410 1411
314 908 1412
71 908 1412
314 1410 1412
476 1410 1412
474 1407 1411
138 1407 1411
474 1411 1413
476 1411 1413
474 1409 1414
180 1409 1414
474 1413 1414
476 1413 1414
226 646 1416
111 646 1416
226 1415 1416
475 1415 1416
226 648 1405
27 648 1405
226 1405 1415
475 1405 1415
477 1416 1417
475 1416 1417
477 1416 1418
111 1416 1418
477 1408 1417
475 1408 1417
477 1408 1419
180 1408 1419
224 642 1421
111 642 1421
224 1420 1421
478 1420 1421
224 644 1422
36 644 1422
224 1420 1422
478 1420 1422
477 1418 1421
111 1418 1421
477 1421 1423
478 1421 1423
477 1419 1424
180 1419 1424
477 1423 1424
478 1423 1424
465 1388 1426
176 1388 1426
465 1425 1426
480 1425 1426
465 1386 1427
17 1386 1427
465 1425 1427
480 1425 1427
479 1426 1429
176 1426 1429
479 1426 1428
480 1426 1428
479 1430 1431
180 1430 1431
479 1428 1430
480 1428 1430
462 1374 1433
176 1374 1433
462 1432 1433
476 1432 1433
462 1372 1412
71 1372 1412
462 1412 1432
476 1412 1432
479 1433 1434
476 1433 1434
479 1429 1433
176 1429 1433
479 1414 1434
476 1414 1434
479 1414 1431
180 1414 1431
481 1435 1437
480 1435 1437
481 1436 1437
181 1436 1437
481 1430 1435
480 1430 1435
481 1430 1438
180 1430 1438
482 1437 1439
480 1437 1439
482 1437 1440
181 1437 1440
482 1427 1439
480 1427 1439
482 1427 1441
17 1427 1441
481 1442 1443
478 1442 1443
481 1436 1443
181 1436 1443
481 1424 1442
478 1424 1442
481 1424 1438
180 1424 1438
483 1443 1444
478 1443 1444
483 1443 1445
181 1443 1445
483 1422 1444
478 1422 1444
483 1422 1446
36 1422 1446
12 58 86
12 55 72
23 73 182
23 103 182
103 197 484
197 556 1447
32 556 1447
197 484 1447
103 182 484
9 73 182
182 325 484
325 484 926
484 926 1447
32 926 1447
9 182 325
74 369 485
369 485 1051
485 1051 1448
61 1051 1448
10 74 369
74 183 485
183 485 486
485 486 1448
486 1448 1449
61 1448 1449
23 74 183
488 1450 1451
184 1450 1451
183 488 1451
487 1450 1452
184 1450 1452
487 488 1450
487 1453 1454
75 1453 1454
487 488 1453
486 1451 1455
184 1451 1455
183 486 1451
486 489 1455
489 1455 1456
184 1455 1456
486 489 1449
489 1449 1457
61 1449 1457
183 419 488
419 488 1223
488 1223 1453
75 1223 1453
23 183 419
490 1459 1460
184 1459 1460
490 1458 1459
491 1458 1459
490 1461 1462
109 1461 1462
490 1458 1461
491 1458 1461
487 1452 1459
184 1452 1459
487 1459 1463
491 1459 1463
487 1454 1464
75 1454 1464
487 1463 1464
491 1463 1464
490 1465 1466
221 1465 1466
490 1460 1466
184 1460 1466
490 639 1465
221 639 1465
490 639 1462
109 639 1462
489 1466 1467
221 1466 1467
489 1456 1466
184 1456 1466
489 637 1467
221 637 1467
489 637 1457
61 637 1457
492 1468 1470
491 1468 1470
492 1469 1470
144 1469 1470
492 1461 1468
491 1461 1468
492 1461 1471
109 1461 1471
339 971 1470
144 971 1470
339 1470 1472
491 1470 1472
339 973 1464
75 973 1464
339 1464 1472
491 1464 1472
492 1473 1474
218 1473 1474
492 1469 1474
144 1469 1474
492 621 1473
218 621 1473
492 621 1471
109 621 1471
341 1474 1475
218 1474 1475
341 978 1474
144 978 1474
341 624 1475
218 624 1475
341 624 980
19 624 980
45 77 78
24 77 78
2 44 77
2 45 77
78 417 493
417 493 1218
493 1218 1476
33 1218 1476
16 78 417
78 115 493
115 239 493
239 685 1476
33 685 1476
239 493 1476
24 78 115
79 185 227
185 227 494
227 494 647
494 647 1477
27 647 1477
127 278 494
278 800 1477
27 800 1477
278 494 1477
127 185 494
127 276 495
276 792 1478
40 792 1478
276 495 1478
127 185 495
4 79 185
185 402 495
402 495 1176
495 1176 1478
40 1176 1478
4 185 402
0 43 80
0 42 80
496 1480 1481
186 1480 1481
496 1479 1480
498 1479 1480
496 1482 1483
137 1482 1483
496 1479 1482
498 1479 1482
497 1480 1485
186 1480 1485
497 1480 1484
498 1480 1484
497 1486 1487
34 1486 1487
497 1484 1486
498 1484 1486
496 1488 1489
311 1488 1489
496 1481 1489
186 1481 1489
496 894 1488
311 894 1488
496 894 1483
137 894 1483
499 1489 1490
311 1489 1490
499 1489 1491
186 1489 1491
499 892 1490
311 892 1490
499 892 1492
81 892 1492
500 1493 1495
498 1493 1495
500 1494 1495
140 1494 1495
500 1482 1493
498 1482 1493
500 1482 1496
137 1482 1496
321 917 1495
140 917 1495
321 1495 1497
498 1495 1497
321 918 1486
34 918 1486
321 1486 1497
498 1486 1497
500 1498 1499
315 1498 1499
500 1494 1499
140 1494 1499
500 904 1498
315 904 1498
500 904 1496
137 904 1496
319 1499 1500
315 1499 1500
319 913 1499
140 913 1499
319 907 1500
315 907 1500
319 907 915
71 907 915
501 1502 1503
186 1502 1503
501 1501 1502
502 1501 1502
501 1504 1505
147 1504 1505
501 1501 1504
502 1501 1504
499 1491 1502
186 1491 1502
499 1502 1506
502 1502 1506
499 1492 1507
81 1492 1507
499 1506 1507
502 1506 1507
501 1508 1509
342 1508 1509
501 1503 1509
186 1503 1509
501 986 1508
342 986 1508
501 986 1505
147 986 1505
497 1509 1510
342 1509 1510
497 1485 1509
186 1485 1509
497 988 1510
342 988 1510
497 988 1487
34 988 1487
233 668 1512
113 668 1512
233 1511 1512
502 1511 1512
233 669 1507
81 669 1507
233 1507 1511
502 1507 1511
503 1512 1513
502 1512 1513
503 1512 1514
113 1512 1514
503 1504 1513
502 1504 1513
503 1504 1515
147 1504 1515
234 673 1517
113 673 1517
234 1516 1517
344 1516 1517
234 674 993
19 674 993
234 993 1516
344 993 1516
503 1517 1518
344 1517 1518
503 1514 1517
113 1514 1517
503 991 1518
344 991 1518
503 991 1515
147 991 1515
367 1045 1520
153 1045 1520
367 1519 1520
505 1519 1520
367 1047 1521
20 1047 1521
367 1519 1521
505 1519 1521
504 1520 1523
153 1520 1523
504 1520 1522
505 1520 1522
504 1524 1525
187 1524 1525
504 1522 1524
505 1522 1524
365 1038 1527
153 1038 1527
365 1526 1527
506 1526 1527
365 1040 1528
82 1040 1528
365 1526 1528
506 1526 1528
504 1523 1527
153 1523 1527
504 1527 1529
506 1527 1529
504 1525 1530
187 1525 1530
504 1529 1530
506 1529 1530
507 1531 1533
505 1531 1533
507 1532 1533
188 1532 1533
507 1524 1531
505 1524 1531
507 1524 1534
187 1524 1534
508 1533 1535
505 1533 1535
508 1533 1536
188 1533 1536
508 1521 1535
505 1521 1535
508 1521 1537
20 1521 1537
507 1532 1539
188 1532 1539
507 1538 1539
510 1538 1539
507 1534 1540
187 1534 1540
507 1538 1540
510 1538 1540
509 1539 1542
188 1539 1542
509 1539 1541
510 1539 1541
509 1543 1544
38 1543 1544
509 1541 1543
510 1541 1543
246 701 1545
118 701 1545
246 511 1545
246 703 1546
31 703 1546
246 511 1546
187 511 1547
511 1545 1547
118 1545 1547
248 708 1548
118 708 1548
248 506 1548
248 710 1528
82 710 1528
248 506 1528
506 1530 1547
187 1530 1547
506 1547 1548
118 1547 1548
473 510 1549
510 1540 1549
187 1540 1549
473 510 1400
510 1400 1543
38 1400 1543
473 511 1549
187 511 1549
473 511 1402
511 1402 1546
31 1402 1546
466 1383 1551
175 1383 1551
466 1550 1551
513 1550 1551
466 1385 1552
17 1385 1552
466 1550 1552
513 1550 1552
512 1551 1554
175 1551 1554
512 1551 1553
513 1551 1553
512 1555 1556
189 1555 1556
512 1553 1555
513 1553 1555
464 1376 1558
175 1376 1558
464 1557 1558
514 1557 1558
464 1378 1559
83 1378 1559
464 1557 1559
514 1557 1559
512 1554 1558
175 1554 1558
512 1558 1560
514 1558 1560
512 1556 1561
189 1556 1561
512 1560 1561
514 1560 1561
467 1391 1563
178 1391 1563
467 1562 1563
513 1562 1563
467 1393 1552
17 1393 1552
467 1552 1562
513 1552 1562
515 1563 1564
513 1563 1564
515 1563 1565
178 1563 1565
515 1555 1564
513 1555 1564
515 1555 1566
189 1555 1566
469 1395 1568
178 1395 1568
469 1567 1568
516 1567 1568
469 1397 1569
69 1397 1569
469 1567 1569
516 1567 1569
515 1565 1568
178 1565 1568
515 1568 1570
516 1568 1570
515 1566 1571
189 1566 1571
515 1570 1571
516 1570 1571
360 1021 1573
151 1021 1573
360 1572 1573
518 1572 1573
360 1023 1574
31 1023 1574
360 1572 1574
518 1572 1574
517 1573 1576
151 1573 1576
517 1573 1575
518 1573 1575
517 1577 1578
189 1577 1578
517 1575 1577
518 1575 1577
358 1017 1580
151 1017 1580
358 1579 1580
514 1579 1580
358 1019 1559
83 1019 1559
358 1559 1579
514 1559 1579
517 1580 1581
514 1580 1581
517 1576 1580
151 1576 1580
517 1561 1581
514 1561 1581
517 1561 1578
189 1561 1578
251 716 1583
119 716 1583
251 1582 1583
518 1582 1583
251 717 1574
31 717 1574
251 1574 1582
518 1574 1582
519 1583 1584
518 1583 1584
519 1583 1585
119 1583 1585
519 1577 1584
518 1577 1584
519 1577 1586
189 1577 1586
252 722 1588
119 722 1588
252 1587 1588
516 1587 1588
252 724 1569
69 724 1569
252 1569 1587
516 1569 1587
519 1588 1589
516 1588 1589
519 1585 1588
119 1585 1588
519 1571 1589
516 1571 1589
519 1571 1586
189 1571 1586
68 84 471
84 471 520
471 520 1398
520 1398 1590
17 1398 1590
521 1591 1592
181 1591 1592
84 521 1592
483 1445 1591
181 1445 1591
483 521 1591
483 1446 1593
36 1446 1593
483 521 1593
520 1592 1594
181 1592 1594
84 520 1592
482 1440 1594
181 1440 1594
482 520 1594
482 1441 1590
17 1441 1590
482 520 1590
522 1595 1596
85 1595 1596
522 523 1595
522 1597 1598
65 1597 1598
522 523 1597
523 880 1595
85 880 1595
30 523 880
522 524 1599
172 524 1599
522 524 1596
524 1596 1600
85 1596 1600
447 1315 1599
172 1315 1599
447 522 1599
447 1316 1598
65 1316 1598
447 522 1598
266 768 1601
123 768 1601
266 524 1601
266 770 1600
85 770 1600
266 524 1600
172 524 1602
524 1601 1602
123 1601 1602
264 761 1603
123 761 1603
264 446 1603
264 763 1311
18 763 1311
264 446 1311
446 1310 1602
172 1310 1602
446 1602 1603
123 1602 1603
72 440 525
440 1289 1604
65 1289 1604
440 525 1604
72 86 525
30 86 525
30 523 525
523 1597 1604
65 1597 1604
523 525 1604
3 51 87
3 58 87
29 68 91
29 88 91
1 52 89
1 57 89
90 316 1606
316 1605 1606
36 1605 1606
316 521 1605
521 1593 1605
36 1593 1605
84 316 521
90 1006 1606
36 1006 1606
14 90 1006
13 53 91
28 53 91
39 76 92
24 76 92
6 56 93
56 93 459
93 459 526
459 526 1362
526 1362 1607
26 1362 1607
97 156 527
156 371 527
371 1057 1608
41 1057 1608
371 527 1608
39 97 156
94 283 1609
283 808 1609
41 808 1609
28 94 283
295 856 1611
131 856 1611
295 1610 1611
529 1610 1611
295 857 1612
18 857 1612
295 1610 1612
529 1610 1612
528 1611 1614
131 1611 1614
528 1611 1613
529 1611 1613
528 1615 1616
190 1615 1616
528 1613 1615
529 1613 1615
294 851 1618
131 851 1618
294 1617 1618
530 1617 1618
294 852 1619
95 852 1619
294 1617 1619
530 1617 1619
528 1614 1618
131 1614 1618
528 1618 1620
530 1618 1620
528 1616 1621
190 1616 1621
528 1620 1621
530 1620 1621
442 1297 1623
171 1297 1623
442 1622 1623
529 1622 1623
442 1299 1612
18 1299 1612
442 1612 1622
529 1612 1622
531 1623 1624
529 1623 1624
531 1623 1625
171 1623 1625
531 1615 1624
529 1615 1624
531 1615 1626
190 1615 1626
444 1303 1628
171 1303 1628
444 1627 1628
532 1627 1628
444 1304 1629
66 1304 1629
444 1627 1629
532 1627 1629
531 1625 1628
171 1625 1628
531 1628 1630
532 1628 1630
531 1626 1631
190 1626 1631
531 1630 1631
532 1630 1631
421 530 1632
530 1621 1632
190 1621 1632
421 530 1226
530 1226 1619
95 1226 1619
421 1632 1633
190 1632 1633
35 421 1633
297 532 1634
532 1631 1634
190 1631 1634
297 532 858
532 858 1629
66 858 1629
297 1633 1634
190 1633 1634
35 297 1633
96 406 533
406 533 1187
533 1187 1635
46 1187 1635
7 96 406
533 1636 1637
174 1636 1637
96 533 1637
453 1340 1636
174 1340 1636
453 533 1636
453 1342 1635
46 1342 1635
453 533 1635
408 1637 1638
174 1637 1638
96 408 1637
408 452 1638
452 1334 1638
174 1334 1638
408 452 1188
452 1188 1335
25 1188 1335
527 1608 1639
41 1608 1639
527 534 1639
97 527 534
94 534 1609
534 1609 1639
41 1609 1639
5 97 534
5 94 534
526 1640 1641
191 1640 1641
93 526 1641
526 535 1640
535 1640 1642
191 1640 1642
526 535 1607
535 1607 1643
26 1607 1643
93 134 1641
134 1641 1644
191 1641 1644
134 304 536
304 875 1645
98 875 1645
304 536 1645
536 1644 1646
191 1644 1646
134 536 1644
537 1648 1649
167 1648 1649
537 1647 1648
538 1647 1648
537 1650 1651
165 1650 1651
537 1647 1650
538 1647 1650
427 1231 1648
167 1231 1648
427 1648 1652
538 1648 1652
427 1233 1653
98 1233 1653
427 1652 1653
538 1652 1653
537 1654 1655
414 1654 1655
537 1649 1655
167 1649 1655
537 1211 1654
414 1211 1654
537 1211 1651
165 1211 1651
429 1655 1656
414 1655 1656
429 1240 1655
167 1240 1655
429 1212 1656
414 1212 1656
429 1212 1242
62 1212 1242
539 1657 1659
538 1657 1659
539 1658 1659
191 1658 1659
539 1650 1657
538 1650 1657
539 1650 1660
165 1650 1660
536 1646 1659
191 1646 1659
536 1659 1661
538 1659 1661
536 1645 1653
98 1645 1653
536 1653 1661
538 1653 1661
539 1662 1663
413 1662 1663
539 1658 1663
191 1658 1663
539 1206 1662
413 1206 1662
539 1206 1660
165 1206 1660
535 1663 1664
413 1663 1664
535 1642 1663
191 1642 1663
535 1207 1664
413 1207 1664
535 1207 1643
26 1207 1643
11 67 99
11 51 99
541 1665 1667
192 1665 1667
541 1666 1667
166 1666 1667
540 1665 1668
192 1665 1668
540 541 1665
540 1669 1670
100 1669 1670
540 541 1669
422 1667 1671
192 1667 1671
166 422 1667
422 542 1671
542 1671 1672
192 1671 1672
422 542 1227
542 1227 1673
38 1227 1673
394 1147 1674
162 1147 1674
394 541 1674
394 1148 1669
100 1148 1669
394 541 1669
162 1666 1674
541 1666 1674
162 166 1666
395 1152 1675
162 1152 1675
395 423 1675
395 1153 1229
22 1153 1229
395 423 1229
162 166 1675
166 423 1675
543 1677 1678
192 1677 1678
543 1676 1677
544 1676 1677
543 1679 1680
188 1679 1680
543 1676 1679
544 1676 1679
540 1668 1677
192 1668 1677
540 1677 1681
544 1677 1681
540 1670 1682
100 1670 1682
540 1681 1682
544 1681 1682
543 1683 1684
509 1683 1684
543 1678 1684
192 1678 1684
543 1542 1683
509 1542 1683
543 1542 1680
188 1542 1680
542 1684 1685
509 1684 1685
542 1672 1684
192 1672 1684
542 1544 1685
509 1544 1685
542 1544 1673
38 1544 1673
399 1169 1687
163 1169 1687
399 1686 1687
544 1686 1687
399 1170 1682
100 1170 1682
399 1682 1686
544 1682 1686
545 1687 1688
544 1687 1688
545 1687 1689
163 1687 1689
545 1679 1688
544 1679 1688
545 1679 1690
188 1679 1690
400 1174 1692
163 1174 1692
400 1691 1692
508 1691 1692
400 1175 1537
20 1175 1537
400 1537 1691
508 1537 1691
545 1692 1693
508 1692 1693
545 1689 1692
163 1689 1692
545 1536 1693
508 1536 1693
545 1536 1690
188 1536 1690
