ID=8266690
numvertices=193
numsimplices=352
vertices
-1.500000e+00 -1.500000e+00
1.500000e+00 -1.500000e+00
1.500000e+00 1.500000e+00
-1.500000e+00 1.500000e+00
0.000000e+00 -1.500000e+00
1.500000e+00 0.000000e+00
0.000000e+00 1.500000e+00
-1.500000e+00 0.000000e+00
0.000000e+00 0.000000e+00
-1.500000e+00 -7.500000e-01
-7.500000e-01 -1.500000e+00
-7.500000e-01 1.500000e+00
-1.500000e+00 7.500000e-01
1.500000e+00 -7.500000e-01
7.500000e-01 -1.500000e+00
1.500000e+00 7.500000e-01
7.500000e-01 1.500000e+00
6.250000e-01 -6.250000e-01
-6.250000e-01 6.250000e-01
-3.750000e-01 -7.500000e-01
7.500000e-01 3.750000e-01
-7.291667e-01 -1.041667e-01
1.099138e-01 7.607759e-01
-9.375000e-01 -9.375000e-01
9.375000e-01 9.375000e-01
-1.064867e+00 3.158144e-01
-3.750000e-01 1.107143e+00
1.580882e-01 -9.522059e-01
1.107143e+00 -3.750000e-01
1.015625e+00 -1.015625e+00
-1.015625e+00 1.015625e+00
5.208333e-01 -1.041667e-01
-1.089744e+00 -4.567308e-01
4.712911e-01 1.094597e+00
3.074382e-02 -4.841219e-01
-4.036458e-01 2.213542e-01
5.789250e-01 -1.091165e+00
-3.342717e-01 -2.642648e-01
3.273810e-01 2.827381e-01
1.125000e+00 5.625000e-01
-2.181633e-01 -1.140332e+00
1.063337e+00 6.417411e-02
-1.125000e+00 -1.500000e+00
-1.500000e+00 -1.125000e+00
1.500000e+00 1.125000e+00
1.125000e+00 1.500000e+00
-1.115997e+00 -6.921230e-02
-6.913853e-01 -5.034747e-01
6.094702e-01 7.343433e-01
3.750000e-01 -1.500000e+00
-3.750000e-01 -1.500000e+00
-1.125000e+00 1.500000e+00
1.125000e+00 -1.500000e+00
1.500000e+00 -3.750000e-01
-1.500000e+00 -3.750000e-01
-1.500000e+00 3.750000e-01
-3.750000e-01 1.500000e+00
1.500000e+00 -1.125000e+00
-1.500000e+00 1.125000e+00
3.750000e-01 1.500000e+00
1.500000e+00 3.750000e-01
-6.062135e-01 -1.139571e+00
-2.672414e-01 7.453818e-01
9.751259e-02 1.136715e+00
-5.049878e-02 3.993180e-01
-9.792008e-01 6.614242e-01
-7.395241e-01 2.317116e-01
-7.098214e-01 1.162946e+00
9.598214e-01 -6.808036e-01
7.749081e-01 -3.241850e-01
2.250847e-01 -2.287433e-01
3.025081e-01 -6.615515e-01
-1.255097e+00 5.463888e-01
-1.250000e+00 -9.375000e-01
-8.914858e-01 -1.234662e+00
-6.700437e-01 -8.023690e-01
1.218750e+00 8.437500e-01
1.171875e+00 1.171875e+00
8.789062e-01 1.230469e+00
1.875000e-01 -1.257402e+00
-1.227679e+00 -1.227679e+00
-1.167230e-01 -8.728980e-01
7.627583e-01 7.451416e-02
4.377707e-01 -4.140258e-01
7.681145e-01 -8.848157e-01
-7.614851e-01 8.791399e-01
-1.287802e+00 9.375000e-01
-1.222574e+00 1.223431e+00
1.287802e+00 -9.375000e-01
1.222574e+00 -1.223431e+00
9.375000e-01 -1.287802e+00
1.236315e+00 -6.654065e-01
8.750634e-01 6.719067e-01
-1.477364e-01 1.265615e+00
1.303571e+00 -1.875000e-01
-3.823149e-01 4.955686e-01
-1.303912e+00 1.875000e-01
1.304509e+00 1.875000e-01
-8.639423e-02 9.424745e-01
-9.554065e-01 1.284670e+00
5.043676e-01 4.860900e-01
-8.905644e-01 -4.801027e-01
-8.144426e-01 -7.204874e-01
-1.013622e+00 -6.971154e-01
-7.102760e-01 -3.038207e-01
-9.094551e-01 -2.804487e-01
-1.102870e+00 -2.629715e-01
-9.225820e-01 -8.668948e-02
-4.121884e-01 -1.139951e+00
-4.906067e-01 -9.447856e-01
-2.965817e-01 -9.451658e-01
3.685066e-01 -1.021685e+00
-1.674431e-01 -1.006615e+00
-2.458615e-01 -8.114490e-01
5.403807e-01 9.144702e-01
7.043956e-01 1.016049e+00
6.797351e-01 5.546716e-01
7.688332e-01 -1.248354e-01
6.417958e-01 -1.482626e-02
6.478707e-01 -2.141759e-01
3.596920e-01 7.475596e-01
2.906025e-01 9.276865e-01
-5.143632e-01 8.122608e-01
-6.932425e-01 7.520700e-01
-4.461207e-01 6.851909e-01
2.342572e-01 -4.490739e-01
2.068264e-02 -9.125519e-01
-3.003755e-02 -1.046269e+00
9.191226e-01 -1.300055e-01
9.130477e-01 6.934413e-02
-3.247781e-01 6.204752e-01
-5.036575e-01 5.602843e-01
-7.343454e-01 6.377249e-02
-5.664062e-01 5.859375e-02
-1.170653e-01 1.104045e+00
5.559182e-03 1.039595e+00
2.362563e-01 1.318358e+00
9.289255e-02 -7.672247e-01
2.302981e-01 -8.068787e-01
3.701394e-01 -5.377886e-01
1.666259e-01 -5.728367e-01
2.844019e-01 1.115656e+00
1.037132e-01 9.487457e-01
-6.807145e-01 -6.529219e-01
-5.225218e-01 -7.761845e-01
-5.331926e-01 -6.267374e-01
-3.546358e-01 -5.071324e-01
-1.721281e-01 -6.170610e-01
-5.682425e-01 9.931414e-01
-3.689588e-01 -2.145533e-02
-5.317192e-01 -1.842157e-01
4.793020e-01 -2.590962e-01
3.729590e-01 -1.664550e-01
7.563791e-01 2.247571e-01
9.066685e-01 2.195871e-01
-4.906067e-01 -1.319786e+00
1.094169e+00 3.133371e-01
-8.593625e-01 4.465679e-01
-9.021958e-01 2.737630e-01
-1.022034e+00 4.886193e-01
-5.128285e-01 -3.838698e-01
5.569189e-01 6.102166e-01
3.071407e-01 6.234329e-01
6.271838e-01 4.305450e-01
-1.307999e+00 -2.221061e-01
-3.211207e-01 9.262623e-01
2.186474e-01 5.217570e-01
-1.768178e-01 8.439282e-01
1.175978e-02 8.516252e-01
-7.866379e-02 7.530788e-01
-1.588701e-01 5.723499e-01
-6.822621e-01 4.283558e-01
-8.021004e-01 6.432121e-01
-9.277608e-01 8.124967e-02
-1.090432e+00 1.233010e-01
5.313853e-01 -5.195129e-01
4.637540e-01 -6.432757e-01
8.673648e-01 -5.024943e-01
6.999541e-01 -4.745925e-01
2.762328e-01 2.699740e-02
4.407165e-01 -8.763580e-01
6.019625e-01 -8.580823e-01
-1.169872e+00 -6.971154e-01
-7.718567e-01 -1.038536e+00
-6.381286e-01 -9.709701e-01
-1.533166e-02 -1.198867e+00
-4.298957e-02 -6.785099e-01
5.450696e-01 1.786261e-01
5.386905e-01 3.288690e-01
6.063394e-01 -3.691054e-01
-5.609195e-01 3.636401e-01
-2.306971e-01 1.024809e+00
4.158743e-01 3.844140e-01
simplices
13 57 88
8 34 70
47 101 103
32 101 103
47 102 103
23 102 103
47 101 105
32 101 105
47 104 105
21 104 105
23 74 80
46 105 106
32 105 106
46 105 107
21 105 107
40 109 110
19 109 110
40 108 109
61 108 109
12 72 86
30 67 99
29 89 90
36 79 111
27 79 111
81 110 112
40 110 112
81 110 113
19 110 113
24 48 92
48 114 115
33 114 115
24 48 115
48 92 116
20 92 116
20 39 92
31 117 118
82 117 118
31 117 119
69 117 119
33 120 121
22 120 121
33 114 120
48 114 120
8 34 37
18 122 123
85 122 123
18 122 124
62 122 124
34 70 125
70 83 125
81 112 127
40 112 127
81 126 127
27 126 127
28 69 128
28 41 128
82 117 128
69 117 128
82 128 129
41 128 129
95 124 130
62 124 130
95 124 131
18 124 131
35 66 133
66 132 133
21 132 133
16 45 78
63 134 135
98 134 135
63 93 134
23 73 80
30 67 85
6 63 136
6 59 136
27 126 137
81 126 137
27 137 138
71 137 138
29 68 84
29 84 90
8 38 64
71 125 140
34 125 140
71 125 139
83 125 139
9 32 54
63 121 141
33 121 141
63 121 142
22 121 142
75 143 145
47 143 145
75 144 145
19 144 145
34 146 147
19 146 147
34 37 146
8 35 64
26 67 148
67 85 148
14 36 49
8 37 149
8 35 149
21 149 150
37 149 150
21 133 149
35 133 149
70 83 152
83 151 152
31 151 152
82 129 154
41 129 154
82 153 154
20 153 154
5 53 94
10 61 155
10 50 155
15 39 60
20 154 156
41 154 156
20 39 156
43 73 80
42 74 80
9 43 73
24 76 77
15 39 76
15 44 76
44 76 77
25 157 158
66 157 158
25 157 159
65 157 159
7 55 96
47 146 160
37 146 160
47 145 146
19 145 146
21 104 160
47 104 160
21 150 160
37 150 160
100 120 161
48 120 161
100 120 162
22 120 162
100 116 161
48 116 161
100 116 163
20 116 163
36 49 79
4 49 79
4 40 50
40 108 155
61 108 155
40 50 155
30 86 87
30 87 99
29 88 89
14 52 90
28 53 94
13 88 91
32 54 164
32 106 164
46 106 164
7 54 164
7 46 164
25 72 96
55 72 96
26 122 148
85 122 148
26 122 165
62 122 165
6 63 93
57 88 89
52 89 90
58 86 87
51 87 99
33 136 141
63 136 141
33 59 136
16 33 59
39 60 97
5 60 97
75 102 143
47 102 143
23 75 102
10 42 74
35 64 95
38 64 166
22 64 166
98 167 169
62 167 169
98 168 169
22 168 169
98 135 142
63 135 142
98 142 168
22 142 168
22 64 170
22 169 170
62 169 170
64 95 170
95 130 170
62 130 170
65 72 159
25 72 159
18 157 171
66 157 171
18 157 172
65 157 172
25 158 173
66 158 173
25 173 174
46 173 174
21 132 173
66 132 173
21 107 173
46 107 173
26 56 67
11 56 67
28 68 91
83 139 176
71 139 176
83 175 176
17 175 176
17 177 178
69 177 178
17 68 177
28 69 177
28 68 177
31 152 179
70 152 179
31 38 179
8 70 179
8 38 179
27 138 180
71 138 180
27 111 180
36 111 180
17 176 180
71 176 180
17 180 181
36 180 181
12 58 86
12 55 72
23 73 182
23 103 182
32 103 182
9 73 182
9 32 182
10 61 74
61 74 183
23 74 183
75 183 184
61 183 184
23 75 183
75 109 184
61 109 184
75 109 144
19 109 144
45 77 78
24 77 78
2 44 77
2 45 77
16 33 78
33 78 115
24 78 115
27 79 185
27 127 185
40 127 185
4 79 185
4 40 185
0 43 80
0 42 80
34 137 186
81 137 186
34 137 140
71 137 140
81 147 186
34 147 186
81 113 147
19 113 147
20 153 187
82 153 187
20 187 188
38 187 188
31 118 187
82 118 187
31 38 187
17 175 189
83 175 189
17 178 189
69 178 189
31 151 189
83 151 189
31 119 189
69 119 189
17 68 84
36 84 181
17 84 181
30 65 85
65 85 172
85 123 172
18 123 172
65 72 86
30 65 86
3 51 87
3 58 87
29 68 91
29 88 91
1 52 89
1 57 89
36 84 90
14 36 90
13 53 91
28 53 91
39 76 92
24 76 92
6 56 93
26 56 93
41 97 156
39 97 156
28 41 94
18 131 190
95 131 190
18 171 190
66 171 190
35 95 190
35 66 190
7 46 96
46 96 174
25 96 174
41 94 97
5 94 97
26 93 191
93 134 191
98 134 191
98 165 167
62 165 167
98 165 191
26 165 191
11 67 99
11 51 99
100 166 192
38 166 192
100 162 166
22 162 166
100 188 192
38 188 192
100 163 188
20 163 188
