ID=6310310
numvertices=285
numsimplices=525
vertices
-1.5000000000000000e+00 -1.5000000000000000e+00
1.5000000000000000e+00 -1.5000000000000000e+00
1.5000000000000000e+00 1.5000000000000000e+00
-1.5000000000000000e+00 1.5000000000000000e+00
0.0000000000000000e+00 -1.5000000000000000e+00
1.5000000000000000e+00 0.0000000000000000e+00
0.0000000000000000e+00 1.5000000000000000e+00
-1.5000000000000000e+00 0.0000000000000000e+00
0.0000000000000000e+00 0.0000000000000000e+00
-1.5000000000000000e+00 -7.5000000000000000e-01
-7.5000000000000000e-01 -1.5000000000000000e+00
-7.5000000000000000e-01 1.5000000000000000e+00
-1.5000000000000000e+00 7.5000000000000000e-01
1.5000000000000000e+00 -7.5000000000000000e-01
7.5000000000000000e-01 -1.5000000000000000e+00
1.5000000000000000e+00 7.5000000000000000e-01
7.5000000000000000e-01 1.5000000000000000e+00
6.2500000000000000e-01 -6.2500000000000000e-01
-6.2500000000000000e-01 6.2500000000000000e-01
-3.7500000000000000e-01 -7.5000000000000000e-01
7.5000000000000000e-01 3.7500000000000000e-01
-7.2916666666666663e-01 -1.0416666666666667e-01
1.0991379310344827e-01 7.6077586206896552e-01
-9.3750000000000000e-01 -9.3750000000000000e-01
9.3750000000000000e-01 9.3750000000000000e-01
-1.0648674242424243e+00 3.1581439393939398e-01
-3.7500000000000000e-01 1.1071428571428572e+00
1.5808823529411764e-01 -9.5220588235294112e-01
1.1071428571428572e+00 -3.7500000000000000e-01
1.0156250000000000e+00 -1.0156250000000000e+00
-1.0156250000000000e+00 1.0156250000000000e+00
1.0613839285714286e+00 -6.9531250000000000e-01
-5.5208333333333326e-01 -4.2708333333333331e-01
-1.8750000000000000e-01 -3.7500000000000000e-01
-8.3333333333333326e-01 -5.2083333333333337e-01
-6.5625000000000000e-01 -8.4375000000000000e-01
-1.1145833333333333e+00 -4.2708333333333331e-01
-1.1145833333333333e+00 -5.2083333333333336e-02
-1.5000000000000000e+00 -3.7500000000000000e-01
-1.2187500000000000e+00 -8.4375000000000000e-01
-8.9701704545454541e-01 1.0582386363636365e-01
-1.2824337121212122e+00 1.5790719696969699e-01
-8.4375000000000000e-01 -1.2187500000000000e+00
-5.6250000000000000e-01 -1.1250000000000000e+00
-1.0402462121212122e+00 6.6571969696969702e-01
-6.9531250000000000e-01 1.0613839285714286e+00
5.8685661764705888e-01 -9.8391544117647056e-01
4.5404411764705882e-01 -1.2261029411764706e+00
-1.8750000000000000e-01 -1.1250000000000000e+00
-3.7500000000000000e-01 -1.5000000000000000e+00
-1.0845588235294118e-01 -8.5110294117647056e-01
7.9044117647058820e-02 -1.2261029411764706e+00
5.2370689655172409e-01 8.4913793103448276e-01
8.4375000000000000e-01 6.5625000000000000e-01
4.2995689655172414e-01 5.6788793103448276e-01
1.1250000000000000e+00 5.6250000000000000e-01
1.1250000000000000e+00 1.8750000000000000e-01
1.5000000000000000e+00 3.7500000000000000e-01
8.4375000000000000e-01 1.2187500000000000e+00
4.2995689655172414e-01 1.1303879310344827e+00
1.2187500000000000e+00 8.4375000000000000e-01
9.2857142857142860e-01 0.0000000000000000e+00
1.3035714285714286e+00 -1.8750000000000000e-01
3.7500000000000000e-01 1.8750000000000000e-01
-2.5754310344827586e-01 6.9288793103448276e-01
-3.1250000000000000e-01 3.1250000000000000e-01
-8.2031250000000000e-01 8.2031250000000000e-01
-5.0000000000000000e-01 8.6607142857142860e-01
3.9154411764705882e-01 -7.8860294117647056e-01
7.9044117647058820e-02 -4.7610294117647056e-01
3.1250000000000000e-01 -3.1250000000000000e-01
6.8750000000000000e-01 -1.2500000000000000e-01
8.6607142857142860e-01 -5.0000000000000000e-01
-6.7708333333333326e-01 2.6041666666666669e-01
-8.4493371212121215e-01 4.7040719696969702e-01
5.4956896551724137e-02 1.1303879310344827e+00
3.7500000000000000e-01 1.5000000000000000e+00
-1.3254310344827586e-01 9.3395935960591137e-01
-1.2187500000000000e+00 -1.2187500000000000e+00
1.2187500000000000e+00 1.2187500000000000e+00
-1.5000000000000000e+00 3.7500000000000000e-01
-1.8750000000000000e-01 1.3035714285714286e+00
-3.7500000000000000e-01 1.5000000000000000e+00
8.2031250000000000e-01 -8.2031250000000000e-01
1.5000000000000000e+00 -3.7500000000000000e-01
1.0385044642857144e+00 -8.5546875000000000e-01
1.2578125000000000e+00 -8.8281250000000000e-01
1.0842633928571428e+00 -5.3515625000000000e-01
1.3035714285714286e+00 -5.6250000000000000e-01
-4.5833333333333331e-01 -2.3958333333333334e-01
-6.4062500000000000e-01 -2.6562500000000000e-01
-2.8125000000000000e-01 -5.6250000000000000e-01
-4.6354166666666663e-01 -5.8854166666666663e-01
-9.3750000000000000e-02 -1.8750000000000000e-01
-3.6458333333333331e-01 -5.2083333333333336e-02
-7.4479166666666663e-01 -6.8229166666666674e-01
-5.1562500000000000e-01 -7.9687500000000000e-01
-6.0416666666666663e-01 -6.3541666666666674e-01
-7.9687500000000000e-01 -8.9062500000000000e-01
-8.8541666666666663e-01 -7.2916666666666674e-01
-6.9270833333333326e-01 -4.7395833333333337e-01
-7.8125000000000000e-01 -3.1250000000000000e-01
-1.1145833333333333e+00 -2.3958333333333331e-01
-1.3072916666666665e+00 -2.6041666666666668e-02
-1.3072916666666665e+00 -2.1354166666666666e-01
-9.2187500000000000e-01 -7.8125000000000000e-02
-9.2187500000000000e-01 -2.6562500000000000e-01
-1.3072916666666665e+00 -4.0104166666666663e-01
-1.5000000000000000e+00 -1.8750000000000000e-01
-1.5000000000000000e+00 -5.6250000000000000e-01
-1.3072916666666665e+00 -5.8854166666666663e-01
-9.7395833333333326e-01 -4.7395833333333337e-01
-1.0260416666666665e+00 -6.8229166666666663e-01
-1.1666666666666665e+00 -6.3541666666666663e-01
-1.0781250000000000e+00 -8.9062500000000000e-01
-1.3593750000000000e+00 -7.9687500000000000e-01
-1.0058001893939394e+00 2.6870265151515155e-02
-9.8094223484848486e-01 2.1081912878787881e-01
-1.0897253787878789e+00 1.3186553030303033e-01
-8.1309185606060597e-01 8.2859848484848758e-04
-1.1985085227272727e+00 5.2911931818181823e-02
-1.1736505681818183e+00 2.3686079545454547e-01
-1.3912168560606060e+00 7.8953598484848495e-02
-6.0937500000000000e-01 -9.8437500000000000e-01
-7.5000000000000000e-01 -1.0312500000000000e+00
-4.6875000000000000e-01 -9.3750000000000000e-01
-7.0312500000000000e-01 -1.1718750000000000e+00
-8.9062500000000000e-01 -1.0781250000000000e+00
-6.5625000000000000e-01 -1.3125000000000000e+00
-7.9687500000000000e-01 -1.3593750000000000e+00
-1.0279356060606060e+00 8.4067234848484851e-01
-1.2578125000000000e+00 8.8281250000000000e-01
-1.0525568181818183e+00 4.9076704545454553e-01
-1.2824337121212122e+00 5.3290719696969702e-01
-8.5546875000000000e-01 1.0385044642857144e+00
-8.8281250000000000e-01 1.2578125000000000e+00
-5.3515625000000000e-01 1.0842633928571428e+00
-5.6250000000000000e-01 1.3035714285714286e+00
8.0124080882352944e-01 -9.9977022058823528e-01
8.8281250000000000e-01 -1.2578125000000000e+00
3.0606617647058820e-01 -1.0891544117647058e+00
3.7247242647058826e-01 -9.6806066176470584e-01
-2.8125000000000000e-01 -1.3125000000000000e+00
-5.6250000000000000e-01 -1.5000000000000000e+00
-4.6875000000000000e-01 -1.3125000000000000e+00
-1.8750000000000000e-01 -1.5000000000000000e+00
-9.3750000000000000e-02 -1.3125000000000000e+00
-3.7500000000000000e-01 -1.1250000000000000e+00
-2.8125000000000000e-01 -9.3750000000000000e-01
-1.4797794117647059e-01 -9.8805147058823528e-01
2.4816176470588230e-02 -9.0165441176470584e-01
-1.4705882352941180e-02 -1.0386029411764706e+00
-2.4172794117647059e-01 -8.0055147058823528e-01
-5.4227941176470590e-02 -1.1755514705882353e+00
1.1856617647058823e-01 -1.0891544117647058e+00
3.9522058823529410e-02 -1.3630514705882353e+00
6.8372844827586210e-01 7.5269396551724133e-01
7.9687500000000000e-01 5.1562500000000000e-01
6.3685344827586210e-01 6.1206896551724133e-01
8.9062500000000000e-01 7.9687500000000000e-01
7.3060344827586210e-01 8.9331896551724133e-01
4.7683189655172409e-01 7.0851293103448276e-01
5.8997844827586210e-01 4.7144396551724138e-01
2.6993534482758619e-01 6.6433189655172420e-01
3.1681034482758619e-01 8.0495689655172420e-01
1.3125000000000000e+00 2.8125000000000000e-01
1.5000000000000000e+00 5.6250000000000000e-01
1.3125000000000000e+00 4.6875000000000000e-01
1.5000000000000000e+00 1.8750000000000000e-01
1.3125000000000000e+00 9.3750000000000000e-02
1.1250000000000000e+00 3.7500000000000000e-01
1.3125000000000000e+00 6.5625000000000000e-01
9.3750000000000000e-01 2.8125000000000000e-01
9.3750000000000000e-01 4.6875000000000000e-01
4.7683189655172409e-01 9.8976293103448265e-01
6.8372844827586210e-01 1.0339439655172413e+00
2.6993534482758619e-01 9.4558189655172409e-01
6.3685344827586210e-01 1.1745689655172413e+00
8.9062500000000000e-01 1.0781250000000000e+00
5.8997844827586210e-01 1.3151939655172413e+00
7.9687500000000000e-01 1.3593750000000000e+00
9.8437500000000000e-01 6.0937500000000000e-01
1.0312500000000000e+00 7.5000000000000000e-01
1.1718750000000000e+00 7.0312500000000000e-01
1.0781250000000000e+00 8.9062500000000000e-01
1.3593750000000000e+00 7.9687500000000000e-01
1.0267857142857144e+00 9.3750000000000000e-02
1.0178571428571428e+00 -1.8750000000000000e-01
1.1160714285714286e+00 -9.3750000000000000e-02
8.3928571428571430e-01 1.8750000000000000e-01
1.2142857142857144e+00 0.0000000000000000e+00
1.2053571428571428e+00 -2.8125000000000000e-01
1.4017857142857144e+00 -9.3750000000000000e-02
2.4245689655172414e-01 4.7413793103448276e-01
5.6250000000000000e-01 2.8125000000000000e-01
5.4956896551724137e-02 3.8038793103448276e-01
-1.0129310344827586e-01 5.3663793103448276e-01
-7.3814655172413784e-02 7.2683189655172420e-01
-4.6875000000000000e-01 4.6875000000000000e-01
-4.4127155172413790e-01 6.5894396551724133e-01
-7.5781250000000000e-01 9.4084821428571430e-01
-7.2265625000000000e-01 7.2265625000000000e-01
-6.6015625000000000e-01 8.4319196428571430e-01
-9.1796875000000000e-01 9.1796875000000000e-01
-5.9765625000000000e-01 9.6372767857142860e-01
-5.6250000000000000e-01 7.4553571428571430e-01
-4.3750000000000000e-01 9.8660714285714290e-01
1.9577205882352941e-01 -3.9430147058823528e-01
4.6875000000000000e-01 -4.6875000000000000e-01
3.5202205882352944e-01 -5.5055147058823528e-01
1.5625000000000000e-01 -1.5625000000000000e-01
3.9522058823529410e-02 -2.3805147058823528e-01
2.3529411764705882e-01 -6.3235294117647056e-01
5.0827205882352944e-01 -7.0680147058823528e-01
1.1856617647058823e-01 -7.1415441176470584e-01
2.7481617647058820e-01 -8.7040441176470584e-01
-5.4227941176470590e-02 -4.2555147058823528e-01
-1.4797794117647059e-01 -6.1305147058823528e-01
-1.4705882352941180e-02 -6.6360294117647056e-01
3.4375000000000000e-01 -6.2500000000000000e-02
7.1875000000000000e-01 1.2500000000000000e-01
6.5625000000000000e-01 -3.7500000000000000e-01
8.0803571428571430e-01 -6.2500000000000000e-02
8.9732142857142860e-01 -2.5000000000000000e-01
7.7678571428571430e-01 -3.1250000000000000e-01
9.8660714285714290e-01 -4.3750000000000000e-01
7.4553571428571430e-01 -5.6250000000000000e-01
-7.0312500000000000e-01 7.8125000000000000e-02
-5.2083333333333326e-01 1.0416666666666666e-01
-6.5104166666666663e-01 4.4270833333333337e-01
-7.8705018939393934e-01 1.8312026515151517e-01
-8.7097537878787878e-01 2.8811553030303033e-01
-7.6100852272727271e-01 3.6541193181818188e-01
-9.5490056818181823e-01 3.9311079545454553e-01
-7.3496685606060608e-01 5.4770359848484851e-01
2.4245689655172414e-01 1.1303879310344827e+00
2.7478448275862068e-02 1.3151939655172413e+00
2.1497844827586207e-01 1.3151939655172413e+00
8.2435344827586202e-02 9.4558189655172409e-01
4.0247844827586210e-01 1.3151939655172413e+00
1.8750000000000000e-01 1.5000000000000000e+00
5.6250000000000000e-01 1.5000000000000000e+00
-1.9504310344827586e-01 8.1342364532019706e-01
-2.5377155172413790e-01 1.0205511083743843e+00
-3.1627155172413790e-01 9.0001539408866993e-01
-1.1314655172413791e-02 8.4736761083743839e-01
-3.7877155172413790e-01 7.7947967980295574e-01
-1.3593750000000000e+00 -9.8437500000000000e-01
-1.5000000000000000e+00 -1.1250000000000000e+00
-1.0781250000000000e+00 -1.0781250000000000e+00
-9.8437500000000000e-01 -1.3593750000000000e+00
-1.1250000000000000e+00 -1.5000000000000000e+00
1.3593750000000000e+00 9.8437500000000000e-01
1.5000000000000000e+00 1.1250000000000000e+00
1.0781250000000000e+00 1.0781250000000000e+00
9.8437500000000000e-01 1.3593750000000000e+00
1.1250000000000000e+00 1.5000000000000000e+00
-9.3027935606060608e-01 7.4301609848484851e-01
-8.3262310606060608e-01 6.4535984848484851e-01
-9.4258996212121215e-01 5.6806344696969702e-01
-1.2824337121212122e+00 3.4540719696969702e-01
-1.5000000000000000e+00 1.8750000000000000e-01
-3.8793103448275856e-02 1.0321736453201971e+00
-1.6002155172413793e-01 1.1187653940886699e+00
-6.6271551724137928e-02 1.2169796798029555e+00
-2.8125000000000000e-01 1.2053571428571428e+00
-9.3750000000000000e-02 1.4017857142857144e+00
-3.7500000000000000e-01 1.3035714285714286e+00
-1.8750000000000000e-01 1.5000000000000000e+00
2.2702205882352941e-01 -1.3630514705882353e+00
3.7500000000000000e-01 -1.5000000000000000e+00
7.0358455882352944e-01 -9.0211397058823528e-01
7.2265625000000000e-01 -7.2265625000000000e-01
6.0592830882352944e-01 -8.0445772058823528e-01
9.1796875000000000e-01 -9.1796875000000000e-01
4.8920036764705888e-01 -8.8625919117647056e-01
9.4084821428571430e-01 -7.5781250000000000e-01
8.4319196428571430e-01 -6.6015625000000000e-01
9.6372767857142860e-01 -5.9765625000000000e-01
1.3035714285714286e+00 -3.7500000000000000e-01
1.5000000000000000e+00 -1.8750000000000000e-01
1.1250000000000000e+00 -1.5000000000000000e+00
1.5000000000000000e+00 -1.1250000000000000e+00
-1.1250000000000000e+00 1.5000000000000000e+00
-1.5000000000000000e+00 1.1250000000000000e+00
simplices
31 85 86
29 85 86
13 31 86
31 87 88
28 87 88
13 31 88
32 89 90
21 89 90
32 33 89
32 91 92
19 91 92
32 33 91
33 89 94
21 89 94
33 93 94
8 93 94
35 95 97
34 95 97
35 96 97
19 96 97
35 95 99
34 95 99
35 98 99
23 98 99
32 92 97
19 92 97
32 97 100
34 97 100
32 90 101
21 90 101
32 100 101
34 100 101
37 102 104
36 102 104
37 103 104
7 103 104
37 102 106
36 102 106
37 105 106
21 105 106
38 104 107
36 104 107
38 104 108
7 104 108
38 107 110
36 107 110
38 109 110
9 109 110
34 99 112
23 99 112
34 111 112
36 111 112
34 101 106
21 101 106
34 106 111
36 106 111
39 112 113
36 112 113
39 112 114
23 112 114
39 110 113
36 110 113
39 110 115
9 110 115
40 116 118
37 116 118
40 117 118
25 117 118
40 105 116
37 105 116
40 105 119
21 105 119
41 118 120
37 118 120
41 118 121
25 118 121
41 103 120
37 103 120
41 103 122
7 103 122
35 98 124
23 98 124
35 123 124
43 123 124
35 96 125
19 96 125
35 123 125
43 123 125
42 124 127
23 124 127
42 124 126
43 124 126
42 128 129
10 128 129
42 126 128
43 126 128
44 130 131
30 130 131
12 44 131
44 132 133
25 132 133
12 44 133
45 134 135
30 134 135
11 45 135
45 136 137
26 136 137
11 45 137
46 138 139
29 138 139
14 46 139
14 46 47
46 47 141
47 140 141
27 140 141
49 142 144
48 142 144
49 143 144
10 143 144
49 142 146
48 142 146
49 145 146
4 145 146
43 128 144
10 128 144
43 144 147
48 144 147
48 125 147
43 125 147
48 125 148
19 125 148
50 149 151
48 149 151
50 150 151
27 150 151
50 148 149
48 148 149
50 148 152
19 148 152
51 151 153
48 151 153
51 151 154
27 151 154
51 146 153
48 146 153
51 146 155
4 146 155
53 156 158
52 156 158
53 157 158
20 157 158
53 156 160
52 156 160
53 159 160
24 159 160
54 158 161
52 158 161
54 158 162
20 158 162
54 161 164
52 161 164
54 163 164
22 163 164
57 165 167
56 165 167
57 166 167
15 166 167
57 165 169
56 165 169
57 168 169
5 168 169
55 167 171
15 167 171
55 167 170
56 167 170
56 170 173
55 170 173
56 172 173
20 172 173
52 160 175
24 160 175
52 174 175
59 174 175
52 164 176
22 164 176
52 174 176
59 174 176
58 175 178
24 175 178
58 175 177
59 175 177
58 179 180
16 179 180
58 177 179
59 177 179
53 159 182
24 159 182
53 181 182
55 181 182
53 157 173
20 157 173
53 173 181
55 173 181
60 182 183
55 182 183
60 182 184
24 182 184
60 171 183
55 171 183
60 171 185
15 171 185
61 186 188
56 186 188
61 187 188
28 187 188
61 172 186
56 172 186
61 172 189
20 172 189
62 188 190
56 188 190
62 188 191
28 188 191
62 169 190
56 169 190
62 169 192
5 169 192
54 163 193
22 163 193
54 63 193
54 162 194
20 162 194
54 63 194
63 193 195
22 193 195
8 63 195
64 196 197
22 196 197
64 65 196
64 198 199
18 198 199
64 65 198
65 195 196
22 195 196
8 65 195
66 200 202
45 200 202
66 201 202
18 201 202
66 134 200
45 134 200
66 134 203
30 134 203
67 202 204
45 202 204
67 202 205
18 202 205
67 136 204
45 136 204
67 136 206
26 136 206
70 207 209
69 207 209
70 208 209
17 208 209
70 207 211
69 207 211
70 210 211
8 210 211
68 209 213
17 209 213
68 209 212
69 209 212
68 214 215
27 214 215
68 212 214
69 212 214
33 91 217
19 91 217
33 216 217
69 216 217
33 93 211
8 93 211
33 211 216
69 211 216
50 152 217
19 152 217
50 217 218
69 217 218
50 150 214
27 150 214
50 214 218
69 214 218
8 63 219
63 71 219
63 194 220
20 194 220
63 71 220
70 210 219
8 210 219
70 71 219
70 208 221
17 208 221
70 71 221
61 187 223
28 187 223
61 222 223
71 222 223
61 189 220
20 189 220
61 220 222
71 220 222
72 223 224
71 223 224
72 223 225
28 223 225
72 221 224
71 221 224
72 221 226
17 221 226
65 73 228
73 227 228
21 227 228
65 73 198
73 198 229
18 198 229
65 94 228
21 94 228
8 65 94
40 117 231
25 117 231
40 230 231
73 230 231
40 119 227
21 119 227
40 227 230
73 227 230
74 231 232
73 231 232
74 231 233
25 231 233
74 229 232
73 229 232
74 229 234
18 229 234
75 235 237
59 235 237
75 236 237
6 236 237
75 176 235
59 176 235
75 176 238
22 176 238
76 237 239
59 237 239
76 237 240
6 237 240
76 179 239
59 179 239
76 179 241
16 179 241
77 242 244
64 242 244
77 243 244
26 243 244
77 197 242
64 197 242
77 197 245
22 197 245
67 244 246
64 244 246
67 206 244
26 206 244
67 199 246
64 199 246
67 199 205
18 199 205
78 247 248
9 247 248
0 78 248
39 115 247
9 115 247
39 78 247
39 114 249
23 114 249
39 78 249
78 250 251
10 250 251
0 78 251
42 129 250
10 129 250
42 78 250
42 127 249
23 127 249
42 78 249
79 252 253
15 252 253
2 79 253
60 185 252
15 185 252
60 79 252
60 184 254
24 184 254
60 79 254
79 255 256
16 255 256
2 79 256
58 180 255
16 180 255
58 79 255
58 178 254
24 178 254
58 79 254
66 257 258
44 257 258
66 201 258
18 201 258
66 130 257
44 130 257
66 130 203
30 130 203
74 258 259
44 258 259
74 234 258
18 234 258
74 132 259
44 132 259
74 132 233
25 132 233
80 133 260
25 133 260
12 80 133
41 121 260
25 121 260
41 80 260
41 122 261
7 122 261
41 80 261
77 262 263
75 262 263
77 243 263
26 243 263
77 238 262
75 238 262
77 238 245
22 238 245
81 263 264
75 263 264
81 263 265
26 263 265
81 236 264
75 236 264
81 236 266
6 236 266
82 137 267
26 137 267
11 82 137
81 265 267
26 265 267
81 82 267
81 266 268
6 266 268
81 82 268
47 51 269
51 155 269
4 155 269
47 51 140
51 140 154
27 140 154
14 47 270
47 269 270
4 269 270
83 271 273
46 271 273
83 272 273
17 272 273
83 138 271
46 138 271
83 138 274
29 138 274
68 273 275
46 273 275
68 213 273
17 213 273
68 141 275
46 141 275
68 141 215
27 141 215
83 276 277
31 276 277
83 272 277
17 272 277
83 85 276
31 85 276
83 85 274
29 85 274
72 277 278
31 277 278
72 226 277
17 226 277
72 87 278
31 87 278
72 87 225
28 87 225
84 88 279
28 88 279
13 84 88
62 191 279
28 191 279
62 84 279
62 192 280
5 192 280
62 84 280
29 139 281
14 139 281
1 29 281
29 86 282
13 86 282
1 29 282
30 135 283
11 135 283
3 30 283
30 131 284
12 131 284
3 30 284
