ID=9889720
numvertices=366
numsimplices=666
vertices
-1.5000000000000000e+00 -1.5000000000000000e+00
1.5000000000000000e+00 -1.5000000000000000e+00
1.5000000000000000e+00 1.5000000000000000e+00
-1.5000000000000000e+00 1.5000000000000000e+00
0.0000000000000000e+00 -1.5000000000000000e+00
1.5000000000000000e+00 0.0000000000000000e+00
0.0000000000000000e+00 1.5000000000000000e+00
-1.5000000000000000e+00 0.0000000000000000e+00
0.0000000000000000e+00 0.0000000000000000e+00
-1.5000000000000000e+00 -7.5000000000000000e-01
-7.5000000000000000e-01 -1.5000000000000000e+00
-7.5000000000000000e-01 1.5000000000000000e+00
-1.5000000000000000e+00 7.5000000000000000e-01
1.5000000000000000e+00 -7.5000000000000000e-01
7.5000000000000000e-01 -1.5000000000000000e+00
1.5000000000000000e+00 7.5000000000000000e-01
7.5000000000000000e-01 1.5000000000000000e+00
6.2500000000000000e-01 -6.2500000000000000e-01
-6.2500000000000000e-01 6.2500000000000000e-01
-3.7500000000000000e-01 -7.5000000000000000e-01
7.5000000000000000e-01 3.7500000000000000e-01
-7.2916666666666663e-01 -1.0416666666666667e-01
1.0991379310344827e-01 7.6077586206896552e-01
-9.3750000000000000e-01 -9.3750000000000000e-01
9.3750000000000000e-01 9.3750000000000000e-01
-1.0648674242424243e+00 3.1581439393939398e-01
-3.7500000000000000e-01 1.1071428571428572e+00
1.5808823529411764e-01 -9.5220588235294112e-01
1.1071428571428572e+00 -3.7500000000000000e-01
1.0156250000000000e+00 -1.0156250000000000e+00
-1.0156250000000000e+00 1.0156250000000000e+00
5.2083333333333337e-01 -1.0416666666666667e-01
-1.0897435897435896e+00 -4.5673076923076933e-01
4.7129114737606892e-01 1.0945970491253563e+00
3.0743819266837152e-02 -4.8412190963341856e-01
-4.0364583333333337e-01 2.2135416666666669e-01
5.7892501348625580e-01 -1.0911645235247209e+00
-3.3427169176849469e-01 -2.6426482428720277e-01
3.2738095238095238e-01 2.8273809523809512e-01
1.1250000000000000e+00 5.6250000000000000e-01
-2.1816332916145179e-01 -1.1403316645807258e+00
1.0633370535714286e+00 6.4174107142857123e-02
-1.1250000000000000e+00 -1.5000000000000000e+00
-1.5000000000000000e+00 -1.1250000000000000e+00
1.5000000000000000e+00 1.1250000000000000e+00
1.1250000000000000e+00 1.5000000000000000e+00
-1.1159974055548405e+00 -6.9212297931966871e-02
-6.9138526448664095e-01 -5.0347471493353435e-01
6.0947017071478959e-01 7.3434327642840358e-01
3.7500000000000000e-01 -1.5000000000000000e+00
-3.7500000000000000e-01 -1.5000000000000000e+00
-1.1250000000000000e+00 1.5000000000000000e+00
1.1250000000000000e+00 -1.5000000000000000e+00
1.5000000000000000e+00 -3.7500000000000000e-01
-1.5000000000000000e+00 -3.7500000000000000e-01
-1.5000000000000000e+00 3.7500000000000000e-01
-3.7500000000000000e-01 1.5000000000000000e+00
1.5000000000000000e+00 -1.1250000000000000e+00
-1.5000000000000000e+00 1.1250000000000000e+00
3.7500000000000000e-01 1.5000000000000000e+00
1.5000000000000000e+00 3.7500000000000000e-01
-6.0621349082081744e-01 -1.1395711636069392e+00
-2.6724137931034481e-01 7.4538177339901490e-01
9.7512594118668833e-02 1.1367154545794220e+00
-5.0498781729253220e-02 3.9931801314794640e-01
-9.7920078630808716e-01 6.6142421369191284e-01
-7.3952414772727282e-01 2.3171164772727276e-01
-7.0982142857142860e-01 1.1629464285714286e+00
9.5982142857142860e-01 -6.8080357142857140e-01
7.7490811760945999e-01 -3.2418504314477470e-01
2.2508467451475334e-01 -2.2874329409290012e-01
3.0250806300701372e-01 -6.6155149242045108e-01
-1.2550967206699744e+00 5.4638875811919685e-01
-1.2500000000000000e+00 -9.3750000000000000e-01
-8.9148575520102746e-01 -1.2346619184003425e+00
-6.7004365721640968e-01 -8.0236902835077095e-01
1.2187500000000000e+00 8.4375000000000000e-01
1.1718750000000000e+00 1.1718750000000000e+00
7.6370889750251536e-01 1.1920696325008384e+00
1.8749999999999992e-01 -1.2574022897749704e+00
-1.2276785714285714e+00 -1.2276785714285714e+00
-1.1672295639156788e-01 -8.7289795455103181e-01
7.6275827950549424e-01 7.4514156178531743e-02
4.3777066081124005e-01 -4.1402580347827034e-01
7.6811453066479030e-01 -8.8481573298443972e-01
-1.2878024193548387e+00 9.3750000000000000e-01
-1.2225740708274895e+00 1.2234308549744379e+00
1.2878024193548387e+00 -9.3750000000000000e-01
1.2225740708274895e+00 -1.2234308549744379e+00
9.3750000000000000e-01 -1.2878024193548387e+00
-7.7971326694730936e-01 8.6091173305269053e-01
1.2363150640137208e+00 -6.6540653945049189e-01
8.7506344714319306e-01 6.7190672357159653e-01
1.3035714285714286e+00 -1.8750000000000000e-01
-1.8749999999999997e-01 1.3035714285714286e+00
-3.8231490307343868e-01 4.9556857465865189e-01
-1.3039118401094734e+00 1.8750000000000000e-01
1.3045087681138750e+00 1.8750000000000006e-01
-1.3005960303883479e-01 9.8317412830558981e-01
-9.3750000000000000e-01 1.3067274716177861e+00
3.5092836949045780e-01 5.8193375669336667e-01
3.6805642534425487e-01 8.4837343842570379e-01
-5.0829132055871196e-01 8.7050936138477530e-01
2.5959159774566964e-01 3.0325643713034089e-02
4.8681038910851343e-01 -8.4670080307278139e-01
-1.0937500000000000e+00 -7.2248931623931623e-01
-1.5000000000000000e+00 -5.6250000000000000e-01
-8.7167112729598561e-01 -3.1909144615125007e-01
1.0099988892574712e+00 3.2375222148505767e-01
5.6250000000000000e-01 1.5000000000000000e+00
-8.5721533364848801e-01 4.4776551660601027e-01
-1.5000000000000000e+00 -1.8750000000000000e-01
-1.2680538862179487e+00 -2.8125000000000000e-01
-4.7168237010987962e-01 -3.6130129890120322e-02
-4.3476224581443867e-01 -5.0041391021701398e-01
-1.6125781383094318e-01 -6.3364956319724741e-01
-7.5659560554061783e-02 -2.4784184390961878e-01
9.6895094254468461e-01 -1.6701229522879765e-01
6.9678154065442710e-01 9.5977208348690157e-01
5.2692956316178630e-01 1.4069692443803591e-01
-9.0947414783524116e-01 5.8372044783748384e-02
-5.1432291666666674e-01 1.3035714285714286e+00
9.3750000000000000e-01 1.5000000000000000e+00
-2.4032471942399733e-01 4.0467913599377417e-02
6.9721650962007525e-02 -7.2126246363595281e-01
1.5000000000000000e+00 1.3125000000000000e+00
-9.0374673899547431e-01 -5.9244421443167083e-01
1.8750000000000000e-01 1.5000000000000000e+00
3.0161719624091654e-01 1.2684331527692858e+00
4.2337645445832417e-01 -1.2688538170367116e+00
-4.9283005124302720e-01 -9.4346603264084050e-01
5.1919601898326306e-01 4.1816623869724945e-01
-5.6709903829781128e-01 3.7200592959348810e-01
3.6504500443759391e-01 -1.0321687322529520e+00
7.1062135086130462e-01 -1.2762673439301635e+00
1.2972890118213182e-01 5.3565811153201826e-01
-7.3688496091296227e-02 6.3118404093626423e-01
-1.2749602532775097e+00 -5.8684803079927816e-01
1.0744409275812139e-01 2.0649643896177416e-01
-5.6541847814995339e-01 -3.0535879020856638e-01
-4.1244258086334745e-01 -1.2696436189048352e+00
7.2088327691493537e-03 -1.1207615328724663e+00
-1.8750000000000000e-01 -1.5000000000000000e+00
-9.0015927333786799e-02 -1.3086011647867279e+00
1.3125000000000000e+00 6.5625000000000000e-01
1.2816317694133395e+00 4.0701353882667901e-01
1.3125000000000000e+00 1.5000000000000000e+00
5.0729154587058389e-01 1.2994592694608298e+00
-1.1779635165663340e+00 7.4976191629156630e-01
1.1097248997841220e+00 -8.3027890424270612e-01
2.3193542755918917e-01 -4.3559179525218561e-01
-1.0937500000000000e+00 -1.0714285714285714e+00
-5.6250000000000000e-01 -1.5000000000000000e+00
9.7250525792320253e-01 1.2772358985165733e+00
-1.9430551549378913e-01 -4.2391774575318630e-01
-1.0133713028446734e-01 1.9657819730274897e-01
9.2196987855544910e-01 -4.7418054889741124e-01
8.3278477408420981e-01 -1.1104441772386278e+00
5.6250000000000000e-01 -1.5000000000000000e+00
7.2405419755531208e-01 -1.2620002513655101e-01
1.3183593750000000e+00 1.0253906250000000e+00
-2.4554481219210395e-01 3.4699247088406937e-01
1.8910654638209662e-01 9.5156254694350473e-01
1.3035714285714286e+00 -4.6156002228942722e-01
1.3125000000000000e+00 -1.5000000000000000e+00
-1.3125000000000000e+00 1.5000000000000000e+00
-1.5000000000000000e+00 1.3125000000000000e+00
1.5000000000000000e+00 -1.3125000000000000e+00
-1.3034346422046850e+00 -9.2838991129596173e-03
-1.0725400142904888e+00 -2.6091668721263273e-01
-1.1174138452665821e+00 1.2688407240077648e-01
-7.8900522469774670e-01 -1.0666497359431681e+00
-7.0869402132409831e-01 -1.3075833460641135e+00
7.1016551939655792e-01 5.6657219119825208e-01
-1.3125000000000000e+00 -1.5000000000000000e+00
-1.5000000000000000e+00 -1.3125000000000000e+00
1.0390783617857982e+00 7.7348508535739480e-01
-5.6137464236953094e-01 -6.4440078768901599e-01
-2.9541546349465664e-01 -9.5807358446589208e-01
-9.2692446146502361e-01 -1.3400034084766396e-01
-6.3660758567398190e-01 6.6786432163170539e-02
-4.4823141013354684e-01 6.9146366725160746e-01
-3.1121137620418304e-01 9.2921402566059252e-01
5.7454501485826870e-03 1.3068127845984308e+00
1.3123168258230400e+00 -2.0688277198421812e-05
-5.6250000000000000e-01 1.5000000000000000e+00
-9.3750000000000000e-01 1.5000000000000000e+00
1.5000000000000000e+00 1.8750000000000000e-01
-1.8750000000000000e-01 1.5000000000000000e+00
1.5000000000000000e+00 -5.6250000000000000e-01
1.5000000000000000e+00 -1.8750000000000000e-01
9.3750000000000000e-01 -1.5000000000000000e+00
1.5000000000000000e+00 -9.3750000000000000e-01
1.8750000000000000e-01 -1.5000000000000000e+00
-9.3750000000000000e-01 -1.5000000000000000e+00
-1.5000000000000000e+00 -9.3750000000000000e-01
-1.5000000000000000e+00 1.8750000000000000e-01
-1.5000000000000000e+00 5.6250000000000000e-01
-1.5000000000000000e+00 9.3750000000000000e-01
1.5000000000000000e+00 5.6250000000000000e-01
1.5000000000000000e+00 9.3750000000000000e-01
9.0650886557448795e-01 4.8386818435982193e-01
-1.3153523311372155e+00 3.7182033808401238e-01
1.3078125000000000e+00 1.3078125000000000e+00
-1.0015259254503089e-01 8.0745477544650457e-01
-1.0302137239260103e+00 4.9064679374605208e-01
-8.0453962043489236e-01 6.1949227508325733e-01
-1.0205602488957453e+00 8.3614425009766535e-01
-5.5604100251830824e-01 1.0532629134615794e+00
-1.0614380371743799e+00 -1.3205158641336654e+00
-1.3167133503442705e+00 -7.6603446712569412e-01
9.1648509256822619e-01 1.6926796165456209e-01
-8.8374751524072093e-02 1.1559949010857595e+00
5.8454177023954124e-01 -2.8730743098826272e-01
1.1408485417046668e+00 -1.0233202309684412e-01
5.3642269048402180e-01 8.9225826174182055e-01
-8.5348540211883972e-01 -7.7153952451770969e-01
9.3936694302714197e-01 -8.6034868529148190e-01
3.0458373784878368e-01 -8.4378957637701746e-01
9.1849097143928682e-01 1.1111299891085142e+00
6.0246913351853315e-01 -4.5642948346677847e-01
7.8338052281142823e-01 -7.0708293456000215e-01
-8.8559539798720499e-01 1.1367628228782027e+00
1.0915398740876316e+00 -5.5587120367933862e-01
-7.6529797907066055e-01 1.3272548648411511e+00
7.6584025921385734e-01 8.0340199498783382e-01
-2.3489932294189769e-01 5.7907354921541077e-01
2.9509189167198485e-01 1.0923403050877081e+00
-9.1303214795566912e-01 2.3184361073227752e-01
-4.4169891955073765e-01 -1.1038592707304387e+00
7.5910937324497474e-01 -5.2128417687507334e-01
-1.3922424360619123e-01 -9.2967873764541853e-02
1.1474609375000000e+00 1.0009765625000000e+00
1.1443359375000000e+00 1.3353515625000001e+00
1.1222275069754881e-01 3.7150811175783038e-01
5.4525973381944870e-01 5.8170054040641916e-01
-3.5091145833333337e-01 1.3352906858766234e+00
-2.5781881889623720e-01 -1.3436599988185167e+00
4.6803902590406354e-01 -6.8108203133653256e-01
1.6075935039090361e-01 -5.8182240438249866e-01
1.1706094206650524e+00 2.8449429162818063e-01
6.1315731779970728e-01 2.8194267006241192e-01
3.1753176808546058e-02 9.0504840430158850e-01
-1.3390226773887484e+00 6.9453300950460173e-01
6.9530777684352729e-02 -1.5669526105777112e-01
7.2784953806281139e-02 -3.2309142643194766e-01
3.5071372101678300e-01 -1.1364400996915944e-01
-6.5660874481713083e-01 -9.6733117071346331e-01
4.5090891971286640e-01 7.1121669062565585e-01
-2.9832816295214848e-01 -1.0849799661452721e-01
2.6559900965790240e-01 4.3812493237369543e-01
9.1037878817555951e-01 -8.2384971725367739e-03
8.2150135250473144e-01 1.3489128622989752e+00
6.5812125214748041e-01 1.3640563429503358e+00
-7.3994965279596547e-01 -6.5715137399902857e-01
-5.6445362265532739e-01 2.1087903797109606e-01
3.7727965430085852e-01 -2.6875100537084462e-01
-1.3750000000000000e+00 -1.0312500000000000e+00
-1.0937500000000000e+00 -9.1331845238095233e-01
9.3086931054556366e-01 -3.1836472853749531e-01
-7.0765374299591266e-01 1.0033408685829355e+00
4.2855666231003875e-01 2.0638375969097345e-02
-1.3760197458531598e+00 -4.6875000000000000e-01
6.0646540802108007e-01 1.1764371840677335e+00
3.0055153266046625e-01 -1.3637832902610731e+00
1.6031633378082652e-01 -1.1060065695604833e+00
6.1848843581280927e-02 -1.3540452368702103e+00
-7.2068501752716418e-01 -2.6449608045684631e-01
-2.8782462015804150e-01 -5.4612325896459712e-01
-2.5384645900284597e-01 1.9243317001065219e-01
-1.0558986962114376e+00 1.1824681894449194e+00
-1.0966929878663159e+00 1.3398753532247523e+00
7.5222748924524119e-01 2.2458080383650819e-01
6.3440892354879497e-01 -4.8247832763523707e-03
-8.4375000000000000e-01 -1.3795990063197898e+00
-9.3971109731931624e-01 -1.0899858920454759e+00
2.1978077899126294e-01 6.5701552419186571e-01
-6.9492533290638914e-01 4.7587395734038018e-01
-5.2023604556124803e-01 -7.8906246534263236e-01
-1.1198713212637961e+00 6.1043617169975428e-01
-1.1654391233321886e+00 4.2659938016549470e-01
-5.6139348211793882e-01 -1.2821700764462978e+00
1.6086076857523485e-01 1.3429699050524775e+00
6.4278264313773192e-01 -7.8452858933553804e-01
6.1376075557316623e-01 -9.3845193063377119e-01
1.1718750000000000e+00 7.0312500000000000e-01
1.3593750000000000e+00 7.9687500000000000e-01
-8.6645620715349692e-01 9.8586283393774155e-01
-1.3770879234613371e+00 1.2187500000000000e+00
-1.3602938071195410e+00 1.0692841840775988e+00
1.3770879234613371e+00 -1.2187500000000000e+00
1.3602938071195410e+00 -1.0692841840775988e+00
1.1763770886056322e+00 -1.0624865298144186e+00
1.0564730937583859e+00 -1.1746510097376968e+00
1.0966991948222873e+00 -1.3360696171028568e+00
-1.1763770886056322e+00 1.0624865298144186e+00
-1.1995655050399747e+00 -1.3725967126731520e+00
-1.3464537431548045e+00 -1.3259060276157781e+00
-1.3638392857142858e+00 -1.1763392857142858e+00
-1.2388392857142858e+00 -1.0825892857142856e+00
-1.3037345542984413e+00 1.3499458733703091e+00
1.3037345542984413e+00 -1.3499458733703091e+00
-2.3707721676373594e-01 1.1631922134043453e+00
5.6787994475606196e-01 -1.2384236778592859e+00
2.9542785799488441e-01 -1.1598851159027073e+00
-1.2334567157732543e+00 -4.4904379063296751e-01
4.9807342824405021e-03 -9.6696084566492413e-01
-1.6156967562112282e-01 -1.0088426764179221e+00
-2.5075621904231138e-01 -8.2173555364441386e-01
-1.1527900508177997e+00 8.9049048694419664e-01
4.7024104189989568e-01 2.7224720217179527e-01
-5.7944567453615847e-01 -1.4954283996753159e-01
-1.3822110705620290e+00 8.3052003073231362e-01
8.4375000000000000e-01 -1.3939012096774193e+00
1.3429946698367272e+00 -7.8613802883620587e-01
1.3600652391893124e+00 -5.9321779727644275e-01
1.3581311893363064e+00 1.1682837503279120e+00
-7.9385405102809670e-01 -9.2228125713398090e-01
-8.9249372432903284e-01 7.7420467107363633e-01
-6.4108255473523879e-01 7.8314001836202218e-01
3.4526619867134328e-01 -5.2419648832532639e-01
1.1182994509273354e+00 4.1865653374204248e-01
3.5070654766121406e-01 1.4116446058574728e-01
7.1040983275643022e-01 -1.0408283915846348e+00
-9.4189154063027658e-01 -4.4940996426554464e-01
-5.0138805848576584e-01 5.6453941989147316e-01
-4.2605817049077371e-01 3.6103446774719861e-01
1.1016059634724809e+00 -6.9301053494679898e-01
-4.6875000000000000e-01 -1.3970171239982043e+00
1.1701554334653923e+00 -2.4437201873245162e-01
-2.8400641596255244e-03 1.0400343373729146e+00
-1.2417844594703169e+00 -1.3954810768724299e-01
1.3604729763748513e+00 -3.2453001114471358e-01
-1.3994537716376918e+00 -6.5625000000000000e-01
-7.7202298169675521e-01 2.9570680168691577e-02
9.0628172357159642e-01 8.0470336178579827e-01
9.9009100053583454e-01 5.9449406232636692e-01
2.3327587109812442e-01 8.2139929105546372e-01
8.8333723719901425e-01 -9.8422932424591625e-01
-4.3516382575419588e-01 9.8517501041691036e-01
-3.8433887100869912e-01 8.1454837662845747e-01
-9.3749999999999986e-02 1.4017857142857144e+00
-1.4019559200547367e+00 9.3750000000000000e-02
-1.2029746089364608e+00 2.8628024101974825e-01
1.1730969246006611e+00 1.4700796588437051e-01
1.4022543840569375e+00 2.8125000000000000e-01
-4.4105704682500868e-01 -1.7313393060771193e-01
5.1976933203632625e-01 -1.3682776544674426e+00
4.9235117787542626e-01 -5.4308303850548223e-01
8.2308010521994956e-01 1.0128288482115861e+00
6.5181645854026038e-01 -1.3982337049345062e+00
1.4022133115402851e+00 4.6875000000000000e-01
4.2662984535977316e-01 9.6856876141536463e-01
1.3549805666502923e-01 -3.3649273446087397e-02
-6.5625000000000000e-01 1.4046477316708486e+00
-3.8098942583625212e-01 7.7636547178042137e-02
-9.9898726851851849e-01 -8.1790388431013428e-01
-1.1912357267589369e+00 -8.1592506165508916e-01
-1.1351668311300669e+00 -5.8895546932411402e-01
4.9150671850871264e-01 -9.9089372486464544e-01
2.8125000000000000e-01 1.4033212223668956e+00
-1.4060343986757957e+00 4.6875000000000000e-01
-1.3781630780768119e+00 -1.2437135425036787e-01
1.4022543840569375e+00 9.7647067540817006e-02
1.4017857142857142e+00 -9.8137797577429145e-02
1.4016741071428571e+00 1.4016741071428571e+00
simplices
34 116 154
105 126 356
126 216 254
80 151 209
47 139 267
61 171 247
148 243 312
99 222 224
88 293 294
129 133 304
130 178 229
48 118 215
33 147 263
92 201 336
97 145 240
69 117 159
48 173 235
123 231 249
18 181 319
71 124 239
141 265 306
82 159 251
117 159 251
102 181 319
113 249 355
63 162 330
80 298 299
99 222 270
27 265 306
91 223 327
36 284 359
38 138 234
83 150 320
33 118 215
19 130 278
19 114 177
8 123 231
102 208 260
129 264 347
37 231 249
37 114 139
70 246 353
41 108 211
140 281 328
39 144 285
20 108 211
43 195 257
151 209 275
76 160 232
76 144 286
77 160 232
77 203 316
66 120 228
47 114 139
47 107 267
48 118 225
100 131 235
79 141 265
40 140 229
30 270 295
30 222 270
89 293 294
13 189 315
54 111 112
25 280 343
55 196 202
102 260 319
94 188 341
57 167 290
88 292 293
58 166 288
99 270 271
63 128 282
63 128 227
145 240 321
47 126 254
64 136 226
100 250 276
98 182 204
63 162 227
22 135 276
62 182 204
72 148 279
202 280 343
25 170 228
66 180 255
67 222 224
68 223 327
104 238 283
69 213 220
28 156 259
31 246 261
70 244 245
27 133 218
71 218 238
9 106 333
105 137 357
61 171 172
74 209 275
74 171 172
75 247 278
78 153 252
78 153 219
122 153 252
79 141 266
141 143 266
34 115 124
81 178 308
119 241 310
82 119 273
69 156 230
83 213 256
84 283 284
36 129 133
85 289 295
85 295 309
87 291 292
91 149 314
89 134 157
89 134 313
65 148 207
18 277 325
53 163 189
91 163 223
39 321 336
92 225 335
108 240 321
69 156 259
26 182 339
66 132 255
95 325 326
96 168 170
96 202 343
41 108 344
187 345 363
94 183 212
62 136 204
11 186 224
64 138 234
135 250 276
33 227 352
101 162 337
102 339 340
98 212 302
38 234 250
8 138 155
104 283 284
17 238 283
126 216 356
105 137 358
137 262 305
137 210 333
46 168 170
47 107 324
39 145 321
20 108 201
33 128 147
78 253 263
18 181 325
65 110 206
7 196 342
168 331 362
54 106 262
46 169 179
35 255 355
113 311 346
81 115 124
34 115 154
37 116 154
114 154 268
116 244 245
8 231 244
117 214 329
117 214 251
24 225 335
78 118 349
119 261 273
103 246 261
46 120 179
107 169 179
26 121 236
56 121 236
45 122 233
122 153 233
8 123 155
64 138 155
104 218 238
34 124 239
77 203 233
77 153 233
47 126 324
32 126 324
63 183 212
63 183 282
59 109 147
128 282 360
36 284 323
19 178 308
19 130 178
131 241 310
20 131 241
66 110 277
66 132 277
104 284 359
104 133 218
303 347 350
134 303 350
22 135 136
64 135 136
95 161 226
64 161 226
137 210 357
32 305 358
103 246 353
38 310 322
139 311 346
21 267 311
40 141 143
40 141 307
141 306 307
40 143 237
40 140 237
142 143 237
4 142 143
60 187 345
15 144 199
39 144 145
146 203 365
125 203 365
16 122 252
16 252 253
72 148 243
65 148 279
68 149 217
29 149 217
70 246 256
34 116 245
23 151 275
73 210 357
10 152 172
10 194 274
77 219 232
77 153 219
37 114 154
115 154 268
35 255 326
123 155 269
68 217 221
28 163 223
29 292 293
84 217 221
158 347 350
129 303 347
31 261 273
69 220 230
44 160 200
155 161 269
64 155 161
22 162 242
22 136 204
93 329 332
28 117 329
1 164 301
52 191 294
3 165 300
51 186 271
3 166 300
166 288 300
1 167 301
167 290 301
111 112 362
46 168 331
112 331 362
137 305 358
46 120 170
120 170 228
75 247 317
23 216 356
152 172 281
61 172 281
131 173 235
20 131 173
0 175 297
174 296 297
0 174 297
80 296 297
76 144 285
24 219 232
47 114 177
75 216 254
40 178 229
81 306 307
139 267 311
66 120 334
66 180 334
21 180 334
95 181 325
62 136 226
182 339 340
62 182 340
6 127 282
6 183 282
93 214 329
5 190 364
67 224 354
56 121 185
99 186 271
99 186 224
5 184 363
5 187 363
94 212 302
6 188 341
91 314 315
13 314 315
93 190 364
53 163 332
89 191 294
14 158 350
87 149 314
57 290 291
79 265 304
4 143 266
74 209 274
42 174 296
73 195 257
9 210 333
96 196 342
96 196 202
72 202 280
12 243 312
85 148 312
58 288 289
144 199 351
60 199 351
15 200 286
15 144 286
92 173 201
20 173 201
55 197 361
55 202 361
44 125 316
125 203 316
22 204 242
98 204 242
25 110 205
65 110 205
90 260 319
65 207 318
90 287 318
30 222 287
26 121 208
67 121 208
42 194 209
194 209 274
9 195 210
73 195 210
82 119 272
41 214 251
26 182 302
98 182 302
69 159 213
31 159 213
93 184 214
41 214 344
101 215 352
48 215 248
171 247 317
23 171 317
29 157 338
29 217 338
71 124 218
27 124 218
78 219 349
24 219 349
83 213 220
17 238 348
17 221 230
17 220 230
90 260 287
67 208 260
28 156 223
68 156 223
11 185 354
11 224 354
48 173 225
92 173 225
62 181 226
95 181 226
33 215 352
33 128 227
66 110 228
25 110 228
61 130 229
152 281 328
68 221 230
68 156 230
37 116 231
116 231 244
24 176 232
76 176 232
146 203 233
45 146 233
135 234 250
64 135 234
48 235 248
100 235 248
94 188 236
56 188 236
50 152 328
50 142 237
83 320 348
71 239 320
150 239 320
34 150 239
108 240 344
97 240 344
119 241 272
20 241 272
162 242 330
98 242 330
12 197 243
72 202 361
70 244 353
8 244 353
34 150 245
70 150 245
31 213 256
31 246 256
61 130 247
130 247 278
101 215 248
100 248 276
123 249 355
37 139 346
38 131 250
100 131 250
41 211 251
82 211 251
147 253 263
78 252 253
16 109 253
109 147 253
75 177 254
47 177 254
35 269 355
132 255 326
70 150 256
83 150 256
80 297 298
73 257 299
73 151 258
23 151 258
28 117 259
69 117 259
67 222 260
222 260 287
119 261 322
103 261 322
112 262 305
54 112 262
33 118 263
78 118 263
4 193 266
49 193 264
133 265 304
27 133 265
193 264 266
79 264 266
21 179 267
107 179 267
19 114 268
19 115 268
35 161 269
123 269 355
86 270 271
86 270 295
86 271 300
86 288 300
82 211 272
20 211 272
31 159 273
82 159 273
10 172 274
74 172 274
74 171 275
23 171 275
101 248 276
22 162 337
18 206 277
110 206 277
19 177 278
75 177 278
25 205 280
65 205 279
205 279 280
72 279 280
140 229 281
61 229 281
59 127 360
127 282 360
84 221 283
17 221 283
84 217 338
84 284 323
76 176 285
39 285 336
160 200 286
76 160 286
30 207 287
207 287 318
86 289 295
86 288 289
58 198 289
85 198 289
88 291 292
88 290 291
57 192 291
87 192 291
87 149 292
29 149 292
29 157 293
89 157 293
88 294 301
88 290 301
30 207 309
30 295 309
42 209 296
80 209 296
43 175 298
175 297 298
257 298 299
43 257 298
80 151 299
73 151 299
51 271 300
51 165 300
52 294 301
52 164 301
94 236 302
26 236 302
36 134 303
36 129 303
79 264 304
129 264 304
32 169 305
112 169 305
27 124 306
81 124 306
81 178 307
40 178 307
81 115 308
19 115 308
85 148 309
148 207 309
38 131 310
119 310 322
113 180 311
21 180 311
85 198 312
12 198 312
14 191 313
89 191 313
87 192 314
13 192 314
163 189 315
91 163 315
77 160 316
44 160 316
75 216 317
23 216 317
65 206 318
90 206 318
90 206 319
18 206 319
71 238 320
238 320 348
201 321 336
108 201 321
38 138 322
103 138 322
36 134 323
134 157 323
107 169 324
32 169 324
132 277 325
132 325 326
35 161 326
95 161 326
68 149 327
91 149 327
50 237 328
140 237 328
28 163 329
163 329 332
63 212 330
98 212 330
112 169 331
46 169 331
53 190 332
93 190 332
137 262 333
106 262 333
120 179 334
21 179 334
92 176 335
24 176 335
176 285 336
92 176 336
22 276 337
101 276 337
84 323 338
157 323 338
26 208 339
102 208 339
102 181 340
62 181 340
94 183 341
6 183 341
7 168 342
96 168 342
96 170 343
25 170 343
184 214 344
97 184 344
144 145 351
97 145 345
37 249 346
113 249 346
49 264 347
49 158 347
17 220 348
83 220 348
118 225 349
24 225 349
14 313 350
134 313 350
145 345 351
60 345 351
162 227 352
101 162 352
103 138 353
8 138 353
67 121 354
121 185 354
180 255 355
113 180 355
105 258 356
23 258 356
73 258 357
105 258 357
105 126 358
32 126 358
104 133 359
36 133 359
128 147 360
59 147 360
72 243 361
197 243 361
7 168 362
7 111 362
97 345 363
97 184 363
5 184 364
93 184 364
2 125 365
2 146 365
