ID=7788912
numvertices=1118
numsimplices=2170
vertices
-1.5000000000000000e+00 -1.5000000000000000e+00
1.5000000000000000e+00 -1.5000000000000000e+00
1.5000000000000000e+00 1.5000000000000000e+00
-1.5000000000000000e+00 1.5000000000000000e+00
0.0000000000000000e+00 -1.5000000000000000e+00
1.5000000000000000e+00 0.0000000000000000e+00
0.0000000000000000e+00 1.5000000000000000e+00
-1.5000000000000000e+00 0.0000000000000000e+00
0.0000000000000000e+00 0.0000000000000000e+00
-1.5000000000000000e+00 -7.5000000000000000e-01
-7.5000000000000000e-01 -1.5000000000000000e+00
-7.5000000000000000e-01 1.5000000000000000e+00
-1.5000000000000000e+00 7.5000000000000000e-01
1.5000000000000000e+00 -7.5000000000000000e-01
7.5000000000000000e-01 -1.5000000000000000e+00
1.5000000000000000e+00 7.5000000000000000e-01
7.5000000000000000e-01 1.5000000000000000e+00
6.2500000000000000e-01 -6.2500000000000000e-01
-6.2500000000000000e-01 6.2500000000000000e-01
-3.7500000000000000e-01 -7.5000000000000000e-01
7.5000000000000000e-01 3.7500000000000000e-01
-7.2916666666666663e-01 -1.0416666666666667e-01
1.0991379310344827e-01 7.6077586206896552e-01
-9.3750000000000000e-01 -9.3750000000000000e-01
9.3750000000000000e-01 9.3750000000000000e-01
-1.0648674242424243e+00 3.1581439393939398e-01
-3.7500000000000000e-01 1.1071428571428572e+00
1.5808823529411764e-01 -9.5220588235294112e-01
1.1071428571428572e+00 -3.7500000000000000e-01
1.0156250000000000e+00 -1.0156250000000000e+00
-1.0156250000000000e+00 1.0156250000000000e+00
5.2083333333333337e-01 -1.0416666666666667e-01
-1.0897435897435896e+00 -4.5673076923076933e-01
4.7129114737606892e-01 1.0945970491253563e+00
3.0743819266837152e-02 -4.8412190963341856e-01
-4.0364583333333337e-01 2.2135416666666669e-01
5.7892501348625580e-01 -1.0911645235247209e+00
-3.3427169176849469e-01 -2.6426482428720277e-01
3.2738095238095238e-01 2.8273809523809512e-01
1.1250000000000000e+00 5.6250000000000000e-01
-2.1816332916145179e-01 -1.1403316645807258e+00
1.0633370535714286e+00 6.4174107142857123e-02
-1.1250000000000000e+00 -1.5000000000000000e+00
-1.5000000000000000e+00 -1.1250000000000000e+00
1.5000000000000000e+00 1.1250000000000000e+00
1.1250000000000000e+00 1.5000000000000000e+00
-1.1159974055548405e+00 -6.9212297931966871e-02
-6.9138526448664095e-01 -5.0347471493353435e-01
6.0947017071478959e-01 7.3434327642840358e-01
3.7500000000000000e-01 -1.5000000000000000e+00
-3.7500000000000000e-01 -1.5000000000000000e+00
-1.1250000000000000e+00 1.5000000000000000e+00
1.1250000000000000e+00 -1.5000000000000000e+00
1.5000000000000000e+00 -3.7500000000000000e-01
-1.5000000000000000e+00 -3.7500000000000000e-01
-1.5000000000000000e+00 3.7500000000000000e-01
-3.7500000000000000e-01 1.5000000000000000e+00
1.5000000000000000e+00 -1.1250000000000000e+00
-1.5000000000000000e+00 1.1250000000000000e+00
3.7500000000000000e-01 1.5000000000000000e+00
1.5000000000000000e+00 3.7500000000000000e-01
-6.0621349082081744e-01 -1.1395711636069392e+00
-2.6724137931034481e-01 7.4538177339901490e-01
9.7512594118668833e-02 1.1367154545794220e+00
-5.0498781729253220e-02 3.9931801314794640e-01
-9.7920078630808716e-01 6.6142421369191284e-01
-7.3952414772727282e-01 2.3171164772727276e-01
-7.0982142857142860e-01 1.1629464285714286e+00
9.5982142857142860e-01 -6.8080357142857140e-01
7.7490811760945999e-01 -3.2418504314477470e-01
2.2508467451475334e-01 -2.2874329409290012e-01
3.0250806300701372e-01 -6.6155149242045108e-01
-1.2550967206699744e+00 5.4638875811919685e-01
-1.2500000000000000e+00 -9.3750000000000000e-01
-8.9148575520102746e-01 -1.2346619184003425e+00
-6.7004365721640968e-01 -8.0236902835077095e-01
1.2187500000000000e+00 8.4375000000000000e-01
1.1718750000000000e+00 1.1718750000000000e+00
7.6370889750251536e-01 1.1920696325008384e+00
1.8749999999999992e-01 -1.2574022897749704e+00
-1.2276785714285714e+00 -1.2276785714285714e+00
-1.1672295639156788e-01 -8.7289795455103181e-01
7.6275827950549424e-01 7.4514156178531743e-02
4.3777066081124005e-01 -4.1402580347827034e-01
7.6811453066479030e-01 -8.8481573298443972e-01
-1.2878024193548387e+00 9.3750000000000000e-01
-1.2225740708274895e+00 1.2234308549744379e+00
1.2878024193548387e+00 -9.3750000000000000e-01
1.2225740708274895e+00 -1.2234308549744379e+00
9.3750000000000000e-01 -1.2878024193548387e+00
-7.7971326694730936e-01 8.6091173305269053e-01
1.2363150640137208e+00 -6.6540653945049189e-01
8.7506344714319306e-01 6.7190672357159653e-01
1.3035714285714286e+00 -1.8750000000000000e-01
-1.8749999999999997e-01 1.3035714285714286e+00
-3.8231490307343868e-01 4.9556857465865189e-01
-1.3039118401094734e+00 1.8750000000000000e-01
1.3045087681138750e+00 1.8750000000000006e-01
-1.3005960303883479e-01 9.8317412830558981e-01
-9.3750000000000000e-01 1.3067274716177861e+00
3.5092836949045780e-01 5.8193375669336667e-01
3.6805642534425487e-01 8.4837343842570379e-01
-5.0829132055871196e-01 8.7050936138477530e-01
2.5959159774566964e-01 3.0325643713034089e-02
4.8681038910851343e-01 -8.4670080307278139e-01
-1.0937500000000000e+00 -7.2248931623931623e-01
-1.5000000000000000e+00 -5.6250000000000000e-01
-8.7167112729598561e-01 -3.1909144615125007e-01
1.0099988892574712e+00 3.2375222148505767e-01
5.6250000000000000e-01 1.5000000000000000e+00
-8.5721533364848801e-01 4.4776551660601027e-01
-1.5000000000000000e+00 -1.8750000000000000e-01
-1.2680538862179487e+00 -2.8125000000000000e-01
-4.7168237010987962e-01 -3.6130129890120322e-02
-4.3476224581443867e-01 -5.0041391021701398e-01
-1.6125781383094318e-01 -6.3364956319724741e-01
-7.5659560554061783e-02 -2.4784184390961878e-01
9.6895094254468461e-01 -1.6701229522879765e-01
6.9678154065442710e-01 9.5977208348690157e-01
5.2692956316178630e-01 1.4069692443803591e-01
-9.0947414783524116e-01 5.8372044783748384e-02
-5.1432291666666674e-01 1.3035714285714286e+00
9.3750000000000000e-01 1.5000000000000000e+00
-2.4032471942399733e-01 4.0467913599377417e-02
6.9721650962007525e-02 -7.2126246363595281e-01
1.5000000000000000e+00 1.3125000000000000e+00
-9.0374673899547431e-01 -5.9244421443167083e-01
1.8750000000000000e-01 1.5000000000000000e+00
3.0161719624091654e-01 1.2684331527692858e+00
4.2337645445832417e-01 -1.2688538170367116e+00
-4.9283005124302720e-01 -9.4346603264084050e-01
5.1919601898326306e-01 4.1816623869724945e-01
-5.6709903829781128e-01 3.7200592959348810e-01
3.6504500443759391e-01 -1.0321687322529520e+00
7.1062135086130462e-01 -1.2762673439301635e+00
1.2972890118213182e-01 5.3565811153201826e-01
-7.3688496091296227e-02 6.3118404093626423e-01
-1.2749602532775097e+00 -5.8684803079927816e-01
1.0744409275812139e-01 2.0649643896177416e-01
-5.6541847814995339e-01 -3.0535879020856638e-01
-4.1244258086334745e-01 -1.2696436189048352e+00
7.2088327691493537e-03 -1.1207615328724663e+00
-1.8750000000000000e-01 -1.5000000000000000e+00
-9.0015927333786799e-02 -1.3086011647867279e+00
1.3125000000000000e+00 6.5625000000000000e-01
1.2816317694133395e+00 4.0701353882667901e-01
1.3125000000000000e+00 1.5000000000000000e+00
5.0729154587058389e-01 1.2994592694608298e+00
-1.1779635165663340e+00 7.4976191629156630e-01
1.1097248997841220e+00 -8.3027890424270612e-01
2.3193542755918917e-01 -4.3559179525218561e-01
-1.0937500000000000e+00 -1.0714285714285714e+00
-5.6250000000000000e-01 -1.5000000000000000e+00
9.7250525792320253e-01 1.2772358985165733e+00
-1.9430551549378913e-01 -4.2391774575318630e-01
-1.0133713028446734e-01 1.9657819730274897e-01
9.2196987855544910e-01 -4.7418054889741124e-01
8.3278477408420981e-01 -1.1104441772386278e+00
5.6250000000000000e-01 -1.5000000000000000e+00
7.2405419755531208e-01 -1.2620002513655101e-01
1.3183593750000000e+00 1.0253906250000000e+00
-2.4554481219210395e-01 3.4699247088406937e-01
1.8910654638209662e-01 9.5156254694350473e-01
1.3035714285714286e+00 -4.6156002228942722e-01
1.3125000000000000e+00 -1.5000000000000000e+00
-1.3125000000000000e+00 1.5000000000000000e+00
-1.5000000000000000e+00 1.3125000000000000e+00
1.5000000000000000e+00 -1.3125000000000000e+00
-1.3034346422046850e+00 -9.2838991129596173e-03
-1.0725400142904888e+00 -2.6091668721263273e-01
-1.1174138452665821e+00 1.2688407240077648e-01
-7.8900522469774670e-01 -1.0666497359431681e+00
-7.0869402132409831e-01 -1.3075833460641135e+00
7.1016551939655792e-01 5.6657219119825208e-01
-1.3125000000000000e+00 -1.5000000000000000e+00
-1.5000000000000000e+00 -1.3125000000000000e+00
1.0390783617857982e+00 7.7348508535739480e-01
-5.6137464236953094e-01 -6.4440078768901599e-01
-2.9541546349465664e-01 -9.5807358446589208e-01
-9.2692446146502361e-01 -1.3400034084766396e-01
-6.3660758567398190e-01 6.6786432163170539e-02
-4.4823141013354684e-01 6.9146366725160746e-01
-3.1121137620418304e-01 9.2921402566059252e-01
5.7454501485826870e-03 1.3068127845984308e+00
1.3123168258230400e+00 -2.0688277198421812e-05
-5.6250000000000000e-01 1.5000000000000000e+00
-9.3750000000000000e-01 1.5000000000000000e+00
1.5000000000000000e+00 1.8750000000000000e-01
-1.8750000000000000e-01 1.5000000000000000e+00
1.5000000000000000e+00 -5.6250000000000000e-01
1.5000000000000000e+00 -1.8750000000000000e-01
9.3750000000000000e-01 -1.5000000000000000e+00
1.5000000000000000e+00 -9.3750000000000000e-01
1.8750000000000000e-01 -1.5000000000000000e+00
-9.3750000000000000e-01 -1.5000000000000000e+00
-1.5000000000000000e+00 -9.3750000000000000e-01
-1.5000000000000000e+00 1.8750000000000000e-01
-1.5000000000000000e+00 5.6250000000000000e-01
-1.5000000000000000e+00 9.3750000000000000e-01
1.5000000000000000e+00 5.6250000000000000e-01
1.5000000000000000e+00 9.3750000000000000e-01
9.0650886557448795e-01 4.8386818435982193e-01
-1.3153523311372155e+00 3.7182033808401238e-01
1.3078125000000000e+00 1.3078125000000000e+00
-1.0015259254503089e-01 8.0745477544650457e-01
-1.0302137239260103e+00 4.9064679374605208e-01
-8.0453962043489236e-01 6.1949227508325733e-01
-1.0205602488957453e+00 8.3614425009766535e-01
-5.5604100251830824e-01 1.0532629134615794e+00
-1.0614380371743799e+00 -1.3205158641336654e+00
-1.3167133503442705e+00 -7.6603446712569412e-01
9.1648509256822619e-01 1.6926796165456209e-01
-8.8374751524072093e-02 1.1559949010857595e+00
5.8454177023954124e-01 -2.8730743098826272e-01
1.1408485417046668e+00 -1.0233202309684412e-01
5.3642269048402180e-01 8.9225826174182055e-01
-8.5348540211883972e-01 -7.7153952451770969e-01
9.3936694302714197e-01 -8.6034868529148190e-01
3.0458373784878368e-01 -8.4378957637701746e-01
9.1849097143928682e-01 1.1111299891085142e+00
6.0246913351853315e-01 -4.5642948346677847e-01
7.8338052281142823e-01 -7.0708293456000215e-01
-8.8559539798720499e-01 1.1367628228782027e+00
1.0915398740876316e+00 -5.5587120367933862e-01
-7.6529797907066055e-01 1.3272548648411511e+00
7.6584025921385734e-01 8.0340199498783382e-01
-2.3489932294189769e-01 5.7907354921541077e-01
2.9509189167198485e-01 1.0923403050877081e+00
-9.1303214795566912e-01 2.3184361073227752e-01
-4.4169891955073765e-01 -1.1038592707304387e+00
7.5910937324497474e-01 -5.2128417687507334e-01
-1.3922424360619123e-01 -9.2967873764541853e-02
1.1474609375000000e+00 1.0009765625000000e+00
1.1443359375000000e+00 1.3353515625000001e+00
1.1222275069754881e-01 3.7150811175783038e-01
5.4525973381944870e-01 5.8170054040641916e-01
-3.5091145833333337e-01 1.3352906858766234e+00
-2.5781881889623720e-01 -1.3436599988185167e+00
4.6803902590406354e-01 -6.8108203133653256e-01
1.6075935039090361e-01 -5.8182240438249866e-01
1.1706094206650524e+00 2.8449429162818063e-01
6.1315731779970728e-01 2.8194267006241192e-01
3.1753176808546058e-02 9.0504840430158850e-01
-1.3390226773887484e+00 6.9453300950460173e-01
6.9530777684352729e-02 -1.5669526105777112e-01
7.2784953806281139e-02 -3.2309142643194766e-01
3.5071372101678300e-01 -1.1364400996915944e-01
-6.5660874481713083e-01 -9.6733117071346331e-01
4.5090891971286640e-01 7.1121669062565585e-01
-2.9832816295214848e-01 -1.0849799661452721e-01
2.6559900965790240e-01 4.3812493237369543e-01
9.1037878817555951e-01 -8.2384971725367739e-03
8.2150135250473144e-01 1.3489128622989752e+00
6.5812125214748041e-01 1.3640563429503358e+00
-7.3994965279596547e-01 -6.5715137399902857e-01
-5.6445362265532739e-01 2.1087903797109606e-01
3.7727965430085852e-01 -2.6875100537084462e-01
-1.3750000000000000e+00 -1.0312500000000000e+00
-1.0937500000000000e+00 -9.1331845238095233e-01
9.3086931054556366e-01 -3.1836472853749531e-01
-7.0765374299591266e-01 1.0033408685829355e+00
4.2855666231003875e-01 2.0638375969097345e-02
-1.3760197458531598e+00 -4.6875000000000000e-01
6.0646540802108007e-01 1.1764371840677335e+00
3.0055153266046625e-01 -1.3637832902610731e+00
1.6031633378082652e-01 -1.1060065695604833e+00
6.1848843581280927e-02 -1.3540452368702103e+00
-7.2068501752716418e-01 -2.6449608045684631e-01
-2.8782462015804150e-01 -5.4612325896459712e-01
-2.5384645900284597e-01 1.9243317001065219e-01
-1.0558986962114376e+00 1.1824681894449194e+00
-1.0966929878663159e+00 1.3398753532247523e+00
7.5222748924524119e-01 2.2458080383650819e-01
6.3440892354879497e-01 -4.8247832763523707e-03
-8.4375000000000000e-01 -1.3795990063197898e+00
-9.3971109731931624e-01 -1.0899858920454759e+00
2.1978077899126294e-01 6.5701552419186571e-01
-6.9492533290638914e-01 4.7587395734038018e-01
-5.2023604556124803e-01 -7.8906246534263236e-01
-1.1198713212637961e+00 6.1043617169975428e-01
-1.1654391233321886e+00 4.2659938016549470e-01
-5.6139348211793882e-01 -1.2821700764462978e+00
1.6086076857523485e-01 1.3429699050524775e+00
6.4278264313773192e-01 -7.8452858933553804e-01
6.1376075557316623e-01 -9.3845193063377119e-01
1.1718750000000000e+00 7.0312500000000000e-01
1.3593750000000000e+00 7.9687500000000000e-01
-8.6645620715349692e-01 9.8586283393774155e-01
-1.3770879234613371e+00 1.2187500000000000e+00
-1.3602938071195410e+00 1.0692841840775988e+00
1.3770879234613371e+00 -1.2187500000000000e+00
1.3602938071195410e+00 -1.0692841840775988e+00
1.1763770886056322e+00 -1.0624865298144186e+00
1.0564730937583859e+00 -1.1746510097376968e+00
1.0966991948222873e+00 -1.3360696171028568e+00
-1.1763770886056322e+00 1.0624865298144186e+00
-1.1995655050399747e+00 -1.3725967126731520e+00
-1.3464537431548045e+00 -1.3259060276157781e+00
-1.3638392857142858e+00 -1.1763392857142858e+00
-1.2388392857142858e+00 -1.0825892857142856e+00
-1.3037345542984413e+00 1.3499458733703091e+00
1.3037345542984413e+00 -1.3499458733703091e+00
-2.3707721676373594e-01 1.1631922134043453e+00
5.6787994475606196e-01 -1.2384236778592859e+00
2.9542785799488441e-01 -1.1598851159027073e+00
-1.2334567157732543e+00 -4.4904379063296751e-01
4.9807342824405021e-03 -9.6696084566492413e-01
-1.6156967562112282e-01 -1.0088426764179221e+00
-2.5075621904231138e-01 -8.2173555364441386e-01
-1.1527900508177997e+00 8.9049048694419664e-01
4.7024104189989568e-01 2.7224720217179527e-01
-5.7944567453615847e-01 -1.4954283996753159e-01
-1.3822110705620290e+00 8.3052003073231362e-01
8.4375000000000000e-01 -1.3939012096774193e+00
1.3429946698367272e+00 -7.8613802883620587e-01
1.3600652391893124e+00 -5.9321779727644275e-01
1.3581311893363064e+00 1.1682837503279120e+00
-7.9385405102809670e-01 -9.2228125713398090e-01
-8.9249372432903284e-01 7.7420467107363633e-01
-6.4108255473523879e-01 7.8314001836202218e-01
3.4526619867134328e-01 -5.2419648832532639e-01
1.1182994509273354e+00 4.1865653374204248e-01
3.5070654766121406e-01 1.4116446058574728e-01
7.1040983275643022e-01 -1.0408283915846348e+00
-9.4189154063027658e-01 -4.4940996426554464e-01
-5.0138805848576584e-01 5.6453941989147316e-01
-4.2605817049077371e-01 3.6103446774719861e-01
1.1016059634724809e+00 -6.9301053494679898e-01
-4.6875000000000000e-01 -1.3970171239982043e+00
1.1701554334653923e+00 -2.4437201873245162e-01
-2.8400641596255244e-03 1.0400343373729146e+00
-1.2417844594703169e+00 -1.3954810768724299e-01
1.3604729763748513e+00 -3.2453001114471358e-01
-1.3994537716376918e+00 -6.5625000000000000e-01
-7.7202298169675521e-01 2.9570680168691577e-02
9.0628172357159642e-01 8.0470336178579827e-01
9.9009100053583454e-01 5.9449406232636692e-01
2.3327587109812442e-01 8.2139929105546372e-01
8.8333723719901425e-01 -9.8422932424591625e-01
-4.3516382575419588e-01 9.8517501041691036e-01
-3.8433887100869912e-01 8.1454837662845747e-01
-9.3749999999999986e-02 1.4017857142857144e+00
-1.4019559200547367e+00 9.3750000000000000e-02
-1.2029746089364608e+00 2.8628024101974825e-01
1.1730969246006611e+00 1.4700796588437051e-01
1.4022543840569375e+00 2.8125000000000000e-01
-4.4105704682500868e-01 -1.7313393060771193e-01
5.1976933203632625e-01 -1.3682776544674426e+00
4.9235117787542626e-01 -5.4308303850548223e-01
8.2308010521994956e-01 1.0128288482115861e+00
6.5181645854026038e-01 -1.3982337049345062e+00
1.4022133115402851e+00 4.6875000000000000e-01
4.2662984535977316e-01 9.6856876141536463e-01
1.3549805666502923e-01 -3.3649273446087397e-02
-6.5625000000000000e-01 1.4046477316708486e+00
-3.8098942583625212e-01 7.7636547178042137e-02
-9.9898726851851849e-01 -8.1790388431013428e-01
-1.1912357267589369e+00 -8.1592506165508916e-01
-1.1351668311300669e+00 -5.8895546932411402e-01
4.9150671850871264e-01 -9.9089372486464544e-01
2.8125000000000000e-01 1.4033212223668956e+00
-1.4060343986757957e+00 4.6875000000000000e-01
-1.3781630780768119e+00 -1.2437135425036787e-01
1.4022543840569375e+00 9.7647067540817006e-02
1.4017857142857142e+00 -9.8137797577429145e-02
1.4016741071428571e+00 1.4016741071428571e+00
-6.4305174783855878e-01 -2.8492743533270637e-01
-7.0603514100690257e-01 -3.8398539769519036e-01
-6.2840187131829717e-01 -4.0441675257105036e-01
8.4650257004999840e-01 -1.4660616018267433e-01
7.4948115758238609e-01 -2.2519253414066287e-01
8.7192953007707230e-01 -2.4559866918678619e-01
6.2771262660800331e-01 5.7413636580233562e-01
5.7736495226711915e-01 6.5802190841741137e-01
6.5981784505567376e-01 6.5045773381332783e-01
-5.4465698243439276e-01 7.3730184280681477e-01
-5.3661570506677347e-01 6.5823183362580373e-01
1.8611485698451063e-01 -6.9140697802820195e-01
8.2648534031633511e-02 -1.0364837076127036e+00
8.1721649286543574e-01 -6.7219261154543894e-02
8.3656853384052687e-01 3.3137829502997485e-02
7.4340623853040322e-01 -2.5842934479009635e-02
9.3966486536012206e-01 -8.7625396200667213e-02
8.1534484788279071e-02 -9.5958336400893263e-01
-4.3391502562151363e-01 -8.4673301632042031e-01
-4.9806844409198481e-01 -5.7240734895301504e-01
-4.6818732118476547e-01 -6.9720039384450794e-01
-4.0488112290721934e-01 -6.2520695510850699e-01
-5.0009036198219603e-01 -4.0288635021279018e-01
-4.4984508495922404e-01 -2.8481180724788457e-01
-3.8451696879146668e-01 -3.8233936725210838e-01
8.3324254628411309e-01 2.7213398082728102e-01
8.7999944462873558e-01 3.4937611074252883e-01
-8.2449914778125699e-01 1.4504184625551059e-01
-5.6307375515053981e-01 -5.0194431257527417e-01
-7.8152819589131328e-01 -4.1128308054239221e-01
5.3222787640135594e-01 4.9993338955183431e-01
4.4809405165495325e-01 5.8181714854989286e-01
4.3506219423686043e-01 5.0004999769530811e-01
-1.5429390951659697e-01 6.0512879507583750e-01
-1.4269905233557545e-01 4.8919578118167861e-01
-6.2093638910274723e-02 5.1525102704210535e-01
2.4268989432458266e-01 5.4757022828278057e-01
2.8535457424086036e-01 6.1947464044261613e-01
-2.0568198437460697e-01 8.6833440055354849e-01
1.7475484008669739e-01 5.9633681786194193e-01
1.6484728604735560e-01 7.0889569313041556e-01
1.1982134714279005e-01 6.4821698680049189e-01
-1.8369698592768785e-01 7.7641827442275968e-01
-6.0053060416465465e-01 1.3883273506713328e-01
-6.5198888519130005e-01 2.2129534284918440e-01
-6.8806586670062742e-01 1.4924903994522165e-01
5.5541083452089768e-01 -7.3280531033603524e-01
5.9350545187903725e-01 -3.7186845722752060e-01
6.8868862556399657e-01 -3.9030726330577659e-01
6.7972494392450056e-01 -3.0574623706651871e-01
2.3133598657145066e-01 -8.9799772936497924e-01
2.6156661986585578e-01 -9.9218730730294658e-01
3.8631138187642361e-01 -7.6243580385677501e-01
3.8527354445553863e-01 -6.7131676187849187e-01
3.0354590042789870e-01 -7.5267053439873433e-01
-4.5768081434467825e-02 -6.7745601341660011e-01
-6.5256997282053017e-02 -5.5888573641533301e-01
-1.8373958771693963e-01 -8.4731675409772289e-01
-2.0606920994311226e-01 -9.1548576950846194e-01
5.7004344048074684e-01 2.1131979725022393e-01
5.8066924335529069e-01 6.7936070580841779e-02
6.9858360152714460e-01 3.4844686451089686e-02
6.4484392133364032e-01 1.0760554030828383e-01
4.8091071227019988e-01 -2.7802921817955367e-01
5.1115621552539059e-01 -3.5066661723326653e-01
-5.9815669569607754e-01 5.2020668861592667e-01
-5.6577633047656928e-01 2.9144248378229209e-01
-6.5331159301254205e-01 3.0185878866038041e-01
-4.6372311448826975e-01 4.6278694381933588e-01
-4.0418653678210620e-01 4.2830152120292525e-01
-4.4185148077960223e-01 5.3005399727506253e-01
-8.6920544318163567e-02 7.1931940819138440e-01
-1.7046493770082052e-01 6.8828290716763951e-01
3.0066614822118964e-01 8.3488636474058375e-01
2.7858148586317577e-01 8.9996799268460426e-01
5.4651951295203172e-01 -6.5304101566826622e-01
-4.7480973430965634e-01 6.2800154357154025e-01
-2.3500652714780176e-02 -7.9708020909349231e-01
-1.3899038511125553e-01 -7.5327375887413961e-01
-1.7778166466236617e-01 -5.2878365447521691e-01
-3.6129343298624006e-01 -5.2326858459080561e-01
-3.1453388065411392e-01 -4.6216582798510014e-01
1.0256136649401131e+00 -5.5285260134690449e-02
5.3148279292941680e-01 7.9067963463724869e-03
-3.1287810952115569e-01 -7.8586777682220688e-01
-3.3520773174732832e-01 -8.5403679223294604e-01
5.6617666839148517e-01 3.5005445437983068e-01
6.8157865889985358e-01 3.2847133503120596e-01
6.3459800949163148e-01 3.9658311934862472e-01
-7.1722474031683103e-01 3.5379280253382650e-01
-6.3101218560210026e-01 4.2393994346693414e-01
2.8020202545417795e-02 5.8342107623414119e-01
1.8112648506076023e-02 6.9597995150261482e-01
-2.4022206756700082e-01 4.6303301004974007e-01
-3.0860711300766819e-01 5.3732106193703133e-01
-3.1392985763277131e-01 4.2128052277136063e-01
-5.0323776248748109e-01 -2.3924636040813915e-01
-5.7243207634305593e-01 -2.2745081508804899e-01
-6.5006534603166133e-01 -2.0701946021218895e-01
-6.5430617060141261e-01 -1.2685475331709914e-01
-7.2492584209691535e-01 -1.8433137356175650e-01
-1.0547724819615122e-01 -1.1305465987265961e+00
-7.7180421425986731e-02 -1.0648021046451941e+00
-7.8294470669341157e-02 -9.8790176104142313e-01
-2.2454121699449234e-01 -5.8988641108092232e-01
-4.9525589657305058e-01 2.8595675285914735e-01
1.4951016974277245e-01 8.5616920450623513e-01
4.8806002792086897e-03 7.8411531875773499e-01
6.1468076918991055e-01 4.9236921494775077e-01
7.3008275969827896e-01 4.7078609559912604e-01
-6.2637995342808594e-01 -5.7393775131127511e-01
-5.5871111054563688e-02 -9.1992940010797797e-01
-7.5577356471201407e-01 1.3064116394798217e-01
-7.0431528368536855e-01 4.8178556165931058e-02
-7.5059482418171086e-01 -3.7297993248987547e-02
-6.8288712617032421e-01 -1.8690117251748066e-02
-4.1527315660349273e-01 5.9351612095512962e-01
-2.5107035112612125e-01 6.6222766130721289e-01
8.0833719248552294e-01 5.2522018777903701e-01
6.3957852620351374e-01 1.8263886413727204e-01
7.5749288437536766e-01 1.4954748000751997e-01
6.5429798389742666e-01 -2.0675372806240688e-01
6.2244376544432267e-01 -1.1518334590160884e-01
4.9366580509844410e-01 8.0173747618373814e-01
1.8715269440539561e-01 -7.8252602000648519e-01
1.1390494312806258e-01 -8.3673417299444697e-01
5.2011989716488660e-01 -4.3522764347252441e-01
4.8019510188974490e-01 -6.1208253492100739e-01
5.5867558893771307e-01 -5.8404151925274106e-01
6.1373456675926663e-01 -5.4071474173338929e-01
7.3800288930520763e-01 6.8498709309304295e-01
-3.4156536653772229e-01 6.3526860823350906e-01
-3.5773639472194585e-01 7.1842272032531118e-01
4.9808432676615755e-01 6.4645861551603745e-01
4.0091864460166210e-01 6.4657522365951126e-01
4.1880868827338480e-01 -5.3363976341540431e-01
4.6506091934333316e-01 -4.7855442099187628e-01
2.5301277453112347e-01 -5.5300944635391258e-01
3.2388713083917853e-01 -5.9287399037288879e-01
6.8269240352247418e-01 2.5326173694946008e-01
7.5111374462262059e-01 2.9979040191825412e-01
4.4905649381709595e-01 -1.8645883601875565e-01
4.0948267252856063e-01 7.7979506452567982e-01
3.3534484935206466e-01 6.8411610740876072e-01
3.9239751432058273e-01 4.2814558553547244e-01
8.3962168603686016e-01 1.2189105891654692e-01
-4.9657860439429247e-01 3.6652019867034336e-01
-8.2380473949609390e-01 -1.9924821065225512e-01
-8.2804556406584506e-01 -1.1908350375716531e-01
-3.3141231007902072e-01 -6.4806162948229851e-01
-2.6812890691547159e-01 -6.9182478159862371e-01
6.7923156055205358e-01 -6.5512404206451685e-02
2.9391860216775889e-01 7.5269448130878480e-01
1.7159483210078635e-01 7.9108757656221462e-01
3.7351192622224014e-02 -8.4411165465043847e-01
-2.0600701643662728e-01 -7.2769255842083069e-01
-6.0802663010507019e-01 -4.1378203902180527e-02
4.0665261228770344e-01 -6.0263925983092947e-01
-5.3424354839178856e-01 4.6827267474248063e-01
-8.4947372158088941e-01 -5.2214830339486193e-02
2.2652832504469367e-01 7.3920740762366477e-01
5.4741015569697971e-01 -4.9975626098613035e-01
3.0786819587093489e-01 9.6006565417943468e-01
-5.0879850575511698e-01 7.2211489670606338e-02
-6.6721850616259992e-01 -3.9420107513312036e-01
-5.9691017473412522e-01 -3.5488777138980837e-01
-6.3572680957842798e-01 -3.4467209395187837e-01
-6.5989356790246911e-01 -4.5394573375229236e-01
-6.9871020274677176e-01 -4.4373005631436235e-01
-6.7454344442273073e-01 -3.3445641651394836e-01
-6.0423511299425603e-01 -2.9514311277063637e-01
-7.1336007926703338e-01 -3.2424073907601836e-01
-6.8186838268286154e-01 -2.7471175789477631e-01
8.5921605006353530e-01 -1.9610241468473028e-01
7.9799186381619225e-01 -1.8589934716166862e-01
7.8527838380265524e-01 -1.3640309265961267e-01
9.2044023631087846e-01 -2.0630548220779193e-01
9.0772675629734145e-01 -1.5680922770573599e-01
8.1070534382972914e-01 -2.3539560166372453e-01
7.3676767756884909e-01 -1.7569627963860696e-01
8.2341882384326615e-01 -2.8489185616578044e-01
7.6219463759592299e-01 -2.7468878864271878e-01
6.0253878943756123e-01 6.1607913710987350e-01
5.8648618021372600e-01 5.7791845310437739e-01
6.8499168222611584e-01 6.0851496250578996e-01
6.6893907300228062e-01 5.7035427850029385e-01
5.6131234304328392e-01 6.1986122441191527e-01
-4.9242355760016016e-01 6.7484775043870560e-01
-4.9644419628396980e-01 7.1438275502921111e-01
1.2791825397325907e-01 -7.0633472083207738e-01
1.1524050067645557e-01 -6.5154243400922573e-01
2.4431145999576218e-01 -6.7647923522432651e-01
2.3163370669895866e-01 -6.2168694840147487e-01
4.3814634157037007e-02 -1.0017222766388139e+00
6.0947835257949279e-03 -1.0438611892686951e+00
8.2689251335298131e-01 -1.7040715825773205e-02
7.9966340667301061e-01 5.3825992840764614e-02
7.8998738618546493e-01 3.6474475119939245e-03
8.7347366100804313e-01 1.2449666165230355e-02
8.6379764052049768e-01 -3.7728879163540334e-02
7.8031136569791948e-01 -4.6531097816776765e-02
7.5308225901794867e-01 2.4335610849761054e-02
7.3373021804285765e-01 -7.6021479807780318e-02
7.7063534521037391e-01 -9.6709643145547447e-02
8.3185953145771707e-01 -1.0691271066860911e-01
8.7844067911277901e-01 -7.7422328677605554e-02
8.9308371770506023e-01 -1.1711577819167077e-01
9.2502182676784073e-01 -4.7931946686601994e-02
9.5430790395240339e-01 -1.2731884571473243e-01
-4.7826136534612940e-01 7.8098651431819133e-01
1.1981136004119836e-01 -9.5589462318093688e-01
1.2036838466287558e-01 -9.9434479498282236e-01
4.3257609535359787e-02 -9.6327210483692838e-01
1.5920228453747209e-01 -1.0291062259567121e+00
2.8860081311526620e-01 -4.7989414178875600e-01
3.9151842974129170e-01 -4.6911114590179837e-01
3.3485304418521461e-01 -4.2480879936522797e-01
-4.0445751281075681e-01 -7.9836650816021015e-01
-4.4761802278062401e-01 -7.6953123267131618e-01
-4.5147478349960207e-01 -5.9880715203076096e-01
-4.8312788263837514e-01 -6.3480387139876149e-01
-5.2972154323075782e-01 -6.0840406832101546e-01
-4.1982168436082901e-01 -5.6281043266276054e-01
-4.6641534495321174e-01 -5.3641062958501451e-01
-4.3653422204599240e-01 -6.6120367447650752e-01
-5.1478098177714826e-01 -6.7080059076676202e-01
-3.8994056145360967e-01 -6.8760347755425344e-01
-4.2159366059238274e-01 -7.2360019692225397e-01
-4.7496772347071003e-01 -3.4384907873033738e-01
-5.3275442006607476e-01 -3.5412257021067828e-01
-4.0963960730295268e-01 -4.4137663873456118e-01
-4.6742630389831735e-01 -4.5165013021490208e-01
-5.0763178155458877e-01 -2.9508529872822548e-01
9.8991107306982740e-01 1.1672103439870961e-01
1.0366679714144498e+00 1.9396316431395738e-01
8.1499972231436779e-01 3.6218805537126442e-01
7.9162127314205655e-01 3.2356699041364051e-01
-7.8201164775426490e-01 1.8837674699139167e-01
-8.2627814784147091e-01 2.3177762922977513e-01
-5.3158205856636798e-01 -4.5241533139403217e-01
-5.6424611665024660e-01 -4.0365155139192027e-01
-4.9891800048248924e-01 -5.0117911139614413e-01
-5.9573781323441843e-01 -4.5318053257316226e-01
-6.2722950981859038e-01 -5.0270951375440420e-01
-7.5110660670923868e-01 -3.3788958049961926e-01
-7.9617807241157490e-01 -2.9179376330404816e-01
-7.3645673018897706e-01 -4.5737889773796325e-01
4.8364503531910819e-01 4.9999169362357121e-01
4.9016096402815457e-01 5.4087526905086358e-01
5.3874380511040232e-01 5.4081696497912679e-01
4.7712910661006175e-01 4.5910811819627878e-01
5.2571194769230956e-01 4.5904981412454188e-01
4.4157812294590681e-01 5.4093357312260049e-01
4.9667689273720095e-01 5.8175884447815607e-01
3.9299528186365912e-01 5.4099187719433739e-01
3.9951121057270556e-01 5.8187545262162976e-01
-7.1566745864130321e-01 -5.8031304446628140e-01
-7.9756600174105763e-01 -5.4795946468260259e-01
-6.7891067500785468e-02 5.7321753398918474e-01
-1.0819377421343584e-01 5.6018991105897142e-01
-1.1399120280394659e-01 6.1815641800605081e-01
-1.8879918763873657e-01 5.3413466519854469e-01
-1.9459661622924734e-01 5.9210117214562419e-01
3.1814147186565911e-01 6.0070419856799140e-01
2.9680913190752023e-01 5.6475199248807362e-01
2.5256767661606166e-01 6.3824508231724097e-01
2.3123533665792279e-01 6.0229287623732319e-01
3.0826368957418010e-01 5.1002934453353110e-01
-1.5291728845981895e-01 8.3789458800002659e-01
-1.1510609779193284e-01 8.9531445187604719e-01
1.4728809361474371e-01 6.2227690233121691e-01
1.6980106306702650e-01 6.5261625549617874e-01
1.9726780953898015e-01 6.2667617102690376e-01
1.2477512416246093e-01 5.9193754916625507e-01
1.5224187063441461e-01 5.6599746469698009e-01
1.4233431659507284e-01 6.7855633996545373e-01
1.9231403251930929e-01 6.8295560866114058e-01
1.1486757012311916e-01 7.0449642443472871e-01
1.3738053957540194e-01 7.3483577759969054e-01
-2.2546918261901633e-01 7.6090002391088729e-01
-2.3646168184247590e-01 8.0685808697628170e-01
-1.4192478923635937e-01 7.9193652493463218e-01
-2.8922637775726390e-01 8.3729789952980371e-01
-6.4429823543264098e-01 1.4404088750617747e-01
-6.2625974467797740e-01 1.8006403895815887e-01
-5.8249211340999096e-01 1.7485588651911466e-01
-6.6233672618730466e-01 1.0801773605419610e-01
-6.1856909491931833e-01 1.0280958361515191e-01
-6.7002737594596373e-01 1.8527219139720302e-01
-6.0822125392331372e-01 2.1608719041014024e-01
-7.1379500721395006e-01 1.9048034383624721e-01
-6.9575651645928649e-01 2.2650349528822858e-01
5.1172493021248067e-01 -7.0694367083628395e-01
4.7742470750628851e-01 -7.6389141720465692e-01
6.8420678474424856e-01 -3.4802675018614765e-01
6.3213335708202090e-01 -2.9652683402739072e-01
6.3661519790176890e-01 -3.3880734714701966e-01
7.2731653076698022e-01 -3.1496564010564670e-01
7.3179837158672822e-01 -3.5724615322527564e-01
6.4109703872151691e-01 -3.8108786026664859e-01
5.8902361105928924e-01 -3.2958794410789166e-01
6.4557887954126492e-01 -4.2336837338627753e-01
5.9798729269878526e-01 -4.1414897034714954e-01
2.8307517885731970e-01 -9.1798844183998196e-01
3.3481437114318879e-01 -9.3797915431498469e-01
2.6795986221011714e-01 -8.7089365287099829e-01
2.0982742757998671e-01 -9.7219659482794385e-01
1.9471211093278415e-01 -9.2510180585896018e-01
3.8579246316598115e-01 -7.1687628286763339e-01
3.4389080373127617e-01 -6.6643412714947148e-01
3.4440972244171864e-01 -7.1199364813861310e-01
4.2665628517980109e-01 -6.7619939660751216e-01
4.2717520389024355e-01 -7.2175891759665378e-01
3.4492864115216115e-01 -7.5755316912775461e-01
3.0302698171745623e-01 -7.0711101340959270e-01
3.0406481913834116e-01 -7.9823005538787584e-01
3.4544755986260367e-01 -8.0311269011689623e-01
1.1976784763769850e-02 -6.9935923852627646e-01
5.0232735114422340e-02 -6.0269218663468571e-01
-1.1325740555649810e-01 -5.9626764980629021e-01
-1.0351294763270549e-01 -6.5555278830692376e-01
-2.2841271449271183e-01 -8.6861066157643796e-01
-2.7308584126848401e-01 -8.8990456905515303e-01
-2.1724790337962552e-01 -8.3452615387106843e-01
-1.6139608316734005e-01 -8.9419186202974688e-01
-1.5023127205425374e-01 -8.6010735432437735e-01
5.9160037914022712e-01 2.4663123365631792e-01
5.4169917984980143e-01 2.7709493611710356e-01
5.4848650182126657e-01 1.7600836084412991e-01
4.9858530253084099e-01 2.0647206330491558e-01
6.1275658234446551e-01 8.7770805444562811e-02
6.3962642244121759e-01 5.1390378515965729e-02
6.0753908345204288e-01 3.1555643652244704e-02
5.8588674224771331e-01 1.2415123237315986e-01
5.5379940325853849e-01 1.0431649750943885e-01
6.7171376143039252e-01 7.1225113379686761e-02
6.6649626253796979e-01 1.5009951587368658e-02
7.0380110041956723e-01 9.1059848243407793e-02
7.3067094051631942e-01 5.4679421314810711e-02
7.6700874542721742e-01 -4.2273461000992402e-01
8.4843899808245449e-01 -3.9918279602109297e-01
4.5934068654071997e-01 -3.4602751082891203e-01
4.0752515755604929e-01 -3.4138840442455748e-01
4.7446343816831532e-01 -3.8234621035576843e-01
5.4784899288246591e-01 -3.1898702411076463e-01
5.3272624125487056e-01 -2.8266832458390823e-01
-5.4977237709092175e-01 5.4237305425369997e-01
-5.6319402924288298e-01 5.9476970994573652e-01
-6.4654101430123334e-01 4.9804032297815343e-01
-6.5996266645319457e-01 5.5043697867019015e-01
8.5288871407751188e-01 -3.2127488584113501e-01
-6.0954396174455572e-01 2.9665063622133625e-01
-6.0888260783393466e-01 2.5636891331573824e-01
-5.6511497656594833e-01 2.5116076087669409e-01
-6.1020531565517666e-01 3.3693235912693426e-01
-5.6643768438719033e-01 3.3172420668789010e-01
-6.5265023910192110e-01 2.6157706575478240e-01
-6.9641787036990743e-01 2.6678521819382661e-01
-4.3395482563518795e-01 4.4554423251113057e-01
-3.9325071992777244e-01 4.6193504793078854e-01
-4.2301900878085419e-01 4.7917775923899386e-01
-4.1512235363643996e-01 3.9466799447506196e-01
-4.4489064248952170e-01 4.1191070578326727e-01
-4.5278729763393599e-01 4.9642047054719918e-01
-4.1208319192652043e-01 5.1281128596685721e-01
-4.7161976963268404e-01 5.4729670858326784e-01
-4.8255558648701780e-01 5.1366318185540449e-01
-1.2869274100949205e-01 7.0380115767951201e-01
-1.3530876512292572e-01 7.4786884130707199e-01
-9.3536568431597231e-02 7.6338709181894449e-01
-1.2207671689605837e-01 6.5973347405195182e-01
-8.0304520204729890e-02 6.7525172456382432e-01
-1.7708096181425420e-01 7.3235059079519960e-01
-2.1885315850558268e-01 7.1683234028332721e-01
1.8620939775335724e-01 5.4161416990739941e-01
1.9766395542001711e-01 4.8689152195285684e-01
2.5592867848065010e-01 8.6068364187003399e-01
2.1119120874011052e-01 8.8648091899948422e-01
2.6697100965965703e-01 8.2814282789802374e-01
3.2331895560371532e-01 8.7417071555515402e-01
3.3436128678272226e-01 8.4162990158314377e-01
5.9020541726044884e-01 -6.7890265516801762e-01
6.3389132156886596e-01 -7.0476429466776902e-01
5.8575975647601586e-01 -6.3902050783413311e-01
5.0727926942804769e-01 -6.6706152350239933e-01
-8.1663840255845876e-01 -4.7644233959953952e-01
8.2825443278724398e-01 4.2943409217991096e-01
-4.8809889639771109e-01 5.9627048173150676e-01
-5.1900188177626960e-01 6.1138562675863839e-01
-4.6152057222160159e-01 6.5973260541157386e-01
-4.7272152424578973e-01 1.4425779257456911e-01
-4.8404972799433038e-01 2.1611660231888136e-01
-5.1025136068058363e-01 -1.6133838528762176e-01
-5.2556402232301902e-01 -9.2836484928825957e-02
-3.4634367074624001e-02 -7.3726811125504621e-01
-7.0111804553174034e-02 -8.3498908182226206e-01
-8.1245518913017845e-02 -7.7517698398381596e-01
2.3110499123613674e-02 -7.5917133636472256e-01
-9.2379233272861683e-02 -7.1536488614536986e-01
-1.2785667075141172e-01 -8.1308585671258571e-01
-1.5012409947109934e-01 -6.9346166103569351e-01
-1.6951973924665467e-01 -5.8121660883623216e-01
-3.0117925040607774e-01 -5.0414454347484861e-01
-2.4106506782591530e-01 -4.8502050235889171e-01
-3.2455902657214075e-01 -5.3469592177770142e-01
-3.7464806323427630e-01 -4.8128986910105709e-01
-3.9802783940033937e-01 -5.1184124740390979e-01
1.0695531880050384e+00 -2.0569215698062465e-01
1.0548997421246757e+00 -1.3467215916282088e-01
9.9728230374239879e-01 -1.1114877768174405e-01
9.6799622655783635e-01 -3.1761878653613615e-02
5.2920617804560155e-01 7.4301860392204197e-02
5.8294585823910583e-01 1.5410065350100581e-03
4.7774311273591252e-01 8.0667650203566629e-02
-9.1819930465013244e-01 -3.7814148031957789e-02
-1.0127357766950409e+00 -5.4201265741092436e-03
-8.9929779438050461e-01 -2.2654589349945703e-01
-9.7210557079323723e-01 -2.9000406668194140e-01
3.9569706347864853e-01 -8.4524518972489937e-01
-2.9298197539481985e-01 -8.3788617293867995e-01
-2.8181716428173353e-01 -8.0380166523331043e-01
-3.5510386587366416e-01 -8.0201839611647308e-01
-3.4393905476057784e-01 -7.6793388841110344e-01
5.8966699309559623e-01 3.1599856222112133e-01
5.4268634368737412e-01 3.8411034653854004e-01
4.9471853044157937e-01 3.4520672043452238e-01
6.0038733894155838e-01 3.7331878686422770e-01
6.2387766364566932e-01 3.3926289470551829e-01
5.7689701423744721e-01 4.0737467902293711e-01
6.5808833419574253e-01 3.6252722718991537e-01
6.4736798834978049e-01 3.0520700254680894e-01
6.9229900474581574e-01 3.8579155967431233e-01
7.1578932944992679e-01 3.5173566751560298e-01
-7.8722003698265952e-01 4.0077915956991839e-01
-7.2837444402205187e-01 2.9275222513054966e-01
-7.9836974068788047e-01 3.3973858216664155e-01
-7.0607503661161009e-01 4.1483337993710334e-01
-6.8526816666468648e-01 3.2782579559710345e-01
-6.4216188930732110e-01 3.6289936606365730e-01
-6.7411846295946565e-01 3.8886637300038029e-01
-5.9905561194995571e-01 3.9797293653021115e-01
-6.6296875925424470e-01 4.4990695040365714e-01
4.2592769677305364e-01 -9.3943476766286671e-01
7.3920774844103920e-02 6.1581903151731654e-01
-2.2834146772939216e-02 6.0730255858520277e-01
2.3066425525746913e-02 6.3970051386837801e-01
7.8874551863774803e-02 5.5953959388307972e-01
6.8966997824433038e-02 6.7209846915155336e-01
-2.7787923792610102e-02 6.6358199621943958e-01
6.4013220804762155e-02 7.2837790678579017e-01
3.3817631135928547e-02 5.2545456928706180e-01
3.9615059726439299e-02 4.6748806233998230e-01
-3.4546100804055346e-01 5.1644481829784161e-01
-3.1126848532021978e-01 4.7930079235419598e-01
-2.7175321797478291e-01 5.5819730557622105e-01
-2.3756069525444926e-01 5.2105327963257542e-01
-3.4812238035310500e-01 4.5842454871500626e-01
4.1047379478055490e-01 2.0670583137877127e-01
-5.7593887543960720e-01 -1.8849682752779029e-01
-5.4134171851181978e-01 -1.9439460018783539e-01
-5.6892527724650466e-01 -2.6640480264830768e-01
-5.3432812031871724e-01 -2.7230257530835278e-01
-6.5218575831653691e-01 -1.6693710676464404e-01
-6.9173641863403956e-01 -1.1551070999188290e-01
-6.8961600634916398e-01 -1.5559306343942780e-01
-6.1687592256878554e-01 -1.3819879664231538e-01
-6.1475551028390996e-01 -1.7828115008986029e-01
-6.8749559406428840e-01 -1.9567541688697271e-01
-7.2704625438179105e-01 -1.4424902011421159e-01
-7.2280542981203977e-01 -2.2441372700930140e-01
-6.8537518177941270e-01 -2.3575777033451761e-01
-3.6099843571773114e-02 -1.0158814751550591e+00
-3.6656868193450327e-02 -9.7743130335317363e-01
-2.3280314241020383e-01 -5.3745345671990696e-01
-2.5618291857626690e-01 -5.6800483502275978e-01
-1.9289951541271777e-01 -6.1176798713908487e-01
-4.6065703353191212e-01 3.2349561030317298e-01
-4.1485200191205351e-01 2.9119431720693267e-01
-5.2985475961418893e-01 2.4841789541512171e-01
5.7762112844106417e-01 -5.4495724971509521e-02
6.8078925338175389e-01 -4.8885683017092590e-01
1.2971198142311036e-01 8.0847253328760038e-01
7.0833484955997172e-02 8.3291213318527701e-01
-3.4403947906043772e-02 7.0764967984699956e-01
-4.1019972019477435e-02 7.5171736347455975e-01
1.1496624392642357e-02 7.4004763513017491e-01
-4.7635996132911099e-02 7.9578504710211972e-01
5.7397196691328478e-02 7.7244559041335026e-01
1.0380468998437709e+00 -2.7100614761439884e-01
6.2119669789895693e-01 5.3325279037504325e-01
5.7997025150467962e-01 5.3703487767708502e-01
6.6242314429323423e-01 5.2947070307300148e-01
5.7345432279563324e-01 4.9615130224979254e-01
5.6693839408658686e-01 4.5526772682250011e-01
6.7238176444409481e-01 4.8157765527343843e-01
7.4004137984913942e-01 4.2289304779956305e-01
6.8234038459495527e-01 4.3368460747387538e-01
7.2012413954741850e-01 5.1867914339868904e-01
6.2463938934077101e-01 4.4447616714818772e-01
-5.3057109962126225e-01 -5.3717583076414455e-01
-5.6222419876003538e-01 -5.7317255013214508e-01
-5.9472685428931293e-01 -5.3794103194327469e-01
-5.9387729789880850e-01 -6.0916926950014560e-01
-6.5888260895736339e-01 -5.3870623312240473e-01
-9.7508713530454511e-02 -9.3039985779622747e-01
-1.3914631600634536e-01 -9.4087031548447697e-01
-8.6297033723065783e-02 -8.9641367732950483e-01
-2.5445188386061593e-02 -9.4344512288645110e-01
-6.1124871118735857e-01 -2.1723513765011898e-01
-6.0774191209080741e-01 -2.5618912521037768e-01
-6.4655854693511006e-01 -2.4597344777244767e-01
-7.9826106473900604e-01 8.7306263212101082e-02
-8.4074856476599824e-01 4.3971362476219980e-02
-7.6389827320438464e-01 8.0105922058336873e-02
-7.4764885621964350e-01 1.8117640583762745e-01
-7.2191971570632074e-01 1.3994510194660192e-01
-6.9619057519299798e-01 9.8713798055576354e-02
-7.3004442419869131e-01 8.9409860056956614e-02
-6.7046143467967523e-01 5.7482494164550799e-02
-7.3816913269106188e-01 3.8874618167311317e-02
-6.9360120492784638e-01 1.4744219457091496e-02
-7.2745505393353971e-01 5.4402814584717553e-03
-6.5974735592215306e-01 2.4048157455711237e-02
-7.1674097517601754e-01 -2.7994055250367807e-02
-7.6130890293923303e-01 -3.8636565401479854e-03
-7.0602689641849548e-01 -6.1428391959207365e-02
-7.3988074542418869e-01 -7.0732329957827106e-02
-4.4504144545657454e-01 6.1075883226333494e-01
-4.5833060754462929e-01 5.7902777042330134e-01
-4.3175228336851978e-01 6.4248989410336854e-01
-4.2856231869154748e-01 5.6178505911509613e-01
-3.9879402983846568e-01 5.4454234780689070e-01
-1.6237942360870875e-01 6.4670585112173851e-01
-2.0268213032135912e-01 6.3367822819152519e-01
-2.1076764441347090e-01 6.7525528423742620e-01
-2.4298483703400947e-01 6.2065060526131188e-01
-2.5915586521823303e-01 7.0380471735311390e-01
-3.2579012515952199e-01 7.7996507501373613e-01
7.5925135594104043e-01 5.4589618948864449e-01
7.9261448326987549e-01 6.1923945738492425e-01
7.7916859624276147e-01 4.5011009388951850e-01
-3.4199707868242418e-02 8.5625158987404659e-01
-4.9153213115144367e-02 9.4411126630358910e-01
6.4221122376857709e-01 1.4512220222277794e-01
6.9590300772437752e-01 2.0360983398689012e-01
6.9853570528944076e-01 1.6609317207239602e-01
5.8325404468264996e-01 1.6166789428765399e-01
7.0116840285450399e-01 1.2857651015790189e-01
7.5486018681030442e-01 1.8706414192201409e-01
7.6012558194043089e-01 1.1203081809302586e-01
9.8685792087349400e-01 2.7967804985160175e-02
6.6701146391096366e-01 -2.5624998256446280e-01
7.1460305075344333e-01 -2.6546938560359079e-01
6.1941987706848400e-01 -2.4703057952533480e-01
7.0188957073990643e-01 -2.1597313110153488e-01
6.8917609072636932e-01 -1.6647687659947896e-01
5.5268755178643736e-01 -1.9573704882746470e-01
6.7324898149981738e-01 -1.2069168551907992e-01
3.9734313535201404e-01 9.0847109992053421e-01
4.5223955791413833e-01 8.7031585008376222e-01
4.7228736240565528e-01 7.5647708340469699e-01
5.3018954521382800e-01 7.2277998352702966e-01
2.4534929741664716e-01 -7.6759827720260976e-01
2.4483037870620467e-01 -7.2203875621346814e-01
2.4586821612708964e-01 -8.1315779819175127e-01
1.8663377569495312e-01 -7.3696649901734357e-01
1.2843717268370158e-01 -7.5189424182121900e-01
2.0924434048842314e-01 -8.4026187468573221e-01
1.7262046484975663e-01 -8.6736595117971316e-01
1.5052881876672911e-01 -8.0963009650046613e-01
1.3599658921109012e-01 -8.9447002767369410e-01
9.1813297045035047e-02 -7.7899831831519983e-01
5.5233083370221392e-01 -3.6126753723039357e-01
5.5681267452196193e-01 -4.0354805035002250e-01
5.1563805634513860e-01 -3.9294713035289547e-01
5.6129451534170993e-01 -4.4582856346965144e-01
4.7894527898806333e-01 -4.2462672347539737e-01
5.1335730742088836e-01 -6.3256177529463686e-01
4.8627313988258558e-01 -5.7758278671324481e-01
5.1943534541372904e-01 -5.9806202708687417e-01
4.7411706389690422e-01 -6.4658228312876997e-01
5.5259755094487240e-01 -6.1854126746050364e-01
5.2551338340656972e-01 -5.6356227887911170e-01
5.9183779446885654e-01 -6.0452075962637053e-01
7.7124494802820154e-01 -6.1418355571753769e-01
6.9205468662248737e-01 -5.7314208843753667e-01
7.0419026140571406e-01 -6.6604146728000102e-01
6.0810185013889995e-01 -4.9857211260008388e-01
6.1936728337963332e-01 -5.8285737086669465e-01
7.2408420435088283e-01 6.2577964214564752e-01
-2.9631785883192174e-01 6.4874813477036097e-01
-3.0440337292403352e-01 6.9032519081626198e-01
-2.8823234473980996e-01 6.0717107872445997e-01
-3.4965088062983407e-01 6.7684566427941006e-01
-3.1248888701614530e-01 7.3190224686216299e-01
-4.0298390242774634e-01 7.0494319378845938e-01
-3.9489838833563456e-01 6.6336613774255826e-01
-3.2508623977269524e-01 5.8629483508527014e-01
-3.6194013480558052e-01 5.6541859144608053e-01
-3.7841926157060751e-01 6.1439236459431934e-01
8.5946540090820167e-01 -6.0104387415182237e-01
4.7449662323951197e-01 6.7883765307084665e-01
5.1413693598999277e-01 6.8461929952153366e-01
5.2167203029280307e-01 6.1407957796122825e-01
4.7308918921055543e-01 6.1413788203296515e-01
4.4950148568390980e-01 6.4651691958777435e-01
4.2450634812830768e-01 6.1419618610470206e-01
4.2591378215726428e-01 6.7889595714258355e-01
3.7592350704605992e-01 6.1425449017643896e-01
4.5141579007728660e-01 -4.4629011223507331e-01
4.2828967454231243e-01 -4.7383278344683732e-01
4.7870604860937971e-01 -5.1081872974867926e-01
4.5557993307440553e-01 -5.3836140096044327e-01
3.8203744347236401e-01 -5.2891812587036535e-01
3.1319759692309612e-01 -6.2721274139666994e-01
2.7776041876906860e-01 -6.0728046938718183e-01
3.3457666475526093e-01 -5.5853523934910765e-01
2.9913948660123335e-01 -5.3860296733961954e-01
6.0481098334213024e-01 1.9697933069374798e-01
6.2636792200161051e-01 2.3229076709984198e-01
6.6113546486299390e-01 2.1795030054336606e-01
6.4792486066109078e-01 2.6760220350593600e-01
7.1745994638385768e-01 2.3892127039298414e-01
6.8213553121116388e-01 2.9086653599033302e-01
7.1690307407254739e-01 2.7652606943385705e-01
7.1634620176123709e-01 3.1413086847473004e-01
7.5167061693393089e-01 2.6218560287738113e-01
7.5055687231131030e-01 3.3739520095912706e-01
5.1679913202831862e-01 -2.3688313350350920e-01
3.8876954893640775e-01 8.1408425147569186e-01
4.3086111522134951e-01 8.2505545730472096e-01
4.3019579612071351e-01 7.4550587757566777e-01
3.1034971179646254e-01 6.5179537392568843e-01
3.4313660942126123e-01 6.3302493205106369e-01
2.7756281417166379e-01 6.7056581580031316e-01
3.6813174697686335e-01 6.6534566553413599e-01
3.9312688453246553e-01 6.9766639901720828e-01
4.5579676665192292e-01 4.2315591211636094e-01
4.2328848568210775e-01 3.5045216696767229e-01
3.7166294190552029e-01 5.0503967111441961e-01
9.1343194037189290e-01 8.0514732241012660e-02
8.7500023710620978e-01 5.6826280872005072e-02
8.0118998277117726e-01 9.8202607547539331e-02
-6.5066214758274821e-01 -6.5077608084402228e-01
-6.1570914979297031e-01 -7.2338490801989352e-01
-5.3183882134605187e-01 3.6926306413191573e-01
-5.3117746743543093e-01 3.2898134122631773e-01
-4.6131838744253306e-01 3.6377733320877098e-01
3.0460754093002385e-01 -3.5217140031151511e-01
9.4991012654512419e-01 -2.4268851188314650e-01
4.3881805541150021e-01 1.4093069251189161e-01
-7.7436529079650462e-01 -1.9178979210700581e-01
-7.7648570308138032e-01 -1.5170743865946090e-01
-7.7224487851162904e-01 -2.3187214555455071e-01
-8.2592515178096948e-01 -1.5916585720471021e-01
-7.7860611536625579e-01 -1.1162508521191600e-01
-8.7748501276543434e-01 -1.2654192230241462e-01
-8.7536460048055875e-01 -1.6662427574995953e-01
-3.8308727794672970e-01 -5.7423776984965635e-01
-3.4635287153263039e-01 -5.8566510703655206e-01
-3.6814671649312003e-01 -6.3663429229540269e-01
-3.0961846511853108e-01 -5.9709244422344776e-01
-3.5320615503951036e-01 -6.9903081474114925e-01
-2.4633506195498195e-01 -6.4085559633977307e-01
-2.7797676353675654e-01 -6.1897402028161042e-01
-2.1469336037320738e-01 -6.6273717239793561e-01
-2.9977060849724613e-01 -6.6994320554046105e-01
-3.2156445345773577e-01 -7.2091239079931180e-01
-3.2459532276271863e-01 2.8417331877536800e-01
7.9592458764105067e-01 1.7323593137652754e-01
8.3435629090673369e-01 1.9692438274553514e-01
7.9273501776467714e-01 2.4835739233189461e-01
6.5682024205042433e-01 -3.5168593741402028e-02
6.2842634449655876e-01 -6.0004064588980603e-02
7.0164287905368283e-01 -9.5856214671501350e-02
7.1131889954122840e-01 -4.5677669342730660e-02
6.8890758103959904e-01 -1.5333858877681003e-02
7.2099492002877397e-01 4.5008759860400253e-03
3.5170063734815976e-01 7.6624477291723236e-01
3.7241376094031264e-01 7.3195558596722032e-01
3.3098751375600688e-01 8.0053395986724429e-01
3.1463172575991177e-01 7.1840529435877276e-01
2.5684969057951090e-01 7.0485500275032531e-01
1.9139302042044842e-01 8.3878424778084937e-01
2.0243535159945539e-01 8.0624343380883912e-01
1.4075431260211732e-01 7.7593171931559013e-01
-7.4973247667064080e-01 5.4768311621181875e-01
-5.4080534396538948e-01 -7.1673162651582412e-01
5.9442838705251543e-02 -9.0184750932968560e-01
9.7719713958170834e-02 -8.9815876850168985e-01
2.1165963452332258e-02 -9.0553625015768135e-01
7.5628067875143298e-02 -8.4042291382244272e-01
5.3536421792115770e-02 -7.8268705914319558e-01
-9.2599592161698371e-03 -8.8202052737920822e-01
-3.9685881884671932e-02 -8.5850480460073508e-01
6.9252699537219187e-03 -8.2059593187196533e-01
-1.7249870077394142e-01 -7.4048315864748515e-01
-2.2838161773946933e-01 -7.7471405603262222e-01
-1.9487330207678344e-01 -7.8750465625927668e-01
-1.8363241513378523e-01 -6.8067106080903905e-01
-1.6136498641409758e-01 -8.0029525648593125e-01
-2.3706796167604943e-01 -7.0975867000972714e-01
-2.5944256297889146e-01 -7.5678016762151878e-01
-2.9050350821831361e-01 -7.3884627921041535e-01
-5.9373615232061439e-01 -9.5460521934856060e-02
-6.2231710788952599e-01 1.2704114130495006e-02
-5.5414497789193073e-01 1.5328151136525109e-02
-6.6859664838586841e-01 -7.2772435284423592e-02
3.6526987156344098e-01 -5.9775662510190908e-01
3.5458033764735858e-01 -6.3209537612569022e-01
3.7595940547952333e-01 -5.6341787407812793e-01
3.9596307837162104e-01 -6.3697801085471073e-01
4.3734581909588349e-01 -6.4186064558373102e-01
4.1273065028054412e-01 -5.6813951162316689e-01
4.4950189508156485e-01 -5.7286114916820585e-01
4.4342385708872417e-01 -6.0736089737596843e-01
-1.0072157774603827e+00 -3.5516332573908871e-01
-5.6620012204393300e-01 4.9423968167920362e-01
-5.5067129334479992e-01 4.2013930216798434e-01
-5.8262786699694447e-01 4.4610630910470739e-01
-5.1781580343877720e-01 5.1640604731697692e-01
-6.1458444064908890e-01 4.7207331604143044e-01
-4.8015085944128111e-01 4.1465357124483959e-01
-5.1541107639304051e-01 4.1739643670641202e-01
-4.9898333144002915e-01 4.6552980928090826e-01
-3.3580149134143883e-01 3.5401346931563399e-01
-3.6999401406177251e-01 3.9115749525927962e-01
-8.1074835163882231e-01 -1.1322075085397308e-02
-8.8819909152295651e-01 -9.3107585593575071e-02
-8.0003427288130013e-01 -4.4756411794236867e-02
-7.8932019412377796e-01 -7.8190748503076432e-02
-8.3875964282336724e-01 -8.5649167048325758e-02
1.9906157857274001e-01 7.6514749209293975e-01
1.6822105907407098e-01 7.4999163484631515e-01
2.2990209807140904e-01 7.8030334933956425e-01
1.9568780554602463e-01 7.2405155037704017e-01
2.2315455201797829e-01 6.9811146590776518e-01
2.6022346360622628e-01 7.4595094446622479e-01
2.6359723663294166e-01 7.8704688618212426e-01
2.9729237519447427e-01 7.9379042302468428e-01
-4.1628514057112298e-01 7.5300602194003252e-01
5.8057236122812317e-01 -5.2023550135975982e-01
5.1988066678620304e-01 -5.2141964974580635e-01
5.5304287231734639e-01 -5.4189889011943571e-01
5.7493964460775637e-01 -4.7809287222645441e-01
5.8620507784848985e-01 -5.6237813049306518e-01
5.3376502643093315e-01 -4.6749195222932738e-01
5.0623553752015638e-01 -4.8915534098900332e-01
4.9259040825410988e-01 -4.5689103223220034e-01
3.3796231060759485e-01 9.0421954630256929e-01
-5.3662606420522219e-01 1.4154526382085120e-01
-5.7270304571454944e-01 6.9498960916888439e-02
simplices
34 116 154
105 126 356
126 216 254
80 151 209
368 530 532
367 530 532
368 531 532
139 531 532
368 530 534
367 530 534
368 533 534
47 533 534
366 532 536
139 532 536
366 532 535
367 532 535
366 537 538
267 537 538
366 535 537
367 535 537
61 171 247
148 243 312
99 222 224
88 293 294
129 133 304
130 178 229
48 118 215
33 147 263
92 201 336
97 145 240
369 540 541
159 540 541
369 539 540
371 539 540
369 542 543
117 542 543
369 539 542
371 539 542
370 540 545
159 540 545
370 540 544
371 540 544
370 546 547
69 546 547
370 544 546
371 544 546
372 548 549
235 548 549
372 374 548
372 550 551
173 550 551
372 374 550
373 548 552
235 548 552
373 374 548
48 373 374
123 231 249
18 319 375
18 375 376
375 376 554
376 553 554
181 553 554
239 377 556
377 555 556
124 555 556
239 377 558
377 557 558
71 557 558
378 559 560
306 559 560
141 378 560
141 265 378
380 561 563
379 561 563
380 562 563
82 562 563
380 561 565
379 561 565
380 564 565
251 564 565
381 563 566
379 563 566
381 563 567
82 563 567
381 566 569
379 566 569
381 568 569
159 568 569
379 570 571
369 570 571
379 565 571
251 565 571
379 541 570
369 541 570
379 541 569
159 541 569
382 571 572
369 571 572
382 571 573
251 571 573
382 543 572
369 543 572
382 543 574
117 543 574
102 319 375
375 554 575
181 554 575
102 375 575
113 249 355
63 162 330
80 298 299
99 222 270
378 383 577
383 576 577
27 576 577
378 383 559
383 559 578
306 559 578
265 378 579
378 577 579
27 577 579
91 223 327
36 284 359
38 138 234
320 580 582
150 580 582
320 581 582
83 581 582
33 118 215
130 278 384
278 384 584
384 583 584
19 583 584
385 586 587
177 586 587
385 585 586
387 585 586
385 588 589
114 588 589
385 585 588
387 585 588
386 586 591
177 586 591
386 586 590
387 586 590
386 592 593
19 592 593
386 590 592
387 590 592
8 123 231
102 208 260
129 264 347
37 231 249
388 594 595
139 594 595
388 390 594
388 596 597
114 596 597
388 390 596
389 594 598
139 594 598
389 390 594
37 389 390
70 246 353
108 211 600
211 599 600
41 599 600
140 281 328
39 144 285
108 211 392
211 391 392
391 601 602
20 601 602
391 392 601
43 195 257
151 209 275
76 160 232
76 144 286
77 160 232
77 203 316
120 228 393
228 393 604
393 603 604
66 603 604
388 595 606
139 595 606
388 605 606
394 605 606
388 597 607
114 597 607
388 605 607
394 605 607
368 531 606
139 531 606
368 606 608
394 606 608
368 533 609
47 533 609
368 608 609
394 608 609
395 610 611
267 610 611
107 395 611
367 537 610
267 537 610
367 395 610
367 534 612
47 534 612
367 395 612
48 118 225
396 614 615
235 614 615
396 613 614
398 613 614
396 616 617
131 616 617
396 613 616
398 613 616
397 614 619
235 614 619
397 614 618
398 614 618
397 620 621
100 620 621
397 618 620
398 618 620
79 141 265
40 140 229
30 270 295
30 222 270
89 293 294
13 189 315
54 111 112
25 280 343
55 196 202
102 260 319
94 188 341
57 167 290
88 292 293
58 166 288
99 270 271
63 128 282
63 128 227
145 240 321
126 254 623
254 622 623
47 622 623
400 401 625
401 624 625
136 624 625
64 400 401
399 625 626
136 625 626
399 400 625
399 627 628
226 627 628
399 400 627
402 403 630
403 629 630
100 629 630
402 403 632
403 631 632
276 631 632
250 402 633
402 630 633
100 630 633
404 634 635
204 634 635
98 404 635
98 182 404
63 162 227
405 637 638
276 637 638
405 636 637
407 636 637
405 639 640
135 639 640
405 636 639
407 636 639
406 637 642
276 637 642
406 637 641
407 637 641
406 643 644
22 643 644
406 641 643
407 641 643
404 408 646
408 645 646
62 645 646
404 408 634
408 634 647
204 634 647
182 404 648
404 646 648
62 646 648
72 148 279
202 280 343
25 170 228
409 650 651
255 650 651
409 649 650
411 649 650
409 652 653
180 652 653
409 649 652
411 649 652
410 650 655
255 650 655
410 650 654
411 650 654
410 656 657
66 656 657
410 654 656
411 654 656
67 222 224
68 223 327
104 283 412
412 658 659
238 658 659
104 412 659
415 660 662
414 660 662
415 661 662
213 661 662
415 660 664
414 660 664
415 663 664
69 663 664
413 662 666
213 662 666
413 662 665
414 662 665
413 667 668
220 667 668
413 665 667
414 665 667
28 156 259
31 246 261
70 244 245
417 669 670
218 669 670
133 417 670
416 669 671
218 669 671
416 417 669
416 672 673
27 672 673
416 417 672
419 674 676
418 674 676
419 675 676
71 675 676
419 674 678
418 674 678
419 677 678
238 677 678
420 676 679
418 676 679
420 676 680
71 676 680
420 679 682
418 679 682
420 681 682
218 681 682
9 106 333
105 137 357
61 171 172
74 209 275
74 171 172
75 247 278
78 153 252
78 153 219
122 153 252
79 141 266
141 143 266
421 683 684
124 683 684
34 421 684
34 421 422
421 422 686
422 685 686
115 685 686
424 687 688
308 687 688
178 424 688
423 687 689
308 687 689
423 424 687
423 690 691
81 690 691
423 424 690
310 425 693
425 692 693
241 692 693
310 425 695
425 694 695
119 694 695
426 697 698
273 697 698
426 696 697
428 696 697
426 699 700
119 699 700
426 696 699
428 696 699
427 697 702
273 697 702
427 697 701
428 697 701
427 703 704
82 703 704
427 701 703
428 701 703
156 230 706
230 705 706
69 705 706
256 429 708
429 707 708
83 707 708
429 430 707
430 707 709
83 707 709
429 430 711
430 710 711
213 710 711
84 283 284
36 129 133
85 289 295
85 295 309
87 291 292
91 149 314
89 134 157
89 134 313
65 148 207
431 712 713
325 712 713
18 431 713
431 714 715
277 714 715
18 431 715
53 163 189
91 163 223
39 321 336
92 225 335
108 240 321
156 259 706
259 706 716
69 706 716
26 182 339
432 718 719
255 718 719
432 717 718
433 717 718
432 720 721
132 720 721
432 717 720
433 717 720
410 655 718
255 655 718
410 718 722
433 718 722
410 657 723
66 657 723
410 722 723
433 722 723
435 724 726
434 724 726
435 725 726
95 725 726
435 724 728
434 724 728
435 727 728
326 727 728
436 726 729
434 726 729
436 726 730
95 726 730
436 729 732
434 729 732
436 731 732
325 731 732
96 168 170
96 202 343
108 344 600
41 344 600
187 345 363
94 183 212
437 734 735
204 734 735
437 733 734
438 733 734
437 736 737
136 736 737
437 733 736
438 733 736
408 647 734
204 647 734
408 734 738
438 734 738
408 645 739
62 645 739
408 738 739
438 738 739
11 186 224
64 138 234
402 405 740
405 640 740
135 640 740
402 405 632
405 632 638
276 632 638
250 402 741
402 740 741
135 740 741
33 227 352
440 742 743
337 742 743
162 440 743
439 742 744
337 742 744
439 440 742
439 745 746
101 745 746
439 440 745
102 339 340
98 212 302
38 234 250
8 138 155
104 283 284
283 412 748
412 747 748
17 747 748
412 441 747
441 747 749
17 747 749
412 441 658
441 658 750
238 658 750
126 216 356
105 137 358
137 262 305
137 210 333
46 168 170
107 324 395
324 395 751
395 612 751
47 612 751
39 145 321
108 201 392
201 392 752
392 601 752
20 601 752
33 128 147
78 253 263
376 442 754
442 753 754
325 753 754
376 442 553
442 553 755
181 553 755
376 713 754
325 713 754
18 376 713
65 110 206
7 196 342
168 331 362
54 106 262
46 169 179
35 355 756
35 756 757
255 756 757
346 758 759
311 758 759
113 346 759
443 760 762
421 760 762
443 761 762
81 761 762
443 683 760
421 683 760
443 683 763
124 683 763
444 762 764
421 762 764
444 762 765
81 762 765
444 686 764
421 686 764
444 686 766
115 686 766
154 422 445
422 445 685
445 685 767
115 685 767
34 154 422
37 116 154
447 768 769
268 768 769
154 447 769
446 768 770
268 768 770
446 447 768
446 771 772
114 771 772
446 447 771
116 244 245
8 231 244
214 773 774
117 773 774
214 329 773
382 574 775
117 574 775
382 448 775
382 573 776
251 573 776
382 448 776
214 448 774
448 774 775
117 774 775
24 225 335
78 118 349
426 700 777
119 700 777
426 449 777
426 698 778
273 698 778
426 449 778
261 449 779
449 777 779
119 777 779
103 246 261
179 780 781
120 780 781
46 179 781
169 179 783
179 782 783
107 782 783
26 121 236
56 121 236
45 122 233
122 153 233
8 123 155
64 138 155
418 659 678
238 659 678
104 418 659
418 682 784
218 682 784
104 418 784
239 556 684
124 556 684
34 239 684
77 203 233
77 153 233
126 623 751
47 623 751
126 324 751
32 126 324
63 183 212
63 183 282
59 109 147
128 282 360
36 284 323
451 688 785
308 688 785
178 451 688
450 785 786
308 785 786
450 451 785
450 787 788
19 787 788
450 451 787
130 178 384
178 384 451
384 451 583
451 583 787
19 583 787
310 452 693
452 693 789
241 693 789
310 452 791
452 790 791
131 790 791
452 789 793
241 789 793
452 792 793
454 792 793
452 790 794
131 790 794
452 792 794
454 792 794
453 793 796
241 793 796
453 793 795
454 793 795
453 797 798
20 797 798
453 795 797
454 795 797
455 799 801
110 799 801
455 800 801
66 800 801
110 277 799
277 799 802
455 799 802
433 720 804
132 720 804
433 803 804
455 803 804
433 723 800
66 723 800
433 800 803
455 800 803
456 804 805
455 804 805
456 804 806
132 804 806
456 802 805
455 802 805
456 802 807
277 802 807
104 284 359
218 670 808
133 670 808
218 784 808
104 784 808
303 347 350
134 303 350
457 809 811
407 809 811
457 810 811
136 810 811
457 639 809
407 639 809
457 639 812
135 639 812
458 811 813
407 811 813
458 811 814
136 811 814
458 643 813
407 643 813
458 643 815
22 643 815
401 816 817
135 816 817
64 401 817
401 457 816
457 812 816
135 812 816
401 457 624
457 624 810
136 624 810
459 460 819
460 818 819
95 818 819
459 460 821
460 820 821
226 820 821
459 461 819
461 819 822
95 819 822
161 459 461
64 161 400
161 400 459
400 459 627
459 627 821
226 627 821
137 210 357
32 305 358
103 246 353
38 322 823
38 310 823
462 463 825
463 824 825
311 824 825
462 463 827
463 826 827
139 826 827
346 462 758
462 758 825
311 758 825
465 828 830
464 828 830
465 829 830
21 829 830
465 828 832
464 828 832
465 831 832
311 831 832
466 830 833
464 830 833
466 830 834
21 830 834
466 833 836
464 833 836
466 835 836
267 835 836
141 143 467
40 143 467
307 467 468
141 467 468
40 307 467
468 560 837
306 560 837
141 468 560
468 469 837
469 837 838
306 837 838
307 468 469
40 143 237
40 140 237
142 143 237
4 142 143
60 187 345
15 144 199
39 144 145
146 203 365
125 203 365
16 122 252
16 252 253
72 148 243
65 148 279
68 149 217
29 149 217
70 246 256
34 116 245
23 151 275
73 210 357
10 152 172
10 194 274
77 219 232
77 153 219
154 390 447
390 447 596
447 596 771
114 596 771
37 154 390
445 769 839
268 769 839
154 445 769
445 470 839
470 839 840
268 839 840
445 470 767
470 767 841
115 767 841
471 842 843
326 842 843
35 471 843
471 757 844
255 757 844
35 471 757
123 155 269
68 217 221
28 163 223
29 292 293
84 217 221
158 347 350
129 303 347
449 778 845
273 778 845
31 449 845
31 261 449
230 414 846
414 667 846
220 667 846
230 414 705
414 664 705
69 664 705
44 160 200
155 161 269
64 155 161
162 242 472
242 472 848
472 847 848
22 847 848
437 735 850
204 735 850
437 849 850
458 849 850
437 737 814
136 737 814
437 814 849
458 814 849
473 850 851
458 850 851
473 850 852
204 850 852
473 815 851
458 815 851
473 815 853
22 815 853
93 329 332
329 773 854
117 773 854
28 329 854
1 164 301
52 191 294
3 165 300
51 186 271
3 166 300
166 288 300
1 167 301
167 290 301
111 112 362
46 168 331
112 331 362
137 305 358
120 170 781
46 170 781
120 170 228
75 247 317
23 216 356
152 172 281
61 172 281
372 549 856
235 549 856
372 855 856
474 855 856
372 551 857
173 551 857
372 855 857
474 855 857
396 615 856
235 615 856
396 856 858
474 856 858
396 617 859
131 617 859
396 858 859
474 858 859
475 860 862
474 860 862
475 861 862
20 861 862
475 857 860
474 857 860
475 857 863
173 857 863
454 797 862
20 797 862
454 862 864
474 862 864
454 794 859
131 794 859
454 859 864
474 859 864
0 175 297
174 296 297
0 174 297
80 296 297
76 144 285
24 219 232
385 587 866
177 587 866
385 865 866
394 865 866
385 589 607
114 589 607
385 607 865
394 607 865
476 866 867
394 866 867
476 866 868
177 866 868
476 609 867
394 609 867
476 609 869
47 609 869
75 216 254
40 178 229
307 469 871
469 870 871
81 870 871
469 477 870
477 870 872
81 870 872
469 477 838
477 838 873
306 838 873
463 826 875
139 826 875
463 874 875
464 874 875
463 824 832
311 824 832
463 832 874
464 832 874
366 536 875
139 536 875
366 875 876
464 875 876
366 538 836
267 538 836
366 836 876
464 836 876
393 877 878
334 877 878
120 393 878
393 478 877
478 877 879
334 877 879
393 478 603
478 603 880
66 603 880
411 652 882
180 652 882
411 881 882
478 881 882
411 656 880
66 656 880
411 880 881
478 880 881
479 882 883
478 882 883
479 882 884
180 882 884
479 879 883
478 879 883
479 879 885
334 879 885
479 885 887
334 885 887
479 886 887
481 886 887
479 884 888
180 884 888
479 886 888
481 886 888
480 887 890
334 887 890
480 887 889
481 887 889
480 891 892
21 891 892
480 889 891
481 889 891
442 753 894
325 753 894
442 893 894
482 893 894
442 755 895
181 755 895
442 893 895
482 893 895
436 731 894
325 731 894
436 894 896
482 894 896
436 730 897
95 730 897
436 896 897
482 896 897
399 628 899
226 628 899
399 898 899
438 898 899
399 626 736
136 626 736
399 736 898
438 736 898
483 899 900
438 899 900
483 899 901
226 899 901
483 739 900
438 739 900
483 739 902
62 739 902
182 339 340
182 340 648
340 648 903
62 648 903
6 127 282
6 183 282
93 214 329
5 190 364
67 224 354
56 121 185
99 186 271
99 186 224
5 184 363
5 187 363
94 212 302
6 188 341
91 314 315
13 314 315
93 190 364
53 163 332
89 191 294
14 158 350
87 149 314
57 290 291
79 265 304
4 143 266
74 209 274
42 174 296
73 195 257
9 210 333
96 196 342
96 196 202
72 202 280
12 243 312
85 148 312
58 288 289
144 199 351
60 199 351
15 200 286
15 144 286
92 201 484
484 904 905
173 904 905
92 484 905
201 484 752
484 752 906
20 752 906
475 861 906
20 861 906
475 484 906
475 863 904
173 863 904
475 484 904
55 197 361
55 202 361
44 125 316
125 203 316
242 473 907
473 852 907
204 852 907
242 473 848
473 848 853
22 848 853
204 635 908
98 635 908
204 907 908
242 907 908
25 110 205
65 110 205
90 260 319
65 207 318
90 287 318
30 222 287
26 121 208
67 121 208
42 194 209
194 209 274
9 195 210
73 195 210
485 909 911
428 909 911
485 910 911
272 910 911
485 699 909
428 699 909
485 699 912
119 699 912
486 911 913
428 911 913
486 911 914
272 911 914
486 703 913
428 703 913
486 703 915
82 703 915
448 776 916
251 776 916
41 448 916
41 214 448
26 182 302
98 182 302
415 663 918
69 663 918
415 917 918
487 917 918
415 661 919
213 661 919
415 917 919
487 917 919
370 547 918
69 547 918
370 918 920
487 918 920
370 545 921
159 545 921
370 920 921
487 920 921
487 919 922
213 919 922
31 487 922
31 487 488
487 488 921
488 921 923
159 921 923
93 184 214
41 214 344
215 352 925
352 924 925
101 924 925
489 926 927
248 926 927
48 489 927
48 215 489
171 247 317
23 171 317
29 157 338
29 217 338
420 680 929
71 680 929
420 928 929
490 928 929
420 681 930
218 681 930
420 928 930
490 928 930
377 557 929
71 557 929
377 929 931
490 929 931
377 555 932
124 555 932
377 931 932
490 931 932
416 673 934
27 673 934
416 933 934
490 933 934
416 671 930
218 671 930
416 930 933
490 930 933
491 934 935
490 934 935
491 934 936
27 934 936
491 932 935
490 932 935
491 932 937
124 932 937
78 219 349
24 219 349
413 668 939
220 668 939
413 938 939
430 938 939
413 666 710
213 666 710
413 710 938
430 710 938
492 939 940
430 939 940
492 939 941
220 939 941
492 709 940
430 709 940
492 709 942
83 709 942
493 943 945
441 943 945
493 944 945
348 944 945
493 750 943
441 750 943
493 750 946
238 750 946
494 945 947
441 945 947
494 945 948
348 945 948
494 749 947
441 749 947
494 749 949
17 749 949
17 950 951
230 950 951
17 950 952
221 950 952
230 495 846
495 846 953
220 846 953
230 495 951
495 951 954
17 951 954
90 260 287
67 208 260
28 156 223
68 156 223
11 185 354
11 224 354
48 225 496
48 374 496
374 550 955
173 550 955
374 496 955
92 225 496
496 905 955
173 905 955
92 496 905
483 902 957
62 902 957
483 956 957
497 956 957
483 901 958
226 901 958
483 956 958
497 956 958
498 957 959
497 957 959
498 957 960
62 957 960
498 959 962
497 959 962
498 961 962
181 961 962
460 818 964
95 818 964
460 963 964
497 963 964
460 820 958
226 820 958
460 958 963
497 958 963
482 897 964
95 897 964
482 964 965
497 964 965
482 895 962
181 895 962
482 962 965
497 962 965
33 215 352
33 128 227
110 228 801
228 604 801
66 604 801
25 110 228
61 130 229
152 281 328
68 221 966
221 950 966
230 950 966
68 156 966
156 230 966
37 116 231
116 231 244
24 176 232
76 176 232
146 203 233
45 146 233
135 234 741
234 250 741
135 234 817
64 234 817
373 499 968
499 967 968
248 967 968
373 499 552
499 552 969
235 552 969
373 927 968
248 927 968
48 373 927
499 970 971
397 970 971
499 967 971
248 967 971
499 619 970
397 619 970
499 619 969
235 619 969
500 971 972
397 971 972
500 971 973
248 971 973
500 621 972
397 621 972
500 621 974
100 621 974
94 188 236
56 188 236
50 152 328
50 142 237
501 502 976
502 975 976
83 975 976
501 502 978
502 977 978
348 977 978
501 581 979
320 581 979
501 581 976
83 581 976
503 504 981
504 980 981
71 980 981
503 504 983
504 982 983
320 982 983
239 503 558
503 558 981
71 558 981
503 580 983
320 580 983
150 503 580
150 239 503
34 150 239
108 240 344
97 240 344
425 692 985
241 692 985
425 984 985
485 984 985
425 694 912
119 694 912
425 912 984
485 912 984
505 985 986
485 985 986
505 985 987
241 985 987
505 910 986
485 910 986
505 910 988
272 910 988
505 989 990
453 989 990
505 988 990
272 988 990
505 796 989
453 796 989
505 796 987
241 796 987
506 990 991
453 990 991
506 990 992
272 990 992
506 798 991
453 798 991
506 798 993
20 798 993
162 242 330
242 330 908
98 330 908
12 197 243
72 202 361
70 244 353
8 244 353
34 150 245
70 150 245
507 922 994
213 922 994
31 507 922
429 711 994
213 711 994
429 507 994
256 429 507
31 246 507
246 256 507
61 130 247
130 247 278
489 508 996
508 995 996
101 995 996
489 508 926
508 926 997
248 926 997
215 489 925
489 925 996
101 925 996
403 629 999
100 629 999
403 998 999
509 998 999
403 631 1000
276 631 1000
403 998 1000
509 998 1000
500 974 999
100 974 999
500 999 1001
509 999 1001
500 973 1002
248 973 1002
500 1001 1002
509 1001 1002
123 249 355
346 389 462
389 462 598
462 598 827
139 598 827
37 346 389
38 250 510
510 1003 1004
131 1003 1004
38 510 1004
250 510 633
510 633 1005
100 633 1005
398 620 1005
100 620 1005
398 510 1005
398 616 1003
131 616 1003
398 510 1003
251 599 1006
211 599 1006
251 599 916
41 599 916
511 1006 1007
251 1006 1007
211 511 1006
380 564 1007
251 564 1007
380 511 1007
380 562 1008
82 562 1008
380 511 1008
147 253 263
78 252 253
16 109 253
109 147 253
254 1009 1010
177 1009 1010
75 254 1010
254 476 1009
476 868 1009
177 868 1009
254 476 622
476 622 869
47 622 869
35 269 355
471 512 1012
512 1011 1012
132 1011 1012
471 512 842
512 842 1013
326 842 1013
432 721 1012
132 721 1012
432 471 1012
432 719 844
255 719 844
432 471 844
70 256 1014
70 150 1014
83 708 1014
256 708 1014
83 582 1014
150 582 1014
80 297 298
73 257 299
73 151 258
23 151 258
259 854 1015
117 854 1015
28 259 854
259 371 1015
371 542 1015
117 542 1015
259 371 716
371 546 716
69 546 716
67 222 260
222 260 287
261 779 1016
119 779 1016
261 322 1016
103 261 322
112 262 305
54 112 262
33 118 263
78 118 263
4 193 266
49 193 264
133 265 304
133 265 417
265 417 579
417 579 672
27 579 672
193 264 266
79 264 266
466 834 1018
21 834 1018
466 1017 1018
513 1017 1018
466 835 1019
267 835 1019
466 1017 1019
513 1017 1019
514 1018 1020
513 1018 1020
514 1018 1021
21 1018 1021
514 1020 1023
513 1020 1023
514 1022 1023
179 1022 1023
513 611 1019
267 611 1019
107 513 611
513 782 1023
179 782 1023
107 513 782
446 1024 1025
387 1024 1025
446 770 1025
268 770 1025
446 588 1024
387 588 1024
446 588 772
114 588 772
515 1025 1026
387 1025 1026
515 1025 1027
268 1025 1027
515 592 1026
387 592 1026
515 592 1028
19 592 1028
470 840 1030
268 840 1030
470 1029 1030
516 1029 1030
470 841 1031
115 841 1031
470 1029 1031
516 1029 1031
515 1027 1030
268 1027 1030
515 1030 1032
516 1030 1032
515 1028 1033
19 1028 1033
515 1032 1033
516 1032 1033
161 269 1034
35 269 1034
123 269 355
86 270 271
86 270 295
86 271 300
86 288 300
511 1035 1036
272 1035 1036
211 511 1036
486 914 1035
272 914 1035
486 511 1035
486 915 1008
82 915 1008
486 511 1008
391 1036 1037
272 1036 1037
211 391 1036
391 506 1037
506 992 1037
272 992 1037
391 506 602
506 602 993
20 602 993
488 517 1039
517 1038 1039
273 1038 1039
488 517 923
517 923 1040
159 923 1040
488 845 1039
273 845 1039
31 488 845
517 1041 1042
381 1041 1042
517 1038 1042
273 1038 1042
517 568 1041
381 568 1041
517 568 1040
159 568 1040
427 1042 1043
381 1042 1043
427 702 1042
273 702 1042
427 567 1043
381 567 1043
427 567 704
82 567 704
10 172 274
74 172 274
74 171 275
23 171 275
508 997 1045
248 997 1045
508 1044 1045
518 1044 1045
508 995 1046
101 995 1046
508 1044 1046
518 1044 1046
509 1002 1045
248 1002 1045
509 1045 1047
518 1045 1047
509 1000 1048
276 1000 1048
509 1047 1048
518 1047 1048
472 743 1049
337 743 1049
162 472 743
472 519 1049
519 1049 1050
337 1049 1050
472 519 847
519 847 1051
22 847 1051
18 715 1052
277 715 1052
18 206 1052
110 277 1052
110 206 1052
278 386 1053
386 591 1053
177 591 1053
278 386 584
386 584 593
19 584 593
278 1010 1053
177 1010 1053
75 278 1010
25 205 280
65 205 279
205 279 280
72 279 280
140 229 281
61 229 281
59 127 360
127 282 360
84 221 283
221 283 952
283 748 952
17 748 952
84 217 338
84 284 323
76 176 285
39 285 336
160 200 286
76 160 286
30 207 287
207 287 318
86 289 295
86 288 289
58 198 289
85 198 289
88 291 292
88 290 291
57 192 291
87 192 291
87 149 292
29 149 292
29 157 293
89 157 293
88 294 301
88 290 301
30 207 309
30 295 309
42 209 296
80 209 296
43 175 298
175 297 298
257 298 299
43 257 298
80 151 299
73 151 299
51 271 300
51 165 300
52 294 301
52 164 301
94 236 302
26 236 302
36 134 303
36 129 303
79 264 304
129 264 304
32 169 305
112 169 305
383 576 1055
27 576 1055
383 1054 1055
520 1054 1055
383 578 1056
306 578 1056
383 1054 1056
520 1054 1056
491 936 1055
27 936 1055
491 1055 1057
520 1055 1057
491 937 1058
124 937 1058
491 1057 1058
520 1057 1058
477 872 1060
81 872 1060
477 1059 1060
520 1059 1060
477 873 1056
306 873 1056
477 1056 1059
520 1056 1059
443 761 1060
81 761 1060
443 1060 1061
520 1060 1061
443 763 1058
124 763 1058
443 1058 1061
520 1058 1061
178 307 424
307 424 871
424 690 871
81 690 871
40 178 307
521 1062 1064
444 1062 1064
521 1063 1064
308 1063 1064
521 766 1062
444 766 1062
521 766 1065
115 766 1065
423 689 1064
308 689 1064
423 1064 1066
444 1064 1066
423 691 765
81 691 765
423 765 1066
444 765 1066
521 1067 1068
516 1067 1068
521 1063 1068
308 1063 1068
521 1031 1067
516 1031 1067
521 1031 1065
115 1031 1065
450 786 1068
308 786 1068
450 1068 1069
516 1068 1069
450 788 1033
19 788 1033
450 1033 1069
516 1033 1069
85 148 309
148 207 309
310 791 1004
131 791 1004
38 310 1004
119 823 1016
322 823 1016
119 695 823
310 695 823
522 759 1070
311 759 1070
113 522 759
522 1071 1072
180 1071 1072
113 522 1072
465 829 1073
21 829 1073
465 522 1073
465 831 1070
311 831 1070
465 522 1070
481 891 1073
21 891 1073
481 522 1073
481 888 1071
180 888 1071
481 522 1071
85 198 312
12 198 312
14 191 313
89 191 313
87 192 314
13 192 314
163 189 315
91 163 315
77 160 316
44 160 316
75 216 317
23 216 317
65 206 318
90 206 318
90 206 319
18 206 319
504 980 1075
71 980 1075
504 1074 1075
523 1074 1075
504 982 1076
320 982 1076
504 1074 1076
523 1074 1076
419 675 1075
71 675 1075
419 1075 1077
523 1075 1077
419 677 1078
238 677 1078
419 1077 1078
523 1077 1078
501 978 1080
348 978 1080
501 1079 1080
523 1079 1080
501 979 1076
320 979 1076
501 1076 1079
523 1076 1079
493 944 1080
348 944 1080
493 1080 1081
523 1080 1081
493 946 1078
238 946 1078
493 1078 1081
523 1078 1081
201 321 336
108 201 321
38 138 322
103 138 322
36 134 323
134 157 323
107 324 1082
107 783 1082
169 783 1082
32 324 1082
32 169 1082
524 1083 1085
431 1083 1085
524 1084 1085
132 1084 1085
524 712 1083
431 712 1083
524 712 1086
325 712 1086
456 1085 1087
431 1085 1087
456 806 1085
132 806 1085
456 714 1087
431 714 1087
456 714 807
277 714 807
512 1088 1089
434 1088 1089
512 1011 1089
132 1011 1089
512 728 1088
434 728 1088
512 728 1013
326 728 1013
524 1089 1090
434 1089 1090
524 1084 1089
132 1084 1089
524 732 1090
434 732 1090
524 732 1086
325 732 1086
326 1034 1091
161 1034 1091
326 843 1034
35 843 1034
461 1091 1092
326 1091 1092
161 461 1091
435 727 1092
326 727 1092
435 461 1092
435 725 822
95 725 822
435 461 822
68 149 327
91 149 327
50 237 328
140 237 328
28 163 329
163 329 332
63 212 330
98 212 330
112 169 331
46 169 331
53 190 332
93 190 332
137 262 333
106 262 333
525 878 1093
334 878 1093
120 525 878
525 780 1094
179 780 1094
120 525 780
480 892 1096
21 892 1096
480 1095 1096
525 1095 1096
480 890 1093
334 890 1093
480 1093 1095
525 1093 1095
514 1021 1096
21 1021 1096
514 1096 1097
525 1096 1097
514 1022 1094
179 1022 1094
514 1094 1097
525 1094 1097
92 176 335
24 176 335
176 285 336
92 176 336
519 1051 1099
22 1051 1099
519 1098 1099
526 1098 1099
519 1050 1100
337 1050 1100
519 1098 1100
526 1098 1100
406 644 1099
22 644 1099
406 1099 1101
526 1099 1101
406 642 1102
276 642 1102
406 1101 1102
526 1101 1102
526 1103 1104
518 1103 1104
526 1100 1104
337 1100 1104
526 1048 1103
518 1048 1103
526 1048 1102
276 1048 1102
439 744 1104
337 744 1104
439 1104 1105
518 1104 1105
439 746 1046
101 746 1046
439 1046 1105
518 1046 1105
84 323 338
157 323 338
26 208 339
102 208 339
340 575 1106
181 575 1106
102 340 575
340 498 1106
498 961 1106
181 961 1106
340 498 903
498 903 960
62 903 960
94 183 341
6 183 341
7 168 342
96 168 342
96 170 343
25 170 343
184 214 344
97 184 344
144 145 351
97 145 345
37 249 346
113 249 346
49 264 347
49 158 347
527 1107 1109
495 1107 1109
527 1108 1109
348 1108 1109
527 953 1107
495 953 1107
527 953 1110
220 953 1110
494 948 1109
348 948 1109
494 1109 1111
495 1109 1111
494 949 954
17 949 954
494 954 1111
495 954 1111
527 1112 1113
492 1112 1113
527 1108 1113
348 1108 1113
527 941 1112
492 941 1112
527 941 1110
220 941 1110
502 1113 1114
492 1113 1114
502 977 1113
348 977 1113
502 942 1114
492 942 1114
502 942 975
83 942 975
118 225 349
24 225 349
14 313 350
134 313 350
145 345 351
60 345 351
162 227 528
227 352 528
352 528 924
528 924 1115
101 924 1115
440 745 1115
101 745 1115
440 528 1115
162 440 528
103 138 353
8 138 353
67 121 354
121 185 354
409 651 1116
255 651 1116
409 529 1116
409 653 1117
180 653 1117
409 529 1117
355 529 756
529 756 1116
255 756 1116
113 355 529
529 1072 1117
180 1072 1117
113 529 1072
105 258 356
23 258 356
73 258 357
105 258 357
105 126 358
32 126 358
133 359 808
104 359 808
36 133 359
128 147 360
59 147 360
72 243 361
197 243 361
7 168 362
7 111 362
97 345 363
97 184 363
5 184 364
93 184 364
2 125 365
2 146 365
