ID=6344131
numvertices=85
numsimplices=145
vertices
-1.5000000000000000e+00 -1.5000000000000000e+00
1.5000000000000000e+00 -1.5000000000000000e+00
1.5000000000000000e+00 1.5000000000000000e+00
-1.5000000000000000e+00 1.5000000000000000e+00
0.0000000000000000e+00 -1.5000000000000000e+00
1.5000000000000000e+00 0.0000000000000000e+00
0.0000000000000000e+00 1.5000000000000000e+00
-1.5000000000000000e+00 0.0000000000000000e+00
0.0000000000000000e+00 0.0000000000000000e+00
-1.5000000000000000e+00 -7.5000000000000000e-01
-7.5000000000000000e-01 -1.5000000000000000e+00
-7.5000000000000000e-01 1.5000000000000000e+00
-1.5000000000000000e+00 7.5000000000000000e-01
1.5000000000000000e+00 -7.5000000000000000e-01
7.5000000000000000e-01 -1.5000000000000000e+00
1.5000000000000000e+00 7.5000000000000000e-01
7.5000000000000000e-01 1.5000000000000000e+00
6.2500000000000000e-01 -6.2500000000000000e-01
-6.2500000000000000e-01 6.2500000000000000e-01
-3.7500000000000000e-01 -7.5000000000000000e-01
7.5000000000000000e-01 3.7500000000000000e-01
-7.2916666666666663e-01 -1.0416666666666667e-01
1.0991379310344827e-01 7.6077586206896552e-01
-9.3750000000000000e-01 -9.3750000000000000e-01
9.3750000000000000e-01 9.3750000000000000e-01
-1.0648674242424243e+00 3.1581439393939398e-01
-3.7500000000000000e-01 1.1071428571428572e+00
1.5808823529411764e-01 -9.5220588235294112e-01
1.1071428571428572e+00 -3.7500000000000000e-01
1.0156250000000000e+00 -1.0156250000000000e+00
-1.0156250000000000e+00 1.0156250000000000e+00
1.0613839285714286e+00 -6.9531250000000000e-01
-5.5208333333333326e-01 -4.2708333333333331e-01
-1.8750000000000000e-01 -3.7500000000000000e-01
-8.3333333333333326e-01 -5.2083333333333337e-01
-6.5625000000000000e-01 -8.4375000000000000e-01
-1.1145833333333333e+00 -4.2708333333333331e-01
-1.1145833333333333e+00 -5.2083333333333336e-02
-1.5000000000000000e+00 -3.7500000000000000e-01
-1.2187500000000000e+00 -8.4375000000000000e-01
-8.9701704545454541e-01 1.0582386363636365e-01
-1.2824337121212122e+00 1.5790719696969699e-01
-8.4375000000000000e-01 -1.2187500000000000e+00
-5.6250000000000000e-01 -1.1250000000000000e+00
-1.0402462121212122e+00 6.6571969696969702e-01
-6.9531250000000000e-01 1.0613839285714286e+00
5.8685661764705888e-01 -9.8391544117647056e-01
4.5404411764705882e-01 -1.2261029411764706e+00
-1.8750000000000000e-01 -1.1250000000000000e+00
-3.7500000000000000e-01 -1.5000000000000000e+00
-1.0845588235294118e-01 -8.5110294117647056e-01
7.9044117647058820e-02 -1.2261029411764706e+00
5.2370689655172409e-01 8.4913793103448276e-01
8.4375000000000000e-01 6.5625000000000000e-01
4.2995689655172414e-01 5.6788793103448276e-01
1.1250000000000000e+00 5.6250000000000000e-01
1.1250000000000000e+00 1.8750000000000000e-01
1.5000000000000000e+00 3.7500000000000000e-01
8.4375000000000000e-01 1.2187500000000000e+00
4.2995689655172414e-01 1.1303879310344827e+00
1.2187500000000000e+00 8.4375000000000000e-01
9.2857142857142860e-01 0.0000000000000000e+00
1.3035714285714286e+00 -1.8750000000000000e-01
3.7500000000000000e-01 1.8750000000000000e-01
-2.5754310344827586e-01 6.9288793103448276e-01
-3.1250000000000000e-01 3.1250000000000000e-01
-8.2031250000000000e-01 8.2031250000000000e-01
-5.0000000000000000e-01 8.6607142857142860e-01
3.9154411764705882e-01 -7.8860294117647056e-01
7.9044117647058820e-02 -4.7610294117647056e-01
3.1250000000000000e-01 -3.1250000000000000e-01
6.8750000000000000e-01 -1.2500000000000000e-01
8.6607142857142860e-01 -5.0000000000000000e-01
-6.7708333333333326e-01 2.6041666666666669e-01
-8.4493371212121215e-01 4.7040719696969702e-01
5.4956896551724137e-02 1.1303879310344827e+00
3.7500000000000000e-01 1.5000000000000000e+00
-1.3254310344827586e-01 9.3395935960591137e-01
-1.2187500000000000e+00 -1.2187500000000000e+00
1.2187500000000000e+00 1.2187500000000000e+00
-1.5000000000000000e+00 3.7500000000000000e-01
-1.8750000000000000e-01 1.3035714285714286e+00
-3.7500000000000000e-01 1.5000000000000000e+00
8.2031250000000000e-01 -8.2031250000000000e-01
1.5000000000000000e+00 -3.7500000000000000e-01
simplices
13 29 31
13 28 31
21 32 33
19 32 33
8 21 33
19 34 35
23 34 35
19 32 34
21 32 34
7 36 37
21 36 37
7 36 38
9 36 38
23 34 36
21 34 36
23 36 39
9 36 39
25 37 40
21 37 40
25 37 41
7 37 41
23 35 43
19 35 43
23 42 43
10 42 43
12 30 44
12 25 44
11 30 45
11 26 45
14 29 46
14 46 47
27 46 47
10 48 49
4 48 49
10 43 48
19 43 48
27 48 50
19 48 50
27 48 51
4 48 51
20 52 53
24 52 53
20 52 54
22 52 54
15 56 57
5 56 57
15 55 56
20 55 56
24 52 59
22 52 59
24 58 59
16 58 59
24 53 55
20 53 55
24 55 60
15 55 60
28 56 61
20 56 61
28 56 62
5 56 62
22 54 63
20 54 63
8 22 63
22 64 65
18 64 65
8 22 65
18 45 66
30 45 66
18 45 67
26 45 67
17 69 70
8 69 70
17 68 69
27 68 69
19 33 69
8 33 69
19 50 69
27 50 69
8 63 71
20 63 71
8 70 71
17 70 71
28 61 71
20 61 71
28 71 72
17 71 72
21 65 73
18 65 73
8 21 65
25 40 73
21 40 73
25 73 74
18 73 74
6 59 75
22 59 75
6 59 76
16 59 76
26 64 77
22 64 77
26 64 67
18 64 67
0 9 78
9 39 78
23 39 78
0 10 78
10 42 78
23 42 78
2 15 79
15 60 79
24 60 79
2 16 79
16 58 79
24 58 79
18 44 66
30 44 66
18 44 74
25 44 74
12 25 80
25 41 80
7 41 80
26 75 77
22 75 77
26 75 81
6 75 81
11 26 82
26 81 82
6 81 82
4 47 51
27 47 51
4 14 47
17 46 83
29 46 83
17 46 68
27 46 68
17 31 83
29 31 83
17 31 72
28 31 72
13 28 84
28 62 84
5 62 84
1 14 29
1 13 29
3 11 30
3 12 30
