ID=2935229
numvertices=961
numsimplices=1800
vertices
0.000000e+00 0.000000e+00
3.333333e-02 0.000000e+00
6.666667e-02 0.000000e+00
1.000000e-01 0.000000e+00
1.333333e-01 0.000000e+00
1.666667e-01 0.000000e+00
2.000000e-01 0.000000e+00
2.333333e-01 0.000000e+00
2.666667e-01 0.000000e+00
3.000000e-01 0.000000e+00
3.333333e-01 0.000000e+00
3.666667e-01 0.000000e+00
4.000000e-01 0.000000e+00
4.333333e-01 0.000000e+00
4.666667e-01 0.000000e+00
5.000000e-01 0.000000e+00
5.333333e-01 0.000000e+00
5.666667e-01 0.000000e+00
6.000000e-01 0.000000e+00
6.333333e-01 0.000000e+00
6.666667e-01 0.000000e+00
7.000000e-01 0.000000e+00
7.333333e-01 0.000000e+00
7.666667e-01 0.000000e+00
8.000000e-01 0.000000e+00
8.333333e-01 0.000000e+00
8.666667e-01 0.000000e+00
9.000000e-01 0.000000e+00
9.333333e-01 0.000000e+00
9.666667e-01 0.000000e+00
1.000000e+00 0.000000e+00
0.000000e+00 3.333333e-02
3.333333e-02 3.333333e-02
6.666667e-02 3.333333e-02
1.000000e-01 3.333333e-02
1.333333e-01 3.333333e-02
1.666667e-01 3.333333e-02
2.000000e-01 3.333333e-02
2.333333e-01 3.333333e-02
2.666667e-01 3.333333e-02
3.000000e-01 3.333333e-02
3.333333e-01 3.333333e-02
3.666667e-01 3.333333e-02
4.000000e-01 3.333333e-02
4.333333e-01 3.333333e-02
4.666667e-01 3.333333e-02
5.000000e-01 3.333333e-02
5.333333e-01 3.333333e-02
5.666667e-01 3.333333e-02
6.000000e-01 3.333333e-02
6.333333e-01 3.333333e-02
6.666667e-01 3.333333e-02
7.000000e-01 3.333333e-02
7.333333e-01 3.333333e-02
7.666667e-01 3.333333e-02
8.000000e-01 3.333333e-02
8.333333e-01 3.333333e-02
8.666667e-01 3.333333e-02
9.000000e-01 3.333333e-02
9.333333e-01 3.333333e-02
9.666667e-01 3.333333e-02
1.000000e+00 3.333333e-02
0.000000e+00 6.666667e-02
3.333333e-02 6.666667e-02
6.666667e-02 6.666667e-02
1.000000e-01 6.666667e-02
1.333333e-01 6.666667e-02
1.666667e-01 6.666667e-02
2.000000e-01 6.666667e-02
2.333333e-01 6.666667e-02
2.666667e-01 6.666667e-02
3.000000e-01 6.666667e-02
3.333333e-01 6.666667e-02
3.666667e-01 6.666667e-02
4.000000e-01 6.666667e-02
4.333333e-01 6.666667e-02
4.666667e-01 6.666667e-02
5.000000e-01 6.666667e-02
5.333333e-01 6.666667e-02
5.666667e-01 6.666667e-02
6.000000e-01 6.666667e-02
6.333333e-01 6.666667e-02
6.666667e-01 6.666667e-02
7.000000e-01 6.666667e-02
7.333333e-01 6.666667e-02
7.666667e-01 6.666667e-02
8.000000e-01 6.666667e-02
8.333333e-01 6.666667e-02
8.666667e-01 6.666667e-02
9.000000e-01 6.666667e-02
9.333333e-01 6.666667e-02
9.666667e-01 6.666667e-02
1.000000e+00 6.666667e-02
0.000000e+00 1.000000e-01
3.333333e-02 1.000000e-01
6.666667e-02 1.000000e-01
1.000000e-01 1.000000e-01
1.333333e-01 1.000000e-01
1.666667e-01 1.000000e-01
2.000000e-01 1.000000e-01
2.333333e-01 1.000000e-01
2.666667e-01 1.000000e-01
3.000000e-01 1.000000e-01
3.333333e-01 1.000000e-01
3.666667e-01 1.000000e-01
4.000000e-01 1.000000e-01
4.333333e-01 1.000000e-01
4.666667e-01 1.000000e-01
5.000000e-01 1.000000e-01
5.333333e-01 1.000000e-01
5.666667e-01 1.000000e-01
6.000000e-01 1.000000e-01
6.333333e-01 1.000000e-01
6.666667e-01 1.000000e-01
7.000000e-01 1.000000e-01
7.333333e-01 1.000000e-01
7.666667e-01 1.000000e-01
8.000000e-01 1.000000e-01
8.333333e-01 1.000000e-01
8.666667e-01 1.000000e-01
9.000000e-01 1.000000e-01
9.333333e-01 1.000000e-01
9.666667e-01 1.000000e-01
1.000000e+00 1.000000e-01
0.000000e+00 1.333333e-01
3.333333e-02 1.333333e-01
6.666667e-02 1.333333e-01
1.000000e-01 1.333333e-01
1.333333e-01 1.333333e-01
1.666667e-01 1.333333e-01
2.000000e-01 1.333333e-01
2.333333e-01 1.333333e-01
2.666667e-01 1.333333e-01
3.000000e-01 1.333333e-01
3.333333e-01 1.333333e-01
3.666667e-01 1.333333e-01
4.000000e-01 1.333333e-01
4.333333e-01 1.333333e-01
4.666667e-01 1.333333e-01
5.000000e-01 1.333333e-01
5.333333e-01 1.333333e-01
5.666667e-01 1.333333e-01
6.000000e-01 1.333333e-01
6.333333e-01 1.333333e-01
6.666667e-01 1.333333e-01
7.000000e-01 1.333333e-01
7.333333e-01 1.333333e-01
7.666667e-01 1.333333e-01
8.000000e-01 1.333333e-01
8.333333e-01 1.333333e-01
8.666667e-01 1.333333e-01
9.000000e-01 1.333333e-01
9.333333e-01 1.333333e-01
9.666667e-01 1.333333e-01
1.000000e+00 1.333333e-01
0.000000e+00 1.666667e-01
3.333333e-02 1.666667e-01
6.666667e-02 1.666667e-01
1.000000e-01 1.666667e-01
1.333333e-01 1.666667e-01
1.666667e-01 1.666667e-01
2.000000e-01 1.666667e-01
2.333333e-01 1.666667e-01
2.666667e-01 1.666667e-01
3.000000e-01 1.666667e-01
3.333333e-01 1.666667e-01
3.666667e-01 1.666667e-01
4.000000e-01 1.666667e-01
4.333333e-01 1.666667e-01
4.666667e-01 1.666667e-01
5.000000e-01 1.666667e-01
5.333333e-01 1.666667e-01
5.666667e-01 1.666667e-01
6.000000e-01 1.666667e-01
6.333333e-01 1.666667e-01
6.666667e-01 1.666667e-01
7.000000e-01 1.666667e-01
7.333333e-01 1.666667e-01
7.666667e-01 1.666667e-01
8.000000e-01 1.666667e-01
8.333333e-01 1.666667e-01
8.666667e-01 1.666667e-01
9.000000e-01 1.666667e-01
9.333333e-01 1.666667e-01
9.666667e-01 1.666667e-01
1.000000e+00 1.666667e-01
0.000000e+00 2.000000e-01
3.333333e-02 2.000000e-01
6.666667e-02 2.000000e-01
1.000000e-01 2.000000e-01
1.333333e-01 2.000000e-01
1.666667e-01 2.000000e-01
2.000000e-01 2.000000e-01
2.333333e-01 2.000000e-01
2.666667e-01 2.000000e-01
3.000000e-01 2.000000e-01
3.333333e-01 2.000000e-01
3.666667e-01 2.000000e-01
4.000000e-01 2.000000e-01
4.333333e-01 2.000000e-01
4.666667e-01 2.000000e-01
5.000000e-01 2.000000e-01
5.333333e-01 2.000000e-01
5.666667e-01 2.000000e-01
6.000000e-01 2.000000e-01
6.333333e-01 2.000000e-01
6.666667e-01 2.000000e-01
7.000000e-01 2.000000e-01
7.333333e-01 2.000000e-01
7.666667e-01 2.000000e-01
8.000000e-01 2.000000e-01
8.333333e-01 2.000000e-01
8.666667e-01 2.000000e-01
9.000000e-01 2.000000e-01
9.333333e-01 2.000000e-01
9.666667e-01 2.000000e-01
1.000000e+00 2.000000e-01
0.000000e+00 2.333333e-01
3.333333e-02 2.333333e-01
6.666667e-02 2.333333e-01
1.000000e-01 2.333333e-01
1.333333e-01 2.333333e-01
1.666667e-01 2.333333e-01
2.000000e-01 2.333333e-01
2.333333e-01 2.333333e-01
2.666667e-01 2.333333e-01
3.000000e-01 2.333333e-01
3.333333e-01 2.333333e-01
3.666667e-01 2.333333e-01
4.000000e-01 2.333333e-01
4.333333e-01 2.333333e-01
4.666667e-01 2.333333e-01
5.000000e-01 2.333333e-01
5.333333e-01 2.333333e-01
5.666667e-01 2.333333e-01
6.000000e-01 2.333333e-01
6.333333e-01 2.333333e-01
6.666667e-01 2.333333e-01
7.000000e-01 2.333333e-01
7.333333e-01 2.333333e-01
7.666667e-01 2.333333e-01
8.000000e-01 2.333333e-01
8.333333e-01 2.333333e-01
8.666667e-01 2.333333e-01
9.000000e-01 2.333333e-01
9.333333e-01 2.333333e-01
9.666667e-01 2.333333e-01
1.000000e+00 2.333333e-01
0.000000e+00 2.666667e-01
3.333333e-02 2.666667e-01
6.666667e-02 2.666667e-01
1.000000e-01 2.666667e-01
1.333333e-01 2.666667e-01
1.666667e-01 2.666667e-01
2.000000e-01 2.666667e-01
2.333333e-01 2.666667e-01
2.666667e-01 2.666667e-01
3.000000e-01 2.666667e-01
3.333333e-01 2.666667e-01
3.666667e-01 2.666667e-01
4.000000e-01 2.666667e-01
4.333333e-01 2.666667e-01
4.666667e-01 2.666667e-01
5.000000e-01 2.666667e-01
5.333333e-01 2.666667e-01
5.666667e-01 2.666667e-01
6.000000e-01 2.666667e-01
6.333333e-01 2.666667e-01
6.666667e-01 2.666667e-01
7.000000e-01 2.666667e-01
7.333333e-01 2.666667e-01
7.666667e-01 2.666667e-01
8.000000e-01 2.666667e-01
8.333333e-01 2.666667e-01
8.666667e-01 2.666667e-01
9.000000e-01 2.666667e-01
9.333333e-01 2.666667e-01
9.666667e-01 2.666667e-01
1.000000e+00 2.666667e-01
0.000000e+00 3.000000e-01
3.333333e-02 3.000000e-01
6.666667e-02 3.000000e-01
1.000000e-01 3.000000e-01
1.333333e-01 3.000000e-01
1.666667e-01 3.000000e-01
2.000000e-01 3.000000e-01
2.333333e-01 3.000000e-01
2.666667e-01 3.000000e-01
3.000000e-01 3.000000e-01
3.333333e-01 3.000000e-01
3.666667e-01 3.000000e-01
4.000000e-01 3.000000e-01
4.333333e-01 3.000000e-01
4.666667e-01 3.000000e-01
5.000000e-01 3.000000e-01
5.333333e-01 3.000000e-01
5.666667e-01 3.000000e-01
6.000000e-01 3.000000e-01
6.333333e-01 3.000000e-01
6.666667e-01 3.000000e-01
7.000000e-01 3.000000e-01
7.333333e-01 3.000000e-01
7.666667e-01 3.000000e-01
8.000000e-01 3.000000e-01
8.333333e-01 3.000000e-01
8.666667e-01 3.000000e-01
9.000000e-01 3.000000e-01
9.333333e-01 3.000000e-01
9.666667e-01 3.000000e-01
1.000000e+00 3.000000e-01
0.000000e+00 3.333333e-01
3.333333e-02 3.333333e-01
6.666667e-02 3.333333e-01
1.000000e-01 3.333333e-01
1.333333e-01 3.333333e-01
1.666667e-01 3.333333e-01
2.000000e-01 3.333333e-01
2.333333e-01 3.333333e-01
2.666667e-01 3.333333e-01
3.000000e-01 3.333333e-01
3.333333e-01 3.333333e-01
3.666667e-01 3.333333e-01
4.000000e-01 3.333333e-01
4.333333e-01 3.333333e-01
4.666667e-01 3.333333e-01
5.000000e-01 3.333333e-01
5.333333e-01 3.333333e-01
5.666667e-01 3.333333e-01
6.000000e-01 3.333333e-01
6.333333e-01 3.333333e-01
6.666667e-01 3.333333e-01
7.000000e-01 3.333333e-01
7.333333e-01 3.333333e-01
7.666667e-01 3.333333e-01
8.000000e-01 3.333333e-01
8.333333e-01 3.333333e-01
8.666667e-01 3.333333e-01
9.000000e-01 3.333333e-01
9.333333e-01 3.333333e-01
9.666667e-01 3.333333e-01
1.000000e+00 3.333333e-01
0.000000e+00 3.666667e-01
3.333333e-02 3.666667e-01
6.666667e-02 3.666667e-01
1.000000e-01 3.666667e-01
1.333333e-01 3.666667e-01
1.666667e-01 3.666667e-01
2.000000e-01 3.666667e-01
2.333333e-01 3.666667e-01
2.666667e-01 3.666667e-01
3.000000e-01 3.666667e-01
3.333333e-01 3.666667e-01
3.666667e-01 3.666667e-01
4.000000e-01 3.666667e-01
4.333333e-01 3.666667e-01
4.666667e-01 3.666667e-01
5.000000e-01 3.666667e-01
5.333333e-01 3.666667e-01
5.666667e-01 3.666667e-01
6.000000e-01 3.666667e-01
6.333333e-01 3.666667e-01
6.666667e-01 3.666667e-01
7.000000e-01 3.666667e-01
7.333333e-01 3.666667e-01
7.666667e-01 3.666667e-01
8.000000e-01 3.666667e-01
8.333333e-01 3.666667e-01
8.666667e-01 3.666667e-01
9.000000e-01 3.666667e-01
9.333333e-01 3.666667e-01
9.666667e-01 3.666667e-01
1.000000e+00 3.666667e-01
0.000000e+00 4.000000e-01
3.333333e-02 4.000000e-01
6.666667e-02 4.000000e-01
1.000000e-01 4.000000e-01
1.333333e-01 4.000000e-01
1.666667e-01 4.000000e-01
2.000000e-01 4.000000e-01
2.333333e-01 4.000000e-01
2.666667e-01 4.000000e-01
3.000000e-01 4.000000e-01
3.333333e-01 4.000000e-01
3.666667e-01 4.000000e-01
4.000000e-01 4.000000e-01
4.333333e-01 4.000000e-01
4.666667e-01 4.000000e-01
5.000000e-01 4.000000e-01
5.333333e-01 4.000000e-01
5.666667e-01 4.000000e-01
6.000000e-01 4.000000e-01
6.333333e-01 4.000000e-01
6.666667e-01 4.000000e-01
7.000000e-01 4.000000e-01
7.333333e-01 4.000000e-01
7.666667e-01 4.000000e-01
8.000000e-01 4.000000e-01
8.333333e-01 4.000000e-01
8.666667e-01 4.000000e-01
9.000000e-01 4.000000e-01
9.333333e-01 4.000000e-01
9.666667e-01 4.000000e-01
1.000000e+00 4.000000e-01
0.000000e+00 4.333333e-01
3.333333e-02 4.333333e-01
6.666667e-02 4.333333e-01
1.000000e-01 4.333333e-01
1.333333e-01 4.333333e-01
1.666667e-01 4.333333e-01
2.000000e-01 4.333333e-01
2.333333e-01 4.333333e-01
2.666667e-01 4.333333e-01
3.000000e-01 4.333333e-01
3.333333e-01 4.333333e-01
3.666667e-01 4.333333e-01
4.000000e-01 4.333333e-01
4.333333e-01 4.333333e-01
4.666667e-01 4.333333e-01
5.000000e-01 4.333333e-01
5.333333e-01 4.333333e-01
5.666667e-01 4.333333e-01
6.000000e-01 4.333333e-01
6.333333e-01 4.333333e-01
6.666667e-01 4.333333e-01
7.000000e-01 4.333333e-01
7.333333e-01 4.333333e-01
7.666667e-01 4.333333e-01
8.000000e-01 4.333333e-01
8.333333e-01 4.333333e-01
8.666667e-01 4.333333e-01
9.000000e-01 4.333333e-01
9.333333e-01 4.333333e-01
9.666667e-01 4.333333e-01
1.000000e+00 4.333333e-01
0.000000e+00 4.666667e-01
3.333333e-02 4.666667e-01
6.666667e-02 4.666667e-01
1.000000e-01 4.666667e-01
1.333333e-01 4.666667e-01
1.666667e-01 4.666667e-01
2.000000e-01 4.666667e-01
2.333333e-01 4.666667e-01
2.666667e-01 4.666667e-01
3.000000e-01 4.666667e-01
3.333333e-01 4.666667e-01
3.666667e-01 4.666667e-01
4.000000e-01 4.666667e-01
4.333333e-01 4.666667e-01
4.666667e-01 4.666667e-01
5.000000e-01 4.666667e-01
5.333333e-01 4.666667e-01
5.666667e-01 4.666667e-01
6.000000e-01 4.666667e-01
6.333333e-01 4.666667e-01
6.666667e-01 4.666667e-01
7.000000e-01 4.666667e-01
7.333333e-01 4.666667e-01
7.666667e-01 4.666667e-01
8.000000e-01 4.666667e-01
8.333333e-01 4.666667e-01
8.666667e-01 4.666667e-01
9.000000e-01 4.666667e-01
9.333333e-01 4.666667e-01
9.666667e-01 4.666667e-01
1.000000e+00 4.666667e-01
0.000000e+00 5.000000e-01
3.333333e-02 5.000000e-01
6.666667e-02 5.000000e-01
1.000000e-01 5.000000e-01
1.333333e-01 5.000000e-01
1.666667e-01 5.000000e-01
2.000000e-01 5.000000e-01
2.333333e-01 5.000000e-01
2.666667e-01 5.000000e-01
3.000000e-01 5.000000e-01
3.333333e-01 5.000000e-01
3.666667e-01 5.000000e-01
4.000000e-01 5.000000e-01
4.333333e-01 5.000000e-01
4.666667e-01 5.000000e-01
5.000000e-01 5.000000e-01
5.333333e-01 5.000000e-01
5.666667e-01 5.000000e-01
6.000000e-01 5.000000e-01
6.333333e-01 5.000000e-01
6.666667e-01 5.000000e-01
7.000000e-01 5.000000e-01
7.333333e-01 5.000000e-01
7.666667e-01 5.000000e-01
8.000000e-01 5.000000e-01
8.333333e-01 5.000000e-01
8.666667e-01 5.000000e-01
9.000000e-01 5.000000e-01
9.333333e-01 5.000000e-01
9.666667e-01 5.000000e-01
1.000000e+00 5.000000e-01
0.000000e+00 5.333333e-01
3.333333e-02 5.333333e-01
6.666667e-02 5.333333e-01
1.000000e-01 5.333333e-01
1.333333e-01 5.333333e-01
1.666667e-01 5.333333e-01
2.000000e-01 5.333333e-01
2.333333e-01 5.333333e-01
2.666667e-01 5.333333e-01
3.000000e-01 5.333333e-01
3.333333e-01 5.333333e-01
3.666667e-01 5.333333e-01
4.000000e-01 5.333333e-01
4.333333e-01 5.333333e-01
4.666667e-01 5.333333e-01
5.000000e-01 5.333333e-01
5.333333e-01 5.333333e-01
5.666667e-01 5.333333e-01
6.000000e-01 5.333333e-01
6.333333e-01 5.333333e-01
6.666667e-01 5.333333e-01
7.000000e-01 5.333333e-01
7.333333e-01 5.333333e-01
7.666667e-01 5.333333e-01
8.000000e-01 5.333333e-01
8.333333e-01 5.333333e-01
8.666667e-01 5.333333e-01
9.000000e-01 5.333333e-01
9.333333e-01 5.333333e-01
9.666667e-01 5.333333e-01
1.000000e+00 5.333333e-01
0.000000e+00 5.666667e-01
3.333333e-02 5.666667e-01
6.666667e-02 5.666667e-01
1.000000e-01 5.666667e-01
1.333333e-01 5.666667e-01
1.666667e-01 5.666667e-01
2.000000e-01 5.666667e-01
2.333333e-01 5.666667e-01
2.666667e-01 5.666667e-01
3.000000e-01 5.666667e-01
3.333333e-01 5.666667e-01
3.666667e-01 5.666667e-01
4.000000e-01 5.666667e-01
4.333333e-01 5.666667e-01
4.666667e-01 5.666667e-01
5.000000e-01 5.666667e-01
5.333333e-01 5.666667e-01
5.666667e-01 5.666667e-01
6.000000e-01 5.666667e-01
6.333333e-01 5.666667e-01
6.666667e-01 5.666667e-01
7.000000e-01 5.666667e-01
7.333333e-01 5.666667e-01
7.666667e-01 5.666667e-01
8.000000e-01 5.666667e-01
8.333333e-01 5.666667e-01
8.666667e-01 5.666667e-01
9.000000e-01 5.666667e-01
9.333333e-01 5.666667e-01
9.666667e-01 5.666667e-01
1.000000e+00 5.666667e-01
0.000000e+00 6.000000e-01
3.333333e-02 6.000000e-01
6.666667e-02 6.000000e-01
1.000000e-01 6.000000e-01
1.333333e-01 6.000000e-01
1.666667e-01 6.000000e-01
2.000000e-01 6.000000e-01
2.333333e-01 6.000000e-01
2.666667e-01 6.000000e-01
3.000000e-01 6.000000e-01
3.333333e-01 6.000000e-01
3.666667e-01 6.000000e-01
4.000000e-01 6.000000e-01
4.333333e-01 6.000000e-01
4.666667e-01 6.000000e-01
5.000000e-01 6.000000e-01
5.333333e-01 6.000000e-01
5.666667e-01 6.000000e-01
6.000000e-01 6.000000e-01
6.333333e-01 6.000000e-01
6.666667e-01 6.000000e-01
7.000000e-01 6.000000e-01
7.333333e-01 6.000000e-01
7.666667e-01 6.000000e-01
8.000000e-01 6.000000e-01
8.333333e-01 6.000000e-01
8.666667e-01 6.000000e-01
9.000000e-01 6.000000e-01
9.333333e-01 6.000000e-01
9.666667e-01 6.000000e-01
1.000000e+00 6.000000e-01
0.000000e+00 6.333333e-01
3.333333e-02 6.333333e-01
6.666667e-02 6.333333e-01
1.000000e-01 6.333333e-01
1.333333e-01 6.333333e-01
1.666667e-01 6.333333e-01
2.000000e-01 6.333333e-01
2.333333e-01 6.333333e-01
2.666667e-01 6.333333e-01
3.000000e-01 6.333333e-01
3.333333e-01 6.333333e-01
3.666667e-01 6.333333e-01
4.000000e-01 6.333333e-01
4.333333e-01 6.333333e-01
4.666667e-01 6.333333e-01
5.000000e-01 6.333333e-01
5.333333e-01 6.333333e-01
5.666667e-01 6.333333e-01
6.000000e-01 6.333333e-01
6.333333e-01 6.333333e-01
6.666667e-01 6.333333e-01
7.000000e-01 6.333333e-01
7.333333e-01 6.333333e-01
7.666667e-01 6.333333e-01
8.000000e-01 6.333333e-01
8.333333e-01 6.333333e-01
8.666667e-01 6.333333e-01
9.000000e-01 6.333333e-01
9.333333e-01 6.333333e-01
9.666667e-01 6.333333e-01
1.000000e+00 6.333333e-01
0.000000e+00 6.666667e-01
3.333333e-02 6.666667e-01
6.666667e-02 6.666667e-01
1.000000e-01 6.666667e-01
1.333333e-01 6.666667e-01
1.666667e-01 6.666667e-01
2.000000e-01 6.666667e-01
2.333333e-01 6.666667e-01
2.666667e-01 6.666667e-01
3.000000e-01 6.666667e-01
3.333333e-01 6.666667e-01
3.666667e-01 6.666667e-01
4.000000e-01 6.666667e-01
4.333333e-01 6.666667e-01
4.666667e-01 6.666667e-01
5.000000e-01 6.666667e-01
5.333333e-01 6.666667e-01
5.666667e-01 6.666667e-01
6.000000e-01 6.666667e-01
6.333333e-01 6.666667e-01
6.666667e-01 6.666667e-01
7.000000e-01 6.666667e-01
7.333333e-01 6.666667e-01
7.666667e-01 6.666667e-01
8.000000e-01 6.666667e-01
8.333333e-01 6.666667e-01
8.666667e-01 6.666667e-01
9.000000e-01 6.666667e-01
9.333333e-01 6.666667e-01
9.666667e-01 6.666667e-01
1.000000e+00 6.666667e-01
0.000000e+00 7.000000e-01
3.333333e-02 7.000000e-01
6.666667e-02 7.000000e-01
1.000000e-01 7.000000e-01
1.333333e-01 7.000000e-01
1.666667e-01 7.000000e-01
2.000000e-01 7.000000e-01
2.333333e-01 7.000000e-01
2.666667e-01 7.000000e-01
3.000000e-01 7.000000e-01
3.333333e-01 7.000000e-01
3.666667e-01 7.000000e-01
4.000000e-01 7.000000e-01
4.333333e-01 7.000000e-01
4.666667e-01 7.000000e-01
5.000000e-01 7.000000e-01
5.333333e-01 7.000000e-01
5.666667e-01 7.000000e-01
6.000000e-01 7.000000e-01
6.333333e-01 7.000000e-01
6.666667e-01 7.000000e-01
7.000000e-01 7.000000e-01
7.333333e-01 7.000000e-01
7.666667e-01 7.000000e-01
8.000000e-01 7.000000e-01
8.333333e-01 7.000000e-01
8.666667e-01 7.000000e-01
9.000000e-01 7.000000e-01
9.333333e-01 7.000000e-01
9.666667e-01 7.000000e-01
1.000000e+00 7.000000e-01
0.000000e+00 7.333333e-01
3.333333e-02 7.333333e-01
6.666667e-02 7.333333e-01
1.000000e-01 7.333333e-01
1.333333e-01 7.333333e-01
1.666667e-01 7.333333e-01
2.000000e-01 7.333333e-01
2.333333e-01 7.333333e-01
2.666667e-01 7.333333e-01
3.000000e-01 7.333333e-01
3.333333e-01 7.333333e-01
3.666667e-01 7.333333e-01
4.000000e-01 7.333333e-01
4.333333e-01 7.333333e-01
4.666667e-01 7.333333e-01
5.000000e-01 7.333333e-01
5.333333e-01 7.333333e-01
5.666667e-01 7.333333e-01
6.000000e-01 7.333333e-01
6.333333e-01 7.333333e-01
6.666667e-01 7.333333e-01
7.000000e-01 7.333333e-01
7.333333e-01 7.333333e-01
7.666667e-01 7.333333e-01
8.000000e-01 7.333333e-01
8.333333e-01 7.333333e-01
8.666667e-01 7.333333e-01
9.000000e-01 7.333333e-01
9.333333e-01 7.333333e-01
9.666667e-01 7.333333e-01
1.000000e+00 7.333333e-01
0.000000e+00 7.666667e-01
3.333333e-02 7.666667e-01
6.666667e-02 7.666667e-01
1.000000e-01 7.666667e-01
1.333333e-01 7.666667e-01
1.666667e-01 7.666667e-01
2.000000e-01 7.666667e-01
2.333333e-01 7.666667e-01
2.666667e-01 7.666667e-01
3.000000e-01 7.666667e-01
3.333333e-01 7.666667e-01
3.666667e-01 7.666667e-01
4.000000e-01 7.666667e-01
4.333333e-01 7.666667e-01
4.666667e-01 7.666667e-01
5.000000e-01 7.666667e-01
5.333333e-01 7.666667e-01
5.666667e-01 7.666667e-01
6.000000e-01 7.666667e-01
6.333333e-01 7.666667e-01
6.666667e-01 7.666667e-01
7.000000e-01 7.666667e-01
7.333333e-01 7.666667e-01
7.666667e-01 7.666667e-01
8.000000e-01 7.666667e-01
8.333333e-01 7.666667e-01
8.666667e-01 7.666667e-01
9.000000e-01 7.666667e-01
9.333333e-01 7.666667e-01
9.666667e-01 7.666667e-01
1.000000e+00 7.666667e-01
0.000000e+00 8.000000e-01
3.333333e-02 8.000000e-01
6.666667e-02 8.000000e-01
1.000000e-01 8.000000e-01
1.333333e-01 8.000000e-01
1.666667e-01 8.000000e-01
2.000000e-01 8.000000e-01
2.333333e-01 8.000000e-01
2.666667e-01 8.000000e-01
3.000000e-01 8.000000e-01
3.333333e-01 8.000000e-01
3.666667e-01 8.000000e-01
4.000000e-01 8.000000e-01
4.333333e-01 8.000000e-01
4.666667e-01 8.000000e-01
5.000000e-01 8.000000e-01
5.333333e-01 8.000000e-01
5.666667e-01 8.000000e-01
6.000000e-01 8.000000e-01
6.333333e-01 8.000000e-01
6.666667e-01 8.000000e-01
7.000000e-01 8.000000e-01
7.333333e-01 8.000000e-01
7.666667e-01 8.000000e-01
8.000000e-01 8.000000e-01
8.333333e-01 8.000000e-01
8.666667e-01 8.000000e-01
9.000000e-01 8.000000e-01
9.333333e-01 8.000000e-01
9.666667e-01 8.000000e-01
1.000000e+00 8.000000e-01
0.000000e+00 8.333333e-01
3.333333e-02 8.333333e-01
6.666667e-02 8.333333e-01
1.000000e-01 8.333333e-01
1.333333e-01 8.333333e-01
1.666667e-01 8.333333e-01
2.000000e-01 8.333333e-01
2.333333e-01 8.333333e-01
2.666667e-01 8.333333e-01
3.000000e-01 8.333333e-01
3.333333e-01 8.333333e-01
3.666667e-01 8.333333e-01
4.000000e-01 8.333333e-01
4.333333e-01 8.333333e-01
4.666667e-01 8.333333e-01
5.000000e-01 8.333333e-01
5.333333e-01 8.333333e-01
5.666667e-01 8.333333e-01
6.000000e-01 8.333333e-01
6.333333e-01 8.333333e-01
6.666667e-01 8.333333e-01
7.000000e-01 8.333333e-01
7.333333e-01 8.333333e-01
7.666667e-01 8.333333e-01
8.000000e-01 8.333333e-01
8.333333e-01 8.333333e-01
8.666667e-01 8.333333e-01
9.000000e-01 8.333333e-01
9.333333e-01 8.333333e-01
9.666667e-01 8.333333e-01
1.000000e+00 8.333333e-01
0.000000e+00 8.666667e-01
3.333333e-02 8.666667e-01
6.666667e-02 8.666667e-01
1.000000e-01 8.666667e-01
1.333333e-01 8.666667e-01
1.666667e-01 8.666667e-01
2.000000e-01 8.666667e-01
2.333333e-01 8.666667e-01
2.666667e-01 8.666667e-01
3.000000e-01 8.666667e-01
3.333333e-01 8.666667e-01
3.666667e-01 8.666667e-01
4.000000e-01 8.666667e-01
4.333333e-01 8.666667e-01
4.666667e-01 8.666667e-01
5.000000e-01 8.666667e-01
5.333333e-01 8.666667e-01
5.666667e-01 8.666667e-01
6.000000e-01 8.666667e-01
6.333333e-01 8.666667e-01
6.666667e-01 8.666667e-01
7.000000e-01 8.666667e-01
7.333333e-01 8.666667e-01
7.666667e-01 8.666667e-01
8.000000e-01 8.666667e-01
8.333333e-01 8.666667e-01
8.666667e-01 8.666667e-01
9.000000e-01 8.666667e-01
9.333333e-01 8.666667e-01
9.666667e-01 8.666667e-01
1.000000e+00 8.666667e-01
0.000000e+00 9.000000e-01
3.333333e-02 9.000000e-01
6.666667e-02 9.000000e-01
1.000000e-01 9.000000e-01
1.333333e-01 9.000000e-01
1.666667e-01 9.000000e-01
2.000000e-01 9.000000e-01
2.333333e-01 9.000000e-01
2.666667e-01 9.000000e-01
3.000000e-01 9.000000e-01
3.333333e-01 9.000000e-01
3.666667e-01 9.000000e-01
4.000000e-01 9.000000e-01
4.333333e-01 9.000000e-01
4.666667e-01 9.000000e-01
5.000000e-01 9.000000e-01
5.333333e-01 9.000000e-01
5.666667e-01 9.000000e-01
6.000000e-01 9.000000e-01
6.333333e-01 9.000000e-01
6.666667e-01 9.000000e-01
7.000000e-01 9.000000e-01
7.333333e-01 9.000000e-01
7.666667e-01 9.000000e-01
8.000000e-01 9.000000e-01
8.333333e-01 9.000000e-01
8.666667e-01 9.000000e-01
9.000000e-01 9.000000e-01
9.333333e-01 9.000000e-01
9.666667e-01 9.000000e-01
1.000000e+00 9.000000e-01
0.000000e+00 9.333333e-01
3.333333e-02 9.333333e-01
6.666667e-02 9.333333e-01
1.000000e-01 9.333333e-01
1.333333e-01 9.333333e-01
1.666667e-01 9.333333e-01
2.000000e-01 9.333333e-01
2.333333e-01 9.333333e-01
2.666667e-01 9.333333e-01
3.000000e-01 9.333333e-01
3.333333e-01 9.333333e-01
3.666667e-01 9.333333e-01
4.000000e-01 9.333333e-01
4.333333e-01 9.333333e-01
4.666667e-01 9.333333e-01
5.000000e-01 9.333333e-01
5.333333e-01 9.333333e-01
5.666667e-01 9.333333e-01
6.000000e-01 9.333333e-01
6.333333e-01 9.333333e-01
6.666667e-01 9.333333e-01
7.000000e-01 9.333333e-01
7.333333e-01 9.333333e-01
7.666667e-01 9.333333e-01
8.000000e-01 9.333333e-01
8.333333e-01 9.333333e-01
8.666667e-01 9.333333e-01
9.000000e-01 9.333333e-01
9.333333e-01 9.333333e-01
9.666667e-01 9.333333e-01
1.000000e+00 9.333333e-01
0.000000e+00 9.666667e-01
3.333333e-02 9.666667e-01
6.666667e-02 9.666667e-01
1.000000e-01 9.666667e-01
1.333333e-01 9.666667e-01
1.666667e-01 9.666667e-01
2.000000e-01 9.666667e-01
2.333333e-01 9.666667e-01
2.666667e-01 9.666667e-01
3.000000e-01 9.666667e-01
3.333333e-01 9.666667e-01
3.666667e-01 9.666667e-01
4.000000e-01 9.666667e-01
4.333333e-01 9.666667e-01
4.666667e-01 9.666667e-01
5.000000e-01 9.666667e-01
5.333333e-01 9.666667e-01
5.666667e-01 9.666667e-01
6.000000e-01 9.666667e-01
6.333333e-01 9.666667e-01
6.666667e-01 9.666667e-01
7.000000e-01 9.666667e-01
7.333333e-01 9.666667e-01
7.666667e-01 9.666667e-01
8.000000e-01 9.666667e-01
8.333333e-01 9.666667e-01
8.666667e-01 9.666667e-01
9.000000e-01 9.666667e-01
9.333333e-01 9.666667e-01
9.666667e-01 9.666667e-01
1.000000e+00 9.666667e-01
0.000000e+00 1.000000e+00
3.333333e-02 1.000000e+00
6.666667e-02 1.000000e+00
1.000000e-01 1.000000e+00
1.333333e-01 1.000000e+00
1.666667e-01 1.000000e+00
2.000000e-01 1.000000e+00
2.333333e-01 1.000000e+00
2.666667e-01 1.000000e+00
3.000000e-01 1.000000e+00
3.333333e-01 1.000000e+00
3.666667e-01 1.000000e+00
4.000000e-01 1.000000e+00
4.333333e-01 1.000000e+00
4.666667e-01 1.000000e+00
5.000000e-01 1.000000e+00
5.333333e-01 1.000000e+00
5.666667e-01 1.000000e+00
6.000000e-01 1.000000e+00
6.333333e-01 1.000000e+00
6.666667e-01 1.000000e+00
7.000000e-01 1.000000e+00
7.333333e-01 1.000000e+00
7.666667e-01 1.000000e+00
8.000000e-01 1.000000e+00
8.333333e-01 1.000000e+00
8.666667e-01 1.000000e+00
9.000000e-01 1.000000e+00
9.333333e-01 1.000000e+00
9.666667e-01 1.000000e+00
1.000000e+00 1.000000e+00
simplices
0 1 32
0 31 32
1 2 33
1 32 33
2 3 34
2 33 34
3 4 35
3 34 35
4 5 36
4 35 36
5 6 37
5 36 37
6 7 38
6 37 38
7 8 39
7 38 39
8 9 40
8 39 40
9 10 41
9 40 41
10 11 42
10 41 42
11 12 43
11 42 43
12 13 44
12 43 44
13 14 45
13 44 45
14 15 46
14 45 46
15 16 47
15 46 47
16 17 48
16 47 48
17 18 49
17 48 49
18 19 50
18 49 50
19 20 51
19 50 51
20 21 52
20 51 52
21 22 53
21 52 53
22 23 54
22 53 54
23 24 55
23 54 55
24 25 56
24 55 56
25 26 57
25 56 57
26 27 58
26 57 58
27 28 59
27 58 59
28 29 60
28 59 60
29 30 61
29 60 61
31 32 63
31 62 63
32 33 64
32 63 64
33 34 65
33 64 65
34 35 66
34 65 66
35 36 67
35 66 67
36 37 68
36 67 68
37 38 69
37 68 69
38 39 70
38 69 70
39 40 71
39 70 71
40 41 72
40 71 72
41 42 73
41 72 73
42 43 74
42 73 74
43 44 75
43 74 75
44 45 76
44 75 76
45 46 77
45 76 77
46 47 78
46 77 78
47 48 79
47 78 79
48 49 80
48 79 80
49 50 81
49 80 81
50 51 82
50 81 82
51 52 83
51 82 83
52 53 84
52 83 84
53 54 85
53 84 85
54 55 86
54 85 86
55 56 87
55 86 87
56 57 88
56 87 88
57 58 89
57 88 89
58 59 90
58 89 90
59 60 91
59 90 91
60 61 92
60 91 92
62 63 94
62 93 94
63 64 95
63 94 95
64 65 96
64 95 96
65 66 97
65 96 97
66 67 98
66 97 98
67 68 99
67 98 99
68 69 100
68 99 100
69 70 101
69 100 101
70 71 102
70 101 102
71 72 103
71 102 103
72 73 104
72 103 104
73 74 105
73 104 105
74 75 106
74 105 106
75 76 107
75 106 107
76 77 108
76 107 108
77 78 109
77 108 109
78 79 110
78 109 110
79 80 111
79 110 111
80 81 112
80 111 112
81 82 113
81 112 113
82 83 114
82 113 114
83 84 115
83 114 115
84 85 116
84 115 116
85 86 117
85 116 117
86 87 118
86 117 118
87 88 119
87 118 119
88 89 120
88 119 120
89 90 121
89 120 121
90 91 122
90 121 122
91 92 123
91 122 123
93 94 125
93 124 125
94 95 126
94 125 126
95 96 127
95 126 127
96 97 128
96 127 128
97 98 129
97 128 129
98 99 130
98 129 130
99 100 131
99 130 131
100 101 132
100 131 132
101 102 133
101 132 133
102 103 134
102 133 134
103 104 135
103 134 135
104 105 136
104 135 136
105 106 137
105 136 137
106 107 138
106 137 138
107 108 139
107 138 139
108 109 140
108 139 140
109 110 141
109 140 141
110 111 142
110 141 142
111 112 143
111 142 143
112 113 144
112 143 144
113 114 145
113 144 145
114 115 146
114 145 146
115 116 147
115 146 147
116 117 148
116 147 148
117 118 149
117 148 149
118 119 150
118 149 150
119 120 151
119 150 151
120 121 152
120 151 152
121 122 153
121 152 153
122 123 154
122 153 154
124 125 156
124 155 156
125 126 157
125 156 157
126 127 158
126 157 158
127 128 159
127 158 159
128 129 160
128 159 160
129 130 161
129 160 161
130 131 162
130 161 162
131 132 163
131 162 163
132 133 164
132 163 164
133 134 165
133 164 165
134 135 166
134 165 166
135 136 167
135 166 167
136 137 168
136 167 168
137 138 169
137 168 169
138 139 170
138 169 170
139 140 171
139 170 171
140 141 172
140 171 172
141 142 173
141 172 173
142 143 174
142 173 174
143 144 175
143 174 175
144 145 176
144 175 176
145 146 177
145 176 177
146 147 178
146 177 178
147 148 179
147 178 179
148 149 180
148 179 180
149 150 181
149 180 181
150 151 182
150 181 182
151 152 183
151 182 183
152 153 184
152 183 184
153 154 185
153 184 185
155 156 187
155 186 187
156 157 188
156 187 188
157 158 189
157 188 189
158 159 190
158 189 190
159 160 191
159 190 191
160 161 192
160 191 192
161 162 193
161 192 193
162 163 194
162 193 194
163 164 195
163 194 195
164 165 196
164 195 196
165 166 197
165 196 197
166 167 198
166 197 198
167 168 199
167 198 199
168 169 200
168 199 200
169 170 201
169 200 201
170 171 202
170 201 202
171 172 203
171 202 203
172 173 204
172 203 204
173 174 205
173 204 205
174 175 206
174 205 206
175 176 207
175 206 207
176 177 208
176 207 208
177 178 209
177 208 209
178 179 210
178 209 210
179 180 211
179 210 211
180 181 212
180 211 212
181 182 213
181 212 213
182 183 214
182 213 214
183 184 215
183 214 215
184 185 216
184 215 216
186 187 218
186 217 218
187 188 219
187 218 219
188 189 220
188 219 220
189 190 221
189 220 221
190 191 222
190 221 222
191 192 223
191 222 223
192 193 224
192 223 224
193 194 225
193 224 225
194 195 226
194 225 226
195 196 227
195 226 227
196 197 228
196 227 228
197 198 229
197 228 229
198 199 230
198 229 230
199 200 231
199 230 231
200 201 232
200 231 232
201 202 233
201 232 233
202 203 234
202 233 234
203 204 235
203 234 235
204 205 236
204 235 236
205 206 237
205 236 237
206 207 238
206 237 238
207 208 239
207 238 239
208 209 240
208 239 240
209 210 241
209 240 241
210 211 242
210 241 242
211 212 243
211 242 243
212 213 244
212 243 244
213 214 245
213 244 245
214 215 246
214 245 246
215 216 247
215 246 247
217 218 249
217 248 249
218 219 250
218 249 250
219 220 251
219 250 251
220 221 252
220 251 252
221 222 253
221 252 253
222 223 254
222 253 254
223 224 255
223 254 255
224 225 256
224 255 256
225 226 257
225 256 257
226 227 258
226 257 258
227 228 259
227 258 259
228 229 260
228 259 260
229 230 261
229 260 261
230 231 262
230 261 262
231 232 263
231 262 263
232 233 264
232 263 264
233 234 265
233 264 265
234 235 266
234 265 266
235 236 267
235 266 267
236 237 268
236 267 268
237 238 269
237 268 269
238 239 270
238 269 270
239 240 271
239 270 271
240 241 272
240 271 272
241 242 273
241 272 273
242 243 274
242 273 274
243 244 275
243 274 275
244 245 276
244 275 276
245 246 277
245 276 277
246 247 278
246 277 278
248 249 280
248 279 280
249 250 281
249 280 281
250 251 282
250 281 282
251 252 283
251 282 283
252 253 284
252 283 284
253 254 285
253 284 285
254 255 286
254 285 286
255 256 287
255 286 287
256 257 288
256 287 288
257 258 289
257 288 289
258 259 290
258 289 290
259 260 291
259 290 291
260 261 292
260 291 292
261 262 293
261 292 293
262 263 294
262 293 294
263 264 295
263 294 295
264 265 296
264 295 296
265 266 297
265 296 297
266 267 298
266 297 298
267 268 299
267 298 299
268 269 300
268 299 300
269 270 301
269 300 301
270 271 302
270 301 302
271 272 303
271 302 303
272 273 304
272 303 304
273 274 305
273 304 305
274 275 306
274 305 306
275 276 307
275 306 307
276 277 308
276 307 308
277 278 309
277 308 309
279 280 311
279 310 311
280 281 312
280 311 312
281 282 313
281 312 313
282 283 314
282 313 314
283 284 315
283 314 315
284 285 316
284 315 316
285 286 317
285 316 317
286 287 318
286 317 318
287 288 319
287 318 319
288 289 320
288 319 320
289 290 321
289 320 321
290 291 322
290 321 322
291 292 323
291 322 323
292 293 324
292 323 324
293 294 325
293 324 325
294 295 326
294 325 326
295 296 327
295 326 327
296 297 328
296 327 328
297 298 329
297 328 329
298 299 330
298 329 330
299 300 331
299 330 331
300 301 332
300 331 332
301 302 333
301 332 333
302 303 334
302 333 334
303 304 335
303 334 335
304 305 336
304 335 336
305 306 337
305 336 337
306 307 338
306 337 338
307 308 339
307 338 339
308 309 340
308 339 340
310 311 342
310 341 342
311 312 343
311 342 343
312 313 344
312 343 344
313 314 345
313 344 345
314 315 346
314 345 346
315 316 347
315 346 347
316 317 348
316 347 348
317 318 349
317 348 349
318 319 350
318 349 350
319 320 351
319 350 351
320 321 352
320 351 352
321 322 353
321 352 353
322 323 354
322 353 354
323 324 355
323 354 355
324 325 356
324 355 356
325 326 357
325 356 357
326 327 358
326 357 358
327 328 359
327 358 359
328 329 360
328 359 360
329 330 361
329 360 361
330 331 362
330 361 362
331 332 363
331 362 363
332 333 364
332 363 364
333 334 365
333 364 365
334 335 366
334 365 366
335 336 367
335 366 367
336 337 368
336 367 368
337 338 369
337 368 369
338 339 370
338 369 370
339 340 371
339 370 371
341 342 373
341 372 373
342 343 374
342 373 374
343 344 375
343 374 375
344 345 376
344 375 376
345 346 377
345 376 377
346 347 378
346 377 378
347 348 379
347 378 379
348 349 380
348 379 380
349 350 381
349 380 381
350 351 382
350 381 382
351 352 383
351 382 383
352 353 384
352 383 384
353 354 385
353 384 385
354 355 386
354 385 386
355 356 387
355 386 387
356 357 388
356 387 388
357 358 389
357 388 389
358 359 390
358 389 390
359 360 391
359 390 391
360 361 392
360 391 392
361 362 393
361 392 393
362 363 394
362 393 394
363 364 395
363 394 395
364 365 396
364 395 396
365 366 397
365 396 397
366 367 398
366 397 398
367 368 399
367 398 399
368 369 400
368 399 400
369 370 401
369 400 401
370 371 402
370 401 402
372 373 404
372 403 404
373 374 405
373 404 405
374 375 406
374 405 406
375 376 407
375 406 407
376 377 408
376 407 408
377 378 409
377 408 409
378 379 410
378 409 410
379 380 411
379 410 411
380 381 412
380 411 412
381 382 413
381 412 413
382 383 414
382 413 414
383 384 415
383 414 415
384 385 416
384 415 416
385 386 417
385 416 417
386 387 418
386 417 418
387 388 419
387 418 419
388 389 420
388 419 420
389 390 421
389 420 421
390 391 422
390 421 422
391 392 423
391 422 423
392 393 424
392 423 424
393 394 425
393 424 425
394 395 426
394 425 426
395 396 427
395 426 427
396 397 428
396 427 428
397 398 429
397 428 429
398 399 430
398 429 430
399 400 431
399 430 431
400 401 432
400 431 432
401 402 433
401 432 433
403 404 435
403 434 435
404 405 436
404 435 436
405 406 437
405 436 437
406 407 438
406 437 438
407 408 439
407 438 439
408 409 440
408 439 440
409 410 441
409 440 441
410 411 442
410 441 442
411 412 443
411 442 443
412 413 444
412 443 444
413 414 445
413 444 445
414 415 446
414 445 446
415 416 447
415 446 447
416 417 448
416 447 448
417 418 449
417 448 449
418 419 450
418 449 450
419 420 451
419 450 451
420 421 452
420 451 452
421 422 453
421 452 453
422 423 454
422 453 454
423 424 455
423 454 455
424 425 456
424 455 456
425 426 457
425 456 457
426 427 458
426 457 458
427 428 459
427 458 459
428 429 460
428 459 460
429 430 461
429 460 461
430 431 462
430 461 462
431 432 463
431 462 463
432 433 464
432 463 464
434 435 466
434 465 466
435 436 467
435 466 467
436 437 468
436 467 468
437 438 469
437 468 469
438 439 470
438 469 470
439 440 471
439 470 471
440 441 472
440 471 472
441 442 473
441 472 473
442 443 474
442 473 474
443 444 475
443 474 475
444 445 476
444 475 476
445 446 477
445 476 477
446 447 478
446 477 478
447 448 479
447 478 479
448 449 480
448 479 480
449 450 481
449 480 481
450 451 482
450 481 482
451 452 483
451 482 483
452 453 484
452 483 484
453 454 485
453 484 485
454 455 486
454 485 486
455 456 487
455 486 487
456 457 488
456 487 488
457 458 489
457 488 489
458 459 490
458 489 490
459 460 491
459 490 491
460 461 492
460 491 492
461 462 493
461 492 493
462 463 494
462 493 494
463 464 495
463 494 495
465 466 497
465 496 497
466 467 498
466 497 498
467 468 499
467 498 499
468 469 500
468 499 500
469 470 501
469 500 501
470 471 502
470 501 502
471 472 503
471 502 503
472 473 504
472 503 504
473 474 505
473 504 505
474 475 506
474 505 506
475 476 507
475 506 507
476 477 508
476 507 508
477 478 509
477 508 509
478 479 510
478 509 510
479 480 511
479 510 511
480 481 512
480 511 512
481 482 513
481 512 513
482 483 514
482 513 514
483 484 515
483 514 515
484 485 516
484 515 516
485 486 517
485 516 517
486 487 518
486 517 518
487 488 519
487 518 519
488 489 520
488 519 520
489 490 521
489 520 521
490 491 522
490 521 522
491 492 523
491 522 523
492 493 524
492 523 524
493 494 525
493 524 525
494 495 526
494 525 526
496 497 528
496 527 528
497 498 529
497 528 529
498 499 530
498 529 530
499 500 531
499 530 531
500 501 532
500 531 532
501 502 533
501 532 533
502 503 534
502 533 534
503 504 535
503 534 535
504 505 536
504 535 536
505 506 537
505 536 537
506 507 538
506 537 538
507 508 539
507 538 539
508 509 540
508 539 540
509 510 541
509 540 541
510 511 542
510 541 542
511 512 543
511 542 543
512 513 544
512 543 544
513 514 545
513 544 545
514 515 546
514 545 546
515 516 547
515 546 547
516 517 548
516 547 548
517 518 549
517 548 549
518 519 550
518 549 550
519 520 551
519 550 551
520 521 552
520 551 552
521 522 553
521 552 553
522 523 554
522 553 554
523 524 555
523 554 555
524 525 556
524 555 556
525 526 557
525 556 557
527 528 559
527 558 559
528 529 560
528 559 560
529 530 561
529 560 561
530 531 562
530 561 562
531 532 563
531 562 563
532 533 564
532 563 564
533 534 565
533 564 565
534 535 566
534 565 566
535 536 567
535 566 567
536 537 568
536 567 568
537 538 569
537 568 569
538 539 570
538 569 570
539 540 571
539 570 571
540 541 572
540 571 572
541 542 573
541 572 573
542 543 574
542 573 574
543 544 575
543 574 575
544 545 576
544 575 576
545 546 577
545 576 577
546 547 578
546 577 578
547 548 579
547 578 579
548 549 580
548 579 580
549 550 581
549 580 581
550 551 582
550 581 582
551 552 583
551 582 583
552 553 584
552 583 584
553 554 585
553 584 585
554 555 586
554 585 586
555 556 587
555 586 587
556 557 588
556 587 588
558 559 590
558 589 590
559 560 591
559 590 591
560 561 592
560 591 592
561 562 593
561 592 593
562 563 594
562 593 594
563 564 595
563 594 595
564 565 596
564 595 596
565 566 597
565 596 597
566 567 598
566 597 598
567 568 599
567 598 599
568 569 600
568 599 600
569 570 601
569 600 601
570 571 602
570 601 602
571 572 603
571 602 603
572 573 604
572 603 604
573 574 605
573 604 605
574 575 606
574 605 606
575 576 607
575 606 607
576 577 608
576 607 608
577 578 609
577 608 609
578 579 610
578 609 610
579 580 611
579 610 611
580 581 612
580 611 612
581 582 613
581 612 613
582 583 614
582 613 614
583 584 615
583 614 615
584 585 616
584 615 616
585 586 617
585 616 617
586 587 618
586 617 618
587 588 619
587 618 619
589 590 621
589 620 621
590 591 622
590 621 622
591 592 623
591 622 623
592 593 624
592 623 624
593 594 625
593 624 625
594 595 626
594 625 626
595 596 627
595 626 627
596 597 628
596 627 628
597 598 629
597 628 629
598 599 630
598 629 630
599 600 631
599 630 631
600 601 632
600 631 632
601 602 633
601 632 633
602 603 634
602 633 634
603 604 635
603 634 635
604 605 636
604 635 636
605 606 637
605 636 637
606 607 638
606 637 638
607 608 639
607 638 639
608 609 640
608 639 640
609 610 641
609 640 641
610 611 642
610 641 642
611 612 643
611 642 643
612 613 644
612 643 644
613 614 645
613 644 645
614 615 646
614 645 646
615 616 647
615 646 647
616 617 648
616 647 648
617 618 649
617 648 649
618 619 650
618 649 650
620 621 652
620 651 652
621 622 653
621 652 653
622 623 654
622 653 654
623 624 655
623 654 655
624 625 656
624 655 656
625 626 657
625 656 657
626 627 658
626 657 658
627 628 659
627 658 659
628 629 660
628 659 660
629 630 661
629 660 661
630 631 662
630 661 662
631 632 663
631 662 663
632 633 664
632 663 664
633 634 665
633 664 665
634 635 666
634 665 666
635 636 667
635 666 667
636 637 668
636 667 668
637 638 669
637 668 669
638 639 670
638 669 670
639 640 671
639 670 671
640 641 672
640 671 672
641 642 673
641 672 673
642 643 674
642 673 674
643 644 675
643 674 675
644 645 676
644 675 676
645 646 677
645 676 677
646 647 678
646 677 678
647 648 679
647 678 679
648 649 680
648 679 680
649 650 681
649 680 681
651 652 683
651 682 683
652 653 684
652 683 684
653 654 685
653 684 685
654 655 686
654 685 686
655 656 687
655 686 687
656 657 688
656 687 688
657 658 689
657 688 689
658 659 690
658 689 690
659 660 691
659 690 691
660 661 692
660 691 692
661 662 693
661 692 693
662 663 694
662 693 694
663 664 695
663 694 695
664 665 696
664 695 696
665 666 697
665 696 697
666 667 698
666 697 698
667 668 699
667 698 699
668 669 700
668 699 700
669 670 701
669 700 701
670 671 702
670 701 702
671 672 703
671 702 703
672 673 704
672 703 704
673 674 705
673 704 705
674 675 706
674 705 706
675 676 707
675 706 707
676 677 708
676 707 708
677 678 709
677 708 709
678 679 710
678 709 710
679 680 711
679 710 711
680 681 712
680 711 712
682 683 714
682 713 714
683 684 715
683 714 715
684 685 716
684 715 716
685 686 717
685 716 717
686 687 718
686 717 718
687 688 719
687 718 719
688 689 720
688 719 720
689 690 721
689 720 721
690 691 722
690 721 722
691 692 723
691 722 723
692 693 724
692 723 724
693 694 725
693 724 725
694 695 726
694 725 726
695 696 727
695 726 727
696 697 728
696 727 728
697 698 729
697 728 729
698 699 730
698 729 730
699 700 731
699 730 731
700 701 732
700 731 732
701 702 733
701 732 733
702 703 734
702 733 734
703 704 735
703 734 735
704 705 736
704 735 736
705 706 737
705 736 737
706 707 738
706 737 738
707 708 739
707 738 739
708 709 740
708 739 740
709 710 741
709 740 741
710 711 742
710 741 742
711 712 743
711 742 743
713 714 745
713 744 745
714 715 746
714 745 746
715 716 747
715 746 747
716 717 748
716 747 748
717 718 749
717 748 749
718 719 750
718 749 750
719 720 751
719 750 751
720 721 752
720 751 752
721 722 753
721 752 753
722 723 754
722 753 754
723 724 755
723 754 755
724 725 756
724 755 756
725 726 757
725 756 757
726 727 758
726 757 758
727 728 759
727 758 759
728 729 760
728 759 760
729 730 761
729 760 761
730 731 762
730 761 762
731 732 763
731 762 763
732 733 764
732 763 764
733 734 765
733 764 765
734 735 766
734 765 766
735 736 767
735 766 767
736 737 768
736 767 768
737 738 769
737 768 769
738 739 770
738 769 770
739 740 771
739 770 771
740 741 772
740 771 772
741 742 773
741 772 773
742 743 774
742 773 774
744 745 776
744 775 776
745 746 777
745 776 777
746 747 778
746 777 778
747 748 779
747 778 779
748 749 780
748 779 780
749 750 781
749 780 781
750 751 782
750 781 782
751 752 783
751 782 783
752 753 784
752 783 784
753 754 785
753 784 785
754 755 786
754 785 786
755 756 787
755 786 787
756 757 788
756 787 788
757 758 789
757 788 789
758 759 790
758 789 790
759 760 791
759 790 791
760 761 792
760 791 792
761 762 793
761 792 793
762 763 794
762 793 794
763 764 795
763 794 795
764 765 796
764 795 796
765 766 797
765 796 797
766 767 798
766 797 798
767 768 799
767 798 799
768 769 800
768 799 800
769 770 801
769 800 801
770 771 802
770 801 802
771 772 803
771 802 803
772 773 804
772 803 804
773 774 805
773 804 805
775 776 807
775 806 807
776 777 808
776 807 808
777 778 809
777 808 809
778 779 810
778 809 810
779 780 811
779 810 811
780 781 812
780 811 812
781 782 813
781 812 813
782 783 814
782 813 814
783 784 815
783 814 815
784 785 816
784 815 816
785 786 817
785 816 817
786 787 818
786 817 818
787 788 819
787 818 819
788 789 820
788 819 820
789 790 821
789 820 821
790 791 822
790 821 822
791 792 823
791 822 823
792 793 824
792 823 824
793 794 825
793 824 825
794 795 826
794 825 826
795 796 827
795 826 827
796 797 828
796 827 828
797 798 829
797 828 829
798 799 830
798 829 830
799 800 831
799 830 831
800 801 832
800 831 832
801 802 833
801 832 833
802 803 834
802 833 834
803 804 835
803 834 835
804 805 836
804 835 836
806 807 838
806 837 838
807 808 839
807 838 839
808 809 840
808 839 840
809 810 841
809 840 841
810 811 842
810 841 842
811 812 843
811 842 843
812 813 844
812 843 844
813 814 845
813 844 845
814 815 846
814 845 846
815 816 847
815 846 847
816 817 848
816 847 848
817 818 849
817 848 849
818 819 850
818 849 850
819 820 851
819 850 851
820 821 852
820 851 852
821 822 853
821 852 853
822 823 854
822 853 854
823 824 855
823 854 855
824 825 856
824 855 856
825 826 857
825 856 857
826 827 858
826 857 858
827 828 859
827 858 859
828 829 860
828 859 860
829 830 861
829 860 861
830 831 862
830 861 862
831 832 863
831 862 863
832 833 864
832 863 864
833 834 865
833 864 865
834 835 866
834 865 866
835 836 867
835 866 867
837 838 869
837 868 869
838 839 870
838 869 870
839 840 871
839 870 871
840 841 872
840 871 872
841 842 873
841 872 873
842 843 874
842 873 874
843 844 875
843 874 875
844 845 876
844 875 876
845 846 877
845 876 877
846 847 878
846 877 878
847 848 879
847 878 879
848 849 880
848 879 880
849 850 881
849 880 881
850 851 882
850 881 882
851 852 883
851 882 883
852 853 884
852 883 884
853 854 885
853 884 885
854 855 886
854 885 886
855 856 887
855 886 887
856 857 888
856 887 888
857 858 889
857 888 889
858 859 890
858 889 890
859 860 891
859 890 891
860 861 892
860 891 892
861 862 893
861 892 893
862 863 894
862 893 894
863 864 895
863 894 895
864 865 896
864 895 896
865 866 897
865 896 897
866 867 898
866 897 898
868 869 900
868 899 900
869 870 901
869 900 901
870 871 902
870 901 902
871 872 903
871 902 903
872 873 904
872 903 904
873 874 905
873 904 905
874 875 906
874 905 906
875 876 907
875 906 907
876 877 908
876 907 908
877 878 909
877 908 909
878 879 910
878 909 910
879 880 911
879 910 911
880 881 912
880 911 912
881 882 913
881 912 913
882 883 914
882 913 914
883 884 915
883 914 915
884 885 916
884 915 916
885 886 917
885 916 917
886 887 918
886 917 918
887 888 919
887 918 919
888 889 920
888 919 920
889 890 921
889 920 921
890 891 922
890 921 922
891 892 923
891 922 923
892 893 924
892 923 924
893 894 925
893 924 925
894 895 926
894 925 926
895 896 927
895 926 927
896 897 928
896 927 928
897 898 929
897 928 929
899 900 931
899 930 931
900 901 932
900 931 932
901 902 933
901 932 933
902 903 934
902 933 934
903 904 935
903 934 935
904 905 936
904 935 936
905 906 937
905 936 937
906 907 938
906 937 938
907 908 939
907 938 939
908 909 940
908 939 940
909 910 941
909 940 941
910 911 942
910 941 942
911 912 943
911 942 943
912 913 944
912 943 944
913 914 945
913 944 945
914 915 946
914 945 946
915 916 947
915 946 947
916 917 948
916 947 948
917 918 949
917 948 949
918 919 950
918 949 950
919 920 951
919 950 951
920 921 952
920 951 952
921 922 953
921 952 953
922 923 954
922 953 954
923 924 955
923 954 955
924 925 956
924 955 956
925 926 957
925 956 957
926 927 958
926 957 958
927 928 959
927 958 959
928 929 960
928 959 960
