ID=8332513
numvertices=153
numsimplices=256
vertices
-1.5000000000000000e+00 -1.5000000000000000e+00
-1.5000000000000000e+00 -1.3125000000000000e+00
-1.5000000000000000e+00 -1.1250000000000000e+00
-1.5000000000000000e+00 -9.3750000000000000e-01
-1.5000000000000000e+00 -7.5000000000000000e-01
-1.5000000000000000e+00 -5.6250000000000000e-01
-1.5000000000000000e+00 -3.7500000000000000e-01
-1.5000000000000000e+00 -1.8750000000000000e-01
-1.5000000000000000e+00 0.0000000000000000e+00
-1.5000000000000000e+00 1.8750000000000000e-01
-1.5000000000000000e+00 3.7500000000000000e-01
-1.5000000000000000e+00 5.6250000000000000e-01
-1.5000000000000000e+00 7.5000000000000000e-01
-1.5000000000000000e+00 9.3750000000000000e-01
-1.5000000000000000e+00 1.1250000000000000e+00
-1.5000000000000000e+00 1.3125000000000000e+00
-1.5000000000000000e+00 1.5000000000000000e+00
-1.1250000000000000e+00 -1.5000000000000000e+00
-1.1250000000000000e+00 -1.3125000000000000e+00
-1.1250000000000000e+00 -1.1250000000000000e+00
-1.1250000000000000e+00 -9.3750000000000000e-01
-1.1250000000000000e+00 -7.5000000000000000e-01
-1.1250000000000000e+00 -5.6250000000000000e-01
-1.1250000000000000e+00 -3.7500000000000000e-01
-1.1250000000000000e+00 -1.8750000000000000e-01
-1.1250000000000000e+00 0.0000000000000000e+00
-1.1250000000000000e+00 1.8750000000000000e-01
-1.1250000000000000e+00 3.7500000000000000e-01
-1.1250000000000000e+00 5.6250000000000000e-01
-1.1250000000000000e+00 7.5000000000000000e-01
-1.1250000000000000e+00 9.3750000000000000e-01
-1.1250000000000000e+00 1.1250000000000000e+00
-1.1250000000000000e+00 1.3125000000000000e+00
-1.1250000000000000e+00 1.5000000000000000e+00
-7.5000000000000000e-01 -1.5000000000000000e+00
-7.5000000000000000e-01 -1.3125000000000000e+00
-7.5000000000000000e-01 -1.1250000000000000e+00
-7.5000000000000000e-01 -9.3750000000000000e-01
-7.5000000000000000e-01 -7.5000000000000000e-01
-7.5000000000000000e-01 -5.6250000000000000e-01
-7.5000000000000000e-01 -3.7500000000000000e-01
-7.5000000000000000e-01 -1.8750000000000000e-01
-7.5000000000000000e-01 0.0000000000000000e+00
-7.5000000000000000e-01 1.8750000000000000e-01
-7.5000000000000000e-01 3.7500000000000000e-01
-7.5000000000000000e-01 5.6250000000000000e-01
-7.5000000000000000e-01 7.5000000000000000e-01
-7.5000000000000000e-01 9.3750000000000000e-01
-7.5000000000000000e-01 1.1250000000000000e+00
-7.5000000000000000e-01 1.3125000000000000e+00
-7.5000000000000000e-01 1.5000000000000000e+00
-3.7500000000000000e-01 -1.5000000000000000e+00
-3.7500000000000000e-01 -1.3125000000000000e+00
-3.7500000000000000e-01 -1.1250000000000000e+00
-3.7500000000000000e-01 -9.3750000000000000e-01
-3.7500000000000000e-01 -7.5000000000000000e-01
-3.7500000000000000e-01 -5.6250000000000000e-01
-3.7500000000000000e-01 -3.7500000000000000e-01
-3.7500000000000000e-01 -1.8750000000000000e-01
-3.7500000000000000e-01 0.0000000000000000e+00
-3.7500000000000000e-01 1.8750000000000000e-01
-3.7500000000000000e-01 3.7500000000000000e-01
-3.7500000000000000e-01 5.6250000000000000e-01
-3.7500000000000000e-01 7.5000000000000000e-01
-3.7500000000000000e-01 9.3750000000000000e-01
-3.7500000000000000e-01 1.1250000000000000e+00
-3.7500000000000000e-01 1.3125000000000000e+00
-3.7500000000000000e-01 1.5000000000000000e+00
0.0000000000000000e+00 -1.5000000000000000e+00
0.0000000000000000e+00 -1.3125000000000000e+00
0.0000000000000000e+00 -1.1250000000000000e+00
0.0000000000000000e+00 -9.3750000000000000e-01
0.0000000000000000e+00 -7.5000000000000000e-01
0.0000000000000000e+00 -5.6250000000000000e-01
0.0000000000000000e+00 -3.7500000000000000e-01
0.0000000000000000e+00 -1.8750000000000000e-01
0.0000000000000000e+00 0.0000000000000000e+00
0.0000000000000000e+00 1.8750000000000000e-01
0.0000000000000000e+00 3.7500000000000000e-01
0.0000000000000000e+00 5.6250000000000000e-01
0.0000000000000000e+00 7.5000000000000000e-01
0.0000000000000000e+00 9.3750000000000000e-01
0.0000000000000000e+00 1.1250000000000000e+00
0.0000000000000000e+00 1.3125000000000000e+00
0.0000000000000000e+00 1.5000000000000000e+00
3.7500000000000000e-01 -1.5000000000000000e+00
3.7500000000000000e-01 -1.3125000000000000e+00
3.7500000000000000e-01 -1.1250000000000000e+00
3.7500000000000000e-01 -9.3750000000000000e-01
3.7500000000000000e-01 -7.5000000000000000e-01
3.7500000000000000e-01 -5.6250000000000000e-01
3.7500000000000000e-01 -3.7500000000000000e-01
3.7500000000000000e-01 -1.8750000000000000e-01
3.7500000000000000e-01 0.0000000000000000e+00
3.7500000000000000e-01 1.8750000000000000e-01
3.7500000000000000e-01 3.7500000000000000e-01
3.7500000000000000e-01 5.6250000000000000e-01
3.7500000000000000e-01 7.5000000000000000e-01
3.7500000000000000e-01 9.3750000000000000e-01
3.7500000000000000e-01 1.1250000000000000e+00
3.7500000000000000e-01 1.3125000000000000e+00
3.7500000000000000e-01 1.5000000000000000e+00
7.5000000000000000e-01 -1.5000000000000000e+00
7.5000000000000000e-01 -1.3125000000000000e+00
7.5000000000000000e-01 -1.1250000000000000e+00
7.5000000000000000e-01 -9.3750000000000000e-01
7.5000000000000000e-01 -7.5000000000000000e-01
7.5000000000000000e-01 -5.6250000000000000e-01
7.5000000000000000e-01 -3.7500000000000000e-01
7.5000000000000000e-01 -1.8750000000000000e-01
7.5000000000000000e-01 0.0000000000000000e+00
7.5000000000000000e-01 1.8750000000000000e-01
7.5000000000000000e-01 3.7500000000000000e-01
7.5000000000000000e-01 5.6250000000000000e-01
7.5000000000000000e-01 7.5000000000000000e-01
7.5000000000000000e-01 9.3750000000000000e-01
7.5000000000000000e-01 1.1250000000000000e+00
7.5000000000000000e-01 1.3125000000000000e+00
7.5000000000000000e-01 1.5000000000000000e+00
1.1250000000000000e+00 -1.5000000000000000e+00
1.1250000000000000e+00 -1.3125000000000000e+00
1.1250000000000000e+00 -1.1250000000000000e+00
1.1250000000000000e+00 -9.3750000000000000e-01
1.1250000000000000e+00 -7.5000000000000000e-01
1.1250000000000000e+00 -5.6250000000000000e-01
1.1250000000000000e+00 -3.7500000000000000e-01
1.1250000000000000e+00 -1.8750000000000000e-01
1.1250000000000000e+00 0.0000000000000000e+00
1.1250000000000000e+00 1.8750000000000000e-01
1.1250000000000000e+00 3.7500000000000000e-01
1.1250000000000000e+00 5.6250000000000000e-01
1.1250000000000000e+00 7.5000000000000000e-01
1.1250000000000000e+00 9.3750000000000000e-01
1.1250000000000000e+00 1.1250000000000000e+00
1.1250000000000000e+00 1.3125000000000000e+00
1.1250000000000000e+00 1.5000000000000000e+00
1.5000000000000000e+00 -1.5000000000000000e+00
1.5000000000000000e+00 -1.3125000000000000e+00
1.5000000000000000e+00 -1.1250000000000000e+00
1.5000000000000000e+00 -9.3750000000000000e-01
1.5000000000000000e+00 -7.5000000000000000e-01
1.5000000000000000e+00 -5.6250000000000000e-01
1.5000000000000000e+00 -3.7500000000000000e-01
1.5000000000000000e+00 -1.8750000000000000e-01
1.5000000000000000e+00 0.0000000000000000e+00
1.5000000000000000e+00 1.8750000000000000e-01
1.5000000000000000e+00 3.7500000000000000e-01
1.5000000000000000e+00 5.6250000000000000e-01
1.5000000000000000e+00 7.5000000000000000e-01
1.5000000000000000e+00 9.3750000000000000e-01
1.5000000000000000e+00 1.1250000000000000e+00
1.5000000000000000e+00 1.3125000000000000e+00
1.5000000000000000e+00 1.5000000000000000e+00
simplices
20 19 36
40 23 39
55 38 54
44 45 28
52 36 35
28 11 27
95 112 96
56 57 40
123 107 106
120 119 136
19 20 3
36 37 20
74 58 57
53 36 52
42 41 58
55 54 71
59 76 60
49 65 66
4 20 21
24 23 40
38 37 54
43 26 42
41 40 57
10 26 27
12 29 13
46 45 62
82 83 66
65 82 66
148 131 147
48 47 64
79 80 63
95 79 78
79 63 62
97 96 113
95 78 94
64 81 65
80 96 97
82 98 99
113 112 129
98 114 115
96 112 113
114 131 115
114 113 130
114 97 113
130 146 147
139 140 123
110 126 127
128 129 112
93 110 94
76 93 77
108 107 124
102 103 86
108 109 92
88 72 71
139 122 138
103 104 87
123 124 107
17 1 0
18 19 2
2 19 3
1 18 2
18 35 19
23 22 39
21 37 38
17 18 1
17 34 18
35 36 19
35 51 52
35 18 34
69 53 52
35 34 51
68 52 51
53 37 36
70 54 53
75 91 92
88 89 72
72 55 71
68 69 52
54 37 53
73 56 72
39 38 55
41 57 58
40 39 56
55 56 39
55 72 56
56 73 57
73 90 74
77 61 60
26 25 42
74 75 58
74 91 75
25 24 41
39 22 38
25 41 42
24 40 41
7 23 24
21 20 37
22 21 38
4 3 20
6 22 23
5 4 21
22 5 21
6 5 22
6 23 7
7 24 8
8 25 9
9 25 26
8 24 25
28 27 44
10 9 26
49 66 50
29 12 28
26 43 27
76 59 75
11 10 27
13 29 30
28 45 29
11 28 12
31 32 15
32 16 15
66 83 67
14 31 15
48 49 32
32 33 16
13 30 14
29 45 46
30 31 14
30 29 46
31 48 32
31 30 47
32 49 33
48 65 49
49 50 33
66 67 50
81 82 65
99 115 116
64 47 63
48 31 47
80 64 63
65 48 64
78 61 77
62 45 61
78 62 61
63 46 62
43 44 27
61 45 44
47 46 63
47 30 46
59 60 43
60 44 43
44 60 61
43 42 59
58 59 42
58 75 59
94 78 77
79 62 78
77 93 94
91 107 108
79 95 96
94 111 95
127 128 111
112 95 111
81 98 82
81 80 97
83 99 100
99 98 115
64 80 81
79 96 80
98 97 114
98 81 97
100 99 116
83 82 99
83 84 67
116 133 117
84 83 100
100 101 84
132 116 115
100 117 101
101 117 118
100 116 117
117 133 134
116 132 133
115 131 132
117 134 118
133 132 149
134 135 118
134 133 150
134 151 135
151 152 135
132 131 148
134 150 151
133 149 150
130 131 114
149 132 148
113 129 130
112 111 128
146 130 129
147 131 130
142 143 126
145 146 129
144 128 127
145 129 128
143 144 127
144 145 128
126 143 127
124 125 108
142 125 141
122 123 106
140 141 124
140 124 123
141 125 124
126 109 125
92 93 76
111 110 127
125 142 126
94 110 111
109 126 110
60 76 77
75 92 76
93 109 110
108 125 109
57 73 74
72 89 73
91 90 107
91 74 90
108 92 91
109 93 92
122 106 105
107 90 106
89 88 105
69 68 85
103 87 86
88 71 87
90 89 106
90 73 89
85 86 69
70 69 86
70 53 69
71 70 87
71 54 70
87 104 88
87 70 86
120 103 119
86 85 102
119 103 102
104 105 88
120 104 103
105 106 89
121 105 104
121 122 105
121 120 137
121 104 120
138 122 121
139 123 122
121 137 138
120 136 137
