meshID=7748830
degree=1
-1.5000000000000000e+00 1.5000000000000000e+00 0.0000000000000000e+00
-7.5000000000000000e-01 1.5000000000000000e+00 0.0000000000000000e+00
-1.5000000000000000e+00 7.5000000000000000e-01 0.0000000000000000e+00
0.0000000000000000e+00 1.5000000000000000e+00 0.0000000000000000e+00
0.0000000000000000e+00 0.0000000000000000e+00 1.0000000000000000e+00
-1.5000000000000000e+00 0.0000000000000000e+00 0.0000000000000000e+00
7.5000000000000000e-01 1.5000000000000000e+00 0.0000000000000000e+00
1.5000000000000000e+00 7.5000000000000000e-01 0.0000000000000000e+00
1.5000000000000000e+00 0.0000000000000000e+00 0.0000000000000000e+00
1.5000000000000000e+00 -7.5000000000000000e-01 0.0000000000000000e+00
7.5000000000000000e-01 -1.5000000000000000e+00 0.0000000000000000e+00
0.0000000000000000e+00 -1.5000000000000000e+00 0.0000000000000000e+00
-7.5000000000000000e-01 -1.5000000000000000e+00 0.0000000000000000e+00
-1.5000000000000000e+00 -7.5000000000000000e-01 0.0000000000000000e+00
1.5000000000000000e+00 1.5000000000000000e+00 0.0000000000000000e+00
1.5000000000000000e+00 -1.5000000000000000e+00 0.0000000000000000e+00
-1.5000000000000000e+00 -1.5000000000000000e+00 0.0000000000000000e+00
