meshID=5914100
degree=1
1.5000000000000000e+00 1.5000000000000000e+00 0.0000000000000000e+00
1.5000000000000000e+00 1.4062500000000000e+00 0.0000000000000000e+00
1.4487525904477843e+00 1.4487525904477843e+00 3.9147421922244357e-03
1.4062500000000000e+00 1.5000000000000000e+00 0.0000000000000000e+00
1.5000000000000000e+00 1.3125000000000000e+00 0.0000000000000000e+00
1.4529120469839467e+00 1.3593750000000000e+00 9.7264123752020884e-03
1.4016741071428571e+00 1.4016741071428571e+00 1.4420598344765395e-02
1.3213116576993575e+00 1.4183914902322858e+00 2.0975974348877983e-02
1.3125000000000000e+00 1.5000000000000000e+00 0.0000000000000000e+00
1.4050311560977393e+00 1.2640350999926915e+00 3.2795130887158193e-02
1.5000000000000000e+00 1.2187500000000000e+00 0.0000000000000000e+00
1.3772682090047308e+00 1.3322183981381264e+00 3.0638863413132020e-02
1.3078125000000000e+00 1.3078125000000000e+00 5.4132486142327678e-02
1.2402297668085061e+00 1.4056117739802803e+00 3.5396571712116513e-02
1.2187500000000000e+00 1.5000000000000000e+00 0.0000000000000000e+00
1.3355167785891908e+00 1.2387222251735066e+00 6.2897194767216669e-02
1.2658468658604358e+00 1.2138406341395642e+00 9.7665922116416212e-02
1.2208063461403427e+00 1.2903110427799069e+00 8.5091408256275564e-02
1.1443359375000000e+00 1.3353515625000001e+00 8.4430287245052180e-02
1.1558791918439957e+00 1.4201667789799000e+00 4.0025611018668389e-02
1.1250000000000000e+00 1.5000000000000000e+00 0.0000000000000000e+00
1.4293308684287052e+00 1.1927711476103071e+00 3.1724421603790562e-02
1.5000000000000000e+00 1.1250000000000000e+00 0.0000000000000000e+00
1.3581311893363064e+00 1.1682837503279120e+00 6.9056116199954082e-02
1.2836182860432555e+00 1.1335917405288529e+00 1.1570068710901392e-01
1.1718750000000000e+00 1.1718750000000000e+00 1.5716759928666910e-01
1.1571757342985365e+00 1.2472738488696546e+00 1.2645115777008081e-01
1.0806508936227339e+00 1.2405653779131487e+00 1.5880280240324174e-01
1.0474681367709853e+00 1.3205078608355718e+00 1.1836005707588100e-01
1.0968339500502813e+00 1.3850096490022819e+00 6.7179366697382961e-02
1.0781250000000000e+00 1.4527653052713525e+00 2.8991377983896852e-02
1.0312500000000000e+00 1.5000000000000000e+00 0.0000000000000000e+00
1.4079510297303459e+00 1.0774358060799574e+00 5.6471663608662806e-02
1.5000000000000000e+00 1.0312500000000000e+00 0.0000000000000000e+00
1.3439325847808437e+00 1.1014131678557992e+00 9.0369380018333847e-02
1.3183593750000000e+00 1.0253906250000000e+00 1.2570894024604015e-01
1.4018071339818849e+00 9.6620870189589558e-01 7.6125738890218370e-02
1.5000000000000000e+00 9.3750000000000000e-01 0.0000000000000000e+00
1.2237548828125000e+00 1.0772705078125000e+00 1.7022469539109986e-01
1.1397603343149498e+00 1.0927363564690853e+00 2.1438407214764893e-01
1.0624507164242247e+00 1.1719660986383096e+00 2.0959177510519023e-01
9.9183897879442418e-01 1.1791138308650182e+00 2.3820769453456114e-01
9.7250525792320253e-01 1.2772358985165733e+00 1.7137837119770538e-01
9.8465259123588267e-01 1.3427598252499617e+00 1.1816240850829864e-01
1.0312500000000000e+00 1.4055306105427048e+00 6.4486551691023422e-02
9.8437500000000000e-01 1.4527653052713523e+00 3.5395183313623430e-02
9.3750000000000000e-01 1.5000000000000000e+00 0.0000000000000000e+00
1.3180930397727273e+00 9.0740411931818188e-01 1.5657344153304670e-01
1.2395685369318181e+00 9.6657492897727271e-01 2.0239140324686322e-01
1.1474609375000000e+00 1.0009765625000000e+00 2.5554379029095220e-01
1.0917083784156518e+00 1.0425007534387392e+00 2.7253370728237247e-01
1.0547951301334577e+00 1.1014076153380774e+00 2.5864176088680307e-01
9.8543168006693738e-01 1.0892858235106906e+00 3.0896035156623236e-01
9.1849097143928682e-01 1.1111299891085142e+00 3.3007705370830631e-01
8.9225779544469730e-01 1.1779698150195859e+00 2.8549567180755403e-01
8.6425808272557358e-01 1.2440890855708555e+00 2.3733249517162203e-01
9.0461804036528159e-01 1.3056102240014926e+00 1.6895010793183771e-01
9.2676590132566072e-01 1.3757760911261876e+00 1.0354255757591221e-01
8.5928465770420848e-01 1.4205307079547134e+00 7.3578122618069522e-02
8.4375000000000000e-01 1.5000000000000000e+00 0.0000000000000000e+00
1.4026539511813052e+00 8.7601326893792453e-01 8.7572542953103960e-02
1.5000000000000000e+00 8.4375000000000000e-01 0.0000000000000000e+00
1.2187500000000000e+00 8.4375000000000000e-01 2.6797919087540201e-01
1.0992927807874449e+00 8.8436125503095331e-01 3.5985987886268606e-01
1.0358992943156846e+00 9.9100678130196640e-01 3.4519492177859912e-01
9.5257646824613185e-01 1.0270061229779557e+00 3.7867049319397561e-01
8.6039557732301608e-01 1.0725711178120161e+00 3.9967291721152687e-01
8.3339008054250818e-01 1.1368561434153610e+00 3.5346046010219623e-01
7.6370889750251536e-01 1.1920696325008384e+00 3.3012426574826226e-01
7.6371684520494854e-01 1.2811357910790002e+00 2.3400847033900296e-01
8.2150135250473144e-01 1.3489128622989752e+00 1.4895715198241907e-01
7.9677205470799273e-01 1.4494423027868746e+00 5.1552693891466897e-02
7.5000000000000000e-01 1.5000000000000000e+00 0.0000000000000000e+00
1.3593750000000000e+00 7.9687500000000000e-01 1.4325107349486768e-01
1.4339622786983601e+00 8.0748816390491962e-01 6.5811818860926186e-02
1.5000000000000000e+00 7.5000000000000000e-01 0.0000000000000000e+00
1.2890625000000000e+00 8.2031250000000000e-01 2.0790664131262743e-01
1.1708394207905541e+00 9.2306441466429934e-01 2.7674938510380842e-01
1.1350441225721197e+00 7.9352695914262672e-01 3.7488421524954274e-01
1.2020085817147466e+00 7.7678554085737328e-01 3.1249469282744757e-01
1.2656250000000000e+00 7.5000000000000000e-01 2.5401924413636334e-01
1.3359375000000000e+00 7.2656250000000000e-01 1.8272291639800445e-01
1.4062500000000000e+00 7.0312500000000000e-01 1.0681171679038159e-01
1.5000000000000000e+00 6.5625000000000000e-01 0.0000000000000000e+00
1.0390783617857982e+00 7.7348508535739480e-01 4.8774476214837881e-01
1.0032269431313190e+00 8.6474385631825779e-01 4.6104758009082447e-01
9.3750000000000000e-01 9.3750000000000000e-01 4.6296166773398184e-01
8.6496645337741018e-01 9.9793153018279546e-01 4.6641696039989688e-01
7.9219240687376435e-01 1.0580732243838298e+00 4.5737996852889562e-01
7.6518691009325646e-01 1.1223582499871747e+00 4.0522843738346015e-01
6.8847630605082555e-01 1.1826616526004954e+00 3.7426771531696257e-01
6.7778319597858561e-01 1.2577223633573560e+00 2.8864982075484202e-01
7.2312287973415845e-01 1.3381370969409561e+00 1.8189263560846919e-01
7.4429299838187724e-01 1.4048367594517472e+00 1.0419869251755678e-01
6.7891283144827341e-01 1.4315558844064999e+00 8.0733513360196255e-02
6.5625000000000000e-01 1.5000000000000000e+00 0.0000000000000000e+00
1.1718750000000000e+00 7.0312500000000000e-01 3.7816572849794777e-01
1.2421875000000000e+00 6.7968750000000000e-01 3.0484919717189524e-01
1.3125000000000000e+00 6.5625000000000000e-01 2.2680963354444442e-01
1.3908175285424960e+00 5.7851005708499192e-01 1.4292871788747952e-01
1.4511084929329945e+00 6.0937500000000000e-01 6.2133856687410109e-02
1.5000000000000000e+00 5.6250000000000000e-01 0.0000000000000000e+00
1.1061940076262105e+00 7.2906940781206298e-01 4.4068452030382316e-01
1.0688322077108914e+00 6.6914277798014177e-01 5.2005440789241641e-01
9.7234032213734822e-01 6.9804092684695596e-01 6.1885348253770167e-01
9.7552326697812708e-01 8.0118876151058671e-01 5.3602491062629443e-01
9.0628172357159642e-01 8.0470336178579827e-01 6.0496417255233714e-01
8.8337215287707538e-01 8.8015678739671066e-01 5.5999945519323246e-01
8.1432944842315580e-01 9.1825104979300143e-01 5.8396862130129701e-01
7.9450978090282753e-01 9.8677663082176081e-01 5.2957593592957408e-01
7.2415344681168226e-01 1.0452484897115215e+00 5.1628106163829224e-01
6.9277084010732892e-01 1.1069648238718117e+00 4.6315302889277343e-01
6.0646540802108007e-01 1.1764371840677335e+00 4.1903704081138993e-01
5.9724345835950421e-01 1.2978147763821388e+00 2.6261066754879581e-01
6.5812125214748041e-01 1.3640563429503358e+00 1.6489566487422141e-01
6.0937500000000000e-01 1.4439239021977677e+00 7.1419044066785023e-02
5.6250000000000000e-01 1.5000000000000000e+00 0.0000000000000000e+00
1.2028391404755683e+00 6.1467861984147731e-01 3.7764811561477141e-01
1.1353400344265012e+00 6.4069119687929554e-01 4.5260130066433407e-01
1.0620409543386296e+00 5.9745296131767001e-01 5.7235222373950245e-01
9.9009100053583454e-01 5.9449406232636692e-01 6.7101326907131020e-01
9.3617499893105149e-01 6.3854633067776723e-01 7.1053468093448124e-01
8.7506344714319306e-01 6.7190672357159653e-01 7.6392981978058783e-01
8.8686900817775094e-01 7.3919920028244157e-01 6.8520613292426535e-01
8.3606005184161203e-01 8.0415407326995803e-01 6.7775452832591732e-01
7.6584025921385734e-01 8.0340199498783382e-01 7.4826808753965790e-01
7.3600369608092286e-01 8.8365954870172880e-01 6.8946221821737896e-01
6.9678154065442710e-01 9.5977208348690157e-01 6.3610887959132989e-01
6.5693136188703360e-01 1.0286664149279476e+00 5.8195146030425415e-01
6.1088571662816038e-01 1.0935837793630194e+00 5.2664250877784013e-01
5.3683687244429479e-01 1.1388888784603100e+00 5.0317443542165741e-01
5.5112394598892300e-01 1.2360857954849476e+00 3.5959992945665337e-01
5.0729154587058389e-01 1.2994592694608298e+00 2.8268170079546334e-01
5.5609502654104848e-01 1.3938935234470631e+00 1.4246789723913694e-01
5.1562500000000000e-01 1.4526041162523551e+00 6.5952538291730062e-02
4.6875000000000000e-01 1.5000000000000000e+00 0.0000000000000000e+00
1.3091213415251530e+00 5.8433567237896267e-01 2.4903713793676885e-01
1.3353141800251012e+00 5.1727584042576435e-01 2.2782597919311454e-01
1.4022133115402851e+00 4.6875000000000000e-01 1.4076093537286605e-01
1.4511066557701424e+00 5.1562500000000000e-01 6.7689257977045475e-02
1.5000000000000000e+00 4.6875000000000000e-01 0.0000000000000000e+00
1.1250000000000000e+00 5.6250000000000000e-01 5.0538814641732521e-01
1.2550177603170454e+00 5.3683947936590903e-01 3.3575440168239851e-01
1.3364819033312851e+00 4.4850823560029873e-01 2.4023258286363058e-01
1.4061675077474185e+00 3.7500086168167335e-01 1.4443966988232804e-01
1.5000000000000000e+00 3.7500000000000000e-01 0.0000000000000000e+00
1.4511066557701424e+00 4.2385428681555076e-01 7.2714811296917092e-02
1.0222674546433737e+00 4.8329579627692704e-01 7.0042074699395707e-01
9.2327976580042170e-01 5.5808482864858833e-01 7.9001062319626336e-01
8.4825762878558786e-01 5.7077546856945138e-01 8.9185114896806372e-01
7.7805262914520668e-01 6.0674915494733972e-01 1.0000000000000000e+00
7.5284453684318176e-01 6.8149806911077881e-01 9.0029419264608146e-01
6.9635906666920477e-01 7.4916444983722419e-01 8.8002035911028542e-01
6.5312585568460835e-01 8.4705767995765258e-01 8.0916279455175466e-01
6.1660211556922451e-01 9.2601517261436106e-01 7.4611353841161598e-01
5.7815168071294765e-01 1.0173426573090614e+00 6.5437610607386332e-01
4.7129114737606892e-01 1.0945970491253563e+00 6.0429553444477668e-01
4.8418130112681418e-01 1.1979261466032876e+00 4.3787107408812187e-01
4.1809183594416927e-01 1.2620522038996627e+00 3.6045141181368279e-01
3.9433594105418790e-01 1.3510220082744178e+00 2.2802970151239760e-01
4.6567284166500278e-01 1.4084632361195843e+00 1.3288022351178622e-01
3.9234852077627330e-01 1.4265078672655254e+00 1.1169484347604351e-01
3.7500000000000000e-01 1.5000000000000000e+00 0.0000000000000000e+00
8.1861774975375967e-01 7.3613090812525594e-01 7.6509117769409540e-01
1.1366653591953175e+00 4.8987880520415872e-01 5.2383059473194615e-01
1.1182994509273354e+00 4.1865653374204248e-01 5.8719138416651129e-01
1.2032266079644429e+00 4.5858154172912130e-01 4.3700284835042630e-01
1.2816317694133395e+00 4.0701353882667901e-01 3.3182158692702535e-01
1.3536703693824730e+00 3.3023497440942112e-01 2.3188005935189396e-01
1.4022543840569375e+00 2.8125000000000000e-01 1.5824233276249233e-01
1.4530833234076872e+00 3.2812500000000000e-01 7.4080978577736128e-02
1.5000000000000000e+00 2.8125000000000000e-01 0.0000000000000000e+00
1.0423854291319181e+00 3.9604018658791518e-01 7.2599873426707884e-01
9.6401211800483988e-01 4.0753200832031616e-01 8.5057798894775849e-01
9.0650886557448795e-01 4.8386818435982193e-01 8.6403718798521012e-01
7.9071933538600270e-01 4.8339453570195984e-01 1.0000000000000000e+00
7.1016551939655792e-01 5.6657219119825208e-01 1.0000000000000000e+00
6.3325151760621723e-01 6.3451275973124877e-01 1.0000000000000000e+00
6.0947017071478959e-01 7.3434327642840358e-01 1.0000000000000000e+00
5.8044034524965715e-01 8.3264927135889755e-01 8.9679190506813455e-01
5.3642269048402180e-01 8.9225826174182055e-01 8.6926356016554363e-01
5.0954595939130243e-01 9.7072725161555040e-01 7.7699382912207948e-01
4.6663868403266301e-01 1.0253181936509135e+00 7.1949145944907422e-01
3.8368788717811286e-01 1.0547139004253994e+00 7.1038703059129471e-01
3.8211803605294814e-01 1.1772827851574512e+00 5.0574630207928106e-01
3.0161719624091654e-01 1.2684331527692858e+00 3.7634103409551711e-01
2.9843526392763325e-01 1.3364309930332590e+00 2.6500684984848927e-01
2.8125000000000000e-01 1.4022982662237342e+00 1.5930939906613517e-01
3.2896819419213075e-01 1.4503400435240275e+00 7.8810267760264424e-02
2.8125000000000000e-01 1.5000000000000000e+00 0.0000000000000000e+00
1.1928181420542752e+00 3.7043246196293272e-01 4.8345575021877674e-01
1.0974203564214828e+00 3.3323678603451906e-01 6.6031072914646893e-01
1.0099988892574712e+00 3.2375222148505767e-01 8.3661724328774789e-01
9.3845406311651636e-01 3.2572813604065715e-01 1.0000000000000000e+00
8.4732784078670487e-01 4.0028351464419576e-01 1.0000000000000000e+00
7.5000000000000000e-01 3.7500000000000000e-01 1.0000000000000000e+00
7.0470306975212682e-01 4.5386173100444926e-01 1.0000000000000000e+00
6.1962740768975766e-01 4.8600385650274763e-01 1.0000000000000000e+00
6.3539825341821521e-01 5.5943643449515645e-01 1.0000000000000000e+00
5.4525973381944870e-01 5.8170054040641916e-01 1.0000000000000000e+00
5.3716846361826254e-01 6.7493089580237253e-01 1.0000000000000000e+00
5.2052369006111932e-01 7.8905133452060283e-01 1.0000000000000000e+00
4.4883483505019917e-01 8.8337823541702787e-01 1.0000000000000000e+00
4.2662984535977316e-01 9.6856876141536463e-01 8.5183900964706494e-01
3.0846107609592704e-01 9.5178498318285387e-01 9.1195489926067019e-01
2.7144950995581507e-01 1.0191780368363852e+00 8.1737148151790229e-01
2.9509189167198485e-01 1.0923403050877081e+00 6.7906032493451540e-01
3.0254304538387300e-01 1.1881278734671554e+00 5.1083560537388317e-01
2.3122930715414003e-01 1.2544232925838779e+00 4.1318702720889933e-01
2.3113748926815103e-01 1.3261918280432479e+00 2.9063409361205278e-01
1.8754076091667926e-01 1.4062091945421389e+00 1.5879305823428558e-01
1.8750000000000000e-01 1.5000000000000000e+00 0.0000000000000000e+00
2.3635254669221006e-01 1.4511491331118671e+00 8.1108949244431156e-02
1.2930702687636073e+00 2.9725676941333956e-01 3.3530106119365266e-01
1.3494303134061776e+00 2.3849466511289649e-01 2.4896586691076550e-01
1.3964715517164119e+00 1.8944853377040849e-01 1.7350993700092701e-01
1.4511271920284687e+00 2.3437500000000000e-01 8.0521774727026846e-02
1.5000000000000000e+00 1.8750000000000000e-01 0.0000000000000000e+00
1.1706094206650524e+00 2.8449429162818063e-01 5.4570754014526701e-01
1.2356610404501587e+00 2.5420969819278288e-01 4.3978536582457833e-01
1.3045087681138750e+00 1.8750000000000006e-01 3.3057562109394545e-01
1.3084940047504712e+00 9.3743037221901471e-02 3.3044733422321121e-01
1.4022543840569375e+00 9.7647067540817006e-02 1.6781184451033898e-01
1.4474472128710458e+00 1.4657676237469849e-01 8.9066878321192172e-02
1.5000000000000000e+00 9.3750000000000000e-02 0.0000000000000000e+00
1.0853137414346268e+00 2.6546059423551227e-01 7.0535973368259464e-01
9.9303867657187628e-01 1.9810697172962563e-01 8.9715962938900484e-01
9.4925647070602437e-01 2.5497593200332258e-01 1.0000000000000000e+00
8.7075843627649552e-01 3.0249306572427698e-01 1.0000000000000000e+00
7.8731065005892664e-01 3.0032642537554444e-01 1.0000000000000000e+00
7.0158140028690619e-01 2.9905690003077251e-01 1.0000000000000000e+00
6.8173623399409655e-01 3.6511599928482696e-01 1.0000000000000000e+00
6.1539734661819867e-01 3.8400481187784685e-01 1.0000000000000000e+00
5.1919601898326306e-01 4.1816623869724945e-01 1.0000000000000000e+00
4.5010426538202059e-01 5.1302205875795825e-01 1.0000000000002378e+00
5.3187218984998819e-01 4.9999007804317236e-01 1.0000000000000000e+00
4.5094412579252624e-01 6.1211759834187651e-01 1.0000000000000000e+00
4.5090891971286640e-01 7.1121669062565585e-01 1.0000000000000000e+00
4.3519017459956616e-01 7.9532423611025360e-01 1.0000000000002096e+00
3.6805642534425487e-01 8.4837343842570379e-01 1.0000000000000000e+00
2.9285547438285930e-01 8.7391362052429633e-01 1.0000000000000000e+00
3.8801800348641169e-01 9.1301541039683287e-01 1.0000000000000000e+00
1.8910654638209662e-01 9.5156254694350473e-01 1.0000000000000000e+00
2.0198975885010717e-01 1.0521480639098457e+00 7.8556401109741514e-01
1.9778230159400148e-01 1.1199165208071131e+00 6.6008436776190649e-01
1.3655617651602012e-01 1.2017655774082476e+00 5.2206228596370807e-01
1.5217470145703418e-01 1.2760082974899565e+00 3.8678013165042791e-01
1.3994470619709432e-01 1.3486850139272235e+00 2.6067901547936234e-01
9.3750000000000000e-02 1.4061091117914932e+00 1.6274864051507296e-01
9.3750000000000000e-02 1.5000000000000000e+00 0.0000000000000000e+00
1.4062500000000000e-01 1.4530842168224085e+00 8.0377379976683191e-02
2.2478065759083699e-01 8.9109233390997078e-01 1.0000000000000000e+00
2.2238364190795756e-01 1.1832019101284699e+00 5.3969139947983769e-01
1.2040788283877906e+00 1.8977807771447283e-01 5.0565876385218789e-01
1.1361723440910938e+00 2.1905386156613182e-01 6.2261822706754533e-01
1.0647902461836973e+00 1.9974173511652876e-01 7.6003974955109199e-01
1.0219317298135477e+00 1.3240954660911503e-01 8.5689868348679032e-01
9.1648509256822619e-01 1.6926796165456209e-01 1.0000000000000000e+00
8.5830842166858889e-01 2.2375996705604009e-01 1.0000000000000000e+00
7.5222748924524119e-01 2.2458080383650819e-01 1.0000000000000000e+00
6.7036242826566217e-01 2.2336850150047649e-01 1.0000000000000000e+00
6.1315731779970728e-01 2.8194267006241192e-01 1.0000000000000000e+00
5.4366031878334498e-01 3.3452362168334437e-01 1.0000000000000000e+00
4.7397144912047051e-01 3.4603909845902880e-01 1.0000000000000000e+00
4.4191592489524895e-01 4.0898024658095827e-01 1.0000000000000000e+00
3.6702431199261326e-01 4.3014251749536275e-01 1.0000000000016795e+00
3.7273600213023811e-01 5.0749721154248073e-01 1.0000000000040434e+00
3.5092836949045780e-01 5.8193375669336667e-01 1.0000000000007927e+00
3.7996899264765449e-01 6.6277657108891475e-01 1.0000000000000000e+00
3.2489068231821305e-01 7.2869544671650033e-01 1.0000000000000000e+00
3.1023513105959316e-01 8.0160500318704708e-01 1.0000000000000000e+00
2.3327587109812442e-01 8.2139929105546372e-01 1.0000000000000000e+00
1.3707550361992343e-01 8.6133065194695513e-01 1.0000000000000000e+00
1.0648075549216583e-01 9.4166496408864198e-01 1.0000000000000000e+00
1.0432486656139944e-01 1.0248535186467880e+00 8.6461999116471433e-01
1.4066378729011961e-01 1.0832049181382566e+00 7.4248491449467491e-01
9.7512594118668833e-02 1.1367154545794220e+00 6.4945065309595662e-01
6.5931766070814385e-02 1.2294804192034152e+00 4.7939148040718338e-01
8.1550291011828452e-02 1.3037231392851241e+00 3.4372019363484252e-01
7.3886168026231214e-04 1.3998966228431826e+00 1.7552896499327830e-01
4.4087253022566386e-02 1.4502709920790533e+00 8.6712534800716931e-02
0.0000000000000000e+00 1.5000000000000000e+00 0.0000000000000000e+00
1.2531636694086710e+00 1.3881687046501917e-01 4.2480163303930230e-01
1.2516841769089198e+00 3.7571978552176116e-02 4.3412590904642967e-01
1.3123168258230400e+00 -2.0688277198421812e-05 3.2704264222067081e-01
1.4061579919115927e+00 3.8089493636261772e-03 1.6242996141341431e-01
1.3573242477930514e+00 4.8774092294789330e-02 2.4690128009417045e-01
1.5000000000000000e+00 0.0000000000000000e+00 0.0000000000000000e+00
1.2025894964146091e+00 8.9333345041565621e-02 5.1978178564792565e-01
1.2066362358194889e+00 -1.7747183745263878e-02 5.1710813062992356e-01
1.2734434562180663e+00 -9.2150982175471893e-02 3.9591310798298995e-01
1.3611645546197892e+00 -4.5328510760184682e-02 2.4109966535541283e-01
1.4510990878865628e+00 -4.6875000000000000e-02 8.4592154887260934e-02
1.5000000000000000e+00 -9.3750000000000000e-02 0.0000000000000000e+00
1.1305628285532585e+00 1.4063471941902561e-01 6.4605098378404680e-01
1.0633370535714286e+00 6.4174107142857123e-02 7.8108704925036221e-01
9.6278521385846905e-01 7.8816956775968269e-02 1.0000000000000000e+00
8.5595766582450306e-01 6.7725645243514071e-02 1.0000000000000000e+00
8.1987655222862366e-01 1.5392519705578250e-01 1.0000000000000000e+00
7.4356073089819985e-01 1.4856980383209090e-01 1.0000000000000000e+00
6.5458790209748130e-01 1.4232621664210302e-01 1.0000000000000000e+00
6.0695615048669027e-01 1.9365389237259684e-01 1.0000000000000000e+00
5.4512956732259843e-01 2.2652922768131195e-01 1.0000000000000000e+00
4.7024104189989568e-01 2.7224720217179527e-01 1.0000000000000000e+00
4.0349670406192306e-01 3.4130042045844955e-01 1.0000000000000000e+00
2.7765710510465125e-01 3.7824121112659875e-01 1.0000000000009481e+00
2.4551302124681373e-01 4.7646035968063793e-01 1.0000000000052052e+00
2.8873391647241342e-01 5.3867861590088761e-01 1.0000000000063662e+00
3.0015672580979863e-01 6.5205937396001989e-01 1.0000000000000000e+00
2.4156792912580913e-01 7.3797273070758096e-01 1.0000000000000000e+00
1.6764365438015524e-01 7.9912779306418580e-01 1.0000000000000000e+00
1.0991379310344827e-01 7.6077586206896552e-01 1.0000000000000000e+00
6.5199394458687915e-02 8.2679988442291386e-01 1.0000000000000000e+00
3.1753176808546058e-02 9.0504840430158850e-01 1.0000000000000000e+00
3.0657816648345208e-02 9.7966673431887707e-01 1.0000000000000000e+00
4.9904450769115982e-02 1.0860478939996745e+00 7.5518512134335392e-01
3.7024481991505542e-03 1.1380008724207320e+00 6.5744103603678794e-01
-4.0337305685143397e-02 1.2307939157790300e+00 4.8125112890484256e-01
5.7454501485826870e-03 1.3068127845984308e+00 3.4107428244700022e-01
-4.3906883150330984e-02 1.3508187550564068e+00 2.6224930089205162e-01
-9.2477084095184778e-02 1.4005706581947543e+00 1.7322928775226032e-01
-9.3750000000000000e-02 1.5000000000000000e+00 0.0000000000000000e+00
-4.6874999999999986e-02 1.4508772848975386e+00 8.5835197930132751e-02
1.1342548298539319e+00 6.9605172142675434e-02 6.4667152102572123e-01
1.1095000288625074e+00 -1.5630763521159774e-02 6.9686441464965876e-01
1.1408485417046668e+00 -1.0233202309684412e-01 6.3894410901289889e-01
1.2120934444801006e+00 -1.6167559348036087e-01 5.0266296848130154e-01
1.3035714285714286e+00 -1.8750000000000000e-01 3.3647216425473225e-01
1.3362337919197080e+00 -1.2474512453733164e-01 2.8315190995939526e-01
1.4017857142857142e+00 -9.8137797577429145e-02 1.6969238112481372e-01
1.4528890191698567e+00 -1.4062500000000000e-01 8.0740566860835902e-02
1.5000000000000000e+00 -1.8750000000000000e-01 0.0000000000000000e+00
1.2070008552306895e+00 -9.5351192921274641e-02 5.1604437611104803e-01
1.0051626160579825e+00 1.7256739558146821e-02 8.9015279238233935e-01
9.1037878817555951e-01 -8.2384971725367739e-03 1.0000000000000000e+00
7.9764249665892406e-01 -3.6301411132346972e-02 1.0000000000000000e+00
7.6275827950549424e-01 7.4514156178531743e-02 1.0000000000000000e+00
6.8458176863779774e-01 6.9990924817472780e-02 1.0000000000000000e+00
5.9159478151316425e-01 7.6005449861332550e-02 1.0000000000000000e+00
5.2692956316178630e-01 1.4069692443803591e-01 1.0000000000000000e+00
4.6392917134201339e-01 1.8605244113393346e-01 1.0000000000000000e+00
3.9467102194258463e-01 2.2111639707109432e-01 1.0000000000000000e+00
3.2738095238095238e-01 2.8273809523809512e-01 1.0000000000011493e+00
2.5317252668426254e-01 2.6810500501991208e-01 1.0000000000001958e+00
1.7489638278840539e-01 3.6726499963157389e-01 1.0000000000003457e+00
1.4648030227421793e-01 4.4989716797919527e-01 1.0000000000008038e+00
1.2972890118213182e-01 5.3565811153201826e-01 1.0000000000038320e+00
5.5802487397229275e-02 6.4258197746912349e-01 1.0000000000000000e+00
-4.5458424437022915e-03 7.4169404951548357e-01 1.0000000000000000e+00
-1.4491435203820284e-02 8.2961424787817861e-01 1.0000000000000000e+00
-5.7497912374692421e-02 8.8881980017711082e-01 1.0000000000000000e+00
-4.1384999203592274e-02 9.6020066967875617e-01 1.0000000000000000e+00
-8.8374963447842014e-02 1.0549955483552422e+00 8.2841133652271992e-01
-8.8374751524072093e-02 1.1559949010857595e+00 6.2212377394584462e-01
-1.6004755953560629e-01 1.2149320398038750e+00 5.0143816587849355e-01
-9.0856269968996206e-02 1.3039398182582453e+00 3.4502653462712329e-01
-1.4412240754847788e-01 1.3561206833171182e+00 2.4946106549779273e-01
-1.7491656411514078e-01 1.4169052177199217e+00 1.4227277394278490e-01
-1.8750000000000000e-01 1.5000000000000000e+00 0.0000000000000000e+00
2.1754410761459347e-01 5.6458553208128182e-01 1.0000000000057865e+00
2.1978077899126294e-01 6.5701552419186571e-01 1.0000000000000000e+00
1.3533997930738428e-01 6.7765178125121828e-01 1.0000000000000000e+00
-5.9761384759532410e-03 1.0446824887204098e+00 8.4823314922043058e-01
1.0259180934562087e+00 -5.4539602403379329e-02 8.5592947384196516e-01
1.0682129438910219e+00 -1.7005400505392354e-01 7.8012532613339469e-01
1.1408318274162306e+00 -1.7751880887120494e-01 6.3486807067623841e-01
1.1701554334653923e+00 -2.4437201873245162e-01 5.6723487961878805e-01
1.2587862350580801e+00 -2.6736468697703492e-01 4.0473202289077798e-01
1.3320955218635229e+00 -2.5598455978342383e-01 2.8084815914901839e-01
1.4017857142857144e+00 -1.9679052021739019e-01 1.6654924287680797e-01
1.4341064949589004e+00 -2.5854039657984196e-01 1.0940564994978465e-01
1.5000000000000000e+00 -2.8125000000000000e-01 0.0000000000000000e+00
9.4904136099652292e-01 -7.9068661694939757e-02 1.0000000000000000e+00
8.7538384841852923e-01 -1.1202738715921810e-01 1.0000000000000000e+00
8.0258630051203672e-01 -1.4972932671885647e-01 1.0000000000000000e+00
7.2405419755531208e-01 -1.2620002513655101e-01 1.0000000000000000e+00
7.2002228200166085e-01 1.6258897951530737e-04 1.0000000000000000e+00
6.3440892354879497e-01 -4.8247832763523707e-03 1.0000000000000000e+00
5.3043663932756413e-01 -5.5064141571217057e-04 1.0000000000000000e+00
5.0106857798353210e-01 6.9387492623882996e-02 1.0000000000000000e+00
4.3874295346882941e-01 1.1262338221689942e-01 1.0000000000000000e+00
3.5070654766121406e-01 1.4116446058574728e-01 1.0000000000000000e+00
3.2181856478779725e-01 2.0911326573284694e-01 1.0000000000000000e+00
2.3469601365362697e-01 1.9475900144818797e-01 1.0000000000000000e+00
1.7761543218073933e-01 2.7158972077593557e-01 1.0000000000035421e+00
1.0711689910130752e-01 2.7721857181018639e-01 1.0000000000055922e+00
1.0852843971757666e-01 3.9064400158176465e-01 1.0000000000037950e+00
5.9537293788700138e-02 4.4115290396753537e-01 1.0000000000031790e+00
2.0639426989764051e-02 5.4118083868149247e-01 1.0000000000000000e+00
-7.3688496091296227e-02 6.3118404093626423e-01 1.0000000000034381e+00
-8.2926056127216555e-02 7.1384889461210999e-01 1.0000000000000000e+00
-1.0015259254503089e-01 8.0745477544650457e-01 1.0000000000000000e+00
-1.3057278810301715e-01 8.9268205844918913e-01 1.0000000000000000e+00
-1.3005960303883479e-01 9.8317412830558981e-01 1.0000000000000000e+00
-1.6641474305290421e-01 1.0833807267935203e+00 7.5497366831371238e-01
-2.3707721676373594e-01 1.1631922134043453e+00 5.8224105878897747e-01
-2.2560943500804101e-01 1.2293294582423224e+00 4.6459939834870267e-01
-1.8749999999999997e-01 1.3035714285714286e+00 3.3830986701993482e-01
-2.5514423962154120e-01 1.3918731226481604e+00 1.8022396727736886e-01
-2.8125000000000000e-01 1.5000000000000000e+00 0.0000000000000000e+00
1.5531026777151530e-01 6.0575492776492434e-01 1.0000000000029277e+00
9.6895094254468461e-01 -1.6701229522879765e-01 1.0000000000000000e+00
8.4900850433932562e-01 -2.1730075721706582e-01 1.0000000000000000e+00
9.6713887539437571e-01 -2.4702341987992976e-01 1.0000000000000000e+00
1.0447515003598189e+00 -2.6655145360761706e-01 8.0719683712627199e-01
1.1150285740402497e+00 -2.9829187286419778e-01 6.5563107861692083e-01
1.2331277725066305e+00 -3.5526079089218981e-01 4.3000943676941550e-01
1.3604729763748513e+00 -3.2453001114471358e-01 2.2544970940213394e-01
1.4380641534789853e+00 -3.2812500000000000e-01 9.9522898642058683e-02
1.5000000000000000e+00 -3.7500000000000000e-01 0.0000000000000000e+00
7.2130168300010322e-01 -1.9461876793453434e-01 1.0000000000000000e+00
7.7064100514856348e-01 -2.4209857408792645e-01 1.0000000000000000e+00
6.1610179713020985e-01 -1.7367739180133032e-01 1.0000000000000000e+00
6.4429553665686323e-01 -9.1315437731112808e-02 1.0000000000000000e+00
5.7834911089866625e-01 -5.7244287004049363e-02 1.0000000000000000e+00
5.2083333333333337e-01 -1.0416666666666667e-01 1.0000000000000000e+00
4.3479830095250527e-01 -9.1399893848259514e-02 1.0000000000000000e+00
4.2855666231003875e-01 2.0638375969097345e-02 1.0000000000000000e+00
3.4562169350413247e-01 5.2474570550506076e-02 1.0000000000000000e+00
2.8396684929192512e-01 1.0315787989056588e-01 1.0000000000000000e+00
2.0723670027385810e-01 1.0650029611662565e-01 1.0000000000000000e+00
1.4034868973414091e-01 1.3954124621773700e-01 1.0000000000000000e+00
1.0744409275812139e-01 2.0649643896177416e-01 1.0000000000000000e+00
1.1854030437485681e-02 2.3381997015257866e-01 1.0000000000075453e+00
5.3706909543117562e-02 3.2357695989380691e-01 1.0000000000128431e+00
-5.0498781729253220e-02 3.9931801314794640e-01 1.0000000000182026e+00
-8.2964010474816607e-02 5.1316370981056469e-01 1.0000000000126890e+00
-1.4769653863639312e-01 5.6560760381023001e-01 1.0000000000133051e+00
-2.0150409600842006e-01 6.2921113350547153e-01 1.0000000000065212e+00
-1.6514205331219095e-01 7.2647190358566716e-01 1.0000000000001354e+00
-2.0724058042289556e-01 7.8425635900948443e-01 1.0000000000000000e+00
-2.1307973059016566e-01 8.5551106831940948e-01 1.0000000000000000e+00
-2.1880913188104800e-01 9.5006273314011525e-01 1.0000000000000000e+00
-2.0131278083736301e-01 1.0201411886474365e+00 8.7408458484276264e-01
-2.6925559396419058e-01 1.0446541723611438e+00 7.9471973975264232e-01
-2.8484986490597236e-01 1.1125239956561475e+00 6.6100398500757396e-01
-3.2101976966847384e-01 1.1720322487793260e+00 5.4202329649059966e-01
-2.8845768185545440e-01 1.2529036611209221e+00 4.1065101756958328e-01
-2.7982596794530540e-01 1.3243121283016843e+00 2.9072302949774509e-01
-3.3719616348578013e-01 1.4214126488403596e+00 1.2541133254472156e-01
-3.7500000000000000e-01 1.5000000000000000e+00 0.0000000000000000e+00
-1.4393446711831341e-02 4.6998052891283965e-01 1.0000000000091858e+00
8.5203991819728364e-01 -2.9853054520461986e-01 1.0000000000000000e+00
7.7490811760945999e-01 -3.2418504314477470e-01 1.0000000000000000e+00
6.8950463405856821e-01 -2.5526238574418403e-01 1.0000000000000000e+00
5.8454177023954124e-01 -2.8730743098826272e-01 1.0000000000000000e+00
5.2876560838110209e-01 -2.1061813490118958e-01 1.0000000000000000e+00
4.3963628350760831e-01 -1.7824234435354797e-01 1.0000000000000000e+00
3.5071372101678300e-01 -1.1364400996915944e-01 1.0000000000000000e+00
3.5830930321344723e-01 -3.0273849694345469e-02 1.0000000000000000e+00
2.5959159774566964e-01 3.0325643713034089e-02 1.0000000000000000e+00
1.7022776700930997e-01 -7.9067094501298063e-03 1.0000000000000000e+00
1.2376297976269719e-01 6.6804566596732839e-02 1.0000000000000000e+00
2.7542283891922266e-02 9.7019527933620286e-02 1.0000000000000000e+00
-5.2422250557941759e-02 1.5847715099750295e-01 1.0000000000000000e+00
-7.6226152758389010e-02 2.7909537213885316e-01 1.0000000000142275e+00
-1.1672544914781331e-01 3.7666398755485075e-01 1.0000000000278642e+00
-1.3554228412139174e-01 4.4408136717256003e-01 1.0000000000265328e+00
-2.0076059837032947e-01 5.0138247022071802e-01 1.0000000000171447e+00
-2.6212554606326538e-01 5.6494204340644638e-01 1.0000000000108671e+00
-3.2915825472121962e-01 6.2249282201878620e-01 1.0000000000073179e+00
-2.3483832684307560e-01 6.8703299128918038e-01 1.0000000000037128e+00
-2.6724137931034481e-01 7.4538177339901490e-01 1.0000000000015357e+00
-2.9714006584150399e-01 8.2846897612364190e-01 1.0000000000000606e+00
-3.1121137620418304e-01 9.2921402566059252e-01 1.0000000000000000e+00
-3.5445865588456232e-01 1.0211876901729335e+00 7.9510528603583341e-01
-3.7500000000000000e-01 1.1071428571428572e+00 6.3225036571509208e-01
-3.8766746221118042e-01 1.2238259114450274e+00 4.3355457731464964e-01
-3.5091145833333337e-01 1.3352906858766234e+00 2.6167796261316534e-01
-4.4923203656462590e-01 1.4050275353986292e+00 1.4055917009396918e-01
-4.6875000000000000e-01 1.5000000000000000e+00 0.0000000000000000e+00
9.3086931054556366e-01 -3.1836472853749531e-01 1.0000000000000000e+00
1.0036504968997950e+00 -3.2727357616388753e-01 8.5209928622438669e-01
1.1071428571428572e+00 -3.7500000000000000e-01 6.3665374596316693e-01
1.1814555835908322e+00 -4.7251924326850420e-01 4.7474288595703962e-01
1.3035714285714286e+00 -4.6156002228942722e-01 2.9171895357599681e-01
1.4041527194624834e+00 -4.2187500000000000e-01 1.4587107954182929e-01
1.5000000000000000e+00 -4.6875000000000000e-01 0.0000000000000000e+00
1.3351744821734342e+00 -3.9435399708244911e-01 2.5626771539789206e-01
1.6204903097502187e-02 1.6501914320953581e-01 1.0000000000000000e+00
-1.0403244638620843e-02 2.9883464375319557e-01 1.0000000000178080e+00
8.5553646891147850e-01 -3.9222414380587012e-01 1.0000000000000000e+00
9.2888324447811110e-01 -3.9168658068070855e-01 9.2105769399527515e-01
1.0016918360899096e+00 -4.0057181830509753e-01 8.0163773939344407e-01
1.0726898230804651e+00 -4.6313648756328607e-01 6.4918463883770861e-01
1.1656962520432206e+00 -5.4569305408752555e-01 4.6749573969554270e-01
1.2573693064408937e+00 -5.5933468174563328e-01 3.3283981488530812e-01
1.3439359729969880e+00 -5.2218928059690661e-01 2.2045164522534780e-01
1.4165428743459172e+00 -5.1640643647788753e-01 1.1784293658166653e-01
1.5000000000000000e+00 -5.6250000000000000e-01 0.0000000000000000e+00
6.6845486713476276e-01 -3.6392363054675347e-01 1.0000000000000000e+00
7.5056036530734938e-01 -4.2141616812839217e-01 1.0000000000000000e+00
4.7786017183814794e-01 -3.1210159169259244e-01 1.0000000000000000e+00
5.3126172887921486e-01 -3.9195209127967556e-01 1.0000000000000000e+00
5.9599434978484644e-01 -3.5902468591927023e-01 1.0000000000000000e+00
4.6658180476094419e-01 -2.4293506783279417e-01 1.0000000000000000e+00
3.7727965430085852e-01 -2.6875100537084462e-01 1.0000000000000000e+00
3.1551084936253199e-01 -2.1389386549194792e-01 1.0000000000000000e+00
2.6625659733224427e-01 -1.4757109627851139e-01 1.0000000000000000e+00
2.7932150755148960e-01 -5.8008388263055891e-02 1.0000000000000000e+00
1.9362431876499306e-01 -9.2720343898649610e-02 1.0000000000000000e+00
9.4103000112164256e-02 -5.2017604785395105e-02 1.0000000000000000e+00
0.0000000000000000e+00 0.0000000000000000e+00 1.0000000000000000e+00
6.0957348850547398e-02 3.5114358587820041e-02 1.0000000000000000e+00
-4.7452842427193553e-02 6.5890268639578226e-02 1.0000000000000000e+00
-1.0925833021053782e-01 9.5060681278550191e-02 1.0000000000000000e+00
-1.2197316394298985e-01 2.0470613280568414e-01 1.0000000000000000e+00
-1.4796249197858527e-01 3.0726807734171663e-01 1.0000000000185494e+00
-1.8666558062010175e-01 3.7391546748393778e-01 1.0000000000217579e+00
-2.9004180284921971e-01 4.5176058354987131e-01 1.0000000000161251e+00
-3.1513712974144098e-01 5.1798386537757712e-01 1.0000000000132918e+00
-3.6683497846918722e-01 5.6104809023011692e-01 1.0000000000092197e+00
-3.8680559183434127e-01 6.6023988131642319e-01 1.0000000000050639e+00
-3.0156597549332698e-01 6.8563331686055340e-01 1.0000000000039413e+00
-3.5921331260644862e-01 7.2338037615819040e-01 1.0000000000031906e+00
-3.8433887100869912e-01 8.1454837662845747e-01 1.0000000000005125e+00
-3.4889506602812315e-01 8.7259543931710937e-01 1.0000000000000000e+00
-3.7374240288198574e-01 9.5596564304368015e-01 9.0268367638682090e-01
-4.3516382575419588e-01 9.8517501041691036e-01 8.0984008011778552e-01
-4.6569950637005991e-01 1.0808043570655517e+00 6.2829641166146488e-01
-4.3360679822394038e-01 1.1396256919771346e+00 5.5157486772919384e-01
-4.5877039323828406e-01 1.2513497379782168e+00 3.6856690770295208e-01
-4.3335524381175516e-01 1.3232333801181457e+00 2.6544732945965599e-01
-5.1432291666666674e-01 1.3035714285714286e+00 2.7692269844617934e-01
-5.4379876454779930e-01 1.4072736558938932e+00 1.2658105647877882e-01
-5.6250000000000000e-01 1.5000000000000000e+00 0.0000000000000000e+00
9.2196987855544910e-01 -4.7418054889741124e-01 8.8134582564313513e-01
8.4373025071657959e-01 -5.0876392865217857e-01 1.0000000000000000e+00
7.5910937324497474e-01 -5.2128417687507334e-01 1.0000000000000000e+00
6.7666753638528987e-01 -4.3956904883352810e-01 1.0000000000000000e+00
6.0246913351853315e-01 -4.5642948346677847e-01 1.0000000000000000e+00
5.2464139298697021e-01 -4.7082208048967655e-01 1.0000000000000000e+00
4.3777066081124005e-01 -4.1402580347827034e-01 1.0000000000000000e+00
4.0518508902414396e-01 -3.4236278609737558e-01 1.0000000000000000e+00
3.2951609376323443e-01 -3.7387061639273733e-01 1.0000000000000000e+00
2.8971379250619705e-01 -2.9237445491858827e-01 1.0000000000000000e+00
2.2508467451475334e-01 -2.2874329409290012e-01 1.0000000000000000e+00
1.5053816970541772e-01 -1.6148613319152819e-01 1.0000000000000000e+00
6.9530777684352729e-02 -1.5669526105777112e-01 1.0000000000000000e+00
1.6253363513993247e-02 -8.1724498231279530e-02 1.0000000000000000e+00
-7.2387533919154826e-02 -4.2327612370295482e-02 1.0000000000000000e+00
-1.1895425272657048e-01 2.7408479686672167e-02 1.0000000000000000e+00
-1.6572070550929238e-01 1.3356823208728905e-01 1.0000000000000000e+00
-1.9460955786635031e-01 2.4591781306172325e-01 1.0000000000106808e+00
-2.3706781284602785e-01 3.1279826181803300e-01 1.0000000000165559e+00
-3.1306530434092084e-01 3.5224483861954686e-01 1.0000000000156339e+00
-3.8226888202553033e-01 4.0835727554454015e-01 1.0000000000133920e+00
-3.8231490307343868e-01 4.9556857465865189e-01 1.0000000000117846e+00
-4.5355523601813952e-01 5.1883790113968797e-01 1.0000000000063023e+00
-4.2791873507889167e-01 5.8926102527192747e-01 1.0000000000068732e+00
-4.4823141013354684e-01 6.9146366725160746e-01 1.0000000000024749e+00
-4.6376093719949069e-01 8.0388668307361244e-01 1.0000000000000000e+00
-4.2209032120369888e-01 8.9618625480967284e-01 1.0000000000000000e+00
-5.2716019955644944e-01 9.6319409061931971e-01 7.6205020982874683e-01
-4.9727587925517325e-01 1.0224413396876455e+00 6.9936034543813763e-01
-5.2473278105818344e-01 1.1125055216581838e+00 5.4723144285576175e-01
-4.9264007291206396e-01 1.1713268565697668e+00 4.7654644637447563e-01
-5.5830687232718612e-01 1.2163211844744721e+00 3.8487175776250371e-01
-6.2780676269780900e-01 1.2551333388528811e+00 3.0896548218472680e-01
-5.7284058503121804e-01 1.3429787874528953e+00 2.0899021223366770e-01
-6.3386917266900200e-01 1.3783732635158865e+00 1.5135427392299469e-01
-6.0499195010325235e-01 1.4431811146675144e+00 7.3021730759222692e-02
-6.5625000000000000e-01 1.5000000000000000e+00 0.0000000000000000e+00
9.9790011545086788e-01 -4.7644100433184311e-01 7.5911506335720835e-01
1.0915398740876316e+00 -5.5587120367933862e-01 5.7037459113092548e-01
1.1568314224797340e+00 -6.2001786769251077e-01 4.4687856510655177e-01
1.2363150640137208e+00 -6.6540653945049189e-01 3.2547187242381637e-01
1.3198987044845345e+00 -6.6652624276311501e-01 2.2029796743290647e-01
1.3600652391893124e+00 -5.9321779727644275e-01 1.8491477466439793e-01
1.4304099006986803e+00 -6.2389631501003151e-01 8.8945880445547465e-02
1.5000000000000000e+00 -6.5625000000000000e-01 0.0000000000000000e+00
8.6749720316916212e-01 -5.9093802122851280e-01 8.8030536117158498e-01
7.7641816089404370e-01 -6.1350777174152815e-01 1.0000000000000000e+00
7.0071387283359976e-01 -6.1931702892236395e-01 1.0000000000000000e+00
6.7307437821422877e-01 -5.4859966869930754e-01 1.0000000000000000e+00
5.8288565387462266e-01 -5.4483795824595971e-01 1.0000000000000000e+00
4.9235117787542626e-01 -5.4308303850548223e-01 1.0000000000000000e+00
4.2289713699332510e-01 -5.0179967672867709e-01 1.0000000000000000e+00
3.6425441660670832e-01 -4.4621900472748388e-01 1.0000000000000000e+00
2.9843918763854710e-01 -4.3661896238958420e-01 1.0000000000000000e+00
2.5548199175460895e-01 -3.5956078746764564e-01 1.0000000000000000e+00
1.8468049686589949e-01 -3.3361916481961135e-01 1.0000000000000000e+00
1.2595442790905265e-01 -2.3882169847132795e-01 1.0000000000000000e+00
2.1169161738410568e-02 -2.4087096270969321e-01 1.0000000000000000e+00
-4.0353328229240870e-02 -1.4286979965795407e-01 1.0000000000000000e+00
-1.3922424360619123e-01 -9.2967873764541853e-02 1.0000000000000000e+00
-1.8579096241360687e-01 -2.3231781707574228e-02 1.0000000000000000e+00
-2.4032471942399733e-01 4.0467913599377417e-02 1.0000000000000000e+00
-2.8448382105394110e-01 1.5810490987519132e-01 1.0000000000069604e+00
-2.9240680739803654e-01 2.5611234184016335e-01 1.0000000000131308e+00
-3.6433914400710160e-01 2.9094032792939811e-01 1.0000000000148690e+00
-4.4146757558794419e-01 3.4431566804120428e-01 1.0000000000125102e+00
-4.6348984294308665e-01 4.4012153720346586e-01 1.0000000000062554e+00
-5.2834311147219148e-01 5.1399845096202501e-01 1.0000000000016280e+00
-5.2351234279999237e-01 6.2338177243914616e-01 1.0000000000010234e+00
-5.7320442730283994e-01 6.9015135245833292e-01 1.0000000000000000e+00
-5.3254689385631582e-01 7.6277672717145562e-01 1.0000000000000000e+00
-5.0829132055871196e-01 8.7050936138477530e-01 9.0447496629257418e-01
-6.2767299807889243e-01 9.0735733571318644e-01 7.5044303906162169e-01
-6.2070907005032716e-01 9.9447497944943175e-01 6.4672383086370977e-01
-5.5604100251830824e-01 1.0532629134615794e+00 6.1332848809493878e-01
-6.0281734286726574e-01 1.1503254565724121e+00 4.5421547235199666e-01
-7.0982142857142860e-01 1.1629464285714286e+00 3.8716531709829971e-01
-7.2526805780987924e-01 1.2492507569266667e+00 2.8127392393121148e-01
-6.8028738513394094e-01 1.3143207888127513e+00 2.1979237422770065e-01
-7.2200895986867686e-01 1.4104712194978972e+00 1.0103139195698407e-01
-7.5000000000000000e-01 1.5000000000000000e+00 0.0000000000000000e+00
9.7690415109507855e-01 -5.7089561496234298e-01 7.2887524830160755e-01
1.0350776988287633e+00 -6.3621892691071957e-01 6.0120238718043362e-01
1.1016059634724809e+00 -6.9301053494679898e-01 4.8005868555769959e-01
1.1719233020049029e+00 -6.9366711591761732e-01 3.9273676493712673e-01
1.2827936929924180e+00 -7.3572659352394221e-01 2.4608352593607241e-01
1.3429946698367272e+00 -7.8613802883620587e-01 1.6640380061018439e-01
1.3988915411906513e+00 -6.9386870861722705e-01 1.1968931374469691e-01
1.5000000000000000e+00 -7.5000000000000000e-01 0.0000000000000000e+00
9.5982142857142860e-01 -6.8080357142857140e-01 6.6773546737485800e-01
1.0238625856266992e+00 -7.6648306727969007e-01 5.2463777219445951e-01
1.1464967799911030e+00 -7.5922969041813726e-01 3.9072928008509827e-01
1.2220623140600753e+00 -7.8549777028547574e-01 2.9621065913906669e-01
1.2787269467726057e+00 -8.5120786374216106e-01 2.1394561390052458e-01
1.3938059021847258e+00 -8.9040927712675255e-01 9.6245165714682973e-02
1.5000000000000000e+00 -8.4375000000000000e-01 0.0000000000000000e+00
1.4226343175929073e+00 -8.1184548582065019e-01 7.8956568879710851e-02
8.6505699549078008e-01 -6.7770347608352999e-01 7.9687733817410245e-01
7.8338052281142823e-01 -7.0708293456000215e-01 8.6884026181439145e-01
6.8720137953974281e-01 -6.9882182541823545e-01 1.0000000000000000e+00
6.2500000000000000e-01 -6.2500000000000000e-01 1.0000000000000000e+00
5.0407580472854074e-01 -6.1628974879039089e-01 1.0000000000000000e+00
3.9202611183072383e-01 -6.1408541847089915e-01 1.0000000000000000e+00
3.4526619867134328e-01 -5.2419648832532639e-01 1.0000000000000000e+00
2.7405469624230339e-01 -4.9849950663708958e-01 1.0000000000000000e+00
2.3193542755918917e-01 -4.3559179525218561e-01 1.0000000000000000e+00
1.1997713137719425e-01 -4.2141535323399354e-01 1.0000000000000000e+00
7.2784953806281139e-02 -3.2309142643194766e-01 1.0000000000000000e+00
-1.1059306213422583e-02 -3.1841486035485156e-01 1.0000000000000000e+00
-7.5659560554061783e-02 -2.4784184390961878e-01 1.0000000000000000e+00
-1.1858843441738430e-01 -1.7497971279403898e-01 1.0000000000000000e+00
-2.2623567680727075e-01 -1.9058617980360523e-01 1.0000000000000000e+00
-2.3039074165414022e-01 -9.9294903609727481e-02 1.0000000000000000e+00
-2.7754436748612454e-01 -3.2412011506098723e-02 1.0000000000000000e+00
-3.1731792318913565e-01 3.3844239184077536e-02 1.0000000000000000e+00
-3.8098942583625212e-01 7.7636547178042137e-02 1.0000000000046028e+00
-3.5094667885047204e-01 1.7676408486899706e-01 1.0000000000095193e+00
-4.0364583333333337e-01 2.2135416666666669e-01 1.0000000000108231e+00
-4.6814742026051831e-01 2.4554407275936108e-01 1.0000000000106533e+00
-5.1881867450124819e-01 2.9221344458468013e-01 1.0000000000073919e+00
-5.6709903829781128e-01 3.7200592959348810e-01 1.0000000000000000e+00
-6.0321496877441949e-01 4.5814888441430818e-01 1.0000000000000000e+00
-6.0779393041800867e-01 5.4239877574475515e-01 1.0000000000000000e+00
-6.2500000000000000e-01 6.2500000000000000e-01 1.0000000000001259e+00
-6.8746770857648276e-01 6.9853493925989574e-01 1.0000000000000000e+00
-6.4108255473523879e-01 7.8314001836202218e-01 8.9317033574908333e-01
-6.6844942494615267e-01 8.4892679302982454e-01 7.8857919648521846e-01
-7.1372331649187637e-01 9.1696846874008231e-01 6.6901180958098061e-01
-7.0765374299591266e-01 1.0033408685829355e+00 5.7272927584079514e-01
-7.9552108930877630e-01 1.0715235320729946e+00 4.4000767002727487e-01
-8.1051087949800049e-01 1.1456288453915855e+00 3.5538411080324939e-01
-8.0833670483758857e-01 1.2212037369661657e+00 2.8006323293033275e-01
-7.6529797907066055e-01 1.3272548648411511e+00 1.8386633407014638e-01
-8.0144963451932305e-01 1.4299839541148993e+00 7.0957068025386955e-02
-8.4375000000000000e-01 1.5000000000000000e+00 0.0000000000000000e+00
-5.3407096379946051e-01 4.4356586122526881e-01 1.0000000000000000e+00
-5.7625987424662306e-01 8.2921537046137406e-01 8.9037924258844348e-01
-6.6491749570616587e-01 1.0837387918615744e+00 5.0519172804981061e-01
9.5229384298784181e-01 -7.8702186596920687e-01 5.8924254621251826e-01
1.0116376605683572e+00 -8.4044178805555203e-01 4.8417589004956085e-01
1.1097248997841220e+00 -8.3027890424270612e-01 3.9137880577468032e-01
1.1990880649370128e+00 -8.8565123004844382e-01 2.7616796146603650e-01
1.2878024193548387e+00 -9.3750000000000000e-01 1.7871424966166252e-01
1.3395637024779965e+00 -9.9202288765081004e-01 1.2216736304410122e-01
1.4145669048536238e+00 -9.8687552505048337e-01 6.5426679860017461e-02
1.5000000000000000e+00 -9.3750000000000000e-01 0.0000000000000000e+00
8.8186556788926140e-01 -7.6286021782272928e-01 6.8988718804988403e-01
8.1185732701125701e-01 -7.8471792855541422e-01 7.4514429881963129e-01
7.3896178640941734e-01 -7.9278969847730474e-01 8.1000775671285075e-01
6.4278264313773192e-01 -7.8452858933553804e-01 9.0352928996964799e-01
6.1415722776071358e-01 -7.1532936547829118e-01 1.0000000000000000e+00
5.5322194778350864e-01 -6.7179962114120761e-01 1.0000000000000000e+00
4.6803902590406354e-01 -6.8108203133653256e-01 1.0000000000000000e+00
3.7709970513105889e-01 -6.9408090790250243e-01 1.0000000000000000e+00
3.0250806300701372e-01 -6.6155149242045108e-01 1.0000000000000000e+00
2.5917141883543476e-01 -5.7272821401985985e-01 1.0000000000000000e+00
3.2629439563405715e-01 -5.9117219349218919e-01 1.0000000000000000e+00
1.6757406598140495e-01 -4.9470201380994966e-01 1.0000000000000000e+00
9.7441153703417951e-02 -5.1162776204855953e-01 1.0000000000000000e+00
3.0743819266837152e-02 -4.8412190963341856e-01 1.0000000000000000e+00
3.8352482532358873e-02 -4.0010514677123821e-01 1.0000000000000000e+00
-6.3128966997590755e-02 -3.8429718449681544e-01 1.0000000000000000e+00
-1.3221458568671568e-01 -3.2183825815684058e-01 1.0000000000000000e+00
-1.6924681184818674e-01 -2.4906435138684041e-01 1.0000000000000000e+00
-2.6471402506221275e-01 -2.5021151919275453e-01 1.0000000000000000e+00
-2.9996016429497746e-01 -1.7370077850499713e-01 1.0000000000000000e+00
-3.2175505811362282e-01 -1.0127564864129557e-01 1.0000000000000000e+00
-3.7546858669904803e-01 -1.9797384426097169e-02 1.0000000000031033e+00
-4.3270768006946081e-01 2.5832689679043008e-02 1.0000000000055929e+00
-5.0969565234431569e-01 9.3347390987905718e-02 1.0000000000026401e+00
-4.8156516249453318e-01 1.7797506754069517e-01 1.0000000000054881e+00
-4.1287147625901638e-01 1.4625513956041433e-01 1.0000000000058962e+00
-5.6445362265532739e-01 2.1087903797109606e-01 1.0000000000030251e+00
-5.9190937312291758e-01 2.7975344277051439e-01 1.0000000000000000e+00
-6.5972159708514955e-01 3.0973684070184992e-01 1.0000000000000000e+00
-6.7957248401760839e-01 3.9232884162621323e-01 1.0000000000000000e+00
-6.9492533290638914e-01 4.7587395734038018e-01 1.0000000000000000e+00
-7.0497176332118228e-01 5.7154178388180299e-01 1.0000000000000000e+00
-7.3326381212223657e-01 6.4014431815075756e-01 1.0000000000000000e+00
-7.7530081029280074e-01 7.3847174120551828e-01 8.2106171801752204e-01
-7.7971326694730936e-01 8.6091173305269053e-01 6.7548347626743477e-01
-7.2180113082009334e-01 8.0169925035953804e-01 8.0023928056689186e-01
-7.8677767350455785e-01 9.9208233613475183e-01 5.2842492818390541e-01
-8.6645620715349692e-01 9.8586283393774155e-01 4.7613985829775779e-01
-9.0596807912318944e-01 1.0575151412844392e+00 3.8335518486193709e-01
-8.8559539798720499e-01 1.1367628228782027e+00 3.2503186340100865e-01
-8.9816875042438804e-01 1.2258308733444765e+00 2.3964032545981265e-01
-8.5094105545545484e-01 1.3131496101149578e+00 1.7605518811893431e-01
-8.7597555636366176e-01 1.3962577836469245e+00 9.3496629686438362e-02
-9.3750000000000000e-01 1.5000000000000000e+00 0.0000000000000000e+00
-8.4247181436422003e-01 9.0992848180164609e-01 5.6799018474772978e-01
9.3936694302714197e-01 -8.6034868529148190e-01 5.3965167871585451e-01
1.0265153454429481e+00 -9.1391284129597028e-01 4.1653919953267660e-01
1.1211870905964059e+00 -9.5265846713553093e-01 3.1039333335422858e-01
1.2070688252043409e+00 -9.7371596857459530e-01 2.3089381426468764e-01
1.2749251760156255e+00 -1.0304134672910279e+00 1.5825554770520375e-01
1.3602938071195410e+00 -1.0692841840775988e+00 9.0740548552796535e-02
1.4301469035597705e+00 -1.0971420920387993e+00 4.2203818125533310e-02
1.5000000000000000e+00 -1.0312500000000000e+00 0.0000000000000000e+00
8.5012622586283504e-01 -8.4728313206338735e-01 6.3906330131124467e-01
7.6811453066479030e-01 -8.8481573298443972e-01 6.7494817964575693e-01
6.8803740160646920e-01 -9.0328754244198806e-01 7.2221459316276948e-01
5.7360298040953916e-01 -8.3770758951153412e-01 9.0183468847133330e-01
5.4129354133246299e-01 -7.5665247282276615e-01 1.0000000000000000e+00
4.7024328302180302e-01 -7.7517048181656456e-01 1.0000000000000000e+00
3.9685086324970736e-01 -7.7302372074406323e-01 1.0000000000000000e+00
2.6904591573487513e-01 -7.5306348601847262e-01 1.0000000000000000e+00
2.3327712763467801e-01 -6.4034552728426153e-01 1.0000000000000000e+00
1.6075935039090361e-01 -5.8182240438249866e-01 1.0000000000000000e+00
7.7821555680669383e-02 -5.8105526172595234e-01 1.0000000000000000e+00
-3.3954005710205536e-02 -5.4785034067908467e-01 1.0000000000000000e+00
-8.7074520590183432e-02 -4.4860605783602703e-01 1.0000000000000000e+00
-1.3249826201576992e-01 -3.9158918575984480e-01 1.0000000000000000e+00
-2.2448672646990608e-01 -3.0919736323248281e-01 1.0000000000000000e+00
-2.9135224022482364e-01 -3.1598514517346427e-01 1.0000000000000000e+00
-3.3427169176849469e-01 -2.6426482428720277e-01 1.0000000000000000e+00
-3.7539838963974609e-01 -1.7913133917328614e-01 1.0000000000000000e+00
-4.0757332247761408e-01 -9.9554260999095187e-02 1.0000000000019873e+00
-4.7168237010987962e-01 -3.6130129890120322e-02 1.0000000000024933e+00
-5.5931583608049262e-01 1.3957627938905079e-02 1.0000000000005933e+00
-5.8368511325644834e-01 1.3039740334968203e-01 1.0000000000000513e+00
-6.5191358157539148e-01 2.2192817012004662e-01 1.0000000000000000e+00
-7.3952414772727282e-01 2.3171164772727276e-01 1.0000000000000000e+00
-7.8546646265298925e-01 2.8493471197249959e-01 1.0000000000000000e+00
-7.5867142479229022e-01 3.6136347553732828e-01 1.0000000000000000e+00
-7.7702021937033572e-01 4.3983321204317011e-01 1.0000000000000000e+00
-7.8613030171352838e-01 5.1990308284026709e-01 1.0000000000000000e+00
-8.0453962043489236e-01 6.1949227508325733e-01 8.9938016809843357e-01
-8.3030874645018227e-01 6.8890735602868447e-01 8.0070104035535261e-01
-8.9249372432903284e-01 7.7420467107363633e-01 6.4615581588110793e-01
-8.4998895819920306e-01 8.3561911639754927e-01 6.3339758389646761e-01
-9.1802740499248103e-01 8.8477635154169609e-01 5.2347264545941719e-01
-9.3498670992441668e-01 9.9479279250457830e-01 4.1578739093818895e-01
-9.7464692834723443e-01 1.1019949889001395e+00 3.0422315271883676e-01
-9.4663746144703875e-01 1.1735672663138885e+00 2.6301188879914777e-01
-9.8512059180114364e-01 1.2335651766624491e+00 1.9977130288721340e-01
-9.3750000000000000e-01 1.3067274716177861e+00 1.5798076133451996e-01
-9.8437500000000000e-01 1.4033637358088931e+00 7.2400721987643399e-02
-1.0312500000000000e+00 1.5000000000000000e+00 0.0000000000000000e+00
-1.9402116647394510e-02 -4.3722772440715918e-01 1.0000000000000000e+00
9.5046012391022783e-01 -9.3997709265446416e-01 4.6177900708668673e-01
1.0156250000000000e+00 -1.0156250000000000e+00 3.5205829664494104e-01
1.0976951606156979e+00 -1.0332443298833180e+00 2.8125999977177291e-01
1.1763770886056322e+00 -1.0624865298144186e+00 2.1153702394899396e-01
1.2661946030056412e+00 -1.1238078616355256e+00 1.3179744335471430e-01
1.3686908652904390e+00 -1.1440170920387995e+00 6.9777004157281927e-02
1.4385439617306686e+00 -1.1718750000000000e+00 3.0117749770305399e-02
1.5000000000000000e+00 -1.1250000000000000e+00 0.0000000000000000e+00
8.3535141264829649e-01 -9.2336631288599524e-01 5.7567238488251060e-01
7.4314039590828973e-01 -9.6425650472471458e-01 6.0629415425295774e-01
6.7283939728305675e-01 -9.7948768921615526e-01 6.4267941471265666e-01
6.1376075557316623e-01 -9.3845193063377119e-01 7.4230487515583687e-01
5.3235161457588975e-01 -9.1739047618298042e-01 8.4566154460855436e-01
4.8681038910851343e-01 -8.4670080307278139e-01 1.0000000000000000e+00
3.7928768434445559e-01 -8.4565776579507257e-01 1.0000000000000000e+00
3.0458373784878368e-01 -8.4378957637701746e-01 1.0000000000000000e+00
2.3888357443272490e-01 -8.2222166284442721e-01 1.0000000000000000e+00
1.7008750621241769e-01 -8.1523686760956493e-01 1.0000000000000029e+00
1.8894080174969835e-01 -6.9758978967715723e-01 1.0000000000000000e+00
1.1822441988416814e-01 -6.5349057675533628e-01 1.0000000000000000e+00
4.2748409705131718e-04 -6.1087847387625993e-01 1.0000000000000000e+00
-8.3589509304050971e-02 -5.9972470042137671e-01 1.0000000000000000e+00
-9.8436717113642117e-02 -5.1628117303487087e-01 1.0000000000000000e+00
-1.9483274049431970e-01 -5.2040029615850369e-01 1.0000000000000000e+00
-1.9430551549378913e-01 -4.2391774575318630e-01 1.0000000000000000e+00
-2.5873189477164976e-01 -3.7953705617076244e-01 1.0000000000000000e+00
-3.3294772283260837e-01 -4.0428407255440835e-01 1.0000000000000000e+00
-3.5596489804823539e-01 -3.3448583063055193e-01 1.0000000000000000e+00
-4.1780614240251035e-01 -2.9477128131568597e-01 1.0000000000000000e+00
-4.6181332006046288e-01 -2.1749245706389692e-01 1.0000000000000000e+00
-4.8855900929343182e-01 -1.2799817431693694e-01 1.0000000000000000e+00
-5.5001555297808735e-01 -7.1218409700870858e-02 1.0000000000008504e+00
-6.3017429661867985e-01 -4.7230407502237975e-02 1.0000000000000000e+00
-6.3660758567398190e-01 6.6786432163170539e-02 1.0000000000000000e+00
-6.5066365777409074e-01 1.3230113633009050e-01 1.0000000000000000e+00
-7.1765213362418945e-01 1.3078663038977972e-01 1.0000000000000000e+00
-8.2041037184102417e-01 1.4103302507625340e-01 1.0000000000000000e+00
-8.2628126061634011e-01 2.2768488109418075e-01 1.0000000000000000e+00
-8.4982109720837573e-01 3.1325205435535597e-01 1.0000000000000000e+00
-8.7694008883408925e-01 3.7922127962859903e-01 1.0000000000000000e+00
-8.5721533364848801e-01 4.4776551660601027e-01 1.0000000000000000e+00
-9.1157471283207547e-01 5.5838208216991725e-01 8.0263238065888787e-01
-8.9056836492962643e-01 6.4588085606687107e-01 7.6014835185448204e-01
-9.3317805704953871e-01 7.1576232852263066e-01 6.4837409305095117e-01
-9.5506104986276885e-01 8.0820543734908101e-01 5.5034310190764557e-01
-1.0205602488957453e+00 8.3614425009766535e-01 4.6387126867599993e-01
-9.7875126382246935e-01 9.4130599233720158e-01 4.2457922162253653e-01
-1.0156250000000000e+00 1.0156250000000000e+00 3.4197701144976378e-01
-1.0695964954375481e+00 1.0908793670843602e+00 2.5634199054003187e-01
-1.0558986962114376e+00 1.1824681894449194e+00 2.0506060522223338e-01
-1.0544324498529494e+00 1.2633583092834200e+00 1.5348804589993775e-01
-1.0160534335395379e+00 1.3283107189752807e+00 1.2071189192691886e-01
-1.0690101168857193e+00 1.4219969632205787e+00 4.8878610185520824e-02
-1.1250000000000000e+00 1.5000000000000000e+00 0.0000000000000000e+00
8.8333723719901425e-01 -9.8422932424591625e-01 4.7667222590589864e-01
9.3292748493582089e-01 -1.0696769958500216e+00 3.6621989818123890e-01
1.0125307849503657e+00 -1.1011790051422476e+00 2.9167983109540729e-01
1.0866386630344336e+00 -1.1067329534753056e+00 2.4308867090200736e-01
1.1586924741815388e+00 -1.1546649541683698e+00 1.7655566921278865e-01
1.2225740708274895e+00 -1.2234308549744379e+00 1.1511891477071867e-01
1.2991189288636968e+00 -1.1975852315363302e+00 9.0644850798715954e-02
1.3770879234613371e+00 -1.2187500000000000e+00 5.1695914327028789e-02
1.4262399607132512e+00 -1.2817563100243687e+00 2.4024239095971397e-02
1.5000000000000000e+00 -1.2187500000000000e+00 0.0000000000000000e+00
8.0075357931409308e-01 -1.0243835761599305e+00 4.9781087485440317e-01
7.1040983275643022e-01 -1.0408283915846348e+00 5.4173148130180737e-01
6.3655516079472585e-01 -1.0448061255848498e+00 5.8588579754461545e-01
5.7173144605875670e-01 -1.0091940356970446e+00 6.8080992133149232e-01
4.9150671850871264e-01 -9.9089372486464544e-01 7.7265972717708242e-01
4.6353122889055598e-01 -9.2724793232435543e-01 9.0304481485479982e-01
3.9452171043205719e-01 -9.1881577426230887e-01 1.0000000000000000e+00
2.7510703185432039e-01 -9.5714253436766061e-01 1.0000000000000000e+00
2.1938653540260333e-01 -8.8856585502508489e-01 1.0000000000003892e+00
1.4932996069980381e-01 -8.8242849745525787e-01 1.0000000000008149e+00
8.8980558540203855e-02 -8.2318502363004964e-01 1.0000000000003402e+00
6.9721650962007525e-02 -7.2126246363595281e-01 1.0000000000000000e+00
2.2180765377625006e-03 -6.8669631471743608e-01 1.0000000000000000e+00
-1.0070089382322009e-01 -6.6641969967483250e-01 1.0000000000000000e+00
-1.6125781383094318e-01 -6.3364956319724741e-01 1.0000000000000000e+00
-2.2534424118503721e-01 -5.9104761865265421e-01 1.0000000000000000e+00
-1.4394279079202008e-01 -5.6742077831494919e-01 1.0000000000000000e+00
1.2410084568323891e-01 -7.6376799914610749e-01 1.0000000000000000e+00
-2.8782462015804150e-01 -5.4612325896459712e-01 1.0000000000000000e+00
-3.5381847901534574e-01 -4.8416172023611004e-01 1.0000000000000000e+00
-4.0457320450930334e-01 -4.2823489762725914e-01 1.0000000000000000e+00
-4.5749504377613714e-01 -3.7435419073040910e-01 1.0000000000000000e+00
-4.9260694236586955e-01 -2.8619775428484617e-01 1.0000000000000000e+00
-5.4745930199247128e-01 -2.2520266263907215e-01 1.0000000000000000e+00
-5.7944567453615847e-01 -1.4954283996753159e-01 1.0000000000000000e+00
-6.6308260985301692e-01 -1.5581306109265339e-01 1.0000000000000000e+00
-7.2916666666666663e-01 -1.0416666666666667e-01 1.0000000000000000e+00
-7.0935735018050272e-01 -2.4083388513209888e-02 1.0000000000000000e+00
-7.7202298169675521e-01 2.9570680168691577e-02 1.0000000000000000e+00
-8.3567774944597473e-01 6.8171239403084463e-02 1.0000000000000000e+00
-9.0716125918035317e-01 1.4519175471435017e-01 1.0000000000000000e+00
-9.1303214795566912e-01 2.3184361073227752e-01 1.0000000000000000e+00
-9.4403991119236730e-01 3.5503466702089947e-01 8.8241545010509292e-01
-9.4923964017527174e-01 4.4691588212491978e-01 8.3004865898405833e-01
-9.6501734835555186e-01 5.1434391395284729e-01 7.5650568952956643e-01
-9.9940522001767773e-01 5.7445173236409264e-01 6.6618275880679867e-01
-9.7920078630808716e-01 6.6142421369191284e-01 6.3210911747540954e-01
-9.9574538258327483e-01 7.4976309479807535e-01 5.4984186907428445e-01
-1.1013063111827601e+00 7.9667837868781100e-01 4.0546412867419601e-01
-1.0890723917734952e+00 8.6442540613304730e-01 3.7937201816949168e-01
-1.0604810599775174e+00 9.2705019561700719e-01 3.6584908038628600e-01
-1.1057481199124188e+00 1.0056197510116800e+00 2.8347001231591029e-01
-1.1763770886056322e+00 1.0624865298144186e+00 2.0567351964814473e-01
-1.1548648217433175e+00 1.1557636321830445e+00 1.7279867599641052e-01
-1.1282357054953724e+00 1.2477108214804664e+00 1.3646561909981417e-01
-1.0966929878663159e+00 1.3398753532247523e+00 9.4172342461649045e-02
-1.1572415674058163e+00 1.4117359042170430e+00 4.4047297393624105e-02
-1.2187500000000000e+00 1.5000000000000000e+00 0.0000000000000000e+00
-2.5832700191450564e-01 -4.7181061862847778e-01 1.0000000000000000e+00
-7.0370141689766186e-01 4.5944904829935851e-02 1.0000000000000000e+00
8.6415451054547432e-01 -1.0497773643038959e+00 4.2851141810733867e-01
8.3278477408420981e-01 -1.1104441772386278e+00 3.8814794497789062e-01
9.3721431302716562e-01 -1.1683791759580424e+00 2.7898684424257231e-01
1.0564730937583859e+00 -1.1746510097376968e+00 2.1569790886142165e-01
1.1266476994344559e+00 -1.2428847927258884e+00 1.4343821767990611e-01
1.2013335427986882e+00 -1.3263469250786799e+00 7.7251236134157936e-02
1.2824002264239847e+00 -1.2743419432208860e+00 7.3933045898823407e-02
1.3534408068600092e+00 -1.2951074095323611e+00 4.4658117511982100e-02
1.4072384651045555e+00 -1.3593750000000000e+00 1.9575449285124023e-02
1.5000000000000000e+00 -1.3125000000000000e+00 0.0000000000000000e+00
7.5018504671269670e-01 -1.1146462901649903e+00 4.3087547601718468e-01
6.8010919546375270e-01 -1.1585751848315999e+00 4.1579702878419078e-01
5.7892501348625580e-01 -1.0911645235247209e+00 5.6056124144033670e-01
5.1727007782293510e-01 -1.0566746583403275e+00 6.5007824118067004e-01
4.4501403305984144e-01 -1.0628149957391473e+00 6.8755059834184029e-01
3.6504500443759391e-01 -1.0321687322529520e+00 7.8907840892498959e-01
2.5639961036408693e-01 -1.0614072392503504e+00 7.7859277344340660e-01
1.8285472336274711e-01 -1.0287635749314767e+00 8.5683014359913834e-01
1.5808823529411764e-01 -9.5220588235294112e-01 1.0000000000000000e+00
7.6145481376002230e-02 -9.0366341165452602e-01 1.0000000000007967e+00
8.5854749974755215e-03 -8.3653195912052569e-01 1.0000000000006719e+00
-9.0125094050636859e-03 -7.6857456702326676e-01 1.0000000000003242e+00
-6.3578448106001773e-02 -7.2441061645973515e-01 1.0000000000000000e+00
-1.6990068178683340e-01 -7.0474620722606940e-01 1.0000000000000000e+00
-2.7998011842872456e-01 -6.7005345071923117e-01 1.0000000000000000e+00
-3.2075668355042203e-01 -6.1157951980502701e-01 1.0000000000000000e+00
-3.7402915329032094e-01 -5.6420892948260526e-01 1.0000000000000000e+00
-4.3476224581443867e-01 -5.0041391021701398e-01 1.0000000000000000e+00
-5.2906027987295001e-01 -4.3077620462019084e-01 1.0000000000000000e+00
-5.6541847814995339e-01 -3.0535879020856638e-01 1.0000000000000000e+00
-6.2927184410029469e-01 -2.3256776610393479e-01 1.0000000000000000e+00
-7.3790700125710518e-01 -1.8345241592821848e-01 1.0000000000000000e+00
-8.1746377624169875e-01 -1.8922675907434611e-01 1.0000000000000000e+00
-8.3624318411933263e-01 -6.4744126899417359e-02 1.0000000000000000e+00
-8.6794652871759348e-01 -2.6424337265389120e-04 1.0000000000000000e+00
-9.0947414783524116e-01 5.8372044783748384e-02 1.0000000000000000e+00
-9.9673058981446561e-01 1.4335463698591866e-01 8.9511856327445072e-01
-1.0003612622460556e+00 2.3061687001502046e-01 8.4830969901587439e-01
-9.9380001412949004e-01 3.0260338042725521e-01 8.2568353249890636e-01
-1.0024621500101196e+00 3.9781618250658907e-01 7.6624400918399282e-01
-1.0302137239260103e+00 4.9064679374605208e-01 6.7247720331840388e-01
-1.0871950873367833e+00 5.4144577010746608e-01 5.6164222242395201e-01
-1.0509578102301680e+00 6.3985266611846070e-01 5.5554947225144935e-01
-1.0764914448702898e+00 7.1029722338822099e-01 4.8237181964416165e-01
-1.1779635165663340e+00 7.4976191629156630e-01 3.4739418198605215e-01
-1.2077325064080695e+00 8.2770277494695743e-01 2.8339789887407169e-01
-1.1527900508177997e+00 8.9049048694419664e-01 3.0703179331087027e-01
-1.2002394545527522e+00 9.7159876388827471e-01 2.2938789313741548e-01
-1.2749251760156255e+00 1.0304134672910279e+00 1.5317922268997114e-01
-1.2661946030056412e+00 1.1238078616355256e+00 1.2778431548865185e-01
-1.2225740708274895e+00 1.2234308549744379e+00 1.1170027289179468e-01
-1.1772761412747705e+00 1.3159745067904116e+00 8.6557744719047383e-02
-1.2415194431508332e+00 1.3701749979098616e+00 4.9351905975703804e-02
-1.2656250000000000e+00 1.4413119847164233e+00 2.0185129974886938e-02
-1.3125000000000000e+00 1.5000000000000000e+00 0.0000000000000000e+00
4.2392233427019754e-01 -9.9819253894545656e-01 8.1496803682329111e-01
-7.7054911404200210e-01 -5.1438702425929100e-02 1.0000000000000000e+00
8.5977480023421016e-01 -1.2044364946564157e+00 2.8227762353360702e-01
7.7505189897151805e-01 -1.1935260237702210e+00 3.3121807923944080e-01
6.5637845823955032e-01 -1.2275287495735807e+00 3.4108814867516946e-01
6.0151416009521763e-01 -1.1669025974430736e+00 4.4454032243069697e-01
4.9731600645496693e-01 -1.1244442453829522e+00 5.5679544680440374e-01
4.1898825484079383e-01 -1.1444048104989817e+00 5.6168924724065128e-01
3.2289673404269970e-01 -1.0920261157369302e+00 6.9530834271712061e-01
2.2798581078113819e-01 -1.1259924508982393e+00 6.6056327346423893e-01
1.6031633378082652e-01 -1.1060065695604833e+00 7.1195820505646124e-01
7.6963727631231049e-02 -1.0428345164365842e+00 8.5279573576166412e-01
4.9807342824405021e-03 -9.6696084566492413e-01 1.0000000000000000e+00
-5.7101213085981477e-02 -9.2152097310085856e-01 1.0000000000000000e+00
-6.8041792657249051e-02 -8.0656719676149191e-01 1.0000000000000000e+00
-1.5614802298918551e-01 -7.7503344884686054e-01 1.0000000000000000e+00
-2.3249005753139673e-01 -7.3956002635827411e-01 1.0000000000000000e+00
-3.0426913207191858e-01 -7.3762578706897419e-01 1.0000000000000000e+00
-3.6056281386005212e-01 -6.7071834672487640e-01 1.0000000000000000e+00
-4.3093013531010582e-01 -6.3144427179469831e-01 1.0000000000000000e+00
-5.0198739952925775e-01 -5.7917640545359728e-01 1.0000000000000000e+00
-5.6291342063051586e-01 -5.1538702857209273e-01 1.0000000000000000e+00
-6.1802393981275794e-01 -4.1101528664845910e-01 1.0000000000000000e+00
-6.5415155427505334e-01 -3.2710350597566817e-01 1.0000000000000000e+00
-7.2068501752716418e-01 -2.6449608045684631e-01 1.0000000000000000e+00
-8.0360365016991575e-01 -2.7125797085614273e-01 1.0000000000000000e+00
-8.7168572317331694e-01 -2.4057470736617306e-01 1.0000000000002049e+00
-9.2692446146502361e-01 -1.3400034084766396e-01 1.0000000000000000e+00
-9.1764092000559361e-01 -5.2160533344637390e-02 1.0000000000000000e+00
-9.9714782993353546e-01 -3.0652639261962919e-02 1.0000000000000000e+00
-9.9645587505684896e-01 5.6349839906553664e-02 1.0000000000000000e+00
-1.0556049506155269e+00 9.3897595689690069e-02 8.2327530133905935e-01
-1.1174138452665821e+00 1.2688407240077648e-01 6.8603507443458611e-01
-1.0870778640977836e+00 2.2021927131052771e-01 7.0209190966234469e-01
-1.0648674242424243e+00 3.1581439393939398e-01 7.0085764043670273e-01
-1.0740823591577313e+00 4.0849146692355576e-01 6.4572884461808244e-01
-1.1089319298309539e+00 4.7217817760189429e-01 5.6317590208590607e-01
-1.1613053609765909e+00 5.2314060371786719e-01 4.6577015696584134e-01
-1.1198713212637961e+00 6.1043617169975428e-01 4.8229577946239804e-01
-1.1462070243018285e+00 6.8122914937338774e-01 4.1506458296477877e-01
-1.2355690979436325e+00 6.5529623838739715e-01 3.1780472575086244e-01
-1.2712995459522953e+00 7.1709135666914714e-01 2.5598542108252187e-01
-1.2810092327423865e+00 7.8780927194380412e-01 2.2377434383263684e-01
-1.3095164171076452e+00 8.6151508021432077e-01 1.7503136400611075e-01
-1.2878024193548387e+00 9.3750000000000000e-01 1.7310530643685199e-01
-1.2240405831339256e+00 9.0324139248167734e-01 2.3861008233738579e-01
9.7303713862142160e-01 -1.2280054431995591e+00 2.1437120974015533e-01
1.0307926984773554e+00 -1.2667722058247881e+00 1.6399009480663918e-01
1.0966991948222873e+00 -1.3360696171028568e+00 9.9030378598853774e-02
1.1563543714790578e+00 -1.4101789021429141e+00 4.6263959617298775e-02
1.2656250000000000e+00 -1.4274551326530553e+00 2.5298807641793115e-02
1.3037345542984413e+00 -1.3499458733703091e+00 4.4006534009441392e-02
1.3593750000000000e+00 -1.4293545376291021e+00 1.4754763539999296e-02
1.4312210969921420e+00 -1.4271364559115614e+00 7.4936238317541851e-03
1.5000000000000000e+00 -1.4062500000000000e+00 0.0000000000000000e+00
9.0320834350506141e-02 -9.7316802651158585e-01 1.0000000000000000e+00
-1.3602938071195410e+00 1.0692841840775988e+00 8.7347493479357149e-02
-1.3388619056396058e+00 1.1407581036165992e+00 8.3779126400673962e-02
-1.2999192832728659e+00 1.2240047305185695e+00 7.9768802576511880e-02
-1.2443513552196384e+00 1.2914482794798130e+00 7.7327674177920580e-02
-1.3107449693575259e+00 1.3689004115635479e+00 3.6196546989527470e-02
-1.3593750000000000e+00 1.4470719628785513e+00 1.0578226255725028e-02
-1.4062500000000000e+00 1.5000000000000000e+00 0.0000000000000000e+00
-1.3430197351791309e+00 9.9404234994975038e-01 1.1511726897671312e-01
8.2406067543065231e-01 -1.2820348816425011e+00 2.1948082755843534e-01
9.3750000000000000e-01 -1.2878024193548387e+00 1.7759031768914821e-01
9.9346659781874780e-01 -1.3898844942515594e+00 8.3406159386358064e-02
1.0728829024042417e+00 -1.4163055584406159e+00 5.3392927615535983e-02
1.1250000000000000e+00 -1.5000000000000000e+00 0.0000000000000000e+00
1.2187500000000000e+00 -1.5000000000000000e+00 0.0000000000000000e+00
1.3125000000000000e+00 -1.5000000000000000e+00 0.0000000000000000e+00
1.4062500000000000e+00 -1.5000000000000000e+00 0.0000000000000000e+00
1.5000000000000000e+00 -1.5000000000000000e+00 0.0000000000000000e+00
7.1062135086130462e-01 -1.2762673439301635e+00 2.6192176565328185e-01
6.2921381417211453e-01 -1.2952031471883376e+00 2.6341069256715588e-01
5.6787994475606196e-01 -1.2384236778592859e+00 3.5948264290300047e-01
4.8525300877252642e-01 -1.2043701167863738e+00 4.3982917383891706e-01
3.6288553581768551e-01 -1.1974613564782450e+00 4.9291971005951696e-01
2.9542785799488441e-01 -1.1598851159027073e+00 5.7970305247098275e-01
2.3049781165987088e-01 -1.1965068708556339e+00 5.2841114391291721e-01
1.5688323511323835e-01 -1.1847613196655369e+00 5.6248399477293887e-01
8.7106510986363198e-02 -1.1480829118389586e+00 6.4077883989806539e-01
7.2088327691493537e-03 -1.1207615328724663e+00 6.9956028850892948e-01
-1.9327127034151140e-04 -1.0439522838250981e+00 8.5777660547236234e-01
-7.6249300645594043e-02 -9.9603473659796993e-01 1.0000000000000000e+00
-1.2757904910907195e-01 -9.4468623392302642e-01 1.0000000000000000e+00
-1.1672295639156788e-01 -8.7289795455103181e-01 1.0000000000000000e+00
-1.8486323320382458e-01 -8.5026043672404950e-01 1.0000000000000000e+00
-2.5075621904231138e-01 -8.2173555364441386e-01 1.0000000000001341e+00
-3.3907394336921370e-01 -8.3123815841506687e-01 1.0000000000000000e+00
-3.7500000000000000e-01 -7.5000000000000000e-01 1.0000000000000000e+00
-4.6139992039276678e-01 -7.1828950248453605e-01 1.0000000000000000e+00
-5.6137464236953094e-01 -6.4440078768901599e-01 1.0000000000000000e+00
-6.5377597354304695e-01 -5.9921180847498334e-01 1.0000000000000000e+00
-6.9138526448664095e-01 -5.0347471493353435e-01 1.0000000000000000e+00
-6.9295357270142444e-01 -4.2689660691562781e-01 1.0000000000000000e+00
-7.6043081305476112e-01 -3.9065452843554116e-01 1.0000000000000000e+00
-8.7167112729598561e-01 -3.1909144615125007e-01 1.0000000000000000e+00
-9.4636256619780856e-01 -2.4059565326800830e-01 1.0000000000000000e+00
-1.0319512040225067e+00 -1.6049256991810013e-01 8.4391794339060988e-01
-1.0443573560249881e+00 -8.7582663684387607e-02 8.5470299439921016e-01
-1.0822091333135608e+00 2.9085061664504003e-02 7.8642061968597288e-01
-1.1881127712516375e+00 2.8320100446002833e-02 5.6572104379495514e-01
-1.2206942475362590e+00 1.2632825231140984e-01 4.8950994449040364e-01
-1.1469495081738694e+00 1.8808133704457597e-01 6.0865734342908773e-01
-1.1246660787892893e+00 2.8355347607798548e-01 6.1362386864829488e-01
-1.1384091184957847e+00 3.5009500270986788e-01 5.6706003692442963e-01
-1.1654391233321886e+00 4.2659938016549470e-01 4.9637468746437974e-01
-1.2589701798171247e+00 4.5004236119208435e-01 3.4942690409597954e-01
-1.2550967206699744e+00 5.4638875811919685e-01 3.2715742528525760e-01
-1.1935872429705803e+00 5.9194382978645521e-01 3.9399264083637542e-01
-1.2974627464707442e+00 6.1018962289906209e-01 2.5420500888800174e-01
-1.3390226773887484e+00 6.9453300950460173e-01 1.8431533194517982e-01
-1.3474883032741205e+00 7.7154185626496341e-01 1.5912474506180102e-01
-1.3822110705620290e+00 8.3052003073231362e-01 1.1390287726839796e-01
-1.3939012096774195e+00 9.3598373545366420e-01 8.6071442092084421e-02
-1.4207628550331119e+00 1.0157978448271288e+00 5.6006868435915763e-02
-1.4497335890081877e+00 1.0781250000000000e+00 3.0726421844347721e-02
-1.4134588926264915e+00 1.1389869153737571e+00 4.4772550625860483e-02
-1.3770879234613371e+00 1.2187500000000000e+00 5.0206634233478376e-02
-1.3152785901503385e+00 1.2998117414977932e+00 5.3914107156937778e-02
-1.3792103174508670e+00 1.3792103174508670e+00 2.1142937169687435e-02
-1.4302092228379866e+00 1.4312151872108563e+00 6.6326350335863702e-03
-1.5000000000000000e+00 1.5000000000000000e+00 0.0000000000000000e+00
8.7848207667843481e-01 -1.3301222005597817e+00 1.5684098014168096e-01
8.4375000000000000e-01 -1.3939012096774193e+00 1.0283546966253215e-01
9.1940320987420276e-01 -1.4215218778239747e+00 6.7937423426540008e-02
9.3750000000000000e-01 -1.5000000000000000e+00 0.0000000000000000e+00
1.0312500000000000e+00 -1.5000000000000000e+00 0.0000000000000000e+00
7.4882349523007341e-01 -1.3671823355791777e+00 1.4841233787731034e-01
6.5625000000000000e-01 -1.4011689141330741e+00 1.2295968485307951e-01
5.6312542363239326e-01 -1.3463702881159232e+00 2.1073852001571886e-01
4.8647419024137684e-01 -1.3198293742180667e+00 2.6552538812025694e-01
4.2337645445832417e-01 -1.2688538170367116e+00 3.5843271074385741e-01
3.1943734030201421e-01 -1.2612952538954287e+00 3.9553242543210487e-01
2.5221338973377622e-01 -1.3018917684973774e+00 3.3732478530821230e-01
1.8749999999999992e-01 -1.2574022897749704e+00 4.2482417255164762e-01
1.1556081847813526e-01 -1.2938746338229568e+00 3.6534895252970234e-01
6.6387425559291044e-02 -1.2299414253375425e+00 4.8585046782495045e-01
-2.6402564029297165e-02 -1.2402645744138343e+00 4.6682052533452240e-01
-1.0084294397612308e-01 -1.1839158440991782e+00 5.6722609928449519e-01
-8.8235974876265791e-02 -1.0814743605981030e+00 7.7656622096166039e-01
-1.6156967562112282e-01 -1.0088426764179221e+00 8.8341479434470260e-01
-2.0419855472657739e-01 -9.1941027315935631e-01 1.0000000000000000e+00
-2.7009154056506413e-01 -8.9088539007972056e-01 1.0000000000000000e+00
-3.7225743895454222e-01 -9.1944329838291750e-01 1.0000000000000000e+00
-4.2547069523198650e-01 -8.5187601671655799e-01 1.0000000000000000e+00
-4.3617892719309137e-01 -7.8313109453449259e-01 1.0000000000000000e+00
-5.2023604556124803e-01 -7.8906246534263236e-01 1.0000000000000000e+00
-5.6947454862454550e-01 -7.2488451724968661e-01 1.0000000000000000e+00
-6.4701546321775072e-01 -7.0184876743804703e-01 1.0000000000000000e+00
-7.3994965279596547e-01 -6.5715137399902857e-01 1.0000000000000000e+00
-7.6305825490658141e-01 -5.6533676214656881e-01 1.0000000000000000e+00
-7.5739672047327355e-01 -4.6594273013879861e-01 1.0000000000000000e+00
-8.5938321906384540e-01 -4.0979055378598006e-01 1.0000000000000000e+00
-9.2499449001000689e-01 -3.7887602427749661e-01 1.0000000000000000e+00
-9.8689818738322332e-01 -3.4108079625295951e-01 8.7629460332881681e-01
-1.0725400142904888e+00 -2.6091668721263273e-01 7.4124679056683984e-01
-1.1392559120871917e+00 -1.7526262342203258e-01 6.3908118318807694e-01
-1.1159974055548405e+00 -6.9212297931966871e-02 7.0838798474019682e-01
-1.2256513363400283e+00 -5.2192074537876859e-02 4.9277895054241116e-01
-1.2472749639139205e+00 6.3072144765581664e-02 4.4959264854439024e-01
-1.3084635263462892e+00 9.4117747553402992e-02 3.3523953550698327e-01
-1.3039118401094734e+00 1.8750000000000000e-01 3.3133556979110512e-01
-1.2524433566128879e+00 2.3704910405896631e-01 4.1100151545218527e-01
-1.1816303506043819e+00 2.4651676937433725e-01 5.2989586299839464e-01
-1.2189960144223251e+00 3.4064549815915274e-01 4.4063538873607855e-01
-1.3153523311372155e+00 3.7182033808401238e-01 2.8234398937938460e-01
-1.3247606462782979e+00 4.3803285452706808e-01 2.5555610711950477e-01
-1.3291245595907855e+00 5.0476792767542789e-01 2.3608173129630014e-01
-1.3679706748638651e+00 5.8028874460894053e-01 1.7033276323288973e-01
-1.4141328358554826e+00 6.5277528419216702e-01 1.0198503582868966e-01
-1.4111714087790825e+00 7.4647080313839276e-01 9.5244769729760981e-02
-1.5000000000000000e+00 8.4375000000000000e-01 0.0000000000000000e+00
-1.4476096639223208e+00 8.9062500000000000e-01 4.6014347589777356e-02
-1.5000000000000000e+00 9.3750000000000000e-01 0.0000000000000000e+00
-1.5000000000000000e+00 1.0312500000000000e+00 0.0000000000000000e+00
-1.5000000000000000e+00 1.1250000000000000e+00 0.0000000000000000e+00
-1.5000000000000000e+00 1.2187500000000000e+00 0.0000000000000000e+00
-1.4134588656878375e+00 1.2985131199444924e+00 2.5938764990871825e-02
-1.4468634245319287e+00 1.3603065671750996e+00 1.0811863122232649e-02
-1.5000000000000000e+00 1.4062500000000000e+00 0.0000000000000000e+00
6.8630674851035711e-01 -1.3399679461597098e+00 1.9298722845862387e-01
8.4375000000000000e-01 -1.5000000000000000e+00 0.0000000000000000e+00
7.9687500000000000e-01 -1.4469506048387097e+00 5.5085842669888550e-02
7.0312500000000000e-01 -1.4505844570665372e+00 5.8405977098892614e-02
6.5625000000000000e-01 -1.5000000000000000e+00 0.0000000000000000e+00
5.8056688638426235e-01 -1.4232574209646376e+00 1.0285704717353919e-01
5.1562500000000000e-01 -1.4494927263833108e+00 7.2201754525999584e-02
4.6875000000000000e-01 -1.3989854527666215e+00 1.5022579104596875e-01
3.6718877555317986e-01 -1.3230786611055170e+00 2.8322114578436092e-01
3.0055153266046625e-01 -1.3637832902610731e+00 2.2574534764159940e-01
1.8041367215126328e-01 -1.3781936276658491e+00 2.1112376196643695e-01
1.1205420221004626e-01 -1.4106863583588136e+00 1.5663357533437977e-01
6.1848843581280927e-02 -1.3540452368702103e+00 2.5864713446936194e-01
-1.1572731272033579e-02 -1.3229325866132546e+00 3.1506043083002827e-01
-9.0015927333786799e-02 -1.3086011647867279e+00 3.3727170750055741e-01
-1.9247331153697247e-01 -1.2508732425632536e+00 4.2823351495574941e-01
-2.1816332916145179e-01 -1.1403316645807258e+00 6.2034812817403384e-01
-1.6475460478224502e-01 -1.0853954826848791e+00 7.3905575325825201e-01
-2.4068706903051457e-01 -1.0156072654151909e+00 8.3302036106841160e-01
-2.9541546349465664e-01 -9.5807358446589208e-01 9.1136555266526920e-01
-3.9787973978975366e-01 -1.0015437605944060e+00 7.9997618362274969e-01
-4.9283005124302720e-01 -9.4346603264084050e-01 8.1324312666490417e-01
-5.0843588441689369e-01 -8.6660199451097175e-01 9.0443441983460371e-01
-5.9431277281182138e-01 -8.0502714199786585e-01 9.0384643421532362e-01
-6.7004365721640968e-01 -8.0236902835077095e-01 8.4609673859090728e-01
-7.7302625749231113e-01 -7.3786017587734609e-01 8.3497157658949439e-01
-8.0932832062876681e-01 -6.2579774593734894e-01 9.0395975677942020e-01
-8.2678481984317209e-01 -4.9531636967046871e-01 1.0000000000000000e+00
-8.9696207489834245e-01 -5.1876486056917825e-01 8.7745221499284454e-01
-9.4189154063027658e-01 -4.4940996426554464e-01 8.7506907478861817e-01
-1.0234357359631689e+00 -4.1214287626596419e-01 7.6312439295001244e-01
-1.0831458425647686e+00 -3.5904377230335316e-01 6.8453557183524394e-01
-1.1664923429015119e+00 -3.0766634031079521e-01 5.5560435504947470e-01
-1.2117665135284408e+00 -2.1839891612038681e-01 4.9744586647233269e-01
-1.2417844594703169e+00 -1.3954810768724299e-01 4.5570144191568485e-01
-1.1746755529435522e+00 -1.1191889723806515e-01 5.8520027026492749e-01
-1.1484128305670644e+00 -2.4238220387571585e-01 6.0616869080779767e-01
-1.3034346422046850e+00 -9.2838991129596173e-03 3.4889957082385864e-01
-1.3223902357812096e+00 -1.1139857539331935e-01 3.1182102909967779e-01
-1.4019559200547367e+00 9.3750000000000000e-02 1.6953598009106841e-01
-1.4096557788266848e+00 1.8383988252962635e-01 1.5230543727047552e-01
-1.3553139144111366e+00 1.4320341004547837e-01 2.4799782558392880e-01
-1.3970160927479867e+00 -1.4662298024068800e-04 1.8096936183899134e-01
-1.4019559200547367e+00 2.7392976505925271e-01 1.5869221809326828e-01
-1.3097956059453173e+00 2.7965001957724378e-01 3.0763388573656281e-01
-1.4076250511089141e+00 3.7637846129350533e-01 1.3954690622760274e-01
-1.4060343986757957e+00 4.6875000000000000e-01 1.3385883527860049e-01
-1.4469301273120903e+00 5.2172607075422661e-01 7.2125866571575437e-02
-1.4361935667643055e+00 5.8778400714989387e-01 8.1030318144786062e-02
-1.5000000000000000e+00 6.5625000000000000e-01 0.0000000000000000e+00
-1.5000000000000000e+00 7.5000000000000000e-01 0.0000000000000000e+00
-1.5000000000000000e+00 1.3125000000000000e+00 0.0000000000000000e+00
7.5000000000000000e-01 -1.5000000000000000e+00 0.0000000000000000e+00
5.6250000000000000e-01 -1.5000000000000000e+00 0.0000000000000000e+00
4.6875000000000000e-01 -1.5000000000000000e+00 0.0000000000000000e+00
3.7876920039423123e-01 -1.4094869170843360e+00 1.4313535205544387e-01
3.1151001095056025e-01 -1.4348119183401096e+00 1.0689042455814611e-01
2.3437500000000003e-01 -1.4361636369206421e+00 1.0842408412437911e-01
1.8750000000000000e-01 -1.5000000000000000e+00 0.0000000000000000e+00
9.3750000000000000e-02 -1.5000000000000000e+00 0.0000000000000000e+00
3.8988504743624926e-02 -1.4304398019136744e+00 1.2277469226697302e-01
-3.4433070109689622e-02 -1.3993271516567187e+00 1.7770728977326261e-01
-1.5982747768990757e-01 -1.3935693674736251e+00 1.8306882771628458e-01
-2.5781881889623720e-01 -1.3436599988185167e+00 2.5885341150981805e-01
-1.8638662647495954e-01 -1.3245631368290867e+00 3.0007829772310673e-01
-3.1542458449503830e-01 -1.2654847901814583e+00 3.7922857693124773e-01
-3.3791333664766315e-01 -1.1710176345013519e+00 5.2923760951568555e-01
-3.0056693845825344e-01 -1.0677582274534445e+00 7.1907150575456902e-01
-3.7465737920918091e-01 -1.0720304038005732e+00 6.8332301849176624e-01
-4.4169891955073765e-01 -1.1038592707304387e+00 5.9774581225177204e-01
-4.7868514757999697e-01 -1.0274779065661441e+00 6.9774945554722190e-01
-5.6333403244687152e-01 -1.0335326688426960e+00 6.3104039502695219e-01
-5.6937589929578925e-01 -9.5617460239629537e-01 7.3285880406313197e-01
-5.8566111464317483e-01 -8.8030915334051585e-01 8.1840377930671182e-01
-7.0817595742449946e-01 -8.9284653258944557e-01 7.0284041029344679e-01
-7.6814971987209080e-01 -8.2494744164973322e-01 7.3092293694162702e-01
-8.5348540211883972e-01 -7.7153952451770969e-01 7.0209605747712711e-01
-8.6467370427212442e-01 -6.7807908153863095e-01 7.7927454349044911e-01
-9.0374673899547431e-01 -5.9244421443167083e-01 8.0328608113361000e-01
-9.6949634003318219e-01 -5.3337510470998872e-01 7.5970320713350703e-01
-1.0214064238838680e+00 -4.8385562185573328e-01 7.1749541384141502e-01
-1.0897435897435896e+00 -4.5673076923076933e-01 6.2446361712932053e-01
-1.1394887677337504e+00 -4.0430469322173668e-01 5.6759103298158986e-01
-1.2117333002508595e+00 -4.0235438546089175e-01 4.5002722480658830e-01
-1.2463094827195442e+00 -3.4478595466382250e-01 4.0949680550868928e-01
-1.2680538862179487e+00 -2.8125000000000000e-01 3.8639362553757939e-01
-1.3453361024521973e+00 -1.9363709766704193e-01 2.6551979795124103e-01
-1.4102124020019040e+00 -1.6467003452987616e-01 1.5471129127478209e-01
-1.4059259474836583e+00 -9.3750000000000000e-02 1.6447406535347378e-01
-1.3536383297412788e+00 -5.2781271720390710e-02 2.5790224514205540e-01
-2.5987867453697788e-01 -1.2082823563403677e+00 4.8863130636220070e-01
-1.2770884913525731e+00 -1.9812731755105925e-01 3.8432682829569464e-01
-1.4509779600273682e+00 4.6875000000000000e-02 8.5421655032976607e-02
-1.4485684017319556e+00 -4.2465237887533834e-02 9.0136138469535720e-02
-1.5000000000000000e+00 9.3750000000000000e-02 0.0000000000000000e+00
-1.5000000000000000e+00 1.8750000000000000e-01 0.0000000000000000e+00
-1.5000000000000000e+00 2.8125000000000000e-01 0.0000000000000000e+00
-1.5000000000000000e+00 3.7500000000000000e-01 0.0000000000000000e+00
-1.5000000000000000e+00 4.6875000000000000e-01 0.0000000000000000e+00
-1.5000000000000000e+00 5.6250000000000000e-01 0.0000000000000000e+00
-1.4476035712115489e+00 3.2278499573330632e-01 8.2134824778057933e-02
3.7500000000000000e-01 -1.5000000000000000e+00 0.0000000000000000e+00
2.8125000000000000e-01 -1.5000000000000000e+00 0.0000000000000000e+00
0.0000000000000000e+00 -1.5000000000000000e+00 0.0000000000000000e+00
-9.3750000000000000e-02 -1.5000000000000000e+00 0.0000000000000000e+00
-1.8750000000000000e-01 -1.5000000000000000e+00 0.0000000000000000e+00
-2.3831045243915400e-01 -1.4265096347292292e+00 1.2251628021431106e-01
-3.2812500000000000e-01 -1.4369767353064020e+00 9.9958486541386823e-02
-3.6409078288820729e-01 -1.3671508090405970e+00 2.0683709189465069e-01
-4.1244258086334745e-01 -1.2696436189048352e+00 3.4919677902899504e-01
-4.2548006836335589e-01 -1.1864707335968538e+00 4.7426812837523613e-01
-5.0966143666071029e-01 -1.1875671652420980e+00 4.4040646963232993e-01
-6.0621349082081744e-01 -1.1395711636069392e+00 4.6408263353144508e-01
-6.8392866793873608e-01 -1.0688171413052789e+00 5.1011269807653192e-01
-6.5660874481713083e-01 -9.6733117071346331e-01 6.5313501626496917e-01
-7.3508273264561874e-01 -1.0006262841063984e+00 5.5703776153369655e-01
-7.9385405102809670e-01 -9.2228125713398090e-01 5.9899644083059200e-01
-8.3746598078703405e-01 -8.4451189997426646e-01 6.4296102050834592e-01
-9.0942982715120080e-01 -8.4746433511081110e-01 5.7005886568699271e-01
-9.3567830957361431e-01 -7.7654421056638023e-01 6.0559887557725267e-01
-9.5530025723167167e-01 -7.0351253206326891e-01 6.4392969889750717e-01
-1.0196893545383421e+00 -6.0612695042413312e-01 6.3528440896607685e-01
-1.0685626605856577e+00 -5.3792155685794074e-01 6.1070398861381792e-01
-1.1354567336721058e+00 -5.1959773394659925e-01 5.2213665701124645e-01
-1.2038610011476891e+00 -5.0813319334044804e-01 4.2510681478315504e-01
-1.2783896733798001e+00 -4.1051309490786736e-01 3.4228202028191596e-01
-1.3129658558484849e+00 -3.5294466411079811e-01 2.9853800777310929e-01
-1.3889936471382527e+00 -3.1583691788910118e-01 1.7986072361770764e-01
-1.4244028473329144e+00 -2.3428796506047597e-01 1.2718252377442305e-01
-1.5000000000000000e+00 -1.8750000000000000e-01 0.0000000000000000e+00
-1.5000000000000000e+00 -9.3750000000000000e-02 0.0000000000000000e+00
-1.5000000000000000e+00 0.0000000000000000e+00 0.0000000000000000e+00
-5.2424748613567862e-01 -1.1062813755987937e+00 5.5176114908767859e-01
-2.8125000000000000e-01 -1.5000000000000000e+00 0.0000000000000000e+00
-3.7500000000000000e-01 -1.5000000000000000e+00 0.0000000000000000e+00
-4.2187500000000000e-01 -1.4485085619991021e+00 7.6660972277703132e-02
-4.6875000000000000e-01 -1.3970171239982043e+00 1.4812643477310672e-01
-4.5744011222467312e-01 -1.3258843006782748e+00 2.5438468059280872e-01
-4.8819243835547754e-01 -1.2607529982768992e+00 3.4157525516161358e-01
-5.6139348211793882e-01 -1.2821700764462978e+00 2.9052567955839292e-01
-5.9590493854979110e-01 -1.2146742057395936e+00 3.6968935142892545e-01
-6.7171186880590861e-01 -1.2148803916942357e+00 3.3981988378164535e-01
-7.0760968576901884e-01 -1.1443403674168275e+00 4.0820209606162861e-01
-7.8900522469774670e-01 -1.0666497359431681e+00 4.4940319922978256e-01
-8.5859655948879332e-01 -9.9672139575420959e-01 4.7347849322844643e-01
-9.3750000000000000e-01 -9.3750000000000000e-01 4.6579511598634665e-01
-8.6780172370895603e-01 -9.0983612793094393e-01 5.4985280457834640e-01
-9.9898726851851849e-01 -8.1790388431013428e-01 5.0518941096448644e-01
-9.7456946224781049e-01 -8.8095420400228841e-01 4.8013072253565275e-01
-1.0466956734875807e+00 -7.7052140529353896e-01 4.8815076236537436e-01
-1.0274247428470527e+00 -6.9184608354631472e-01 5.6492015954882158e-01
-1.0847074910833552e+00 -6.4649485202192924e-01 5.2247159191621950e-01
-1.1351668311300669e+00 -5.8895546932411402e-01 4.8756746940142992e-01
-1.2049239292126515e+00 -5.7864075498295398e-01 3.9644253632765569e-01
-1.2749602532775097e+00 -5.8684803079927816e-01 2.9927473412405392e-01
-1.2900885354020424e+00 -5.0171574308588462e-01 3.0101129400505677e-01
-1.3418562546147534e+00 -4.3245915799197898e-01 2.3935562322368842e-01
-1.4275209938779803e+00 -4.2187500000000000e-01 1.1040242358299210e-01
-1.5000000000000000e+00 -3.7500000000000000e-01 0.0000000000000000e+00
-1.5000000000000000e+00 -2.8125000000000000e-01 0.0000000000000000e+00
-4.6875000000000000e-01 -1.5000000000000000e+00 0.0000000000000000e+00
-5.4808186302125883e-01 -1.4291656461214481e+00 9.5096008714578670e-02
-6.0937500000000000e-01 -1.3908441153243243e+00 1.3859723624482556e-01
-5.3747041386695238e-01 -1.3576619013931110e+00 1.9385813066212337e-01
-6.3720041237405634e-01 -1.2823762624009398e+00 2.6962709407823027e-01
-7.0869402132409831e-01 -1.3075833460641135e+00 2.1959013573961084e-01
-7.6929610804635939e-01 -1.1939320360154531e+00 3.2468403561641834e-01
-8.5450360268283787e-01 -1.1419589640304646e+00 3.3726523689061666e-01
-8.6178612582276570e-01 -1.0694877374781377e+00 4.0172571465472207e-01
-9.3254534619645058e-01 -1.0143121796675043e+00 4.0446299042832212e-01
-1.0085410817579854e+00 -1.0127288569966362e+00 3.5201641443967413e-01
-1.0169040407936971e+00 -9.3367379747282664e-01 4.0347682571692500e-01
-1.0413733610942317e+00 -8.7057231567540183e-01 4.2604418723254583e-01
-1.0944040784566431e+00 -8.1790388431013428e-01 4.0744406689192325e-01
-1.1418584964421354e+00 -7.6986905258025395e-01 3.8549719984471420e-01
-1.0937500000000000e+00 -7.2248931623931623e-01 4.6601171837883737e-01
-1.1552220713929151e+00 -6.5743790314572059e-01 4.2704261539292471e-01
-1.2158445173142967e+00 -6.9508063756606331e-01 3.3579114407558353e-01
-1.3060139030907365e+00 -6.7406983343401605e-01 2.3396766136775676e-01
-1.3425790841709433e+00 -6.1191257256985454e-01 2.0313646142195729e-01
-1.3818467140900788e+00 -5.4147414751364031e-01 1.6321617269058555e-01
-1.4473941343325361e+00 -5.1562500000000000e-01 7.3892244862394485e-02
-1.5000000000000000e+00 -4.6875000000000000e-01 0.0000000000000000e+00
-5.6250000000000000e-01 -1.5000000000000000e+00 0.0000000000000000e+00
-6.5625000000000000e-01 -1.5000000000000000e+00 0.0000000000000000e+00
-6.9037744959987946e-01 -1.4406496398223065e+00 6.9191035310238347e-02
-7.4567617384228790e-01 -1.4002863004339916e+00 1.0899532403834554e-01
-8.0627826056454910e-01 -1.2866349903853311e+00 2.1498919708250791e-01
-8.9148575520102746e-01 -1.2346619184003425e+00 2.3492718018679637e-01
-9.2787614959800890e-01 -1.1664164796688548e+00 2.7877176292279204e-01
-9.3971109731931624e-01 -1.0899858920454759e+00 3.3621901425531470e-01
-1.0178921730495294e+00 -1.0903495367893972e+00 2.8978120540585944e-01
-1.0937500000000000e+00 -1.0714285714285714e+00 2.5627307303097335e-01
-1.0853870409642883e+00 -9.9237351190476186e-01 3.1021331925380707e-01
-1.0937500000000000e+00 -9.1331845238095233e-01 3.5188808813692135e-01
-1.1718750000000000e+00 -9.2540922619047628e-01 2.7739801365915712e-01
-1.1912357267589369e+00 -8.1592506165508916e-01 3.1192635745597647e-01
-1.2556388500191125e+00 -7.9516560041456985e-01 2.5311230254755612e-01
-1.3167133503442705e+00 -7.6603446712569412e-01 1.9660500034257339e-01
-1.3803303916891030e+00 -7.2790883263280981e-01 1.3459616895590165e-01
-1.3994537716376918e+00 -6.5625000000000000e-01 1.2352502053233250e-01
-1.4497268858188459e+00 -6.0937500000000000e-01 6.4759469095471575e-02
-1.5000000000000000e+00 -5.6250000000000000e-01 0.0000000000000000e+00
-6.7908008896006145e-01 -1.3731254388867300e+00 1.4973705977794269e-01
-7.5000000000000000e-01 -1.5000000000000000e+00 0.0000000000000000e+00
-8.0520439721253234e-01 -1.4398243781108309e+00 6.0472658415338942e-02
-8.4326041308273869e-01 -1.3793379447552090e+00 1.1458952579332390e-01
-8.7644729647383091e-01 -1.3123704882996778e+00 1.6996087664208448e-01
-9.4802382394986440e-01 -1.3338835115137695e+00 1.3333823348067275e-01
-9.9760603962509609e-01 -1.2667504646390912e+00 1.7128336891521651e-01
-1.0298709064467408e+00 -1.1897815068513933e+00 2.1340265920187945e-01
-1.0990515661360838e+00 -1.1818937779331695e+00 1.8703231425505387e-01
-1.1607142857142858e+00 -1.1495535714285712e+00 1.7431756685791994e-01
-1.1662946428571430e+00 -1.0770089285714286e+00 2.0751028057133036e-01
-1.1718750000000000e+00 -1.0044642857142858e+00 2.3918203177016140e-01
-1.2500000000000000e+00 -9.3750000000000000e-01 2.0753936202440482e-01
-1.2193117872810915e+00 -8.7734383374049285e-01 2.5731904557560997e-01
-1.2890766321166662e+00 -8.5399273909272155e-01 2.0017149368133452e-01
-1.3499061214211696e+00 -8.2478462270277908e-01 1.4852646168021344e-01
-1.4116059151130780e+00 -7.9515861768459650e-01 9.0817158617042745e-02
-1.4460517332149085e+00 -7.0706657581847276e-01 6.2334074156039254e-02
-1.5000000000000000e+00 -6.5625000000000000e-01 0.0000000000000000e+00
-8.4375000000000000e-01 -1.5000000000000000e+00 0.0000000000000000e+00
-9.0578122372857683e-01 -1.4276404560815443e+00 6.2424812956259408e-02
-9.8437500000000000e-01 -1.4195780311584221e+00 6.0373502247312388e-02
-1.0614380371743799e+00 -1.3205158641336654e+00 1.1551401298527988e-01
-1.1283433153713411e+00 -1.2450615970286460e+00 1.3910448805957082e-01
-1.2276785714285714e+00 -1.2276785714285714e+00 1.0861677228391346e-01
-1.2794237012987013e+00 -1.1586850649350648e+00 1.1046962128451093e-01
-1.2388392857142858e+00 -1.0825892857142856e+00 1.6026845155690447e-01
-1.2844605171614101e+00 -1.0131247101113172e+00 1.5437460110218135e-01
-1.3268035602853812e+00 -9.4816611168184595e-01 1.4051894312704916e-01
-1.3750000000000000e+00 -8.8742357296510410e-01 1.1288894068938696e-01
-1.4357219571283084e+00 -9.1690010950441136e-01 5.5551851939619992e-02
-1.5000000000000000e+00 -8.4375000000000000e-01 0.0000000000000000e+00
-1.5000000000000000e+00 -7.5000000000000000e-01 0.0000000000000000e+00
-9.3750000000000000e-01 -1.5000000000000000e+00 0.0000000000000000e+00
-1.0312500000000000e+00 -1.5000000000000000e+00 0.0000000000000000e+00
-1.1085271708944910e+00 -1.4048367498370549e+00 5.4725287890069078e-02
-1.1395982274765200e+00 -1.3224309041194997e+00 9.4030973380770613e-02
-1.2189818187073567e+00 -1.3011774005170829e+00 8.1712000506591345e-02
-1.3124038979820534e+00 -1.2461542822256944e+00 7.0093691470167099e-02
-1.3638392857142858e+00 -1.1763392857142858e+00 6.4926185128779998e-02
-1.3189210343228202e+00 -1.0887494202226344e+00 1.0913262613252707e-01
-1.3750000000000000e+00 -1.0312500000000000e+00 8.6122639682067376e-02
-1.4375000000000000e+00 -9.8437500000000000e-01 4.7048698569249751e-02
-1.5000000000000000e+00 -9.3750000000000000e-01 0.0000000000000000e+00
-1.1250000000000000e+00 -1.5000000000000000e+00 0.0000000000000000e+00
-1.1728337705243157e+00 -1.4417680523243745e+00 2.7953187782753540e-02
-1.1995655050399747e+00 -1.3725967126731520e+00 5.6009096929403424e-02
-1.2736033831159363e+00 -1.3511193276608724e+00 4.9226656915835554e-02
-1.3464537431548045e+00 -1.3259060276157781e+00 3.9283413136105783e-02
-1.4185490087140225e+00 -1.2656250000000000e+00 2.7852683465800925e-02
-1.4399151053864170e+00 -1.1718750000000000e+00 2.8673489536957926e-02
-1.4375000000000000e+00 -1.0781250000000000e+00 3.9216033725133756e-02
-1.5000000000000000e+00 -1.0312500000000000e+00 0.0000000000000000e+00
-1.2187500000000000e+00 -1.5000000000000000e+00 0.0000000000000000e+00
-1.2656250000000000e+00 -1.4277954703638800e+00 2.4971224199269521e-02
-1.3593750000000000e+00 -1.4187840794063569e+00 1.6633432346377087e-02
-1.4252104502704530e+00 -1.3622871745646001e+00 1.5121395985043577e-02
-1.5000000000000000e+00 -1.3125000000000000e+00 0.0000000000000000e+00
-1.5000000000000000e+00 -1.2187500000000000e+00 0.0000000000000000e+00
-1.5000000000000000e+00 -1.1250000000000000e+00 0.0000000000000000e+00
-1.3125000000000000e+00 -1.5000000000000000e+00 0.0000000000000000e+00
-1.4062500000000000e+00 -1.5000000000000000e+00 0.0000000000000000e+00
-1.4336045425775870e+00 -1.4336045425775870e+00 6.3552280212592072e-03
-1.5000000000000000e+00 -1.4062500000000000e+00 0.0000000000000000e+00
-1.5000000000000000e+00 -1.5000000000000000e+00 0.0000000000000000e+00
