meshID=3570765
degree=1
1.5000000000000000e+00 1.5000000000000000e+00 0.0000000000000000e+00
1.5000000000000000e+00 7.5000000000000000e-01 0.0000000000000000e+00
9.3750000000000000e-01 9.3750000000000000e-01 3.6630058946592337e-01
7.5000000000000000e-01 1.5000000000000000e+00 0.0000000000000000e+00
1.5000000000000000e+00 0.0000000000000000e+00 0.0000000000000000e+00
7.5000000000000000e-01 3.7500000000000000e-01 1.0000000000000000e+00
1.0991379310344827e-01 7.6077586206896552e-01 1.0000000000000000e+00
0.0000000000000000e+00 1.5000000000000000e+00 0.0000000000000000e+00
1.1071428571428572e+00 -3.7500000000000000e-01 4.4739076777122078e-01
1.5000000000000000e+00 -7.5000000000000000e-01 0.0000000000000000e+00
0.0000000000000000e+00 0.0000000000000000e+00 1.0000000000000000e+00
-6.2500000000000000e-01 6.2500000000000000e-01 1.0000000000000000e+00
-3.7500000000000000e-01 1.1071428571428572e+00 4.5812817001835338e-01
-7.5000000000000000e-01 1.5000000000000000e+00 0.0000000000000000e+00
6.2500000000000000e-01 -6.2500000000000000e-01 1.0000000000000000e+00
1.0156250000000000e+00 -1.0156250000000000e+00 2.9771342462797751e-01
1.5808823529411764e-01 -9.5220588235294112e-01 1.0000000000000000e+00
-3.7500000000000000e-01 -7.5000000000000000e-01 1.0000000000000000e+00
-7.2916666666666663e-01 -1.0416666666666667e-01 1.0000000000000000e+00
-1.0648674242424243e+00 3.1581439393939398e-01 5.1155863107052391e-01
-1.0156250000000000e+00 1.0156250000000000e+00 2.8156466070067476e-01
-1.5000000000000000e+00 1.5000000000000000e+00 0.0000000000000000e+00
1.5000000000000000e+00 -1.5000000000000000e+00 0.0000000000000000e+00
7.5000000000000000e-01 -1.5000000000000000e+00 0.0000000000000000e+00
0.0000000000000000e+00 -1.5000000000000000e+00 0.0000000000000000e+00
-7.5000000000000000e-01 -1.5000000000000000e+00 0.0000000000000000e+00
-9.3750000000000000e-01 -9.3750000000000000e-01 3.6335099077888955e-01
-1.5000000000000000e+00 -7.5000000000000000e-01 0.0000000000000000e+00
-1.5000000000000000e+00 0.0000000000000000e+00 0.0000000000000000e+00
-1.5000000000000000e+00 7.5000000000000000e-01 0.0000000000000000e+00
-1.5000000000000000e+00 -1.5000000000000000e+00 0.0000000000000000e+00
