meshID=9937437
degree=1
1.5000000000000000e+00 1.5000000000000000e+00 0.0000000000000000e+00
1.5000000000000000e+00 1.1250000000000000e+00 0.0000000000000000e+00
1.1718750000000000e+00 1.1718750000000000e+00 1.3733582773792241e-01
1.1250000000000000e+00 1.5000000000000000e+00 0.0000000000000000e+00
1.5000000000000000e+00 7.5000000000000000e-01 0.0000000000000000e+00
1.2187500000000000e+00 8.4375000000000000e-01 2.3259927349254592e-01
9.3750000000000000e-01 9.3750000000000000e-01 4.2779644419139939e-01
8.7890625000000000e-01 1.2304687500000000e+00 2.1409277282745459e-01
7.5000000000000000e-01 1.5000000000000000e+00 0.0000000000000000e+00
1.1250000000000000e+00 5.6250000000000000e-01 4.1783743872546386e-01
8.7506344714319306e-01 6.7190672357159653e-01 6.7775003775595799e-01
6.0947017071478959e-01 7.3434327642840358e-01 1.0000000000000000e+00
4.7129114737606892e-01 1.0945970491253563e+00 5.1443765661559593e-01
3.7500000000000000e-01 1.5000000000000000e+00 0.0000000000000000e+00
1.5000000000000000e+00 3.7500000000000000e-01 0.0000000000000000e+00
7.5000000000000000e-01 3.7500000000000000e-01 1.0000000000000000e+00
1.0633370535714286e+00 6.4174107142857123e-02 5.7631241153501256e-01
1.3045087681138750e+00 1.8750000000000006e-01 2.4776724315530652e-01
1.5000000000000000e+00 0.0000000000000000e+00 0.0000000000000000e+00
1.0991379310344827e-01 7.6077586206896552e-01 1.0000000000000000e+00
9.7512594118668833e-02 1.1367154545794220e+00 5.4999708356654753e-01
0.0000000000000000e+00 1.5000000000000000e+00 0.0000000000000000e+00
5.0436759966115963e-01 4.8608996591462639e-01 1.0000000000000000e+00
7.6275827950549424e-01 7.4514156178531743e-02 1.0000000000000000e+00
7.7490811760945999e-01 -3.2418504314477470e-01 1.0000000000000000e+00
1.1071428571428572e+00 -3.7500000000000000e-01 4.8368201327117105e-01
1.5000000000000000e+00 -3.7500000000000000e-01 0.0000000000000000e+00
1.3035714285714286e+00 -1.8750000000000000e-01 2.4851036885700672e-01
3.2738095238095238e-01 2.8273809523809512e-01 1.0000000000000000e+00
-5.0498781729253220e-02 3.9931801314794640e-01 1.0000000000000000e+00
-2.6724137931034481e-01 7.4538177339901490e-01 1.0000000000000000e+00
-8.6394230927968135e-02 9.4247454443472800e-01 1.0000000000000000e+00
-1.4773641990896819e-01 1.2656152839390800e+00 3.5077979946082943e-01
-3.7500000000000000e-01 1.5000000000000000e+00 0.0000000000000000e+00
5.2083333333333337e-01 -1.0416666666666667e-01 1.0000000000000000e+00
2.2508467451475334e-01 -2.2874329409290012e-01 1.0000000000000000e+00
0.0000000000000000e+00 0.0000000000000000e+00 1.0000000000000000e+00
-4.0364583333333337e-01 2.2135416666666669e-01 1.0000000000000000e+00
-3.8231490307343868e-01 4.9556857465865189e-01 1.0000000000000000e+00
-6.2500000000000000e-01 6.2500000000000000e-01 1.0000000000000000e+00
-7.6148508972554541e-01 8.7913991027445459e-01 5.6895093553871168e-01
-7.0982142857142860e-01 1.1629464285714286e+00 3.2354914803102591e-01
-3.7500000000000000e-01 1.1071428571428572e+00 5.1597362828414406e-01
6.2500000000000000e-01 -6.2500000000000000e-01 1.0000000000000000e+00
4.3777066081124005e-01 -4.1402580347827034e-01 1.0000000000000000e+00
9.5982142857142860e-01 -6.8080357142857140e-01 5.3443389995252821e-01
1.2363150640137208e+00 -6.6540653945049189e-01 2.6334376354304184e-01
1.5000000000000000e+00 -7.5000000000000000e-01 0.0000000000000000e+00
-7.5000000000000000e-01 1.5000000000000000e+00 0.0000000000000000e+00
3.0743819266837152e-02 -4.8412190963341856e-01 1.0000000000000000e+00
-3.3427169176849469e-01 -2.6426482428720277e-01 1.0000000000000000e+00
-7.2916666666666663e-01 -1.0416666666666667e-01 1.0000000000000000e+00
-7.3952414772727282e-01 2.3171164772727276e-01 1.0000000000000000e+00
-9.7920078630808716e-01 6.6142421369191284e-01 5.0303404579320077e-01
-1.0156250000000000e+00 1.0156250000000000e+00 2.8500583431672766e-01
-9.5540653786274587e-01 1.2846704117338741e+00 1.4128987229240558e-01
-1.1250000000000000e+00 1.5000000000000000e+00 0.0000000000000000e+00
3.0250806300701372e-01 -6.6155149242045108e-01 1.0000000000000000e+00
5.7892501348625580e-01 -1.0911645235247209e+00 4.6772018395770415e-01
7.6811453066479030e-01 -8.8481573298443972e-01 5.6592538034119277e-01
1.0156250000000000e+00 -1.0156250000000000e+00 2.9740622137846168e-01
1.2878024193548387e+00 -9.3750000000000000e-01 1.4180932886304121e-01
1.5000000000000000e+00 -1.1250000000000000e+00 0.0000000000000000e+00
-3.7500000000000000e-01 -7.5000000000000000e-01 1.0000000000000000e+00
-1.1672295639156788e-01 -8.7289795455103181e-01 1.0000000000000000e+00
1.5808823529411764e-01 -9.5220588235294112e-01 1.0000000000000000e+00
1.8749999999999992e-01 -1.2574022897749704e+00 3.9674712199953421e-01
3.7500000000000000e-01 -1.5000000000000000e+00 0.0000000000000000e+00
7.5000000000000000e-01 -1.5000000000000000e+00 0.0000000000000000e+00
9.3750000000000000e-01 -1.2878024193548387e+00 1.4652864466328738e-01
1.2225740708274895e+00 -1.2234308549744379e+00 9.0863962756747976e-02
1.5000000000000000e+00 -1.5000000000000000e+00 0.0000000000000000e+00
-6.9138526448664095e-01 -5.0347471493353435e-01 1.0000000000000000e+00
-1.0897435897435896e+00 -4.5673076923076933e-01 4.6254424019851453e-01
-1.1159974055548405e+00 -6.9212297931966871e-02 4.7293932653292187e-01
-1.0648674242424243e+00 3.1581439393939398e-01 5.1974323321925286e-01
-1.2550967206699744e+00 5.4638875811919685e-01 2.5306795051377196e-01
-1.2878024193548387e+00 9.3750000000000000e-01 1.3622709124312937e-01
-1.2225740708274895e+00 1.2234308549744379e+00 8.7410631524044408e-02
-1.5000000000000000e+00 1.5000000000000000e+00 0.0000000000000000e+00
-2.1816332916145179e-01 -1.1403316645807258e+00 5.2847060166838167e-01
-6.0621349082081744e-01 -1.1395711636069392e+00 3.8243584504012934e-01
-9.3750000000000000e-01 -9.3750000000000000e-01 3.7707471553586103e-01
-1.2500000000000000e+00 -9.3750000000000000e-01 1.6169354702766756e-01
-1.5000000000000000e+00 -7.5000000000000000e-01 0.0000000000000000e+00
-1.5000000000000000e+00 -3.7500000000000000e-01 0.0000000000000000e+00
-1.5000000000000000e+00 0.0000000000000000e+00 0.0000000000000000e+00
-1.5000000000000000e+00 3.7500000000000000e-01 0.0000000000000000e+00
-1.3039118401094734e+00 1.8750000000000000e-01 2.3485496746576190e-01
-6.7004365721640968e-01 -8.0236902835077095e-01 7.1005051514974826e-01
0.0000000000000000e+00 -1.5000000000000000e+00 0.0000000000000000e+00
1.1250000000000000e+00 -1.5000000000000000e+00 0.0000000000000000e+00
-1.5000000000000000e+00 7.5000000000000000e-01 0.0000000000000000e+00
-1.5000000000000000e+00 1.1250000000000000e+00 0.0000000000000000e+00
-3.7500000000000000e-01 -1.5000000000000000e+00 0.0000000000000000e+00
-7.5000000000000000e-01 -1.5000000000000000e+00 0.0000000000000000e+00
-8.9148575520102746e-01 -1.2346619184003425e+00 1.9276720487308269e-01
-1.2276785714285714e+00 -1.2276785714285714e+00 8.1704320110711909e-02
-1.5000000000000000e+00 -1.1250000000000000e+00 0.0000000000000000e+00
-1.1250000000000000e+00 -1.5000000000000000e+00 0.0000000000000000e+00
-1.5000000000000000e+00 -1.5000000000000000e+00 0.0000000000000000e+00
