meshID=2664203
degree=1
0.0000000000000000e+00 1.0000000000000000e+00 0.0000000000000000e+00
0.0000000000000000e+00 9.0000000000000002e-01 0.0000000000000000e+00
1.0000000000000001e-01 1.0000000000000000e+00 1.2246467991473532e-16
0.0000000000000000e+00 8.0000000000000004e-01 0.0000000000000000e+00
1.0000000000000001e-01 9.0000000000000002e-01 1.0345492260474072e-16
2.0000000000000001e-01 1.0000000000000000e+00 -2.4492935982947064e-16
0.0000000000000000e+00 6.9999999999999996e-01 0.0000000000000000e+00
1.0000000000000001e-01 8.0000000000000004e-01 9.9706553553892348e-17
2.0000000000000001e-01 9.0000000000000002e-01 -2.1072870988997852e-16
2.9999999999999999e-01 1.0000000000000000e+00 3.6739403974420594e-16
0.0000000000000000e+00 5.9999999999999998e-01 0.0000000000000000e+00
1.0000000000000001e-01 6.9999999999999996e-01 9.8508814973187864e-17
2.0000000000000001e-01 8.0000000000000004e-01 -2.0648995779743048e-16
2.9999999999999999e-01 9.0000000000000002e-01 3.0952869863359461e-16
4.0000000000000002e-01 1.0000000000000000e+00 -4.8985871965894128e-16
0.0000000000000000e+00 5.0000000000000000e-01 0.0000000000000000e+00
1.0000000000000001e-01 5.9999999999999998e-01 9.8601200665258846e-17
2.0000000000000001e-01 6.9999999999999996e-01 -2.0598866616045821e-16
2.9999999999999999e-01 8.0000000000000004e-01 2.9760429151100445e-16
4.0000000000000002e-01 9.0000000000000002e-01 -4.2335055209662087e-16
5.0000000000000000e-01 1.0000000000000000e+00 6.1232339957367663e-16
0.0000000000000000e+00 4.0000000000000002e-01 0.0000000000000000e+00
1.0000000000000001e-01 5.0000000000000000e-01 9.8540748500231398e-17
2.0000000000000001e-01 5.9999999999999998e-01 -2.0681391141090838e-16
2.9999999999999999e-01 6.9999999999999996e-01 2.9350618358300254e-16
4.0000000000000002e-01 8.0000000000000004e-01 -4.1672051147056176e-16
5.0000000000000000e-01 9.0000000000000002e-01 5.1178773359645759e-16
5.9999999999999998e-01 1.0000000000000000e+00 -7.3478807948841188e-16
0.0000000000000000e+00 2.9999999999999999e-01 0.0000000000000000e+00
1.0000000000000001e-01 4.0000000000000002e-01 9.8863638989660273e-17
2.0000000000000001e-01 5.0000000000000000e-01 -2.0624583243195575e-16
2.9999999999999999e-01 5.9999999999999998e-01 2.9349184988944423e-16
4.0000000000000002e-01 6.9999999999999996e-01 -4.1704639442108871e-16
5.0000000000000000e-01 8.0000000000000004e-01 4.8838975186714243e-16
5.9999999999999998e-01 9.0000000000000002e-01 -6.4272221220564613e-16
6.9999999999999996e-01 1.0000000000000000e+00 8.5725275940314722e-16
0.0000000000000000e+00 2.0000000000000001e-01 0.0000000000000000e+00
1.0000000000000001e-01 2.9999999999999999e-01 9.9400571034103789e-17
2.0000000000000001e-01 4.0000000000000002e-01 -2.0578170592095384e-16
2.9999999999999999e-01 5.0000000000000000e-01 2.9317139137972136e-16
4.0000000000000002e-01 5.9999999999999998e-01 -4.1924620642354975e-16
5.0000000000000000e-01 6.9999999999999996e-01 4.7911802835051743e-16
5.9999999999999998e-01 8.0000000000000004e-01 -6.3917016853944224e-16
6.9999999999999996e-01 9.0000000000000002e-01 7.0243271670071081e-16
8.0000000000000004e-01 1.0000000000000000e+00 -9.7971743931788257e-16
0.0000000000000000e+00 1.0000000000000001e-01 0.0000000000000000e+00
1.0000000000000001e-01 2.0000000000000001e-01 1.0050650625325179e-16
2.0000000000000001e-01 2.9999999999999999e-01 -2.0484782814355898e-16
2.9999999999999999e-01 4.0000000000000002e-01 2.9448227907852067e-16
4.0000000000000002e-01 5.0000000000000000e-01 -4.1838555266855181e-16
5.0000000000000000e-01 5.9999999999999998e-01 4.7752515284756213e-16
5.9999999999999998e-01 6.9999999999999996e-01 -6.4438773591417868e-16
6.9999999999999996e-01 8.0000000000000004e-01 6.5947088580361791e-16
8.0000000000000004e-01 9.0000000000000002e-01 -8.8388198532736398e-16
9.0000000000000002e-01 1.0000000000000000e+00 1.1021821192326179e-15
0.0000000000000000e+00 0.0000000000000000e+00 0.0000000000000000e+00
1.0000000000000001e-01 1.0000000000000001e-01 1.0392754234541400e-16
2.0000000000000001e-01 2.0000000000000001e-01 -2.0496578917823539e-16
2.9999999999999999e-01 2.9999999999999999e-01 2.9586541345567738e-16
4.0000000000000002e-01 4.0000000000000002e-01 -4.1746676960225317e-16
5.0000000000000000e-01 5.0000000000000000e-01 4.7647920347432363e-16
5.9999999999999998e-01 5.9999999999999998e-01 -6.5035555278055177e-16
6.9999999999999996e-01 6.9999999999999996e-01 6.3972153074234857e-16
8.0000000000000004e-01 8.0000000000000004e-01 -8.9314368677519271e-16
9.0000000000000002e-01 9.0000000000000002e-01 8.4930998610485461e-16
1.0000000000000000e+00 1.0000000000000000e+00 -1.2246467991473533e-15
1.0000000000000001e-01 0.0000000000000000e+00 1.2246467991473532e-16
2.0000000000000001e-01 1.0000000000000001e-01 -2.0960763287505201e-16
2.9999999999999999e-01 2.0000000000000001e-01 3.0001410254032614e-16
4.0000000000000002e-01 2.9999999999999999e-01 -4.1442652177025056e-16
5.0000000000000000e-01 4.0000000000000002e-01 4.7902802970776586e-16
5.9999999999999998e-01 5.0000000000000000e-01 -6.5032500400844293e-16
6.9999999999999996e-01 5.9999999999999998e-01 6.3257490264362440e-16
8.0000000000000004e-01 6.9999999999999996e-01 -9.0748509448442080e-16
9.0000000000000002e-01 8.0000000000000004e-01 7.7942895809289545e-16
1.0000000000000000e+00 9.0000000000000002e-01 -1.2246467991473533e-15
2.0000000000000001e-01 0.0000000000000000e+00 -2.4492935982947064e-16
2.9999999999999999e-01 1.0000000000000001e-01 3.1107465690694797e-16
4.0000000000000002e-01 2.0000000000000001e-01 -4.1356608476547564e-16
5.0000000000000000e-01 2.9999999999999999e-01 4.8233686085257172e-16
5.9999999999999998e-01 4.0000000000000002e-01 -6.4890642547455208e-16
6.9999999999999996e-01 5.0000000000000000e-01 6.2892403179750658e-16
8.0000000000000004e-01 5.9999999999999998e-01 -9.1808564159744717e-16
9.0000000000000002e-01 6.9999999999999996e-01 7.5553138349058291e-16
1.0000000000000000e+00 8.0000000000000004e-01 -1.2246467991473533e-15
2.9999999999999999e-01 0.0000000000000000e+00 3.6739403974420594e-16
4.0000000000000002e-01 1.0000000000000001e-01 -4.2105667753309167e-16
5.0000000000000000e-01 2.0000000000000001e-01 4.9188114758454125e-16
5.9999999999999998e-01 2.9999999999999999e-01 -6.4250623317130165e-16
6.9999999999999996e-01 4.0000000000000002e-01 6.3204808961147677e-16
8.0000000000000004e-01 5.0000000000000000e-01 -9.2095771797430331e-16
9.0000000000000002e-01 5.9999999999999998e-01 7.4632741483199019e-16
1.0000000000000000e+00 6.9999999999999996e-01 -1.2246467991473533e-15
4.0000000000000002e-01 0.0000000000000000e+00 -4.8985871965894128e-16
5.0000000000000000e-01 1.0000000000000001e-01 5.1420649927085485e-16
5.9999999999999998e-01 2.0000000000000001e-01 -6.3719093224644190e-16
6.9999999999999996e-01 2.9999999999999999e-01 6.3827731729622922e-16
8.0000000000000004e-01 4.0000000000000002e-01 -9.2038187563322953e-16
9.0000000000000002e-01 5.0000000000000000e-01 7.4317558489090920e-16
1.0000000000000000e+00 5.9999999999999998e-01 -1.2246467991473533e-15
5.0000000000000000e-01 0.0000000000000000e+00 6.1232339957367663e-16
5.9999999999999998e-01 1.0000000000000001e-01 -6.4118360648748375e-16
6.9999999999999996e-01 2.0000000000000001e-01 6.5730682170400090e-16
8.0000000000000004e-01 2.9999999999999999e-01 -9.1111273583020198e-16
9.0000000000000002e-01 4.0000000000000002e-01 7.4554320210296049e-16
1.0000000000000000e+00 5.0000000000000000e-01 -1.2246467991473533e-15
5.9999999999999998e-01 0.0000000000000000e+00 -7.3478807948841188e-16
6.9999999999999996e-01 1.0000000000000001e-01 7.0065640148363031e-16
8.0000000000000004e-01 2.0000000000000001e-01 -8.9825918014384906e-16
9.0000000000000002e-01 2.9999999999999999e-01 7.5153220157393844e-16
1.0000000000000000e+00 4.0000000000000002e-01 -1.2246467991473533e-15
6.9999999999999996e-01 0.0000000000000000e+00 8.5725275940314722e-16
8.0000000000000004e-01 1.0000000000000001e-01 -8.8759667244508027e-16
9.0000000000000002e-01 2.0000000000000001e-01 7.7612770555278567e-16
1.0000000000000000e+00 2.9999999999999999e-01 -1.2246467991473533e-15
8.0000000000000004e-01 0.0000000000000000e+00 -9.7971743931788257e-16
9.0000000000000002e-01 1.0000000000000001e-01 8.4764604231125990e-16
1.0000000000000000e+00 2.0000000000000001e-01 -1.2246467991473533e-15
9.0000000000000002e-01 0.0000000000000000e+00 1.1021821192326179e-15
1.0000000000000000e+00 1.0000000000000001e-01 -1.2246467991473533e-15
1.0000000000000000e+00 0.0000000000000000e+00 -1.2246467991473533e-15
