meshID=4916117
0.000000e+00
1.000000e+00
1.224647e-16
-1.000000e+00
-2.449294e-16
1.000000e+00
3.673940e-16
-1.000000e+00
-4.898587e-16
1.000000e+00
6.123234e-16
-1.000000e+00
-7.347881e-16
1.000000e+00
8.572528e-16
-1.000000e+00
-9.797174e-16
1.000000e+00
1.102182e-15
-1.000000e+00
-1.224647e-15
0.000000e+00
8.700368e-01
-6.687104e-09
-8.700369e-01
-3.196786e-09
8.700368e-01
3.238880e-09
-8.700368e-01
4.734815e-09
8.700369e-01
4.322357e-09
-8.700368e-01
-6.242747e-09
8.700368e-01
-9.213001e-09
-8.700369e-01
-2.034642e-09
8.700369e-01
5.285329e-09
-8.700369e-01
-1.224647e-15
0.000000e+00
8.352133e-01
-1.229523e-08
-8.352133e-01
-7.682964e-09
8.352133e-01
3.929392e-10
-8.352133e-01
6.090115e-09
8.352133e-01
7.896341e-09
-8.352133e-01
-1.653606e-09
8.352133e-01
-8.631362e-09
-8.352133e-01
-5.100481e-09
8.352133e-01
9.493023e-09
-8.352133e-01
-1.224647e-15
0.000000e+00
8.258824e-01
-1.525966e-08
-8.258824e-01
-1.524604e-08
8.258824e-01
-5.668951e-09
-8.258824e-01
9.043209e-09
8.258824e-01
1.415944e-08
-8.258824e-01
9.840236e-09
8.258824e-01
-9.019188e-09
-8.258824e-01
-1.680423e-08
8.258824e-01
3.095461e-09
-8.258824e-01
-1.224647e-15
0.000000e+00
8.233822e-01
-1.896481e-08
-8.233822e-01
-2.182662e-08
8.233822e-01
-9.087657e-09
-8.233822e-01
1.220902e-08
8.233822e-01
1.606081e-08
-8.233822e-01
1.510976e-08
8.233822e-01
-1.402311e-08
-8.233822e-01
-2.973294e-08
8.233822e-01
-9.571604e-09
-8.233822e-01
-1.224647e-15
0.000000e+00
8.227122e-01
-1.748545e-08
-8.227123e-01
-2.387894e-08
8.227122e-01
-6.747471e-09
-8.227122e-01
1.123062e-08
8.227123e-01
1.045658e-08
-8.227122e-01
9.259655e-09
8.227122e-01
-1.812410e-08
-8.227123e-01
-3.306408e-08
8.227122e-01
-1.685461e-08
-8.227123e-01
-1.224647e-15
0.000000e+00
8.225327e-01
-1.040732e-08
-8.225328e-01
-2.007227e-08
8.225327e-01
-3.391089e-09
-8.225327e-01
3.639334e-09
8.225327e-01
-2.674898e-09
-8.225327e-01
-4.494605e-09
8.225327e-01
-1.847641e-08
-8.225328e-01
-2.518935e-08
8.225327e-01
-1.599572e-08
-8.225327e-01
-1.224647e-15
0.000000e+00
8.224846e-01
-3.635617e-09
-8.224847e-01
-1.349749e-08
8.224846e-01
-4.403457e-09
-8.224846e-01
-9.389124e-09
8.224846e-01
-1.762587e-08
-8.224847e-01
-1.964642e-08
8.224846e-01
-1.458499e-08
-8.224847e-01
-1.535263e-08
8.224846e-01
-1.483507e-08
-8.224847e-01
-1.224647e-15
0.000000e+00
8.224718e-01
4.180590e-09
-8.224718e-01
-6.517923e-09
8.224718e-01
-9.236304e-09
-8.224718e-01
-1.992619e-08
8.224717e-01
-2.757118e-08
-8.224718e-01
-2.930612e-08
8.224718e-01
-1.032212e-08
-8.224718e-01
-1.252847e-08
8.224718e-01
-1.685057e-08
-8.224718e-01
-1.224647e-15
0.000000e+00
8.224684e-01
9.394393e-09
-8.224684e-01
3.422401e-10
8.224684e-01
-1.087094e-08
-8.224684e-01
-1.961604e-08
8.224684e-01
-3.003897e-08
-8.224684e-01
-3.252279e-08
8.224684e-01
-1.272537e-08
-8.224684e-01
-1.937687e-08
8.224684e-01
-2.237457e-08
-8.224684e-01
-1.224647e-15
0.000000e+00
8.224677e-01
1.319837e-08
-8.224677e-01
8.195574e-09
8.224677e-01
-2.599551e-09
-8.224677e-01
-8.768912e-09
8.224677e-01
-2.820958e-08
-8.224678e-01
-3.625436e-08
8.224677e-01
-2.688483e-08
-8.224677e-01
-3.290745e-08
8.224677e-01
-2.796384e-08
-8.224677e-01
-1.224647e-15
0.000000e+00
8.224684e-01
1.835320e-08
-8.224684e-01
2.115720e-08
8.224684e-01
1.384194e-08
-8.224684e-01
4.804287e-09
8.224684e-01
-2.744878e-08
-8.224684e-01
-4.605944e-08
8.224683e-01
-4.938392e-08
-8.224684e-01
-4.696447e-08
8.224683e-01
-3.158066e-08
-8.224684e-01
-1.224647e-15
0.000000e+00
8.224718e-01
2.560594e-08
-8.224717e-01
3.731578e-08
8.224718e-01
3.247595e-08
-8.224717e-01
1.381679e-08
8.224718e-01
-2.846002e-08
-8.224718e-01
-5.831114e-08
8.224717e-01
-6.652688e-08
-8.224718e-01
-5.007110e-08
8.224717e-01
-3.163966e-08
-8.224718e-01
-1.224647e-15
0.000000e+00
8.224847e-01
3.357921e-08
-8.224846e-01
5.244263e-08
8.224847e-01
4.758237e-08
-8.224846e-01
1.762848e-08
8.224846e-01
-2.653146e-08
-8.224847e-01
-6.397717e-08
8.224846e-01
-6.801559e-08
-8.224847e-01
-4.414690e-08
8.224846e-01
-2.968182e-08
-8.224847e-01
-1.224647e-15
0.000000e+00
8.225328e-01
3.754353e-08
-8.225327e-01
6.260646e-08
8.225328e-01
5.665574e-08
-8.225327e-01
2.142959e-08
8.225327e-01
-1.846560e-08
-8.225328e-01
-5.794538e-08
8.225327e-01
-5.799443e-08
-8.225328e-01
-3.984343e-08
8.225327e-01
-3.240693e-08
-8.225328e-01
-1.224647e-15
0.000000e+00
8.227123e-01
3.343288e-08
-8.227122e-01
6.339498e-08
8.227123e-01
6.000905e-08
-8.227122e-01
2.853366e-08
8.227123e-01
-5.788350e-09
-8.227123e-01
-4.446194e-08
8.227122e-01
-4.753750e-08
-8.227123e-01
-4.103952e-08
8.227122e-01
-3.321979e-08
-8.227123e-01
-1.224647e-15
0.000000e+00
8.233822e-01
2.285519e-08
-8.233821e-01
5.445955e-08
8.233822e-01
5.911431e-08
-8.233821e-01
3.717223e-08
8.233822e-01
6.699789e-09
-8.233822e-01
-3.116315e-08
8.233821e-01
-4.210795e-08
-8.233822e-01
-4.390745e-08
8.233821e-01
-3.246099e-08
-8.233822e-01
-1.224647e-15
0.000000e+00
8.258824e-01
1.466852e-08
-8.258824e-01
4.232384e-08
8.258824e-01
5.443207e-08
-8.258823e-01
4.360616e-08
8.258824e-01
1.374181e-08
-8.258824e-01
-2.051621e-08
8.258824e-01
-3.859077e-08
-8.258824e-01
-4.008584e-08
8.258824e-01
-2.718715e-08
-8.258824e-01
-1.224647e-15
0.000000e+00
8.352133e-01
9.906143e-09
-8.352133e-01
3.060662e-08
8.352134e-01
4.545303e-08
-8.352133e-01
4.150230e-08
8.352134e-01
1.430191e-08
-8.352133e-01
-1.246167e-08
8.352133e-01
-3.034028e-08
-8.352134e-01
-2.838479e-08
8.352133e-01
-1.683199e-08
-8.352133e-01
-1.224647e-15
0.000000e+00
8.700369e-01
6.720141e-09
-8.700368e-01
1.668405e-08
8.700369e-01
2.803966e-08
-8.700368e-01
2.651654e-08
8.700369e-01
8.907645e-09
-8.700368e-01
-5.997807e-09
8.700368e-01
-1.663612e-08
-8.700369e-01
-1.376856e-08
8.700368e-01
-7.802413e-09
-8.700369e-01
-1.224647e-15
0.000000e+00
1.000000e+00
1.224647e-16
-1.000000e+00
-2.449294e-16
1.000000e+00
3.673940e-16
-1.000000e+00
-4.898587e-16
1.000000e+00
6.123234e-16
-1.000000e+00
-7.347881e-16
1.000000e+00
8.572528e-16
-1.000000e+00
-9.797174e-16
1.000000e+00
1.102182e-15
-1.000000e+00
-1.224647e-15
