meshID=2935229
0.000000e+00
8.660254e-01
8.660254e-01
1.224647e-16
-8.660254e-01
-8.660254e-01
-2.449294e-16
8.660254e-01
8.660254e-01
3.673940e-16
-8.660254e-01
-8.660254e-01
-4.898587e-16
8.660254e-01
8.660254e-01
6.123234e-16
-8.660254e-01
-8.660254e-01
-7.347881e-16
8.660254e-01
8.660254e-01
8.572528e-16
-8.660254e-01
-8.660254e-01
-9.797174e-16
8.660254e-01
8.660254e-01
1.102182e-15
-8.660254e-01
-8.660254e-01
-1.224647e-15
0.000000e+00
8.199162e-01
8.199162e-01
-4.796315e-08
-8.199163e-01
-8.199164e-01
-1.147549e-07
8.199161e-01
8.199161e-01
-1.387131e-07
-8.199164e-01
-8.199164e-01
-1.298465e-07
8.199162e-01
8.199162e-01
-3.489567e-08
-8.199163e-01
-8.199163e-01
-2.617908e-08
8.199162e-01
8.199162e-01
-6.686427e-08
-8.199163e-01
-8.199163e-01
-1.454892e-08
8.199163e-01
8.199163e-01
-1.473170e-08
-8.199163e-01
-8.199163e-01
-1.224647e-15
0.000000e+00
8.023041e-01
8.023041e-01
-1.071616e-07
-8.023043e-01
-8.023043e-01
-1.858827e-07
8.023039e-01
8.023039e-01
-2.959913e-07
-8.023045e-01
-8.023044e-01
-2.127857e-07
8.023040e-01
8.023040e-01
-1.159414e-07
-8.023042e-01
-8.023042e-01
-3.299861e-08
8.023041e-01
8.023040e-01
-1.542698e-07
-8.023043e-01
-8.023042e-01
-7.145026e-09
8.023042e-01
8.023042e-01
-4.921754e-08
-8.023042e-01
-8.023042e-01
-1.224647e-15
0.000000e+00
7.955769e-01
7.955769e-01
-1.096584e-07
-7.955771e-01
-7.955772e-01
-3.090151e-07
7.955766e-01
7.955765e-01
-3.935862e-07
-7.955773e-01
-7.955773e-01
-3.298923e-07
7.955767e-01
7.955767e-01
-1.628376e-07
-7.955770e-01
-7.955770e-01
-9.144691e-08
7.955768e-01
7.955768e-01
-1.962739e-07
-7.955771e-01
-7.955771e-01
-8.552239e-08
7.955769e-01
7.955769e-01
-3.821245e-08
-7.955770e-01
-7.955770e-01
-1.224647e-15
0.000000e+00
7.930073e-01
7.930073e-01
-1.378651e-07
-7.930076e-01
-7.930077e-01
-4.174155e-07
7.930069e-01
7.930069e-01
-4.562123e-07
-7.930078e-01
-7.930078e-01
-4.199174e-07
7.930070e-01
7.930071e-01
-2.155007e-07
-7.930075e-01
-7.930075e-01
-1.556615e-07
7.930072e-01
7.930071e-01
-2.558778e-07
-7.930076e-01
-7.930076e-01
-2.142322e-07
7.930072e-01
7.930073e-01
-7.112554e-08
-7.930074e-01
-7.930074e-01
-1.224647e-15
0.000000e+00
7.920258e-01
7.920257e-01
-2.110270e-07
-7.920261e-01
-7.920262e-01
-4.550302e-07
7.920254e-01
7.920254e-01
-4.946838e-07
-7.920264e-01
-7.920263e-01
-4.589747e-07
7.920254e-01
7.920255e-01
-2.883156e-07
-7.920261e-01
-7.920261e-01
-1.975085e-07
7.920256e-01
7.920256e-01
-3.347511e-07
-7.920262e-01
-7.920262e-01
-3.135147e-07
7.920256e-01
7.920257e-01
-1.282304e-07
-7.920260e-01
-7.920259e-01
-1.224647e-15
0.000000e+00
7.916509e-01
7.916508e-01
-2.256010e-07
-7.916513e-01
-7.916513e-01
-4.447300e-07
7.916505e-01
7.916505e-01
-4.957437e-07
-7.916515e-01
-7.916515e-01
-4.876330e-07
7.916505e-01
7.916506e-01
-3.361590e-07
-7.916512e-01
-7.916512e-01
-2.381285e-07
7.916507e-01
7.916506e-01
-3.693590e-07
-7.916514e-01
-7.916514e-01
-3.756118e-07
7.916507e-01
7.916508e-01
-1.482184e-07
-7.916511e-01
-7.916511e-01
-1.224647e-15
0.000000e+00
7.915077e-01
7.915076e-01
-2.710705e-07
-7.915081e-01
-7.915081e-01
-3.865064e-07
7.915073e-01
7.915073e-01
-5.254597e-07
-7.915083e-01
-7.915083e-01
-4.759917e-07
7.915073e-01
7.915073e-01
-3.808059e-07
-7.915081e-01
-7.915080e-01
-2.393777e-07
7.915075e-01
7.915074e-01
-3.923016e-07
-7.915082e-01
-7.915082e-01
-3.939881e-07
7.915074e-01
7.915075e-01
-1.956891e-07
-7.915079e-01
-7.915079e-01
-1.224647e-15
0.000000e+00
7.914530e-01
7.914529e-01
-2.739411e-07
-7.914534e-01
-7.914534e-01
-3.945221e-07
7.914526e-01
7.914526e-01
-5.306953e-07
-7.914536e-01
-7.914536e-01
-4.736652e-07
7.914527e-01
7.914527e-01
-3.605811e-07
-7.914534e-01
-7.914534e-01
-2.685071e-07
7.914528e-01
7.914528e-01
-3.737300e-07
-7.914535e-01
-7.914536e-01
-4.667599e-07
7.914527e-01
7.914528e-01
-2.447300e-07
-7.914533e-01
-7.914532e-01
-1.224647e-15
0.000000e+00
7.914321e-01
7.914320e-01
-2.740388e-07
-7.914325e-01
-7.914326e-01
-4.350930e-07
7.914317e-01
7.914317e-01
-5.402047e-07
-7.914327e-01
-7.914327e-01
-4.094332e-07
7.914318e-01
7.914319e-01
-3.459056e-07
-7.914325e-01
-7.914325e-01
-2.794965e-07
7.914319e-01
7.914319e-01
-4.011509e-07
-7.914327e-01
-7.914327e-01
-5.242811e-07
7.914317e-01
7.914318e-01
-3.267204e-07
-7.914324e-01
-7.914323e-01
-1.224647e-15
0.000000e+00
7.914241e-01
7.914240e-01
-3.104306e-07
-7.914246e-01
-7.914247e-01
-4.789386e-07
7.914237e-01
7.914237e-01
-5.126256e-07
-7.914247e-01
-7.914246e-01
-3.029637e-07
7.914240e-01
7.914239e-01
-3.418445e-07
-7.914246e-01
-7.914246e-01
-2.899087e-07
7.914239e-01
7.914239e-01
-4.613696e-07
-7.914248e-01
-7.914248e-01
-5.326294e-07
7.914238e-01
7.914238e-01
-3.831962e-07
-7.914245e-01
-7.914244e-01
-1.224647e-15
0.000000e+00
7.914211e-01
7.914209e-01
-3.401181e-07
-7.914216e-01
-7.914217e-01
-4.896517e-07
7.914207e-01
7.914207e-01
-4.282360e-07
-7.914215e-01
-7.914215e-01
-2.205349e-07
7.914210e-01
7.914209e-01
-3.211447e-07
-7.914215e-01
-7.914215e-01
-3.255680e-07
7.914208e-01
7.914208e-01
-4.892767e-07
-7.914217e-01
-7.914217e-01
-5.042580e-07
7.914207e-01
7.914208e-01
-3.787209e-07
-7.914215e-01
-7.914213e-01
-1.224647e-15
0.000000e+00
7.914199e-01
7.914198e-01
-3.319300e-07
-7.914204e-01
-7.914205e-01
-4.530010e-07
7.914196e-01
7.914196e-01
-3.404588e-07
-7.914203e-01
-7.914202e-01
-1.922708e-07
7.914198e-01
7.914198e-01
-2.742154e-07
-7.914203e-01
-7.914203e-01
-3.695905e-07
7.914196e-01
7.914196e-01
-4.558181e-07
-7.914205e-01
-7.914205e-01
-4.733893e-07
7.914195e-01
7.914196e-01
-3.542278e-07
-7.914203e-01
-7.914201e-01
-1.224647e-15
0.000000e+00
7.914195e-01
7.914194e-01
-2.855785e-07
-7.914199e-01
-7.914199e-01
-4.085911e-07
7.914192e-01
7.914192e-01
-3.118938e-07
-7.914198e-01
-7.914198e-01
-1.921327e-07
7.914194e-01
7.914194e-01
-2.114338e-07
-7.914198e-01
-7.914199e-01
-3.876096e-07
7.914191e-01
7.914192e-01
-3.951555e-07
-7.914200e-01
-7.914200e-01
-4.790385e-07
7.914191e-01
7.914191e-01
-3.628757e-07
-7.914198e-01
-7.914197e-01
-1.224647e-15
0.000000e+00
7.914193e-01
7.914192e-01
-2.287256e-07
-7.914197e-01
-7.914197e-01
-3.863839e-07
7.914190e-01
7.914190e-01
-3.496774e-07
-7.914197e-01
-7.914196e-01
-1.633811e-07
7.914193e-01
7.914193e-01
-1.601347e-07
-7.914196e-01
-7.914197e-01
-3.620430e-07
7.914190e-01
7.914190e-01
-3.836951e-07
-7.914198e-01
-7.914199e-01
-5.263062e-07
7.914189e-01
7.914189e-01
-4.133963e-07
-7.914197e-01
-7.914196e-01
-1.224647e-15
0.000000e+00
7.914193e-01
7.914192e-01
-1.948323e-07
-7.914196e-01
-7.914197e-01
-3.835576e-07
7.914189e-01
7.914189e-01
-3.829688e-07
-7.914197e-01
-7.914195e-01
-9.639733e-08
7.914193e-01
7.914193e-01
-1.260354e-07
-7.914196e-01
-7.914196e-01
-3.292629e-07
7.914190e-01
7.914190e-01
-4.487976e-07
-7.914199e-01
-7.914199e-01
-5.905498e-07
7.914188e-01
7.914188e-01
-4.495039e-07
-7.914197e-01
-7.914195e-01
-1.224647e-15
0.000000e+00
7.914193e-01
7.914193e-01
-1.847024e-07
-7.914196e-01
-7.914197e-01
-3.612216e-07
7.914190e-01
7.914190e-01
-3.521755e-07
-7.914196e-01
-7.914195e-01
-2.400652e-08
7.914194e-01
7.914194e-01
-1.077862e-07
-7.914196e-01
-7.914196e-01
-3.272037e-07
7.914190e-01
7.914189e-01
-5.488492e-07
-7.914200e-01
-7.914200e-01
-6.193343e-07
7.914188e-01
7.914189e-01
-4.357676e-07
-7.914197e-01
-7.914195e-01
-1.224647e-15
0.000000e+00
7.914195e-01
7.914194e-01
-1.586957e-07
-7.914198e-01
-7.914198e-01
-2.911082e-07
7.914192e-01
7.914192e-01
-2.545567e-07
-7.914197e-01
-7.914196e-01
7.988398e-09
7.914196e-01
7.914195e-01
-9.591030e-08
-7.914197e-01
-7.914198e-01
-3.621220e-07
7.914191e-01
7.914190e-01
-6.017758e-07
-7.914202e-01
-7.914202e-01
-5.973236e-07
7.914190e-01
7.914191e-01
-3.994256e-07
-7.914198e-01
-7.914197e-01
-1.224647e-15
0.000000e+00
7.914200e-01
7.914199e-01
-8.632188e-08
-7.914201e-01
-7.914202e-01
-1.859071e-07
7.914198e-01
7.914198e-01
-1.294586e-07
-7.914201e-01
-7.914201e-01
-1.738050e-08
7.914200e-01
7.914200e-01
-7.982281e-08
-7.914202e-01
-7.914203e-01
-4.094261e-07
7.914195e-01
7.914195e-01
-5.620854e-07
-7.914206e-01
-7.914206e-01
-5.688225e-07
7.914195e-01
7.914195e-01
-3.867546e-07
-7.914203e-01
-7.914202e-01
-1.224647e-15
0.000000e+00
7.914212e-01
7.914212e-01
-5.194940e-09
-7.914212e-01
-7.914212e-01
-6.564006e-08
7.914211e-01
7.914212e-01
-3.384189e-08
-7.914212e-01
-7.914213e-01
-5.651842e-08
7.914212e-01
7.914212e-01
-7.658380e-08
-7.914214e-01
-7.914215e-01
-4.244692e-07
7.914207e-01
7.914207e-01
-4.849878e-07
-7.914217e-01
-7.914217e-01
-5.697727e-07
7.914206e-01
7.914207e-01
-4.043334e-07
-7.914215e-01
-7.914213e-01
-1.224647e-15
0.000000e+00
7.914242e-01
7.914243e-01
3.318674e-08
-7.914242e-01
-7.914242e-01
4.354131e-08
7.914243e-01
7.914243e-01
2.183493e-08
-7.914243e-01
-7.914243e-01
-6.500515e-08
7.914242e-01
7.914242e-01
-9.683992e-08
-7.914245e-01
-7.914246e-01
-4.014330e-07
7.914238e-01
7.914238e-01
-4.501130e-07
-7.914248e-01
-7.914248e-01
-6.055860e-07
7.914236e-01
7.914237e-01
-4.268235e-07
-7.914245e-01
-7.914244e-01
-1.224647e-15
0.000000e+00
7.914322e-01
7.914322e-01
2.213693e-08
-7.914322e-01
-7.914321e-01
1.295781e-07
7.914324e-01
7.914323e-01
7.006582e-08
-7.914322e-01
-7.914322e-01
-3.311619e-08
7.914322e-01
7.914321e-01
-1.346075e-07
-7.914324e-01
-7.914325e-01
-3.691253e-07
7.914318e-01
7.914318e-01
-4.772385e-07
-7.914327e-01
-7.914328e-01
-6.301167e-07
7.914316e-01
7.914317e-01
-4.247065e-07
-7.914325e-01
-7.914323e-01
-1.224647e-15
0.000000e+00
7.914531e-01
7.914531e-01
1.979161e-08
-7.914530e-01
-7.914530e-01
1.841688e-07
7.914533e-01
7.914533e-01
1.571701e-07
-7.914530e-01
-7.914531e-01
1.598259e-09
7.914531e-01
7.914530e-01
-1.595903e-07
-7.914533e-01
-7.914534e-01
-3.683501e-07
7.914527e-01
7.914526e-01
-4.993282e-07
-7.914536e-01
-7.914537e-01
-6.026314e-07
7.914525e-01
7.914526e-01
-3.613607e-07
-7.914533e-01
-7.914532e-01
-1.224647e-15
0.000000e+00
7.915078e-01
7.915078e-01
5.866849e-08
-7.915077e-01
-7.915076e-01
2.162334e-07
7.915081e-01
7.915081e-01
2.701086e-07
-7.915076e-01
-7.915077e-01
1.666141e-08
7.915077e-01
7.915077e-01
-1.662882e-07
-7.915080e-01
-7.915081e-01
-3.921793e-07
7.915073e-01
7.915073e-01
-4.640473e-07
-7.915083e-01
-7.915083e-01
-5.195019e-07
7.915073e-01
7.915074e-01
-3.043322e-07
-7.915080e-01
-7.915079e-01
-1.224647e-15
0.000000e+00
7.916510e-01
7.916510e-01
6.446672e-08
-7.916509e-01
-7.916508e-01
2.604905e-07
7.916513e-01
7.916513e-01
3.112348e-07
-7.916507e-01
-7.916508e-01
5.721143e-08
7.916509e-01
7.916508e-01
-2.094662e-07
-7.916512e-01
-7.916513e-01
-3.645456e-07
7.916506e-01
7.916505e-01
-4.236348e-07
-7.916514e-01
-7.916514e-01
-3.784284e-07
7.916506e-01
7.916506e-01
-3.150388e-07
-7.916512e-01
-7.916511e-01
-1.224647e-15
0.000000e+00
7.920259e-01
7.920259e-01
6.722618e-08
-7.920258e-01
-7.920257e-01
2.177425e-07
7.920262e-01
7.920262e-01
3.218628e-07
-7.920256e-01
-7.920257e-01
5.649000e-08
7.920258e-01
7.920257e-01
-2.166015e-07
-7.920261e-01
-7.920262e-01
-3.442413e-07
7.920255e-01
7.920255e-01
-3.433319e-07
-7.920262e-01
-7.920262e-01
-3.007865e-07
7.920255e-01
7.920255e-01
-2.949130e-07
-7.920261e-01
-7.920260e-01
-1.224647e-15
0.000000e+00
7.930074e-01
7.930074e-01
3.675867e-08
-7.930073e-01
-7.930073e-01
1.484571e-07
7.930076e-01
7.930076e-01
2.713064e-07
-7.930071e-01
-7.930072e-01
6.633271e-08
7.930073e-01
7.930072e-01
-2.244697e-07
-7.930076e-01
-7.930076e-01
-2.907213e-07
7.930071e-01
7.930071e-01
-2.929404e-07
-7.930076e-01
-7.930076e-01
-2.434646e-07
7.930071e-01
7.930071e-01
-2.824231e-07
-7.930076e-01
-7.930074e-01
-1.224647e-15
0.000000e+00
7.955770e-01
7.955770e-01
5.998543e-08
-7.955769e-01
-7.955769e-01
6.821863e-08
7.955771e-01
7.955771e-01
2.372391e-07
-7.955767e-01
-7.955768e-01
4.509246e-08
7.955769e-01
7.955768e-01
-1.819765e-07
-7.955772e-01
-7.955772e-01
-2.545799e-07
7.955767e-01
7.955767e-01
-2.221843e-07
-7.955771e-01
-7.955771e-01
-2.152011e-07
7.955767e-01
7.955767e-01
-2.026110e-07
-7.955771e-01
-7.955770e-01
-1.224647e-15
0.000000e+00
8.023042e-01
8.023042e-01
7.598592e-08
-8.023041e-01
-8.023041e-01
2.845136e-08
8.023043e-01
8.023043e-01
1.974008e-07
-8.023040e-01
-8.023041e-01
1.770160e-08
8.023041e-01
8.023041e-01
-1.192715e-07
-8.023043e-01
-8.023044e-01
-2.053346e-07
8.023040e-01
8.023040e-01
-1.423459e-07
-8.023043e-01
-8.023043e-01
-1.654449e-07
8.023040e-01
8.023040e-01
-1.019467e-07
-8.023042e-01
-8.023042e-01
-1.224647e-15
0.000000e+00
8.199163e-01
8.199163e-01
8.467407e-09
-8.199163e-01
-8.199162e-01
3.862290e-08
8.199163e-01
8.199164e-01
8.662186e-08
-8.199162e-01
-8.199162e-01
3.041879e-08
8.199163e-01
8.199162e-01
-8.952482e-08
-8.199164e-01
-8.199164e-01
-8.956750e-08
8.199162e-01
8.199162e-01
-9.620200e-08
-8.199164e-01
-8.199163e-01
-5.712480e-08
8.199162e-01
8.199162e-01
-6.386218e-08
-8.199163e-01
-8.199163e-01
-1.224647e-15
0.000000e+00
8.660254e-01
8.660254e-01
1.224647e-16
-8.660254e-01
-8.660254e-01
-2.449294e-16
8.660254e-01
8.660254e-01
3.673940e-16
-8.660254e-01
-8.660254e-01
-4.898587e-16
8.660254e-01
8.660254e-01
6.123234e-16
-8.660254e-01
-8.660254e-01
-7.347881e-16
8.660254e-01
8.660254e-01
8.572528e-16
-8.660254e-01
-8.660254e-01
-9.797174e-16
8.660254e-01
8.660254e-01
1.102182e-15
-8.660254e-01
-8.660254e-01
-1.224647e-15
