meshID=3176201
0.000000e+00
7.071068e-01
1.000000e+00
7.071068e-01
1.224647e-16
-7.071068e-01
-1.000000e+00
-7.071068e-01
-2.449294e-16
7.071068e-01
1.000000e+00
7.071068e-01
3.673940e-16
-7.071068e-01
-1.000000e+00
-7.071068e-01
-4.898587e-16
7.071068e-01
1.000000e+00
7.071068e-01
6.123234e-16
-7.071068e-01
-1.000000e+00
-7.071068e-01
-7.347881e-16
7.071068e-01
1.000000e+00
7.071068e-01
8.572528e-16
-7.071068e-01
-1.000000e+00
-7.071068e-01
-9.797174e-16
7.071068e-01
1.000000e+00
7.071068e-01
1.102182e-15
-7.071068e-01
-1.000000e+00
-7.071068e-01
-1.224647e-15
0.000000e+00
6.885708e-01
9.737862e-01
6.885708e-01
-7.106557e-08
-6.885709e-01
-9.737863e-01
-6.885709e-01
-5.327806e-08
6.885708e-01
9.737862e-01
6.885708e-01
-1.820849e-08
-6.885708e-01
-9.737862e-01
-6.885708e-01
3.316074e-08
6.885709e-01
9.737863e-01
6.885709e-01
5.384094e-08
-6.885708e-01
-9.737861e-01
-6.885707e-01
1.057548e-07
6.885709e-01
9.737863e-01
6.885710e-01
1.307391e-07
-6.885707e-01
-9.737861e-01
-6.885707e-01
9.231999e-08
6.885709e-01
9.737863e-01
6.885709e-01
5.495002e-08
-6.885708e-01
-9.737862e-01
-6.885708e-01
-1.224647e-15
0.000000e+00
6.797959e-01
9.613766e-01
6.797959e-01
-1.264986e-07
-6.797961e-01
-9.613768e-01
-6.797961e-01
-1.067344e-07
6.797959e-01
9.613766e-01
6.797959e-01
-3.364944e-08
-6.797960e-01
-9.613767e-01
-6.797959e-01
5.416328e-08
6.797960e-01
9.613768e-01
6.797961e-01
1.216901e-07
-6.797958e-01
-9.613765e-01
-6.797958e-01
2.060774e-07
6.797962e-01
9.613769e-01
6.797962e-01
2.486817e-07
-6.797957e-01
-9.613764e-01
-6.797957e-01
1.795779e-07
6.797961e-01
9.613768e-01
6.797961e-01
1.095670e-07
-6.797959e-01
-9.613766e-01
-6.797959e-01
-1.224647e-15
0.000000e+00
6.756419e-01
9.555019e-01
6.756418e-01
-1.581203e-07
-6.756421e-01
-9.555022e-01
-6.756422e-01
-1.710223e-07
6.756418e-01
9.555019e-01
6.756419e-01
-4.023583e-08
-6.756420e-01
-9.555020e-01
-6.756419e-01
5.912958e-08
6.756421e-01
9.555022e-01
6.756421e-01
2.071925e-07
-6.756417e-01
-9.555018e-01
-6.756417e-01
2.860521e-07
6.756423e-01
9.555024e-01
6.756423e-01
3.634654e-07
-6.756416e-01
-9.555017e-01
-6.756417e-01
2.677655e-07
6.756422e-01
9.555022e-01
6.756422e-01
1.825861e-07
-6.756418e-01
-9.555019e-01
-6.756419e-01
-1.224647e-15
0.000000e+00
6.736754e-01
9.527209e-01
6.736753e-01
-1.999024e-07
-6.736757e-01
-9.527212e-01
-6.736757e-01
-2.201402e-07
6.736753e-01
9.527208e-01
6.736754e-01
-6.689941e-08
-6.736755e-01
-9.527210e-01
-6.736754e-01
7.997739e-08
6.736756e-01
9.527212e-01
6.736757e-01
2.719370e-07
-6.736752e-01
-9.527207e-01
-6.736751e-01
3.780930e-07
6.736759e-01
9.527214e-01
6.736759e-01
4.508206e-07
-6.736750e-01
-9.527205e-01
-6.736750e-01
3.847680e-07
6.736758e-01
9.527213e-01
6.736757e-01
2.328985e-07
-6.736753e-01
-9.527209e-01
-6.736754e-01
-1.224647e-15
0.000000e+00
6.727445e-01
9.514043e-01
6.727444e-01
-2.349598e-07
-6.727448e-01
-9.514047e-01
-6.727448e-01
-2.702004e-07
6.727443e-01
9.514042e-01
6.727444e-01
-9.082903e-08
-6.727446e-01
-9.514044e-01
-6.727445e-01
9.999531e-08
6.727447e-01
9.514047e-01
6.727448e-01
3.272838e-07
-6.727442e-01
-9.514040e-01
-6.727441e-01
4.636491e-07
6.727450e-01
9.514049e-01
6.727450e-01
5.275762e-07
-6.727440e-01
-9.514039e-01
-6.727440e-01
4.883391e-07
6.727449e-01
9.514048e-01
6.727448e-01
2.505283e-07
-6.727443e-01
-9.514043e-01
-6.727444e-01
-1.224647e-15
0.000000e+00
6.723038e-01
9.507811e-01
6.723036e-01
-2.478844e-07
-6.723041e-01
-9.507815e-01
-6.723042e-01
-3.252232e-07
6.723036e-01
9.507810e-01
6.723037e-01
-9.063952e-08
-6.723039e-01
-9.507812e-01
-6.723038e-01
9.873296e-08
6.723040e-01
9.507814e-01
6.723042e-01
3.876503e-07
-6.723034e-01
-9.507807e-01
-6.723033e-01
5.198048e-07
6.723044e-01
9.507818e-01
6.723044e-01
6.070229e-07
-6.723032e-01
-9.507806e-01
-6.723032e-01
5.389622e-07
6.723043e-01
9.507816e-01
6.723041e-01
2.563287e-07
-6.723036e-01
-9.507811e-01
-6.723037e-01
-1.224647e-15
0.000000e+00
6.720951e-01
9.504860e-01
6.720950e-01
-2.606746e-07
-6.720955e-01
-9.504865e-01
-6.720956e-01
-3.428368e-07
6.720949e-01
9.504860e-01
6.720951e-01
-9.581657e-08
-6.720953e-01
-9.504862e-01
-6.720952e-01
9.965787e-08
6.720954e-01
9.504864e-01
6.720956e-01
4.264674e-07
-6.720947e-01
-9.504857e-01
-6.720947e-01
5.670585e-07
6.720958e-01
9.504868e-01
6.720959e-01
6.602991e-07
-6.720945e-01
-9.504855e-01
-6.720946e-01
5.652186e-07
6.720957e-01
9.504865e-01
6.720955e-01
2.625174e-07
-6.720950e-01
-9.504860e-01
-6.720951e-01
-1.224647e-15
0.000000e+00
6.719964e-01
9.503464e-01
6.719962e-01
-2.654395e-07
-6.719968e-01
-9.503468e-01
-6.719968e-01
-3.336910e-07
6.719962e-01
9.503463e-01
6.719963e-01
-1.021222e-07
-6.719965e-01
-9.503465e-01
-6.719964e-01
9.411672e-08
6.719966e-01
9.503468e-01
6.719968e-01
4.551243e-07
-6.719959e-01
-9.503459e-01
-6.719959e-01
5.922249e-07
6.719971e-01
9.503471e-01
6.719971e-01
6.992382e-07
-6.719957e-01
-9.503458e-01
-6.719958e-01
5.725739e-07
6.719969e-01
9.503469e-01
6.719968e-01
2.998308e-07
-6.719962e-01
-9.503463e-01
-6.719963e-01
-1.224647e-15
0.000000e+00
6.719496e-01
9.502802e-01
6.719495e-01
-2.544042e-07
-6.719500e-01
-9.502807e-01
-6.719500e-01
-3.262768e-07
6.719494e-01
9.502801e-01
6.719495e-01
-1.016118e-07
-6.719497e-01
-9.502804e-01
-6.719497e-01
8.114795e-08
6.719499e-01
9.502806e-01
6.719501e-01
4.812545e-07
-6.719491e-01
-9.502798e-01
-6.719491e-01
5.893582e-07
6.719503e-01
9.502810e-01
6.719504e-01
7.327443e-07
-6.719490e-01
-9.502797e-01
-6.719490e-01
5.615699e-07
6.719502e-01
9.502808e-01
6.719501e-01
3.509993e-07
-6.719494e-01
-9.502801e-01
-6.719496e-01
-1.224647e-15
0.000000e+00
6.719275e-01
9.502489e-01
6.719274e-01
-2.416599e-07
-6.719278e-01
-9.502494e-01
-6.719279e-01
-3.094626e-07
6.719273e-01
9.502488e-01
6.719274e-01
-1.164527e-07
-6.719276e-01
-9.502491e-01
-6.719275e-01
9.901689e-08
6.719277e-01
9.502494e-01
6.719279e-01
4.712934e-07
-6.719270e-01
-9.502485e-01
-6.719270e-01
5.945957e-07
6.719282e-01
9.502497e-01
6.719283e-01
7.259907e-07
-6.719268e-01
-9.502484e-01
-6.719269e-01
5.602245e-07
6.719280e-01
9.502495e-01
6.719279e-01
3.491802e-07
-6.719273e-01
-9.502488e-01
-6.719275e-01
-1.224647e-15
0.000000e+00
6.719170e-01
9.502341e-01
6.719169e-01
-2.372510e-07
-6.719173e-01
-9.502345e-01
-6.719173e-01
-2.754793e-07
6.719168e-01
9.502340e-01
6.719169e-01
-1.401289e-07
-6.719172e-01
-9.502342e-01
-6.719170e-01
1.512669e-07
6.719173e-01
9.502345e-01
6.719174e-01
4.204986e-07
-6.719166e-01
-9.502337e-01
-6.719165e-01
6.143826e-07
6.719177e-01
9.502349e-01
6.719177e-01
6.708606e-07
-6.719164e-01
-9.502336e-01
-6.719165e-01
5.678166e-07
6.719176e-01
9.502347e-01
6.719174e-01
2.857302e-07
-6.719168e-01
-9.502341e-01
-6.719170e-01
-1.224647e-15
0.000000e+00
6.719121e-01
9.502271e-01
6.719119e-01
-2.373667e-07
-6.719124e-01
-9.502275e-01
-6.719124e-01
-2.339158e-07
6.719119e-01
9.502270e-01
6.719119e-01
-1.354605e-07
-6.719122e-01
-9.502272e-01
-6.719120e-01
1.923111e-07
6.719124e-01
9.502275e-01
6.719124e-01
3.701916e-07
-6.719117e-01
-9.502267e-01
-6.719115e-01
6.089816e-07
6.719127e-01
9.502278e-01
6.719127e-01
6.069138e-07
-6.719115e-01
-9.502266e-01
-6.719115e-01
5.492677e-07
6.719126e-01
9.502276e-01
6.719124e-01
2.210163e-07
-6.719119e-01
-9.502271e-01
-6.719120e-01
-1.224647e-15
0.000000e+00
6.719097e-01
9.502238e-01
6.719096e-01
-2.285314e-07
-6.719100e-01
-9.502241e-01
-6.719100e-01
-1.873409e-07
6.719096e-01
9.502237e-01
6.719096e-01
-9.239795e-08
-6.719098e-01
-9.502238e-01
-6.719096e-01
1.910756e-07
6.719100e-01
9.502242e-01
6.719101e-01
3.508361e-07
-6.719093e-01
-9.502234e-01
-6.719092e-01
5.514589e-07
6.719103e-01
9.502245e-01
6.719103e-01
5.670101e-07
-6.719092e-01
-9.502233e-01
-6.719092e-01
4.880108e-07
6.719102e-01
9.502242e-01
6.719100e-01
1.976418e-07
-6.719096e-01
-9.502237e-01
-6.719097e-01
-1.224647e-15
0.000000e+00
6.719086e-01
9.502222e-01
6.719085e-01
-1.981379e-07
-6.719089e-01
-9.502225e-01
-6.719088e-01
-1.316616e-07
6.719085e-01
9.502222e-01
6.719086e-01
-4.475846e-08
-6.719086e-01
-9.502223e-01
-6.719085e-01
1.679116e-07
6.719089e-01
9.502226e-01
6.719090e-01
3.476415e-07
-6.719083e-01
-9.502219e-01
-6.719082e-01
4.628115e-07
6.719091e-01
9.502228e-01
6.719092e-01
5.411745e-07
-6.719081e-01
-9.502218e-01
-6.719082e-01
4.071868e-07
6.719090e-01
9.502226e-01
6.719089e-01
1.934716e-07
-6.719085e-01
-9.502222e-01
-6.719086e-01
-1.224647e-15
0.000000e+00
6.719081e-01
9.502215e-01
6.719080e-01
-1.412322e-07
-6.719083e-01
-9.502217e-01
-6.719082e-01
-7.787560e-08
6.719081e-01
9.502215e-01
6.719081e-01
-1.970588e-08
-6.719081e-01
-9.502215e-01
-6.719080e-01
1.567403e-07
6.719083e-01
9.502218e-01
6.719084e-01
3.330657e-07
-6.719078e-01
-9.502212e-01
-6.719078e-01
3.776548e-07
6.719085e-01
9.502220e-01
6.719086e-01
5.043734e-07
-6.719076e-01
-9.502211e-01
-6.719077e-01
3.303992e-07
6.719084e-01
9.502218e-01
6.719083e-01
1.676160e-07
-6.719080e-01
-9.502215e-01
-6.719081e-01
-1.224647e-15
0.000000e+00
6.719078e-01
9.502212e-01
6.719078e-01
-6.905502e-08
-6.719079e-01
-9.502213e-01
-6.719079e-01
-3.999163e-08
6.719078e-01
9.502212e-01
6.719078e-01
-9.263000e-09
-6.719079e-01
-9.502212e-01
-6.719078e-01
1.665283e-07
6.719081e-01
9.502215e-01
6.719082e-01
2.978673e-07
-6.719076e-01
-9.502209e-01
-6.719076e-01
3.101724e-07
6.719082e-01
9.502216e-01
6.719083e-01
4.443555e-07
-6.719074e-01
-9.502208e-01
-6.719076e-01
2.576975e-07
6.719081e-01
9.502214e-01
6.719080e-01
1.092118e-07
-6.719078e-01
-9.502212e-01
-6.719078e-01
-1.224647e-15
0.000000e+00
6.719077e-01
9.502210e-01
6.719077e-01
-1.891602e-09
-6.719078e-01
-9.502211e-01
-6.719078e-01
-1.357192e-08
6.719077e-01
9.502210e-01
6.719077e-01
8.465062e-09
-6.719077e-01
-9.502210e-01
-6.719076e-01
1.808062e-07
6.719080e-01
9.502213e-01
6.719080e-01
2.505771e-07
-6.719075e-01
-9.502208e-01
-6.719075e-01
2.528195e-07
6.719080e-01
9.502214e-01
6.719081e-01
3.633109e-07
-6.719074e-01
-9.502208e-01
-6.719075e-01
1.793281e-07
6.719079e-01
9.502212e-01
6.719078e-01
3.816337e-08
-6.719077e-01
-9.502210e-01
-6.719077e-01
-1.224647e-15
0.000000e+00
6.719077e-01
9.502210e-01
6.719077e-01
4.864062e-08
-6.719077e-01
-9.502209e-01
-6.719077e-01
1.886278e-08
6.719077e-01
9.502210e-01
6.719077e-01
3.902535e-08
-6.719076e-01
-9.502209e-01
-6.719076e-01
1.794182e-07
6.719079e-01
9.502212e-01
6.719079e-01
2.024452e-07
-6.719075e-01
-9.502208e-01
-6.719075e-01
1.919903e-07
6.719079e-01
9.502212e-01
6.719080e-01
2.698524e-07
-6.719075e-01
-9.502208e-01
-6.719076e-01
9.597554e-08
6.719078e-01
9.502210e-01
6.719077e-01
-2.352169e-08
-6.719077e-01
-9.502210e-01
-6.719077e-01
-1.224647e-15
0.000000e+00
6.719077e-01
9.502210e-01
6.719077e-01
8.613624e-08
-6.719076e-01
-9.502209e-01
-6.719076e-01
6.543720e-08
6.719077e-01
9.502210e-01
6.719077e-01
6.806840e-08
-6.719076e-01
-9.502208e-01
-6.719075e-01
1.552947e-07
6.719078e-01
9.502211e-01
6.719078e-01
1.577973e-07
-6.719075e-01
-9.502208e-01
-6.719076e-01
1.202367e-07
6.719078e-01
9.502211e-01
6.719079e-01
1.754845e-07
-6.719075e-01
-9.502208e-01
-6.719076e-01
1.907711e-08
6.719077e-01
9.502209e-01
6.719076e-01
-7.194597e-08
-6.719077e-01
-9.502210e-01
-6.719077e-01
-1.224647e-15
0.000000e+00
6.719077e-01
9.502210e-01
6.719078e-01
1.194218e-07
-6.719075e-01
-9.502208e-01
-6.719075e-01
1.152727e-07
6.719078e-01
9.502210e-01
6.719077e-01
7.964637e-08
-6.719076e-01
-9.502208e-01
-6.719076e-01
1.152782e-07
6.719078e-01
9.502211e-01
6.719078e-01
1.137218e-07
-6.719076e-01
-9.502209e-01
-6.719076e-01
3.945944e-08
6.719077e-01
9.502210e-01
6.719078e-01
9.261966e-08
-6.719076e-01
-9.502209e-01
-6.719077e-01
-4.452996e-08
6.719076e-01
9.502208e-01
6.719076e-01
-1.165428e-07
-6.719078e-01
-9.502210e-01
-6.719077e-01
-1.224647e-15
0.000000e+00
6.719077e-01
9.502210e-01
6.719078e-01
1.490712e-07
-6.719075e-01
-9.502208e-01
-6.719075e-01
1.514394e-07
6.719078e-01
9.502210e-01
6.719078e-01
7.058746e-08
-6.719076e-01
-9.502209e-01
-6.719076e-01
7.145540e-08
6.719078e-01
9.502210e-01
6.719078e-01
6.327510e-08
-6.719076e-01
-9.502210e-01
-6.719077e-01
-4.115430e-08
6.719076e-01
9.502209e-01
6.719077e-01
2.733807e-08
-6.719077e-01
-9.502210e-01
-6.719077e-01
-1.019433e-07
6.719075e-01
9.502208e-01
6.719075e-01
-1.626186e-07
-6.719078e-01
-9.502210e-01
-6.719077e-01
-1.224647e-15
0.000000e+00
6.719077e-01
9.502211e-01
6.719078e-01
1.658815e-07
-6.719075e-01
-9.502208e-01
-6.719075e-01
1.687765e-07
6.719078e-01
9.502211e-01
6.719078e-01
4.933235e-08
-6.719077e-01
-9.502210e-01
-6.719077e-01
3.182672e-08
6.719077e-01
9.502210e-01
6.719077e-01
-2.907300e-10
-6.719077e-01
-9.502211e-01
-6.719078e-01
-1.111531e-07
6.719076e-01
9.502209e-01
6.719077e-01
-2.736611e-08
-6.719077e-01
-9.502211e-01
-6.719078e-01
-1.661728e-07
6.719075e-01
9.502208e-01
6.719075e-01
-2.017032e-07
-6.719079e-01
-9.502211e-01
-6.719077e-01
-1.224647e-15
0.000000e+00
6.719078e-01
9.502211e-01
6.719079e-01
1.637095e-07
-6.719076e-01
-9.502209e-01
-6.719076e-01
1.764343e-07
6.719079e-01
9.502211e-01
6.719078e-01
2.670125e-08
-6.719077e-01
-9.502211e-01
-6.719078e-01
-4.741971e-09
6.719078e-01
9.502211e-01
6.719077e-01
-7.854314e-08
-6.719079e-01
-9.502212e-01
-6.719079e-01
-1.673011e-07
6.719076e-01
9.502210e-01
6.719077e-01
-8.663745e-08
-6.719079e-01
-9.502212e-01
-6.719080e-01
-2.389261e-07
6.719075e-01
9.502208e-01
6.719075e-01
-2.193849e-07
-6.719079e-01
-9.502212e-01
-6.719078e-01
-1.224647e-15
0.000000e+00
6.719079e-01
9.502213e-01
6.719080e-01
1.526943e-07
-6.719077e-01
-9.502210e-01
-6.719077e-01
1.833942e-07
6.719080e-01
9.502213e-01
6.719079e-01
1.051886e-08
-6.719079e-01
-9.502213e-01
-6.719079e-01
-4.832688e-08
6.719078e-01
9.502211e-01
6.719078e-01
-1.638951e-07
-6.719081e-01
-9.502215e-01
-6.719081e-01
-2.191332e-07
6.719077e-01
9.502211e-01
6.719077e-01
-1.565502e-07
-6.719081e-01
-9.502215e-01
-6.719081e-01
-3.045934e-07
6.719076e-01
9.502209e-01
6.719076e-01
-2.122530e-07
-6.719080e-01
-9.502213e-01
-6.719079e-01
-1.224647e-15
0.000000e+00
6.719082e-01
9.502217e-01
6.719082e-01
1.550967e-07
-6.719079e-01
-9.502214e-01
-6.719079e-01
1.845899e-07
6.719082e-01
9.502217e-01
6.719082e-01
5.777805e-09
-6.719081e-01
-9.502216e-01
-6.719082e-01
-1.117853e-07
6.719080e-01
9.502214e-01
6.719079e-01
-2.414715e-07
-6.719084e-01
-9.502219e-01
-6.719084e-01
-2.841765e-07
6.719079e-01
9.502213e-01
6.719079e-01
-2.220116e-07
-6.719084e-01
-9.502219e-01
-6.719084e-01
-3.463596e-07
6.719078e-01
9.502213e-01
6.719079e-01
-1.958161e-07
-6.719083e-01
-9.502217e-01
-6.719082e-01
-1.224647e-15
0.000000e+00
6.719087e-01
9.502224e-01
6.719088e-01
1.809240e-07
-6.719084e-01
-9.502221e-01
-6.719084e-01
1.678876e-07
6.719088e-01
9.502224e-01
6.719087e-01
1.128949e-08
-6.719087e-01
-9.502224e-01
-6.719088e-01
-1.971458e-07
6.719084e-01
9.502221e-01
6.719084e-01
-3.015768e-07
-6.719090e-01
-9.502227e-01
-6.719090e-01
-3.702546e-07
6.719083e-01
9.502220e-01
6.719084e-01
-2.604667e-07
-6.719089e-01
-9.502226e-01
-6.719090e-01
-3.659217e-07
6.719083e-01
9.502220e-01
6.719084e-01
-1.919928e-07
-6.719088e-01
-9.502224e-01
-6.719087e-01
-1.224647e-15
0.000000e+00
6.719098e-01
9.502240e-01
6.719099e-01
2.077075e-07
-6.719095e-01
-9.502237e-01
-6.719096e-01
1.371625e-07
6.719098e-01
9.502239e-01
6.719098e-01
1.254676e-08
-6.719098e-01
-9.502240e-01
-6.719100e-01
-2.836357e-07
6.719094e-01
9.502236e-01
6.719094e-01
-3.540867e-07
-6.719101e-01
-9.502243e-01
-6.719102e-01
-4.590806e-07
6.719093e-01
9.502235e-01
6.719095e-01
-2.727327e-07
-6.719100e-01
-9.502242e-01
-6.719101e-01
-3.781454e-07
6.719094e-01
9.502236e-01
6.719095e-01
-2.071831e-07
-6.719099e-01
-9.502240e-01
-6.719098e-01
-1.224647e-15
0.000000e+00
6.719122e-01
9.502273e-01
6.719122e-01
1.965346e-07
-6.719119e-01
-9.502270e-01
-6.719119e-01
1.195712e-07
6.719122e-01
9.502273e-01
6.719121e-01
-1.329953e-08
-6.719122e-01
-9.502274e-01
-6.719124e-01
-3.365825e-07
6.719117e-01
9.502268e-01
6.719117e-01
-4.235074e-07
-6.719126e-01
-9.502277e-01
-6.719126e-01
-5.150428e-07
6.719116e-01
9.502268e-01
6.719118e-01
-2.913076e-07
-6.719124e-01
-9.502275e-01
-6.719125e-01
-3.857318e-07
6.719117e-01
9.502269e-01
6.719118e-01
-2.295497e-07
-6.719123e-01
-9.502274e-01
-6.719122e-01
-1.224647e-15
0.000000e+00
6.719171e-01
9.502343e-01
6.719172e-01
1.427402e-07
-6.719169e-01
-9.502340e-01
-6.719169e-01
1.339138e-07
6.719171e-01
9.502343e-01
6.719171e-01
-6.967609e-08
-6.719172e-01
-9.502344e-01
-6.719174e-01
-3.433551e-07
6.719167e-01
9.502338e-01
6.719166e-01
-5.157431e-07
-6.719176e-01
-9.502348e-01
-6.719176e-01
-5.242793e-07
6.719166e-01
9.502338e-01
6.719167e-01
-3.418130e-07
-6.719174e-01
-9.502346e-01
-6.719174e-01
-3.777012e-07
6.719167e-01
9.502339e-01
6.719168e-01
-2.460360e-07
-6.719173e-01
-9.502344e-01
-6.719172e-01
-1.224647e-15
0.000000e+00
6.719276e-01
9.502491e-01
6.719276e-01
9.964296e-08
-6.719274e-01
-9.502489e-01
-6.719274e-01
1.549682e-07
6.719276e-01
9.502491e-01
6.719275e-01
-1.212968e-07
-6.719277e-01
-9.502493e-01
-6.719278e-01
-3.373231e-07
6.719271e-01
9.502486e-01
6.719270e-01
-5.939365e-07
-6.719282e-01
-9.502497e-01
-6.719281e-01
-5.205169e-07
6.719271e-01
9.502486e-01
6.719271e-01
-4.013732e-07
-6.719279e-01
-9.502494e-01
-6.719279e-01
-3.582214e-07
6.719272e-01
9.502487e-01
6.719272e-01
-2.477585e-07
-6.719277e-01
-9.502492e-01
-6.719276e-01
-1.224647e-15
0.000000e+00
6.719497e-01
9.502804e-01
6.719498e-01
1.109369e-07
-6.719495e-01
-9.502802e-01
-6.719495e-01
1.446432e-07
6.719497e-01
9.502803e-01
6.719496e-01
-1.361428e-07
-6.719499e-01
-9.502806e-01
-6.719500e-01
-3.530529e-07
6.719493e-01
9.502799e-01
6.719491e-01
-6.209000e-07
-6.719503e-01
-9.502810e-01
-6.719503e-01
-5.389339e-07
6.719492e-01
9.502799e-01
6.719492e-01
-4.309992e-07
-6.719501e-01
-9.502807e-01
-6.719500e-01
-3.392908e-07
6.719494e-01
9.502801e-01
6.719494e-01
-2.327720e-07
-6.719499e-01
-9.502805e-01
-6.719498e-01
-1.224647e-15
0.000000e+00
6.719965e-01
9.503465e-01
6.719965e-01
1.422040e-07
-6.719963e-01
-9.503463e-01
-6.719963e-01
1.046892e-07
6.719965e-01
9.503464e-01
6.719964e-01
-1.288368e-07
-6.719966e-01
-9.503467e-01
-6.719968e-01
-3.762027e-07
6.719960e-01
9.503460e-01
6.719959e-01
-6.072908e-07
-6.719971e-01
-9.503471e-01
-6.719971e-01
-5.639006e-07
6.719959e-01
9.503460e-01
6.719960e-01
-4.303066e-07
-6.719969e-01
-9.503469e-01
-6.719968e-01
-3.138568e-07
6.719962e-01
9.503462e-01
6.719962e-01
-2.111251e-07
-6.719966e-01
-9.503466e-01
-6.719965e-01
-1.224647e-15
0.000000e+00
6.720952e-01
9.504862e-01
6.720953e-01
1.311210e-07
-6.720950e-01
-9.504860e-01
-6.720951e-01
6.461648e-08
6.720952e-01
9.504861e-01
6.720951e-01
-1.272353e-07
-6.720954e-01
-9.504864e-01
-6.720955e-01
-3.742442e-07
6.720948e-01
9.504857e-01
6.720947e-01
-5.815411e-07
-6.720958e-01
-9.504868e-01
-6.720958e-01
-5.596806e-07
6.720947e-01
9.504857e-01
6.720948e-01
-4.207942e-07
-6.720956e-01
-9.504865e-01
-6.720955e-01
-2.752600e-07
6.720950e-01
9.504859e-01
6.720950e-01
-1.968158e-07
-6.720954e-01
-9.504863e-01
-6.720953e-01
-1.224647e-15
0.000000e+00
6.723038e-01
9.507812e-01
6.723039e-01
8.933124e-08
-6.723037e-01
-9.507811e-01
-6.723037e-01
3.176605e-08
6.723038e-01
9.507811e-01
6.723037e-01
-1.167300e-07
-6.723040e-01
-9.507814e-01
-6.723041e-01
-3.573618e-07
6.723034e-01
9.507807e-01
6.723033e-01
-5.316949e-07
-6.723044e-01
-9.507818e-01
-6.723044e-01
-5.333832e-07
6.723033e-01
9.507807e-01
6.723034e-01
-3.926519e-07
-6.723042e-01
-9.507815e-01
-6.723041e-01
-2.505672e-07
6.723036e-01
9.507810e-01
6.723036e-01
-1.748053e-07
-6.723040e-01
-9.507813e-01
-6.723039e-01
-1.224647e-15
0.000000e+00
6.727445e-01
9.514045e-01
6.727446e-01
5.643355e-08
-6.727444e-01
-9.514043e-01
-6.727444e-01
2.120152e-08
6.727445e-01
9.514044e-01
6.727445e-01
-9.410410e-08
-6.727447e-01
-9.514046e-01
-6.727448e-01
-3.317231e-07
6.727442e-01
9.514040e-01
6.727441e-01
-4.542901e-07
-6.727450e-01
-9.514049e-01
-6.727450e-01
-4.901059e-07
6.727441e-01
9.514040e-01
6.727441e-01
-3.467774e-07
-6.727448e-01
-9.514047e-01
-6.727448e-01
-2.399128e-07
6.727443e-01
9.514042e-01
6.727444e-01
-1.368648e-07
-6.727446e-01
-9.514045e-01
-6.727446e-01
-1.224647e-15
0.000000e+00
6.736755e-01
9.527210e-01
6.736755e-01
2.947338e-08
-6.736754e-01
-9.527209e-01
-6.736754e-01
5.096210e-08
6.736755e-01
9.527209e-01
6.736754e-01
-8.982056e-08
-6.736756e-01
-9.527212e-01
-6.736757e-01
-2.760784e-07
6.736752e-01
9.527207e-01
6.736751e-01
-3.773690e-07
-6.736759e-01
-9.527214e-01
-6.736759e-01
-4.097275e-07
6.736751e-01
9.527206e-01
6.736751e-01
-3.089388e-07
-6.736758e-01
-9.527212e-01
-6.736757e-01
-2.044604e-07
6.736753e-01
9.527208e-01
6.736753e-01
-1.096051e-07
-6.736756e-01
-9.527210e-01
-6.736755e-01
-1.224647e-15
0.000000e+00
6.756420e-01
9.555021e-01
6.756420e-01
1.645618e-08
-6.756419e-01
-9.555020e-01
-6.756419e-01
7.335972e-08
6.756420e-01
9.555020e-01
6.756419e-01
-8.791307e-08
-6.756421e-01
-9.555022e-01
-6.756421e-01
-2.116399e-07
6.756417e-01
9.555018e-01
6.756417e-01
-2.882158e-07
-6.756423e-01
-9.555023e-01
-6.756423e-01
-3.157551e-07
6.756417e-01
9.555017e-01
6.756417e-01
-2.570293e-07
-6.756422e-01
-9.555022e-01
-6.756421e-01
-1.558649e-07
6.756418e-01
9.555019e-01
6.756419e-01
-8.226806e-08
-6.756420e-01
-9.555021e-01
-6.756420e-01
-1.224647e-15
0.000000e+00
6.797959e-01
9.613767e-01
6.797960e-01
2.442140e-08
-6.797959e-01
-9.613766e-01
-6.797959e-01
5.324638e-08
6.797960e-01
9.613766e-01
6.797959e-01
-6.313848e-08
-6.797960e-01
-9.613768e-01
-6.797961e-01
-1.568264e-07
6.797958e-01
9.613765e-01
6.797958e-01
-1.765170e-07
-6.797961e-01
-9.613769e-01
-6.797962e-01
-2.296654e-07
6.797957e-01
9.613765e-01
6.797958e-01
-1.714644e-07
-6.797961e-01
-9.613768e-01
-6.797961e-01
-1.166309e-07
6.797959e-01
9.613766e-01
6.797959e-01
-4.134422e-08
-6.797960e-01
-9.613767e-01
-6.797960e-01
-1.224647e-15
0.000000e+00
6.885708e-01
9.737862e-01
6.885709e-01
2.220032e-08
-6.885708e-01
-9.737862e-01
-6.885708e-01
2.500930e-08
6.885708e-01
9.737862e-01
6.885708e-01
-3.173997e-08
-6.885709e-01
-9.737863e-01
-6.885709e-01
-8.540459e-08
6.885707e-01
9.737861e-01
6.885708e-01
-7.786187e-08
-6.885709e-01
-9.737863e-01
-6.885710e-01
-1.260477e-07
6.885707e-01
9.737861e-01
6.885707e-01
-8.320913e-08
-6.885709e-01
-9.737863e-01
-6.885709e-01
-6.555699e-08
6.885708e-01
9.737862e-01
6.885708e-01
-1.386954e-08
-6.885708e-01
-9.737862e-01
-6.885709e-01
-1.224647e-15
0.000000e+00
7.071068e-01
1.000000e+00
7.071068e-01
1.224647e-16
-7.071068e-01
-1.000000e+00
-7.071068e-01
-2.449294e-16
7.071068e-01
1.000000e+00
7.071068e-01
3.673940e-16
-7.071068e-01
-1.000000e+00
-7.071068e-01
-4.898587e-16
7.071068e-01
1.000000e+00
7.071068e-01
6.123234e-16
-7.071068e-01
-1.000000e+00
-7.071068e-01
-7.347881e-16
7.071068e-01
1.000000e+00
7.071068e-01
8.572528e-16
-7.071068e-01
-1.000000e+00
-7.071068e-01
-9.797174e-16
7.071068e-01
1.000000e+00
7.071068e-01
1.102182e-15
-7.071068e-01
-1.000000e+00
-7.071068e-01
-1.224647e-15
