meshID=6129421
0.000000e+00
5.877853e-01
9.510565e-01
9.510565e-01
5.877853e-01
1.224647e-16
-5.877853e-01
-9.510565e-01
-9.510565e-01
-5.877853e-01
-2.449294e-16
5.877853e-01
9.510565e-01
9.510565e-01
5.877853e-01
3.673940e-16
-5.877853e-01
-9.510565e-01
-9.510565e-01
-5.877853e-01
-4.898587e-16
5.877853e-01
9.510565e-01
9.510565e-01
5.877853e-01
6.123234e-16
-5.877853e-01
-9.510565e-01
-9.510565e-01
-5.877853e-01
-7.347881e-16
5.877853e-01
9.510565e-01
9.510565e-01
5.877853e-01
8.572528e-16
-5.877853e-01
-9.510565e-01
-9.510565e-01
-5.877853e-01
-9.797174e-16
5.877853e-01
9.510565e-01
9.510565e-01
5.877853e-01
1.102182e-15
-5.877853e-01
-9.510565e-01
-9.510565e-01
-5.877853e-01
-1.224647e-15
0.000000e+00
5.791464e-01
9.370785e-01
9.370785e-01
5.791463e-01
-6.468675e-08
-5.791465e-01
-9.370786e-01
-9.370786e-01
-5.791464e-01
-4.131568e-08
5.791463e-01
9.370785e-01
9.370785e-01
5.791463e-01
-4.335009e-08
-5.791464e-01
-9.370786e-01
-9.370785e-01
-5.791464e-01
1.397223e-08
5.791464e-01
9.370786e-01
9.370786e-01
5.791464e-01
1.583135e-08
-5.791464e-01
-9.370785e-01
-9.370785e-01
-5.791463e-01
8.625850e-08
5.791465e-01
9.370786e-01
9.370786e-01
5.791465e-01
7.545842e-08
-5.791463e-01
-9.370785e-01
-9.370785e-01
-5.791463e-01
9.526938e-08
5.791465e-01
9.370786e-01
9.370786e-01
5.791464e-01
2.702354e-08
-5.791464e-01
-9.370785e-01
-9.370785e-01
-5.791464e-01
-1.224647e-15
0.000000e+00
5.744458e-01
9.294729e-01
9.294729e-01
5.744458e-01
-1.112207e-07
-5.744460e-01
-9.294731e-01
-9.294730e-01
-5.744460e-01
-8.677970e-08
5.744458e-01
9.294728e-01
9.294728e-01
5.744458e-01
-7.892347e-08
-5.744459e-01
-9.294730e-01
-9.294730e-01
-5.744459e-01
1.887161e-08
5.744459e-01
9.294730e-01
9.294730e-01
5.744459e-01
4.422169e-08
-5.744458e-01
-9.294728e-01
-9.294728e-01
-5.744457e-01
1.610468e-07
5.744460e-01
9.294731e-01
9.294731e-01
5.744460e-01
1.579170e-07
-5.744457e-01
-9.294728e-01
-9.294728e-01
-5.744457e-01
1.715505e-07
5.744460e-01
9.294731e-01
9.294730e-01
5.744459e-01
5.979756e-08
-5.744458e-01
-9.294729e-01
-9.294729e-01
-5.744459e-01
-1.224647e-15
0.000000e+00
5.718882e-01
9.253346e-01
9.253345e-01
5.718881e-01
-1.508558e-07
-5.718884e-01
-9.253348e-01
-9.253348e-01
-5.718884e-01
-1.338847e-07
5.718881e-01
9.253345e-01
9.253345e-01
5.718881e-01
-1.099413e-07
-5.718883e-01
-9.253347e-01
-9.253347e-01
-5.718883e-01
1.818437e-08
5.718883e-01
9.253347e-01
9.253347e-01
5.718883e-01
8.116369e-08
-5.718881e-01
-9.253345e-01
-9.253345e-01
-5.718880e-01
2.262647e-07
5.718885e-01
9.253349e-01
9.253349e-01
5.718885e-01
2.429406e-07
-5.718880e-01
-9.253344e-01
-9.253344e-01
-5.718880e-01
2.334204e-07
5.718885e-01
9.253348e-01
9.253348e-01
5.718884e-01
9.542534e-08
-5.718882e-01
-9.253346e-01
-9.253346e-01
-5.718882e-01
-1.224647e-15
0.000000e+00
5.704966e-01
9.230828e-01
9.230828e-01
5.704964e-01
-1.897109e-07
-5.704968e-01
-9.230831e-01
-9.230831e-01
-5.704968e-01
-1.856665e-07
5.704964e-01
9.230827e-01
9.230827e-01
5.704965e-01
-1.358925e-07
-5.704967e-01
-9.230830e-01
-9.230830e-01
-5.704966e-01
1.176472e-08
5.704966e-01
9.230830e-01
9.230830e-01
5.704967e-01
1.263922e-07
-5.704965e-01
-9.230827e-01
-9.230827e-01
-5.704964e-01
2.819407e-07
5.704969e-01
9.230832e-01
9.230832e-01
5.704969e-01
3.273437e-07
-5.704963e-01
-9.230826e-01
-9.230826e-01
-5.704963e-01
2.852806e-07
5.704969e-01
9.230832e-01
9.230831e-01
5.704968e-01
1.332326e-07
-5.704965e-01
-9.230828e-01
-9.230829e-01
-5.704966e-01
-1.224647e-15
0.000000e+00
5.697393e-01
9.218576e-01
9.218576e-01
5.697392e-01
-2.077549e-07
-5.697396e-01
-9.218580e-01
-9.218580e-01
-5.697396e-01
-2.399696e-07
5.697392e-01
9.218575e-01
9.218575e-01
5.697392e-01
-1.565273e-07
-5.697395e-01
-9.218578e-01
-9.218578e-01
-5.697394e-01
1.568953e-09
5.697394e-01
9.218578e-01
9.218578e-01
5.697395e-01
1.769697e-07
-5.697392e-01
-9.218575e-01
-9.218574e-01
-5.697391e-01
3.287352e-07
5.697398e-01
9.218581e-01
9.218581e-01
5.697398e-01
4.076296e-07
-5.697390e-01
-9.218573e-01
-9.218574e-01
-5.697391e-01
3.294918e-07
5.697397e-01
9.218580e-01
9.218580e-01
5.697396e-01
1.702239e-07
-5.697393e-01
-9.218576e-01
-9.218576e-01
-5.697394e-01
-1.224647e-15
0.000000e+00
5.693273e-01
9.211910e-01
9.211909e-01
5.693272e-01
-2.146930e-07
-5.693277e-01
-9.211914e-01
-9.211914e-01
-5.693277e-01
-2.739173e-07
5.693271e-01
9.211908e-01
9.211909e-01
5.693272e-01
-1.839419e-07
-5.693276e-01
-9.211912e-01
-9.211912e-01
-5.693274e-01
2.389880e-09
5.693274e-01
9.211912e-01
9.211912e-01
5.693276e-01
2.164478e-07
-5.693271e-01
-9.211908e-01
-9.211908e-01
-5.693270e-01
3.799818e-07
5.693278e-01
9.211915e-01
9.211915e-01
5.693279e-01
4.672452e-07
-5.693269e-01
-9.211906e-01
-9.211907e-01
-5.693270e-01
3.760568e-07
5.693278e-01
9.211914e-01
9.211914e-01
5.693277e-01
1.876449e-07
-5.693273e-01
-9.211910e-01
-9.211910e-01
-5.693274e-01
-1.224647e-15
0.000000e+00
5.691032e-01
9.208282e-01
9.208282e-01
5.691030e-01
-2.468032e-07
-5.691035e-01
-9.208286e-01
-9.208286e-01
-5.691035e-01
-2.770550e-07
5.691029e-01
9.208281e-01
9.208281e-01
5.691030e-01
-2.214280e-07
-5.691034e-01
-9.208285e-01
-9.208284e-01
-5.691032e-01
1.873660e-08
5.691033e-01
9.208285e-01
9.208285e-01
5.691034e-01
2.387333e-07
-5.691029e-01
-9.208280e-01
-9.208280e-01
-5.691028e-01
4.382543e-07
5.691037e-01
9.208288e-01
9.208288e-01
5.691037e-01
4.994769e-07
-5.691027e-01
-9.208279e-01
-9.208279e-01
-5.691028e-01
4.252813e-07
5.691036e-01
9.208287e-01
9.208287e-01
5.691035e-01
1.857482e-07
-5.691031e-01
-9.208282e-01
-9.208283e-01
-5.691032e-01
-1.224647e-15
0.000000e+00
5.689812e-01
9.206309e-01
9.206308e-01
5.689810e-01
-2.733425e-07
-5.689815e-01
-9.206313e-01
-9.206313e-01
-5.689815e-01
-2.976708e-07
5.689809e-01
9.206307e-01
9.206307e-01
5.689810e-01
-2.277570e-07
-5.689814e-01
-9.206311e-01
-9.206311e-01
-5.689813e-01
8.691828e-09
5.689813e-01
9.206311e-01
9.206311e-01
5.689815e-01
2.846538e-07
-5.689809e-01
-9.206306e-01
-9.206306e-01
-5.689808e-01
4.592911e-07
5.689817e-01
9.206315e-01
9.206315e-01
5.689818e-01
5.449928e-07
-5.689807e-01
-9.206304e-01
-9.206305e-01
-5.689808e-01
4.366392e-07
5.689816e-01
9.206313e-01
9.206313e-01
5.689815e-01
2.142910e-07
-5.689811e-01
-9.206309e-01
-9.206309e-01
-5.689812e-01
-1.224647e-15
0.000000e+00
5.689148e-01
9.205235e-01
9.205234e-01
5.689146e-01
-2.908878e-07
-5.689152e-01
-9.205239e-01
-9.205239e-01
-5.689152e-01
-3.068174e-07
5.689146e-01
9.205233e-01
9.205233e-01
5.689146e-01
-2.425857e-07
-5.689151e-01
-9.205238e-01
-9.205237e-01
-5.689149e-01
1.201199e-08
5.689149e-01
9.205237e-01
9.205238e-01
5.689151e-01
3.137894e-07
-5.689145e-01
-9.205232e-01
-9.205232e-01
-5.689144e-01
4.808761e-07
5.689154e-01
9.205241e-01
9.205241e-01
5.689154e-01
5.647743e-07
-5.689143e-01
-9.205230e-01
-9.205231e-01
-5.689144e-01
4.545112e-07
5.689153e-01
9.205240e-01
9.205239e-01
5.689152e-01
2.333518e-07
-5.689147e-01
-9.205235e-01
-9.205235e-01
-5.689148e-01
-1.224647e-15
0.000000e+00
5.688787e-01
9.204651e-01
9.204650e-01
5.688785e-01
-2.688278e-07
-5.688791e-01
-9.204655e-01
-9.204655e-01
-5.688791e-01
-3.118611e-07
5.688785e-01
9.204649e-01
9.204649e-01
5.688785e-01
-2.546040e-07
-5.688790e-01
-9.204653e-01
-9.204653e-01
-5.688788e-01
2.138525e-08
5.688788e-01
9.204653e-01
9.204654e-01
5.688790e-01
3.328185e-07
-5.688784e-01
-9.204647e-01
-9.204647e-01
-5.688783e-01
4.951777e-07
5.688793e-01
9.204657e-01
9.204657e-01
5.688793e-01
5.681067e-07
-5.688782e-01
-9.204646e-01
-9.204646e-01
-5.688782e-01
4.736202e-07
5.688792e-01
9.204656e-01
9.204655e-01
5.688791e-01
2.393385e-07
-5.688786e-01
-9.204650e-01
-9.204651e-01
-5.688787e-01
-1.224647e-15
0.000000e+00
5.688591e-01
9.204333e-01
9.204332e-01
5.688589e-01
-2.780127e-07
-5.688594e-01
-9.204337e-01
-9.204337e-01
-5.688594e-01
-2.791759e-07
5.688589e-01
9.204331e-01
9.204331e-01
5.688588e-01
-2.819541e-07
-5.688594e-01
-9.204336e-01
-9.204335e-01
-5.688591e-01
6.120902e-08
5.688592e-01
9.204336e-01
9.204336e-01
5.688594e-01
3.165380e-07
-5.688587e-01
-9.204330e-01
-9.204329e-01
-5.688586e-01
5.280075e-07
5.688596e-01
9.204339e-01
9.204339e-01
5.688596e-01
5.320181e-07
-5.688586e-01
-9.204328e-01
-9.204328e-01
-5.688586e-01
5.157940e-07
5.688596e-01
9.204338e-01
9.204337e-01
5.688594e-01
1.986334e-07
-5.688590e-01
-9.204333e-01
-9.204333e-01
-5.688591e-01
-1.224647e-15
0.000000e+00
5.688484e-01
9.204160e-01
9.204159e-01
5.688482e-01
-2.525409e-07
-5.688487e-01
-9.204164e-01
-9.204164e-01
-5.688487e-01
-2.888277e-07
5.688482e-01
9.204158e-01
9.204158e-01
5.688482e-01
-2.380677e-07
-5.688486e-01
-9.204163e-01
-9.204162e-01
-5.688485e-01
4.680947e-08
5.688486e-01
9.204163e-01
9.204163e-01
5.688487e-01
3.489907e-07
-5.688480e-01
-9.204157e-01
-9.204156e-01
-5.688479e-01
4.972807e-07
5.688489e-01
9.204166e-01
9.204166e-01
5.688490e-01
5.411335e-07
-5.688479e-01
-9.204155e-01
-9.204155e-01
-5.688479e-01
4.923960e-07
5.688489e-01
9.204165e-01
9.204164e-01
5.688487e-01
1.987247e-07
-5.688483e-01
-9.204160e-01
-9.204160e-01
-5.688484e-01
-1.224647e-15
0.000000e+00
5.688426e-01
9.204066e-01
9.204065e-01
5.688424e-01
-2.207904e-07
-5.688429e-01
-9.204070e-01
-9.204070e-01
-5.688429e-01
-2.829522e-07
5.688423e-01
9.204064e-01
9.204064e-01
5.688424e-01
-1.924895e-07
-5.688428e-01
-9.204068e-01
-9.204068e-01
-5.688426e-01
4.136989e-08
5.688427e-01
9.204069e-01
9.204069e-01
5.688429e-01
3.671932e-07
-5.688422e-01
-9.204062e-01
-9.204062e-01
-5.688421e-01
4.682806e-07
5.688431e-01
9.204071e-01
9.204072e-01
5.688431e-01
5.315869e-07
-5.688421e-01
-9.204061e-01
-9.204061e-01
-5.688421e-01
4.650641e-07
5.688430e-01
9.204070e-01
9.204070e-01
5.688429e-01
1.876279e-07
-5.688425e-01
-9.204066e-01
-9.204066e-01
-5.688426e-01
-1.224647e-15
0.000000e+00
5.688394e-01
9.204015e-01
9.204014e-01
5.688393e-01
-1.867468e-07
-5.688397e-01
-9.204018e-01
-9.204018e-01
-5.688397e-01
-2.696699e-07
5.688392e-01
9.204013e-01
9.204014e-01
5.688393e-01
-1.523773e-07
-5.688396e-01
-9.204017e-01
-9.204016e-01
-5.688395e-01
4.301324e-08
5.688396e-01
9.204017e-01
9.204018e-01
5.688398e-01
3.742916e-07
-5.688390e-01
-9.204011e-01
-9.204011e-01
-5.688390e-01
4.394583e-07
5.688399e-01
9.204020e-01
9.204020e-01
5.688399e-01
5.056316e-07
-5.688389e-01
-9.204010e-01
-9.204010e-01
-5.688390e-01
4.332379e-07
5.688398e-01
9.204019e-01
9.204018e-01
5.688397e-01
1.745684e-07
-5.688393e-01
-9.204015e-01
-9.204015e-01
-5.688394e-01
-1.224647e-15
0.000000e+00
5.688377e-01
9.203987e-01
9.203987e-01
5.688376e-01
-1.534281e-07
-5.688379e-01
-9.203990e-01
-9.203990e-01
-5.688380e-01
-2.428145e-07
5.688375e-01
9.203986e-01
9.203986e-01
5.688376e-01
-1.259194e-07
-5.688378e-01
-9.203988e-01
-9.203988e-01
-5.688377e-01
5.820573e-08
5.688378e-01
9.203989e-01
9.203990e-01
5.688380e-01
3.653908e-07
-5.688373e-01
-9.203983e-01
-9.203983e-01
-5.688373e-01
4.162358e-07
5.688381e-01
9.203992e-01
9.203992e-01
5.688382e-01
4.590517e-07
-5.688372e-01
-9.203983e-01
-9.203983e-01
-5.688373e-01
4.054062e-07
5.688381e-01
9.203991e-01
9.203990e-01
5.688379e-01
1.501294e-07
-5.688376e-01
-9.203987e-01
-9.203987e-01
-5.688377e-01
-1.224647e-15
0.000000e+00
5.688368e-01
9.203972e-01
9.203972e-01
5.688367e-01
-1.168272e-07
-5.688369e-01
-9.203974e-01
-9.203975e-01
-5.688370e-01
-2.045916e-07
5.688366e-01
9.203971e-01
9.203971e-01
5.688367e-01
-1.029112e-07
-5.688369e-01
-9.203973e-01
-9.203972e-01
-5.688367e-01
8.401584e-08
5.688369e-01
9.203974e-01
9.203975e-01
5.688371e-01
3.438463e-07
-5.688364e-01
-9.203969e-01
-9.203968e-01
-5.688364e-01
3.953404e-07
5.688372e-01
9.203976e-01
9.203976e-01
5.688372e-01
3.980151e-07
-5.688364e-01
-9.203968e-01
-9.203968e-01
-5.688364e-01
3.797722e-07
5.688371e-01
9.203975e-01
9.203975e-01
5.688369e-01
1.084771e-07
-5.688367e-01
-9.203972e-01
-9.203973e-01
-5.688368e-01
-1.224647e-15
0.000000e+00
5.688362e-01
9.203964e-01
9.203964e-01
5.688362e-01
-7.428738e-08
-5.688364e-01
-9.203966e-01
-9.203966e-01
-5.688364e-01
-1.750867e-07
5.688361e-01
9.203963e-01
9.203963e-01
5.688362e-01
-5.778390e-08
-5.688363e-01
-9.203964e-01
-9.203964e-01
-5.688362e-01
1.010055e-07
5.688364e-01
9.203966e-01
9.203967e-01
5.688366e-01
3.275722e-07
-5.688359e-01
-9.203960e-01
-9.203960e-01
-5.688359e-01
3.596761e-07
5.688366e-01
9.203968e-01
9.203968e-01
5.688366e-01
3.444551e-07
-5.688359e-01
-9.203960e-01
-9.203960e-01
-5.688359e-01
3.374434e-07
5.688366e-01
9.203967e-01
9.203966e-01
5.688364e-01
6.338185e-08
-5.688363e-01
-9.203964e-01
-9.203965e-01
-5.688363e-01
-1.224647e-15
0.000000e+00
5.688360e-01
9.203959e-01
9.203959e-01
5.688360e-01
-3.400403e-08
-5.688360e-01
-9.203961e-01
-9.203961e-01
-5.688361e-01
-1.495510e-07
5.688359e-01
9.203959e-01
9.203959e-01
5.688360e-01
3.339441e-09
-5.688360e-01
-9.203959e-01
-9.203959e-01
-5.688359e-01
1.100905e-07
5.688361e-01
9.203961e-01
9.203962e-01
5.688363e-01
3.131703e-07
-5.688357e-01
-9.203956e-01
-9.203956e-01
-5.688357e-01
3.149313e-07
5.688363e-01
9.203963e-01
9.203963e-01
5.688363e-01
2.981907e-07
-5.688357e-01
-9.203956e-01
-9.203956e-01
-5.688357e-01
2.802834e-07
5.688362e-01
9.203961e-01
9.203961e-01
5.688361e-01
1.604917e-08
-5.688360e-01
-9.203960e-01
-9.203960e-01
-5.688360e-01
-1.224647e-15
0.000000e+00
5.688358e-01
9.203957e-01
9.203957e-01
5.688358e-01
-3.512811e-09
-5.688359e-01
-9.203958e-01
-9.203958e-01
-5.688360e-01
-1.154217e-07
5.688358e-01
9.203957e-01
9.203957e-01
5.688359e-01
6.224824e-08
-5.688358e-01
-9.203956e-01
-9.203956e-01
-5.688357e-01
1.153213e-07
5.688360e-01
9.203959e-01
9.203959e-01
5.688361e-01
2.953310e-07
-5.688355e-01
-9.203954e-01
-9.203954e-01
-5.688356e-01
2.696419e-07
5.688361e-01
9.203960e-01
9.203960e-01
5.688361e-01
2.543675e-07
-5.688356e-01
-9.203955e-01
-9.203955e-01
-5.688356e-01
2.142068e-07
5.688360e-01
9.203958e-01
9.203958e-01
5.688358e-01
-2.990351e-08
-5.688359e-01
-9.203958e-01
-9.203958e-01
-5.688359e-01
-1.224647e-15
0.000000e+00
5.688357e-01
9.203956e-01
9.203956e-01
5.688358e-01
1.729454e-08
-5.688358e-01
-9.203956e-01
-9.203957e-01
-5.688358e-01
-6.180658e-08
5.688357e-01
9.203956e-01
9.203956e-01
5.688358e-01
9.869675e-08
-5.688356e-01
-9.203955e-01
-9.203955e-01
-5.688356e-01
1.265010e-07
5.688359e-01
9.203958e-01
9.203958e-01
5.688360e-01
2.654092e-07
-5.688355e-01
-9.203953e-01
-9.203953e-01
-5.688355e-01
2.349122e-07
5.688360e-01
9.203958e-01
9.203958e-01
5.688360e-01
2.015328e-07
-5.688356e-01
-9.203954e-01
-9.203954e-01
-5.688356e-01
1.522543e-07
5.688359e-01
9.203956e-01
9.203956e-01
5.688357e-01
-7.709452e-08
-5.688359e-01
-9.203957e-01
-9.203957e-01
-5.688358e-01
-1.224647e-15
0.000000e+00
5.688357e-01
9.203955e-01
9.203955e-01
5.688357e-01
3.486611e-08
-5.688357e-01
-9.203955e-01
-9.203955e-01
-5.688357e-01
5.499514e-09
5.688357e-01
9.203956e-01
9.203956e-01
5.688358e-01
1.107763e-07
-5.688356e-01
-9.203954e-01
-9.203954e-01
-5.688356e-01
1.474917e-07
5.688359e-01
9.203957e-01
9.203957e-01
5.688359e-01
2.218024e-07
-5.688355e-01
-9.203953e-01
-9.203953e-01
-5.688355e-01
2.123500e-07
5.688359e-01
9.203957e-01
9.203957e-01
5.688359e-01
1.338684e-07
-5.688356e-01
-9.203954e-01
-9.203954e-01
-5.688356e-01
1.038190e-07
5.688358e-01
9.203955e-01
9.203955e-01
5.688356e-01
-1.278055e-07
-5.688359e-01
-9.203956e-01
-9.203956e-01
-5.688358e-01
-1.224647e-15
0.000000e+00
5.688357e-01
9.203955e-01
9.203955e-01
5.688357e-01
5.676686e-08
-5.688356e-01
-9.203954e-01
-9.203954e-01
-5.688356e-01
6.866186e-08
5.688358e-01
9.203956e-01
9.203956e-01
5.688358e-01
1.168743e-07
-5.688356e-01
-9.203953e-01
-9.203953e-01
-5.688355e-01
1.696192e-07
5.688359e-01
9.203957e-01
9.203957e-01
5.688359e-01
1.737878e-07
-5.688355e-01
-9.203953e-01
-9.203953e-01
-5.688355e-01
1.900982e-07
5.688359e-01
9.203956e-01
9.203956e-01
5.688358e-01
5.865298e-08
-5.688356e-01
-9.203954e-01
-9.203954e-01
-5.688356e-01
6.818455e-08
5.688357e-01
9.203955e-01
9.203954e-01
5.688355e-01
-1.784216e-07
-5.688359e-01
-9.203956e-01
-9.203956e-01
-5.688358e-01
-1.224647e-15
0.000000e+00
5.688357e-01
9.203955e-01
9.203955e-01
5.688357e-01
8.690700e-08
-5.688356e-01
-9.203954e-01
-9.203954e-01
-5.688356e-01
1.134803e-07
5.688358e-01
9.203956e-01
9.203956e-01
5.688358e-01
1.379464e-07
-5.688355e-01
-9.203953e-01
-9.203953e-01
-5.688355e-01
1.771697e-07
5.688358e-01
9.203956e-01
9.203956e-01
5.688358e-01
1.346414e-07
-5.688355e-01
-9.203953e-01
-9.203953e-01
-5.688355e-01
1.517272e-07
5.688358e-01
9.203955e-01
9.203955e-01
5.688357e-01
-7.600434e-09
-5.688357e-01
-9.203954e-01
-9.203954e-01
-5.688356e-01
3.742847e-08
5.688357e-01
9.203954e-01
9.203953e-01
5.688355e-01
-2.211894e-07
-5.688359e-01
-9.203956e-01
-9.203956e-01
-5.688357e-01
-1.224647e-15
0.000000e+00
5.688357e-01
9.203955e-01
9.203955e-01
5.688358e-01
1.236338e-07
-5.688355e-01
-9.203953e-01
-9.203953e-01
-5.688355e-01
1.383321e-07
5.688358e-01
9.203956e-01
9.203956e-01
5.688358e-01
1.795166e-07
-5.688355e-01
-9.203952e-01
-9.203952e-01
-5.688355e-01
1.588859e-07
5.688358e-01
9.203956e-01
9.203955e-01
5.688358e-01
1.117371e-07
-5.688355e-01
-9.203953e-01
-9.203953e-01
-5.688355e-01
8.906420e-08
5.688357e-01
9.203955e-01
9.203954e-01
5.688356e-01
-4.957893e-08
-5.688357e-01
-9.203955e-01
-9.203954e-01
-5.688356e-01
3.185905e-09
5.688356e-01
9.203953e-01
9.203953e-01
5.688354e-01
-2.493789e-07
-5.688359e-01
-9.203956e-01
-9.203956e-01
-5.688357e-01
-1.224647e-15
0.000000e+00
5.688357e-01
9.203955e-01
9.203955e-01
5.688358e-01
1.608549e-07
-5.688355e-01
-9.203953e-01
-9.203953e-01
-5.688355e-01
1.523998e-07
5.688358e-01
9.203956e-01
9.203956e-01
5.688359e-01
2.271373e-07
-5.688354e-01
-9.203952e-01
-9.203953e-01
-5.688355e-01
1.176385e-07
5.688358e-01
9.203955e-01
9.203955e-01
5.688358e-01
1.000225e-07
-5.688356e-01
-9.203953e-01
-9.203954e-01
-5.688356e-01
1.009246e-08
5.688356e-01
9.203954e-01
9.203954e-01
5.688356e-01
-6.469951e-08
-5.688357e-01
-9.203955e-01
-9.203954e-01
-5.688357e-01
-3.642769e-08
5.688356e-01
9.203953e-01
9.203952e-01
5.688354e-01
-2.625294e-07
-5.688359e-01
-9.203956e-01
-9.203956e-01
-5.688357e-01
-1.224647e-15
0.000000e+00
5.688357e-01
9.203955e-01
9.203956e-01
5.688358e-01
1.912713e-07
-5.688355e-01
-9.203953e-01
-9.203953e-01
-5.688355e-01
1.670852e-07
5.688359e-01
9.203957e-01
9.203957e-01
5.688359e-01
2.579137e-07
-5.688354e-01
-9.203952e-01
-9.203953e-01
-5.688356e-01
6.912903e-08
5.688357e-01
9.203955e-01
9.203955e-01
5.688357e-01
8.499264e-08
-5.688356e-01
-9.203954e-01
-9.203954e-01
-5.688357e-01
-6.583604e-08
5.688356e-01
9.203953e-01
9.203953e-01
5.688356e-01
-6.651002e-08
-5.688357e-01
-9.203955e-01
-9.203955e-01
-5.688357e-01
-7.493850e-08
5.688355e-01
9.203953e-01
9.203952e-01
5.688354e-01
-2.666637e-07
-5.688359e-01
-9.203956e-01
-9.203956e-01
-5.688357e-01
-1.224647e-15
0.000000e+00
5.688357e-01
9.203955e-01
9.203956e-01
5.688359e-01
2.102246e-07
-5.688355e-01
-9.203953e-01
-9.203953e-01
-5.688355e-01
1.876938e-07
5.688359e-01
9.203957e-01
9.203957e-01
5.688360e-01
2.572027e-07
-5.688355e-01
-9.203953e-01
-9.203953e-01
-5.688356e-01
3.029592e-08
5.688357e-01
9.203955e-01
9.203955e-01
5.688357e-01
5.297297e-08
-5.688356e-01
-9.203955e-01
-9.203955e-01
-5.688358e-01
-1.221444e-07
5.688355e-01
9.203953e-01
9.203953e-01
5.688356e-01
-7.633380e-08
-5.688357e-01
-9.203955e-01
-9.203955e-01
-5.688357e-01
-1.013613e-07
5.688355e-01
9.203953e-01
9.203952e-01
5.688354e-01
-2.699223e-07
-5.688359e-01
-9.203957e-01
-9.203956e-01
-5.688358e-01
-1.224647e-15
0.000000e+00
5.688357e-01
9.203956e-01
9.203956e-01
5.688359e-01
2.179734e-07
-5.688355e-01
-9.203953e-01
-9.203953e-01
-5.688355e-01
2.104840e-07
5.688359e-01
9.203957e-01
9.203958e-01
5.688360e-01
2.273721e-07
-5.688355e-01
-9.203954e-01
-9.203954e-01
-5.688357e-01
7.116937e-09
5.688357e-01
9.203955e-01
9.203955e-01
5.688357e-01
4.360903e-10
-5.688357e-01
-9.203955e-01
-9.203956e-01
-5.688358e-01
-1.567532e-07
5.688355e-01
9.203953e-01
9.203953e-01
5.688356e-01
-1.080136e-07
-5.688358e-01
-9.203956e-01
-9.203956e-01
-5.688358e-01
-1.070991e-07
5.688355e-01
9.203953e-01
9.203952e-01
5.688354e-01
-2.777981e-07
-5.688360e-01
-9.203957e-01
-9.203956e-01
-5.688358e-01
-1.224647e-15
0.000000e+00
5.688358e-01
9.203956e-01
9.203957e-01
5.688359e-01
2.184543e-07
-5.688355e-01
-9.203953e-01
-9.203953e-01
-5.688355e-01
2.262678e-07
5.688360e-01
9.203958e-01
9.203958e-01
5.688359e-01
1.836167e-07
-5.688356e-01
-9.203954e-01
-9.203955e-01
-5.688357e-01
-8.410360e-09
5.688357e-01
9.203955e-01
9.203955e-01
5.688357e-01
-6.468448e-08
-5.688358e-01
-9.203956e-01
-9.203957e-01
-5.688359e-01
-1.816740e-07
5.688355e-01
9.203953e-01
9.203953e-01
5.688355e-01
-1.567095e-07
-5.688358e-01
-9.203956e-01
-9.203956e-01
-5.688358e-01
-9.250553e-08
5.688356e-01
9.203953e-01
9.203953e-01
5.688354e-01
-2.907685e-07
-5.688360e-01
-9.203957e-01
-9.203957e-01
-5.688358e-01
-1.224647e-15
0.000000e+00
5.688358e-01
9.203957e-01
9.203958e-01
5.688360e-01
2.156115e-07
-5.688355e-01
-9.203954e-01
-9.203954e-01
-5.688355e-01
2.274923e-07
5.688360e-01
9.203958e-01
9.203958e-01
5.688359e-01
1.420601e-07
-5.688357e-01
-9.203955e-01
-9.203956e-01
-5.688358e-01
-3.067056e-08
5.688357e-01
9.203955e-01
9.203955e-01
5.688356e-01
-1.297340e-07
-5.688359e-01
-9.203957e-01
-9.203958e-01
-5.688359e-01
-2.116783e-07
5.688355e-01
9.203953e-01
9.203953e-01
5.688355e-01
-2.015020e-07
-5.688359e-01
-9.203957e-01
-9.203957e-01
-5.688358e-01
-6.934911e-08
5.688356e-01
9.203954e-01
9.203954e-01
5.688355e-01
-3.043797e-07
-5.688360e-01
-9.203958e-01
-9.203957e-01
-5.688358e-01
-1.224647e-15
0.000000e+00
5.688359e-01
9.203958e-01
9.203959e-01
5.688360e-01
2.111620e-07
-5.688356e-01
-9.203955e-01
-9.203955e-01
-5.688356e-01
2.133311e-07
5.688360e-01
9.203959e-01
9.203959e-01
5.688360e-01
1.100847e-07
-5.688358e-01
-9.203957e-01
-9.203957e-01
-5.688359e-01
-6.962999e-08
5.688357e-01
9.203956e-01
9.203956e-01
5.688357e-01
-1.857467e-07
-5.688360e-01
-9.203959e-01
-9.203959e-01
-5.688361e-01
-2.528858e-07
5.688356e-01
9.203954e-01
9.203954e-01
5.688356e-01
-2.214111e-07
-5.688360e-01
-9.203958e-01
-9.203958e-01
-5.688359e-01
-5.532211e-08
5.688357e-01
9.203956e-01
9.203955e-01
5.688356e-01
-3.109121e-07
-5.688361e-01
-9.203960e-01
-9.203959e-01
-5.688359e-01
-1.224647e-15
0.000000e+00
5.688361e-01
9.203961e-01
9.203961e-01
5.688362e-01
2.039401e-07
-5.688358e-01
-9.203958e-01
-9.203958e-01
-5.688358e-01
1.912274e-07
5.688362e-01
9.203961e-01
9.203961e-01
5.688361e-01
8.312858e-08
-5.688359e-01
-9.203960e-01
-9.203960e-01
-5.688361e-01
-1.234050e-07
5.688358e-01
9.203958e-01
9.203957e-01
5.688358e-01
-2.331286e-07
-5.688362e-01
-9.203962e-01
-9.203962e-01
-5.688363e-01
-2.988091e-07
5.688357e-01
9.203956e-01
9.203957e-01
5.688357e-01
-2.141981e-07
-5.688361e-01
-9.203961e-01
-9.203960e-01
-5.688360e-01
-5.917005e-08
5.688359e-01
9.203958e-01
9.203957e-01
5.688357e-01
-3.027312e-07
-5.688363e-01
-9.203962e-01
-9.203961e-01
-5.688361e-01
-1.224647e-15
0.000000e+00
5.688363e-01
9.203965e-01
9.203966e-01
5.688365e-01
1.933292e-07
-5.688361e-01
-9.203962e-01
-9.203962e-01
-5.688361e-01
1.711246e-07
5.688364e-01
9.203966e-01
9.203965e-01
5.688364e-01
5.150600e-08
-5.688363e-01
-9.203965e-01
-9.203965e-01
-5.688364e-01
-1.816457e-07
5.688360e-01
9.203962e-01
9.203962e-01
5.688360e-01
-2.784331e-07
-5.688366e-01
-9.203967e-01
-9.203967e-01
-5.688366e-01
-3.382764e-07
5.688359e-01
9.203961e-01
9.203961e-01
5.688360e-01
-1.978277e-07
-5.688364e-01
-9.203965e-01
-9.203965e-01
-5.688363e-01
-7.125575e-08
5.688362e-01
9.203963e-01
9.203962e-01
5.688360e-01
-2.776544e-07
-5.688365e-01
-9.203967e-01
-9.203966e-01
-5.688364e-01
-1.224647e-15
0.000000e+00
5.688368e-01
9.203974e-01
9.203974e-01
5.688370e-01
1.830464e-07
-5.688366e-01
-9.203971e-01
-9.203971e-01
-5.688366e-01
1.565076e-07
5.688369e-01
9.203974e-01
9.203973e-01
5.688368e-01
1.150015e-08
-5.688368e-01
-9.203973e-01
-9.203974e-01
-5.688370e-01
-2.361273e-07
5.688365e-01
9.203969e-01
9.203969e-01
5.688365e-01
-3.253155e-07
-5.688371e-01
-9.203976e-01
-9.203976e-01
-5.688371e-01
-3.672143e-07
5.688364e-01
9.203969e-01
9.203970e-01
5.688365e-01
-1.915916e-07
-5.688369e-01
-9.203973e-01
-9.203973e-01
-5.688368e-01
-7.471106e-08
5.688367e-01
9.203971e-01
9.203971e-01
5.688366e-01
-2.434404e-07
-5.688370e-01
-9.203975e-01
-9.203974e-01
-5.688369e-01
-1.224647e-15
0.000000e+00
5.688378e-01
9.203989e-01
9.203989e-01
5.688379e-01
1.720691e-07
-5.688375e-01
-9.203986e-01
-9.203986e-01
-5.688376e-01
1.487148e-07
5.688378e-01
9.203989e-01
9.203988e-01
5.688377e-01
-3.713941e-08
-5.688378e-01
-9.203989e-01
-9.203989e-01
-5.688380e-01
-2.801955e-07
5.688374e-01
9.203984e-01
9.203984e-01
5.688373e-01
-3.765191e-07
-5.688381e-01
-9.203991e-01
-9.203992e-01
-5.688381e-01
-3.847415e-07
5.688374e-01
9.203984e-01
9.203985e-01
5.688375e-01
-2.038519e-07
-5.688379e-01
-9.203989e-01
-9.203988e-01
-5.688378e-01
-6.089402e-08
5.688376e-01
9.203987e-01
9.203986e-01
5.688375e-01
-2.126141e-07
-5.688379e-01
-9.203990e-01
-9.203989e-01
-5.688378e-01
-1.224647e-15
0.000000e+00
5.688395e-01
9.204016e-01
9.204017e-01
5.688396e-01
1.704760e-07
-5.688393e-01
-9.204014e-01
-9.204014e-01
-5.688393e-01
1.311912e-07
5.688396e-01
9.204016e-01
9.204016e-01
5.688394e-01
-7.474681e-08
-5.688396e-01
-9.204017e-01
-9.204018e-01
-5.688397e-01
-3.277352e-07
5.688391e-01
9.204012e-01
9.204011e-01
5.688390e-01
-4.151908e-07
-5.688399e-01
-9.204020e-01
-9.204020e-01
-5.688399e-01
-4.076823e-07
5.688391e-01
9.204012e-01
9.204012e-01
5.688392e-01
-2.102972e-07
-5.688396e-01
-9.204017e-01
-9.204016e-01
-5.688395e-01
-5.319185e-08
5.688394e-01
9.204015e-01
9.204014e-01
5.688393e-01
-1.852710e-07
-5.688396e-01
-9.204018e-01
-9.204017e-01
-5.688395e-01
-1.224647e-15
0.000000e+00
5.688426e-01
9.204068e-01
9.204068e-01
5.688428e-01
1.682298e-07
-5.688424e-01
-9.204065e-01
-9.204065e-01
-5.688425e-01
1.071086e-07
5.688427e-01
9.204067e-01
9.204067e-01
5.688426e-01
-1.001873e-07
-5.688428e-01
-9.204069e-01
-9.204069e-01
-5.688429e-01
-3.761879e-07
5.688422e-01
9.204062e-01
9.204062e-01
5.688422e-01
-4.411590e-07
-5.688430e-01
-9.204071e-01
-9.204071e-01
-5.688431e-01
-4.324314e-07
5.688422e-01
9.204063e-01
9.204064e-01
5.688424e-01
-2.014591e-07
-5.688428e-01
-9.204068e-01
-9.204068e-01
-5.688427e-01
-5.562682e-08
5.688425e-01
9.204066e-01
9.204066e-01
5.688425e-01
-1.506904e-07
-5.688428e-01
-9.204068e-01
-9.204068e-01
-5.688427e-01
-1.224647e-15
0.000000e+00
5.688485e-01
9.204162e-01
9.204162e-01
5.688486e-01
1.551310e-07
-5.688483e-01
-9.204160e-01
-9.204160e-01
-5.688483e-01
8.693468e-08
5.688485e-01
9.204161e-01
9.204161e-01
5.688484e-01
-1.206602e-07
-5.688486e-01
-9.204163e-01
-9.204164e-01
-5.688488e-01
-4.166424e-07
5.688480e-01
9.204156e-01
9.204156e-01
5.688480e-01
-4.600774e-07
-5.688489e-01
-9.204166e-01
-9.204166e-01
-5.688489e-01
-4.478884e-07
5.688480e-01
9.204157e-01
9.204158e-01
5.688482e-01
-1.842706e-07
-5.688486e-01
-9.204162e-01
-9.204162e-01
-5.688485e-01
-5.600148e-08
5.688484e-01
9.204160e-01
9.204160e-01
5.688483e-01
-1.069742e-07
-5.688486e-01
-9.204162e-01
-9.204162e-01
-5.688485e-01
-1.224647e-15
0.000000e+00
5.688591e-01
9.204334e-01
9.204335e-01
5.688593e-01
1.482191e-07
-5.688590e-01
-9.204333e-01
-9.204333e-01
-5.688590e-01
6.177689e-08
5.688592e-01
9.204334e-01
9.204334e-01
5.688590e-01
-1.273658e-07
-5.688593e-01
-9.204336e-01
-9.204337e-01
-5.688595e-01
-4.569822e-07
5.688586e-01
9.204329e-01
9.204329e-01
5.688586e-01
-4.602048e-07
-5.688596e-01
-9.204338e-01
-9.204339e-01
-5.688596e-01
-4.620570e-07
5.688587e-01
9.204330e-01
9.204331e-01
5.688589e-01
-1.584849e-07
-5.688592e-01
-9.204335e-01
-9.204335e-01
-5.688592e-01
-5.960483e-08
5.688591e-01
9.204333e-01
9.204333e-01
5.688591e-01
-6.573684e-08
-5.688592e-01
-9.204335e-01
-9.204335e-01
-5.688592e-01
-1.224647e-15
0.000000e+00
5.688788e-01
9.204652e-01
9.204652e-01
5.688789e-01
1.030967e-07
-5.688787e-01
-9.204651e-01
-9.204651e-01
-5.688787e-01
8.352147e-08
5.688788e-01
9.204652e-01
9.204651e-01
5.688786e-01
-1.758135e-07
-5.688790e-01
-9.204654e-01
-9.204655e-01
-5.688791e-01
-4.402966e-07
5.688783e-01
9.204646e-01
9.204646e-01
5.688782e-01
-4.946764e-07
-5.688792e-01
-9.204656e-01
-9.204656e-01
-5.688792e-01
-4.210480e-07
5.688784e-01
9.204648e-01
9.204649e-01
5.688785e-01
-1.871828e-07
-5.688789e-01
-9.204652e-01
-9.204652e-01
-5.688788e-01
-1.558067e-08
5.688787e-01
9.204652e-01
9.204651e-01
5.688787e-01
-6.709467e-08
-5.688788e-01
-9.204653e-01
-9.204652e-01
-5.688788e-01
-1.224647e-15
0.000000e+00
5.689149e-01
9.205236e-01
9.205237e-01
5.689150e-01
9.896812e-08
-5.689148e-01
-9.205235e-01
-9.205235e-01
-5.689148e-01
7.032151e-08
5.689149e-01
9.205236e-01
9.205235e-01
5.689147e-01
-1.881786e-07
-5.689151e-01
-9.205239e-01
-9.205239e-01
-5.689153e-01
-4.420675e-07
5.689144e-01
9.205231e-01
9.205231e-01
5.689144e-01
-4.852772e-07
-5.689153e-01
-9.205240e-01
-9.205240e-01
-5.689153e-01
-4.039553e-07
5.689145e-01
9.205232e-01
9.205233e-01
5.689146e-01
-1.914254e-07
-5.689150e-01
-9.205237e-01
-9.205236e-01
-5.689149e-01
-6.501720e-09
5.689149e-01
9.205236e-01
9.205236e-01
5.689149e-01
-3.145872e-08
-5.689149e-01
-9.205237e-01
-9.205237e-01
-5.689149e-01
-1.224647e-15
0.000000e+00
5.689813e-01
9.206310e-01
9.206310e-01
5.689813e-01
9.265319e-08
-5.689812e-01
-9.206309e-01
-9.206309e-01
-5.689812e-01
5.491141e-08
5.689813e-01
9.206310e-01
9.206309e-01
5.689811e-01
-1.972932e-07
-5.689815e-01
-9.206313e-01
-9.206313e-01
-5.689816e-01
-4.269128e-07
5.689808e-01
9.206305e-01
9.206305e-01
5.689807e-01
-4.664086e-07
-5.689817e-01
-9.206314e-01
-9.206314e-01
-5.689816e-01
-3.771124e-07
5.689809e-01
9.206306e-01
9.206307e-01
5.689810e-01
-1.970549e-07
-5.689814e-01
-9.206311e-01
-9.206310e-01
-5.689812e-01
3.866374e-09
5.689812e-01
9.206310e-01
9.206310e-01
5.689812e-01
-1.650350e-08
-5.689813e-01
-9.206310e-01
-9.206310e-01
-5.689813e-01
-1.224647e-15
0.000000e+00
5.691032e-01
9.208284e-01
9.208284e-01
5.691033e-01
9.492076e-08
-5.691031e-01
-9.208283e-01
-9.208283e-01
-5.691032e-01
2.233225e-08
5.691032e-01
9.208283e-01
9.208283e-01
5.691031e-01
-1.833061e-07
-5.691035e-01
-9.208286e-01
-9.208287e-01
-5.691036e-01
-4.133496e-07
5.691028e-01
9.208279e-01
9.208279e-01
5.691028e-01
-4.205356e-07
-5.691036e-01
-9.208287e-01
-9.208287e-01
-5.691036e-01
-3.583946e-07
5.691029e-01
9.208280e-01
9.208281e-01
5.691030e-01
-1.795546e-07
-5.691033e-01
-9.208284e-01
-9.208284e-01
-5.691032e-01
7.173327e-10
5.691032e-01
9.208284e-01
9.208284e-01
5.691032e-01
-3.645325e-09
-5.691032e-01
-9.208284e-01
-9.208284e-01
-5.691032e-01
-1.224647e-15
0.000000e+00
5.693274e-01
9.211911e-01
9.211911e-01
5.693275e-01
7.277452e-08
-5.693274e-01
-9.211911e-01
-9.211911e-01
-5.693274e-01
1.269342e-08
5.693274e-01
9.211911e-01
9.211910e-01
5.693273e-01
-1.806811e-07
-5.693276e-01
-9.211914e-01
-9.211914e-01
-5.693277e-01
-3.677512e-07
5.693270e-01
9.211907e-01
9.211907e-01
5.693270e-01
-3.839706e-07
-5.693278e-01
-9.211914e-01
-9.211914e-01
-5.693277e-01
-3.124869e-07
5.693271e-01
9.211908e-01
9.211908e-01
5.693272e-01
-1.743780e-07
-5.693275e-01
-9.211912e-01
-9.211911e-01
-5.693274e-01
1.606953e-08
5.693274e-01
9.211911e-01
9.211911e-01
5.693274e-01
-5.343896e-09
-5.693274e-01
-9.211911e-01
-9.211911e-01
-5.693274e-01
-1.224647e-15
0.000000e+00
5.697394e-01
9.218577e-01
9.218577e-01
5.697394e-01
6.530761e-08
-5.697394e-01
-9.218577e-01
-9.218577e-01
-5.697394e-01
-5.400199e-09
5.697394e-01
9.218577e-01
9.218577e-01
5.697393e-01
-1.569943e-07
-5.697396e-01
-9.218580e-01
-9.218580e-01
-5.697397e-01
-3.251774e-07
5.697390e-01
9.218573e-01
9.218573e-01
5.697391e-01
-3.254939e-07
-5.697397e-01
-9.218580e-01
-9.218580e-01
-5.697397e-01
-2.730946e-07
5.697391e-01
9.218575e-01
9.218575e-01
5.697392e-01
-1.519238e-07
-5.697395e-01
-9.218578e-01
-9.218577e-01
-5.697394e-01
1.200726e-08
5.697394e-01
9.218577e-01
9.218577e-01
5.697394e-01
1.916571e-08
-5.697394e-01
-9.218577e-01
-9.218577e-01
-5.697394e-01
-1.224647e-15
0.000000e+00
5.704966e-01
9.230829e-01
9.230829e-01
5.704967e-01
6.580530e-08
-5.704966e-01
-9.230829e-01
-9.230829e-01
-5.704966e-01
-2.604946e-08
5.704966e-01
9.230829e-01
9.230829e-01
5.704965e-01
-1.213975e-07
-5.704968e-01
-9.230831e-01
-9.230831e-01
-5.704969e-01
-2.796391e-07
5.704963e-01
9.230826e-01
9.230826e-01
5.704963e-01
-2.554585e-07
-5.704968e-01
-9.230831e-01
-9.230831e-01
-5.704968e-01
-2.335431e-07
5.704964e-01
9.230827e-01
9.230827e-01
5.704965e-01
-1.214651e-07
-5.704967e-01
-9.230830e-01
-9.230829e-01
-5.704966e-01
-1.822802e-09
5.704966e-01
9.230829e-01
9.230829e-01
5.704967e-01
4.045410e-08
-5.704966e-01
-9.230829e-01
-9.230829e-01
-5.704966e-01
-1.224647e-15
0.000000e+00
5.718883e-01
9.253346e-01
9.253346e-01
5.718883e-01
4.770024e-08
-5.718882e-01
-9.253346e-01
-9.253346e-01
-5.718883e-01
-3.455786e-08
5.718882e-01
9.253346e-01
9.253346e-01
5.718882e-01
-9.032837e-08
-5.718884e-01
-9.253348e-01
-9.253348e-01
-5.718885e-01
-2.177612e-07
5.718880e-01
9.253344e-01
9.253344e-01
5.718880e-01
-1.915750e-07
-5.718884e-01
-9.253348e-01
-9.253348e-01
-5.718884e-01
-1.799738e-07
5.718881e-01
9.253345e-01
9.253345e-01
5.718881e-01
-9.668712e-08
-5.718883e-01
-9.253347e-01
-9.253347e-01
-5.718883e-01
-4.755831e-09
5.718883e-01
9.253346e-01
9.253347e-01
5.718883e-01
3.549889e-08
-5.718882e-01
-9.253346e-01
-9.253346e-01
-5.718882e-01
-1.224647e-15
0.000000e+00
5.744459e-01
9.294729e-01
9.294729e-01
5.744459e-01
2.415715e-08
-5.744458e-01
-9.294729e-01
-9.294729e-01
-5.744459e-01
-3.730300e-08
5.744458e-01
9.294729e-01
9.294729e-01
5.744458e-01
-5.581983e-08
-5.744459e-01
-9.294730e-01
-9.294731e-01
-5.744460e-01
-1.514977e-07
5.744457e-01
9.294728e-01
9.294728e-01
5.744457e-01
-1.253375e-07
-5.744460e-01
-9.294730e-01
-9.294730e-01
-5.744460e-01
-1.241086e-07
5.744457e-01
9.294728e-01
9.294728e-01
5.744458e-01
-6.594407e-08
-5.744459e-01
-9.294730e-01
-9.294730e-01
-5.744459e-01
-5.682045e-09
5.744459e-01
9.294729e-01
9.294730e-01
5.744459e-01
2.753721e-08
-5.744458e-01
-9.294729e-01
-9.294729e-01
-5.744459e-01
-1.224647e-15
0.000000e+00
5.791464e-01
9.370785e-01
9.370785e-01
5.791464e-01
1.300538e-08
-5.791464e-01
-9.370785e-01
-9.370785e-01
-5.791464e-01
-2.983286e-08
5.791464e-01
9.370785e-01
9.370785e-01
5.791464e-01
-2.135414e-08
-5.791464e-01
-9.370786e-01
-9.370786e-01
-5.791465e-01
-8.235205e-08
5.791463e-01
9.370785e-01
9.370785e-01
5.791463e-01
-5.719322e-08
-5.791464e-01
-9.370786e-01
-9.370786e-01
-5.791464e-01
-6.791651e-08
5.791463e-01
9.370785e-01
9.370785e-01
5.791463e-01
-2.939970e-08
-5.791464e-01
-9.370786e-01
-9.370785e-01
-5.791464e-01
-7.516497e-09
5.791464e-01
9.370785e-01
9.370785e-01
5.791464e-01
2.123640e-08
-5.791464e-01
-9.370785e-01
-9.370785e-01
-5.791464e-01
-1.224647e-15
0.000000e+00
5.877853e-01
9.510565e-01
9.510565e-01
5.877853e-01
1.224647e-16
-5.877853e-01
-9.510565e-01
-9.510565e-01
-5.877853e-01
-2.449294e-16
5.877853e-01
9.510565e-01
9.510565e-01
5.877853e-01
3.673940e-16
-5.877853e-01
-9.510565e-01
-9.510565e-01
-5.877853e-01
-4.898587e-16
5.877853e-01
9.510565e-01
9.510565e-01
5.877853e-01
6.123234e-16
-5.877853e-01
-9.510565e-01
-9.510565e-01
-5.877853e-01
-7.347881e-16
5.877853e-01
9.510565e-01
9.510565e-01
5.877853e-01
8.572528e-16
-5.877853e-01
-9.510565e-01
-9.510565e-01
-5.877853e-01
-9.797174e-16
5.877853e-01
9.510565e-01
9.510565e-01
5.877853e-01
1.102182e-15
-5.877853e-01
-9.510565e-01
-9.510565e-01
-5.877853e-01
-1.224647e-15
