meshID=7927470
0.000000e+00
5.000000e-01
8.660254e-01
1.000000e+00
8.660254e-01
5.000000e-01
1.224647e-16
-5.000000e-01
-8.660254e-01
-1.000000e+00
-8.660254e-01
-5.000000e-01
-2.449294e-16
5.000000e-01
8.660254e-01
1.000000e+00
8.660254e-01
5.000000e-01
3.673940e-16
-5.000000e-01
-8.660254e-01
-1.000000e+00
-8.660254e-01
-5.000000e-01
-4.898587e-16
5.000000e-01
8.660254e-01
1.000000e+00
8.660254e-01
5.000000e-01
6.123234e-16
-5.000000e-01
-8.660254e-01
-1.000000e+00
-8.660254e-01
-5.000000e-01
-7.347881e-16
5.000000e-01
8.660254e-01
1.000000e+00
8.660254e-01
5.000000e-01
8.572528e-16
-5.000000e-01
-8.660254e-01
-1.000000e+00
-8.660254e-01
-5.000000e-01
-9.797174e-16
5.000000e-01
8.660254e-01
1.000000e+00
8.660254e-01
5.000000e-01
1.102182e-15
-5.000000e-01
-8.660254e-01
-1.000000e+00
-8.660254e-01
-5.000000e-01
-1.224647e-15
0.000000e+00
4.954859e-01
8.582068e-01
9.909718e-01
8.582067e-01
4.954858e-01
-1.140009e-07
-4.954861e-01
-8.582070e-01
-9.909720e-01
-8.582070e-01
-4.954861e-01
-1.098776e-07
4.954858e-01
8.582067e-01
9.909718e-01
8.582067e-01
4.954858e-01
-8.675047e-08
-4.954860e-01
-8.582069e-01
-9.909719e-01
-8.582068e-01
-4.954859e-01
1.809487e-08
4.954860e-01
8.582069e-01
9.909719e-01
8.582068e-01
4.954860e-01
1.022188e-08
-4.954859e-01
-8.582068e-01
-9.909718e-01
-8.582068e-01
-4.954858e-01
1.233095e-07
4.954861e-01
8.582070e-01
9.909720e-01
8.582070e-01
4.954861e-01
1.161854e-07
-4.954858e-01
-8.582067e-01
-9.909718e-01
-8.582067e-01
-4.954858e-01
1.375883e-07
4.954861e-01
8.582070e-01
9.909720e-01
8.582069e-01
4.954860e-01
4.329526e-08
-4.954859e-01
-8.582068e-01
-9.909719e-01
-8.582068e-01
-4.954859e-01
-1.224647e-15
0.000000e+00
4.927807e-01
8.535212e-01
9.855614e-01
8.535212e-01
4.927806e-01
-2.029682e-07
-4.927810e-01
-8.535216e-01
-9.855618e-01
-8.535216e-01
-4.927810e-01
-2.313021e-07
4.927805e-01
8.535211e-01
9.855613e-01
8.535211e-01
4.927806e-01
-1.555096e-07
-4.927809e-01
-8.535214e-01
-9.855616e-01
-8.535214e-01
-4.927808e-01
1.330993e-08
4.927808e-01
8.535214e-01
9.855616e-01
8.535214e-01
4.927808e-01
4.350123e-08
-4.927807e-01
-8.535212e-01
-9.855614e-01
-8.535212e-01
-4.927806e-01
2.288507e-07
4.927810e-01
8.535216e-01
9.855618e-01
8.535216e-01
4.927810e-01
2.443063e-07
-4.927805e-01
-8.535211e-01
-9.855613e-01
-8.535211e-01
-4.927805e-01
2.523075e-07
4.927810e-01
8.535216e-01
9.855617e-01
8.535215e-01
4.927809e-01
8.710835e-08
-4.927807e-01
-8.535213e-01
-9.855615e-01
-8.535213e-01
-4.927808e-01
-1.224647e-15
0.000000e+00
4.911595e-01
8.507133e-01
9.823191e-01
8.507132e-01
4.911594e-01
-2.704924e-07
-4.911599e-01
-8.507137e-01
-9.823195e-01
-8.507137e-01
-4.911599e-01
-3.459811e-07
4.911593e-01
8.507130e-01
9.823189e-01
8.507131e-01
4.911593e-01
-2.216233e-07
-4.911598e-01
-8.507135e-01
-9.823193e-01
-8.507134e-01
-4.911596e-01
3.132376e-09
4.911596e-01
8.507134e-01
9.823192e-01
8.507134e-01
4.911597e-01
8.304668e-08
-4.911595e-01
-8.507132e-01
-9.823190e-01
-8.507131e-01
-4.911593e-01
3.301132e-07
4.911600e-01
8.507138e-01
9.823196e-01
8.507138e-01
4.911600e-01
3.672904e-07
-4.911592e-01
-8.507130e-01
-9.823188e-01
-8.507130e-01
-4.911592e-01
3.646532e-07
4.911599e-01
8.507137e-01
9.823195e-01
8.507136e-01
4.911598e-01
1.359818e-07
-4.911595e-01
-8.507133e-01
-9.823191e-01
-8.507133e-01
-4.911596e-01
-1.224647e-15
0.000000e+00
4.901880e-01
8.490305e-01
9.803760e-01
8.490304e-01
4.901878e-01
-3.301676e-07
-4.901884e-01
-8.490310e-01
-9.803766e-01
-8.490311e-01
-4.901885e-01
-4.563887e-07
4.901876e-01
8.490302e-01
9.803757e-01
8.490303e-01
4.901878e-01
-2.769232e-07
-4.901883e-01
-8.490308e-01
-9.803763e-01
-8.490307e-01
-4.901881e-01
-2.101928e-08
4.901881e-01
8.490307e-01
9.803762e-01
8.490307e-01
4.901882e-01
1.352553e-07
-4.901879e-01
-8.490304e-01
-9.803759e-01
-8.490303e-01
-4.901877e-01
4.193068e-07
4.901885e-01
8.490311e-01
9.803767e-01
8.490312e-01
4.901886e-01
4.917741e-07
-4.901876e-01
-8.490302e-01
-9.803757e-01
-8.490302e-01
-4.901876e-01
4.666776e-07
4.901885e-01
8.490311e-01
9.803765e-01
8.490310e-01
4.901883e-01
2.063556e-07
-4.901879e-01
-8.490305e-01
-9.803760e-01
-8.490306e-01
-4.901881e-01
-1.224647e-15
0.000000e+00
4.896058e-01
8.480221e-01
9.792115e-01
8.480219e-01
4.896055e-01
-4.002747e-07
-4.896063e-01
-8.480227e-01
-9.792122e-01
-8.480228e-01
-4.896064e-01
-5.680139e-07
4.896053e-01
8.480217e-01
9.792112e-01
8.480218e-01
4.896055e-01
-3.183629e-07
-4.896061e-01
-8.480225e-01
-9.792119e-01
-8.480224e-01
-4.896060e-01
-6.217942e-08
4.896058e-01
8.480223e-01
9.792118e-01
8.480223e-01
4.896060e-01
2.025421e-07
-4.896056e-01
-8.480219e-01
-9.792114e-01
-8.480218e-01
-4.896054e-01
4.900472e-07
4.896064e-01
8.480228e-01
9.792123e-01
8.480229e-01
4.896065e-01
6.201647e-07
-4.896053e-01
-8.480216e-01
-9.792111e-01
-8.480216e-01
-4.896053e-01
5.455693e-07
4.896064e-01
8.480227e-01
9.792122e-01
8.480226e-01
4.896062e-01
2.839250e-07
-4.896056e-01
-8.480221e-01
-9.792116e-01
-8.480222e-01
-4.896059e-01
-1.224647e-15
0.000000e+00
4.892568e-01
8.474177e-01
9.785136e-01
8.474175e-01
4.892565e-01
-4.924720e-07
-4.892575e-01
-8.474185e-01
-9.785145e-01
-8.474185e-01
-4.892576e-01
-6.399968e-07
4.892563e-01
8.474173e-01
9.785134e-01
8.474174e-01
4.892565e-01
-3.877869e-07
-4.892573e-01
-8.474182e-01
-9.785141e-01
-8.474181e-01
-4.892571e-01
-7.552403e-08
4.892569e-01
8.474179e-01
9.785140e-01
8.474180e-01
4.892571e-01
2.399860e-07
-4.892567e-01
-8.474176e-01
-9.785135e-01
-8.474174e-01
-4.892564e-01
5.815566e-07
4.892576e-01
8.474186e-01
9.785146e-01
8.474186e-01
4.892577e-01
7.076119e-07
-4.892563e-01
-8.474172e-01
-9.785132e-01
-8.474172e-01
-4.892563e-01
6.356616e-07
4.892575e-01
8.474184e-01
9.785144e-01
8.474183e-01
4.892573e-01
3.137819e-07
-4.892567e-01
-8.474177e-01
-9.785138e-01
-8.474179e-01
-4.892569e-01
-1.224647e-15
0.000000e+00
4.890477e-01
8.470555e-01
9.780954e-01
8.470553e-01
4.890474e-01
-5.474191e-07
-4.890485e-01
-8.470564e-01
-9.780964e-01
-8.470564e-01
-4.890485e-01
-6.774047e-07
4.890472e-01
8.470551e-01
9.780951e-01
8.470551e-01
4.890473e-01
-4.670990e-07
-4.890482e-01
-8.470560e-01
-9.780960e-01
-8.470559e-01
-4.890480e-01
-7.183613e-08
4.890478e-01
8.470557e-01
9.780958e-01
8.470559e-01
4.890480e-01
2.584824e-07
-4.890475e-01
-8.470553e-01
-9.780952e-01
-8.470552e-01
-4.890472e-01
6.769115e-07
4.890486e-01
8.470565e-01
9.780965e-01
8.470565e-01
4.890486e-01
7.649803e-07
-4.890471e-01
-8.470550e-01
-9.780949e-01
-8.470549e-01
-4.890471e-01
7.245922e-07
4.890485e-01
8.470563e-01
9.780962e-01
8.470562e-01
4.890482e-01
3.190346e-07
-4.890476e-01
-8.470556e-01
-9.780956e-01
-8.470556e-01
-4.890478e-01
-1.224647e-15
0.000000e+00
4.889224e-01
8.468385e-01
9.778448e-01
8.468383e-01
4.889221e-01
-5.458986e-07
-4.889232e-01
-8.468394e-01
-9.778458e-01
-8.468394e-01
-4.889233e-01
-7.265006e-07
4.889218e-01
8.468380e-01
9.778444e-01
8.468381e-01
4.889220e-01
-4.938927e-07
-4.889230e-01
-8.468391e-01
-9.778454e-01
-8.468389e-01
-4.889227e-01
-1.055401e-07
4.889225e-01
8.468387e-01
9.778452e-01
8.468389e-01
4.889228e-01
3.123946e-07
-4.889222e-01
-8.468382e-01
-9.778446e-01
-8.468381e-01
-4.889219e-01
7.166095e-07
4.889233e-01
8.468395e-01
9.778459e-01
8.468396e-01
4.889234e-01
8.472983e-07
-4.889217e-01
-8.468379e-01
-9.778443e-01
-8.468379e-01
-4.889217e-01
7.626020e-07
4.889233e-01
8.468393e-01
9.778457e-01
8.468392e-01
4.889230e-01
3.630138e-07
-4.889223e-01
-8.468385e-01
-9.778450e-01
-8.468386e-01
-4.889225e-01
-1.224647e-15
0.000000e+00
4.888473e-01
8.467084e-01
9.776946e-01
8.467082e-01
4.888469e-01
-6.002207e-07
-4.888481e-01
-8.467094e-01
-9.776957e-01
-8.467094e-01
-4.888482e-01
-7.281609e-07
4.888467e-01
8.467079e-01
9.776942e-01
8.467080e-01
4.888469e-01
-5.331807e-07
-4.888479e-01
-8.467091e-01
-9.776953e-01
-8.467089e-01
-4.888476e-01
-1.092508e-07
4.888474e-01
8.467087e-01
9.776950e-01
8.467088e-01
4.888477e-01
3.342914e-07
-4.888471e-01
-8.467082e-01
-9.776944e-01
-8.467080e-01
-4.888468e-01
7.648817e-07
4.888483e-01
8.467095e-01
9.776958e-01
8.467095e-01
4.888484e-01
8.884761e-07
-4.888466e-01
-8.467078e-01
-9.776941e-01
-8.467078e-01
-4.888466e-01
8.181499e-07
4.888482e-01
8.467093e-01
9.776955e-01
8.467092e-01
4.888479e-01
3.674361e-07
-4.888472e-01
-8.467084e-01
-9.776948e-01
-8.467085e-01
-4.888474e-01
-1.224647e-15
0.000000e+00
4.888023e-01
8.466305e-01
9.776046e-01
8.466302e-01
4.888019e-01
-6.550829e-07
-4.888032e-01
-8.466314e-01
-9.776057e-01
-8.466314e-01
-4.888032e-01
-7.485194e-07
4.888017e-01
8.466300e-01
9.776042e-01
8.466300e-01
4.888019e-01
-5.434260e-07
-4.888029e-01
-8.466311e-01
-9.776053e-01
-8.466310e-01
-4.888027e-01
-1.284281e-07
4.888024e-01
8.466307e-01
9.776050e-01
8.466309e-01
4.888027e-01
3.703577e-07
-4.888020e-01
-8.466302e-01
-9.776043e-01
-8.466300e-01
-4.888017e-01
7.748242e-07
4.888033e-01
8.466315e-01
9.776058e-01
8.466316e-01
4.888034e-01
9.356728e-07
-4.888015e-01
-8.466298e-01
-9.776040e-01
-8.466298e-01
-4.888016e-01
8.391885e-07
4.888032e-01
8.466314e-01
9.776055e-01
8.466312e-01
4.888029e-01
3.657486e-07
-4.888022e-01
-8.466305e-01
-9.776048e-01
-8.466306e-01
-4.888024e-01
-1.224647e-15
0.000000e+00
4.887754e-01
8.465837e-01
9.775506e-01
8.465835e-01
4.887749e-01
-7.172638e-07
-4.887763e-01
-8.465848e-01
-9.775518e-01
-8.465848e-01
-4.887762e-01
-7.276427e-07
4.887748e-01
8.465833e-01
9.775503e-01
8.465833e-01
4.887749e-01
-5.916403e-07
-4.887760e-01
-8.465844e-01
-9.775514e-01
-8.465843e-01
-4.887757e-01
-9.831724e-08
4.887755e-01
8.465840e-01
9.775511e-01
8.465842e-01
4.887758e-01
3.577668e-07
-4.887750e-01
-8.465835e-01
-9.775504e-01
-8.465833e-01
-4.887747e-01
8.108756e-07
4.887763e-01
8.465849e-01
9.775519e-01
8.465849e-01
4.887764e-01
9.256657e-07
-4.887746e-01
-8.465831e-01
-9.775501e-01
-8.465831e-01
-4.887746e-01
8.818667e-07
4.887763e-01
8.465847e-01
9.775516e-01
8.465845e-01
4.887759e-01
3.033277e-07
-4.887753e-01
-8.465838e-01
-9.775509e-01
-8.465839e-01
-4.887754e-01
-1.224647e-15
0.000000e+00
4.887592e-01
8.465557e-01
9.775183e-01
8.465555e-01
4.887587e-01
-6.609286e-07
-4.887601e-01
-8.465568e-01
-9.775194e-01
-8.465568e-01
-4.887601e-01
-7.496652e-07
4.887586e-01
8.465553e-01
9.775180e-01
8.465553e-01
4.887587e-01
-5.672480e-07
-4.887598e-01
-8.465564e-01
-9.775190e-01
-8.465563e-01
-4.887595e-01
-1.225026e-07
4.887593e-01
8.465560e-01
9.775188e-01
8.465562e-01
4.887596e-01
4.024469e-07
-4.887588e-01
-8.465554e-01
-9.775180e-01
-8.465553e-01
-4.887586e-01
7.703033e-07
4.887601e-01
8.465568e-01
9.775196e-01
8.465569e-01
4.887603e-01
9.625475e-07
-4.887584e-01
-8.465551e-01
-9.775177e-01
-8.465551e-01
-4.887585e-01
8.398851e-07
4.887601e-01
8.465567e-01
9.775192e-01
8.465565e-01
4.887597e-01
3.068086e-07
-4.887591e-01
-8.465558e-01
-9.775186e-01
-8.465559e-01
-4.887593e-01
-1.224647e-15
0.000000e+00
4.887495e-01
8.465390e-01
9.774989e-01
8.465387e-01
4.887491e-01
-6.561707e-07
-4.887504e-01
-8.465400e-01
-9.775001e-01
-8.465400e-01
-4.887504e-01
-6.963382e-07
4.887490e-01
8.465385e-01
9.774986e-01
8.465386e-01
4.887490e-01
-5.626324e-07
-4.887501e-01
-8.465396e-01
-9.774996e-01
-8.465395e-01
-4.887498e-01
-9.656014e-08
4.887496e-01
8.465393e-01
9.774994e-01
8.465394e-01
4.887500e-01
4.011228e-07
-4.887492e-01
-8.465387e-01
-9.774987e-01
-8.465385e-01
-4.887489e-01
7.601429e-07
4.887504e-01
8.465400e-01
9.775002e-01
8.465401e-01
4.887506e-01
9.406052e-07
-4.887487e-01
-8.465383e-01
-9.774984e-01
-8.465383e-01
-4.887488e-01
8.227171e-07
4.887504e-01
8.465399e-01
9.774999e-01
8.465397e-01
4.887500e-01
2.788346e-07
-4.887494e-01
-8.465391e-01
-9.774992e-01
-8.465392e-01
-4.887496e-01
-1.224647e-15
0.000000e+00
4.887437e-01
8.465289e-01
9.774873e-01
8.465287e-01
4.887433e-01
-6.325318e-07
-4.887445e-01
-8.465299e-01
-9.774884e-01
-8.465299e-01
-4.887445e-01
-6.743558e-07
4.887432e-01
8.465285e-01
9.774871e-01
8.465286e-01
4.887433e-01
-4.839250e-07
-4.887443e-01
-8.465296e-01
-9.774880e-01
-8.465294e-01
-4.887440e-01
-1.108125e-07
4.887438e-01
8.465292e-01
9.774879e-01
8.465294e-01
4.887442e-01
4.433411e-07
-4.887433e-01
-8.465286e-01
-9.774871e-01
-8.465285e-01
-4.887432e-01
6.942799e-07
4.887446e-01
8.465300e-01
9.774885e-01
8.465301e-01
4.887448e-01
9.474652e-07
-4.887429e-01
-8.465283e-01
-9.774868e-01
-8.465284e-01
-4.887431e-01
7.478609e-07
4.887446e-01
8.465298e-01
9.774883e-01
8.465296e-01
4.887442e-01
2.918986e-07
-4.887436e-01
-8.465290e-01
-9.774876e-01
-8.465292e-01
-4.887439e-01
-1.224647e-15
0.000000e+00
4.887402e-01
8.465229e-01
9.774803e-01
8.465227e-01
4.887398e-01
-5.923399e-07
-4.887410e-01
-8.465238e-01
-9.774814e-01
-8.465238e-01
-4.887410e-01
-6.373297e-07
4.887397e-01
8.465225e-01
9.774801e-01
8.465226e-01
4.887399e-01
-4.167160e-07
-4.887407e-01
-8.465235e-01
-9.774810e-01
-8.465234e-01
-4.887405e-01
-9.132493e-08
4.887403e-01
8.465232e-01
9.774809e-01
8.465234e-01
4.887407e-01
4.537788e-07
-4.887398e-01
-8.465226e-01
-9.774801e-01
-8.465225e-01
-4.887397e-01
6.506635e-07
4.887410e-01
8.465239e-01
9.774815e-01
8.465240e-01
4.887412e-01
9.072517e-07
-4.887395e-01
-8.465223e-01
-9.774799e-01
-8.465224e-01
-4.887396e-01
6.933237e-07
4.887410e-01
8.465237e-01
9.774813e-01
8.465236e-01
4.887407e-01
2.513642e-07
-4.887402e-01
-8.465230e-01
-9.774807e-01
-8.465232e-01
-4.887404e-01
-1.224647e-15
0.000000e+00
4.887381e-01
8.465193e-01
9.774762e-01
8.465191e-01
4.887378e-01
-5.418705e-07
-4.887389e-01
-8.465201e-01
-9.774771e-01
-8.465201e-01
-4.887389e-01
-5.761504e-07
4.887377e-01
8.465189e-01
9.774760e-01
8.465190e-01
4.887378e-01
-3.885917e-07
-4.887386e-01
-8.465198e-01
-9.774768e-01
-8.465197e-01
-4.887384e-01
-2.700968e-08
4.887383e-01
8.465196e-01
9.774767e-01
8.465198e-01
4.887386e-01
4.215078e-07
-4.887378e-01
-8.465190e-01
-9.774759e-01
-8.465189e-01
-4.887376e-01
6.420678e-07
4.887389e-01
8.465202e-01
9.774772e-01
8.465202e-01
4.887390e-01
8.101986e-07
-4.887374e-01
-8.465187e-01
-9.774757e-01
-8.465188e-01
-4.887376e-01
6.680145e-07
4.887389e-01
8.465201e-01
9.774770e-01
8.465199e-01
4.887385e-01
1.470466e-07
-4.887382e-01
-8.465195e-01
-9.774766e-01
-8.465195e-01
-4.887383e-01
-1.224647e-15
0.000000e+00
4.887369e-01
8.465171e-01
9.774737e-01
8.465170e-01
4.887366e-01
-4.897694e-07
-4.887375e-01
-8.465179e-01
-9.774746e-01
-8.465179e-01
-4.887375e-01
-5.153720e-07
4.887365e-01
8.465168e-01
9.774735e-01
8.465169e-01
4.887366e-01
-3.535214e-07
-4.887373e-01
-8.465176e-01
-9.774742e-01
-8.465174e-01
-4.887370e-01
3.172011e-08
4.887371e-01
8.465175e-01
9.774742e-01
8.465176e-01
4.887373e-01
3.989644e-07
-4.887365e-01
-8.465168e-01
-9.774735e-01
-8.465167e-01
-4.887364e-01
6.175370e-07
4.887376e-01
8.465180e-01
9.774747e-01
8.465180e-01
4.887377e-01
7.113934e-07
-4.887363e-01
-8.465166e-01
-9.774733e-01
-8.465166e-01
-4.887363e-01
6.163012e-07
4.887376e-01
8.465178e-01
9.774744e-01
8.465176e-01
4.887372e-01
5.063129e-08
-4.887370e-01
-8.465174e-01
-9.774741e-01
-8.465174e-01
-4.887370e-01
-1.224647e-15
0.000000e+00
4.887361e-01
8.465158e-01
9.774723e-01
8.465157e-01
4.887359e-01
-4.463632e-07
-4.887368e-01
-8.465166e-01
-9.774731e-01
-8.465165e-01
-4.887367e-01
-4.399253e-07
4.887358e-01
8.465156e-01
9.774721e-01
8.465157e-01
4.887359e-01
-2.982082e-07
-4.887365e-01
-8.465162e-01
-9.774727e-01
-8.465161e-01
-4.887362e-01
8.271816e-08
4.887364e-01
8.465162e-01
9.774728e-01
8.465163e-01
4.887366e-01
3.896579e-07
-4.887358e-01
-8.465156e-01
-9.774720e-01
-8.465155e-01
-4.887357e-01
5.752183e-07
4.887368e-01
8.465166e-01
9.774731e-01
8.465166e-01
4.887369e-01
6.176607e-07
-4.887356e-01
-8.465154e-01
-9.774719e-01
-8.465154e-01
-4.887357e-01
5.341156e-07
4.887367e-01
8.465165e-01
9.774728e-01
8.465163e-01
4.887364e-01
-1.695629e-08
-4.887363e-01
-8.465161e-01
-9.774726e-01
-8.465161e-01
-4.887363e-01
-1.224647e-15
0.000000e+00
4.887357e-01
8.465151e-01
9.774714e-01
8.465150e-01
4.887355e-01
-3.970935e-07
-4.887363e-01
-8.465157e-01
-9.774721e-01
-8.465157e-01
-4.887362e-01
-3.584089e-07
4.887355e-01
8.465149e-01
9.774713e-01
8.465150e-01
4.887356e-01
-2.163681e-07
-4.887360e-01
-8.465154e-01
-9.774717e-01
-8.465153e-01
-4.887358e-01
1.310512e-07
4.887360e-01
8.465155e-01
9.774719e-01
8.465156e-01
4.887362e-01
3.863654e-07
-4.887354e-01
-8.465148e-01
-9.774712e-01
-8.465148e-01
-4.887353e-01
5.244646e-07
4.887363e-01
8.465158e-01
9.774722e-01
8.465158e-01
4.887363e-01
5.245440e-07
-4.887353e-01
-8.465147e-01
-9.774711e-01
-8.465148e-01
-4.887353e-01
4.324547e-07
4.887362e-01
8.465156e-01
9.774719e-01
8.465154e-01
4.887359e-01
-6.281973e-08
-4.887359e-01
-8.465154e-01
-9.774718e-01
-8.465154e-01
-4.887359e-01
-1.224647e-15
0.000000e+00
4.887355e-01
8.465147e-01
9.774709e-01
8.465146e-01
4.887353e-01
-3.289081e-07
-4.887359e-01
-8.465152e-01
-9.774715e-01
-8.465152e-01
-4.887359e-01
-2.809228e-07
4.887353e-01
8.465146e-01
9.774709e-01
8.465146e-01
4.887354e-01
-1.239359e-07
-4.887356e-01
-8.465149e-01
-9.774711e-01
-8.465148e-01
-4.887354e-01
1.871581e-07
4.887358e-01
8.465151e-01
9.774714e-01
8.465152e-01
4.887359e-01
3.733703e-07
-4.887352e-01
-8.465144e-01
-9.774707e-01
-8.465143e-01
-4.887351e-01
4.832980e-07
4.887360e-01
8.465153e-01
9.774715e-01
8.465152e-01
4.887360e-01
4.176027e-07
-4.887351e-01
-8.465144e-01
-9.774707e-01
-8.465144e-01
-4.887352e-01
3.345207e-07
4.887358e-01
8.465150e-01
9.774713e-01
8.465149e-01
4.887355e-01
-1.169133e-07
-4.887357e-01
-8.465150e-01
-9.774713e-01
-8.465150e-01
-4.887356e-01
-1.224647e-15
0.000000e+00
4.887353e-01
8.465144e-01
9.774706e-01
8.465143e-01
4.887352e-01
-2.396667e-07
-4.887357e-01
-8.465148e-01
-9.774711e-01
-8.465148e-01
-4.887356e-01
-2.171727e-07
4.887352e-01
8.465144e-01
9.774706e-01
8.465144e-01
4.887353e-01
-2.770302e-08
-4.887354e-01
-8.465145e-01
-9.774707e-01
-8.465144e-01
-4.887352e-01
2.364207e-07
4.887357e-01
8.465148e-01
9.774711e-01
8.465149e-01
4.887357e-01
3.608395e-07
-4.887350e-01
-8.465141e-01
-9.774704e-01
-8.465141e-01
-4.887349e-01
4.430740e-07
4.887358e-01
8.465149e-01
9.774711e-01
8.465148e-01
4.887357e-01
3.069954e-07
-4.887351e-01
-8.465142e-01
-9.774704e-01
-8.465142e-01
-4.887351e-01
2.391752e-07
4.887356e-01
8.465146e-01
9.774708e-01
8.465145e-01
4.887353e-01
-1.832082e-07
-4.887356e-01
-8.465148e-01
-9.774710e-01
-8.465147e-01
-4.887355e-01
-1.224647e-15
0.000000e+00
4.887353e-01
8.465143e-01
9.774705e-01
8.465142e-01
4.887352e-01
-1.349442e-07
-4.887355e-01
-8.465145e-01
-9.774708e-01
-8.465146e-01
-4.887355e-01
-1.669179e-07
4.887351e-01
8.465142e-01
9.774705e-01
8.465143e-01
4.887353e-01
7.562046e-08
-4.887352e-01
-8.465142e-01
-9.774704e-01
-8.465142e-01
-4.887351e-01
2.567014e-07
4.887356e-01
8.465147e-01
9.774709e-01
8.465147e-01
4.887356e-01
3.707734e-07
-4.887349e-01
-8.465139e-01
-9.774702e-01
-8.465139e-01
-4.887349e-01
3.814045e-07
4.887356e-01
8.465146e-01
9.774708e-01
8.465146e-01
4.887355e-01
2.151460e-07
-4.887351e-01
-8.465141e-01
-9.774703e-01
-8.465141e-01
-4.887351e-01
1.319923e-07
4.887354e-01
8.465144e-01
9.774705e-01
8.465142e-01
4.887351e-01
-2.424473e-07
-4.887356e-01
-8.465147e-01
-9.774708e-01
-8.465145e-01
-4.887354e-01
-1.224647e-15
0.000000e+00
4.887352e-01
8.465142e-01
9.774704e-01
8.465142e-01
4.887352e-01
-2.459869e-08
-4.887353e-01
-8.465143e-01
-9.774706e-01
-8.465144e-01
-4.887354e-01
-1.174279e-07
4.887351e-01
8.465142e-01
9.774705e-01
8.465143e-01
4.887354e-01
1.808946e-07
-4.887350e-01
-8.465140e-01
-9.774702e-01
-8.465140e-01
-4.887350e-01
2.529652e-07
4.887355e-01
8.465146e-01
9.774708e-01
8.465146e-01
4.887356e-01
4.013252e-07
-4.887348e-01
-8.465138e-01
-9.774701e-01
-8.465139e-01
-4.887349e-01
2.974990e-07
4.887355e-01
8.465145e-01
9.774706e-01
8.465144e-01
4.887354e-01
1.434591e-07
-4.887351e-01
-8.465141e-01
-9.774703e-01
-8.465141e-01
-4.887352e-01
1.797277e-08
4.887352e-01
8.465142e-01
9.774703e-01
8.465141e-01
4.887350e-01
-2.869091e-07
-4.887356e-01
-8.465146e-01
-9.774708e-01
-8.465145e-01
-4.887353e-01
-1.224647e-15
0.000000e+00
4.887352e-01
8.465142e-01
9.774704e-01
8.465142e-01
4.887353e-01
8.006509e-08
-4.887351e-01
-8.465142e-01
-9.774704e-01
-8.465143e-01
-4.887353e-01
-5.702625e-08
4.887352e-01
8.465142e-01
9.774705e-01
8.465144e-01
4.887354e-01
2.760160e-07
-4.887349e-01
-8.465139e-01
-9.774701e-01
-8.465140e-01
-4.887350e-01
2.525296e-07
4.887355e-01
8.465145e-01
9.774708e-01
8.465146e-01
4.887356e-01
4.266479e-07
-4.887348e-01
-8.465138e-01
-9.774700e-01
-8.465139e-01
-4.887349e-01
2.135072e-07
4.887354e-01
8.465143e-01
9.774705e-01
8.465143e-01
4.887353e-01
7.338266e-08
-4.887351e-01
-8.465141e-01
-9.774704e-01
-8.465142e-01
-4.887352e-01
-7.978507e-08
4.887351e-01
8.465140e-01
9.774702e-01
8.465140e-01
4.887349e-01
-3.270641e-07
-4.887356e-01
-8.465146e-01
-9.774707e-01
-8.465144e-01
-4.887353e-01
-1.224647e-15
0.000000e+00
4.887352e-01
8.465142e-01
9.774704e-01
8.465143e-01
4.887353e-01
1.685156e-07
-4.887350e-01
-8.465141e-01
-9.774703e-01
-8.465142e-01
-4.887352e-01
1.794628e-08
4.887352e-01
8.465143e-01
9.774705e-01
8.465144e-01
4.887355e-01
3.520975e-07
-4.887348e-01
-8.465138e-01
-9.774701e-01
-8.465139e-01
-4.887349e-01
2.763101e-07
4.887355e-01
8.465145e-01
9.774708e-01
8.465146e-01
4.887356e-01
4.220224e-07
-4.887348e-01
-8.465138e-01
-9.774701e-01
-8.465139e-01
-4.887350e-01
1.517653e-07
4.887353e-01
8.465142e-01
9.774704e-01
8.465142e-01
4.887352e-01
-1.007211e-08
-4.887352e-01
-8.465142e-01
-9.774704e-01
-8.465142e-01
-4.887353e-01
-1.437318e-07
4.887350e-01
8.465139e-01
9.774701e-01
8.465139e-01
4.887348e-01
-3.741605e-07
-4.887356e-01
-8.465146e-01
-9.774707e-01
-8.465144e-01
-4.887353e-01
-1.224647e-15
0.000000e+00
4.887352e-01
8.465142e-01
9.774705e-01
8.465143e-01
4.887354e-01
2.336143e-07
-4.887350e-01
-8.465140e-01
-9.774702e-01
-8.465141e-01
-4.887351e-01
1.046641e-07
4.887353e-01
8.465143e-01
9.774706e-01
8.465145e-01
4.887356e-01
4.085770e-07
-4.887348e-01
-8.465138e-01
-9.774700e-01
-8.465138e-01
-4.887349e-01
3.196040e-07
4.887355e-01
8.465145e-01
9.774708e-01
8.465146e-01
4.887356e-01
3.847801e-07
-4.887348e-01
-8.465138e-01
-9.774701e-01
-8.465139e-01
-4.887350e-01
1.158193e-07
4.887352e-01
8.465142e-01
9.774703e-01
8.465141e-01
4.887351e-01
-1.017096e-07
-4.887353e-01
-8.465143e-01
-9.774705e-01
-8.465143e-01
-4.887353e-01
-1.782650e-07
4.887350e-01
8.465139e-01
9.774700e-01
8.465138e-01
4.887348e-01
-4.247501e-07
-4.887356e-01
-8.465146e-01
-9.774707e-01
-8.465144e-01
-4.887353e-01
-1.224647e-15
0.000000e+00
4.887352e-01
8.465143e-01
9.774705e-01
8.465144e-01
4.887354e-01
2.752002e-07
-4.887349e-01
-8.465139e-01
-9.774701e-01
-8.465140e-01
-4.887350e-01
1.971007e-07
4.887354e-01
8.465144e-01
9.774706e-01
8.465145e-01
4.887356e-01
4.498861e-07
-4.887347e-01
-8.465137e-01
-9.774699e-01
-8.465138e-01
-4.887348e-01
3.594827e-07
4.887355e-01
8.465145e-01
9.774707e-01
8.465145e-01
4.887355e-01
3.324498e-07
-4.887349e-01
-8.465139e-01
-9.774701e-01
-8.465139e-01
-4.887350e-01
9.198188e-08
4.887352e-01
8.465141e-01
9.774702e-01
8.465140e-01
4.887350e-01
-1.825162e-07
-4.887353e-01
-8.465143e-01
-9.774705e-01
-8.465143e-01
-4.887353e-01
-2.025895e-07
4.887349e-01
8.465138e-01
9.774699e-01
8.465137e-01
4.887347e-01
-4.650014e-07
-4.887356e-01
-8.465146e-01
-9.774707e-01
-8.465144e-01
-4.887353e-01
-1.224647e-15
0.000000e+00
4.887352e-01
8.465143e-01
9.774705e-01
8.465144e-01
4.887355e-01
3.021847e-07
-4.887349e-01
-8.465138e-01
-9.774700e-01
-8.465139e-01
-4.887349e-01
2.872394e-07
4.887355e-01
8.465145e-01
9.774707e-01
8.465145e-01
4.887356e-01
4.806885e-07
-4.887347e-01
-8.465137e-01
-9.774699e-01
-8.465137e-01
-4.887348e-01
3.760478e-07
4.887355e-01
8.465145e-01
9.774707e-01
8.465145e-01
4.887355e-01
2.853873e-07
-4.887349e-01
-8.465139e-01
-9.774701e-01
-8.465139e-01
-4.887350e-01
6.385729e-08
4.887351e-01
8.465140e-01
9.774702e-01
8.465139e-01
4.887349e-01
-2.382227e-07
-4.887354e-01
-8.465143e-01
-9.774705e-01
-8.465143e-01
-4.887353e-01
-2.310633e-07
4.887349e-01
8.465137e-01
9.774699e-01
8.465136e-01
4.887347e-01
-4.868788e-07
-4.887356e-01
-8.465145e-01
-9.774707e-01
-8.465144e-01
-4.887353e-01
-1.224647e-15
0.000000e+00
4.887353e-01
8.465143e-01
9.774706e-01
8.465144e-01
4.887355e-01
3.294669e-07
-4.887348e-01
-8.465138e-01
-9.774699e-01
-8.465138e-01
-4.887348e-01
3.657470e-07
4.887355e-01
8.465145e-01
9.774707e-01
8.465145e-01
4.887356e-01
5.050758e-07
-4.887346e-01
-8.465136e-01
-9.774698e-01
-8.465137e-01
-4.887348e-01
3.651286e-07
4.887355e-01
8.465144e-01
9.774706e-01
8.465144e-01
4.887354e-01
2.525778e-07
-4.887349e-01
-8.465139e-01
-9.774701e-01
-8.465140e-01
-4.887351e-01
2.313225e-08
4.887351e-01
8.465140e-01
9.774701e-01
8.465139e-01
4.887349e-01
-2.694567e-07
-4.887354e-01
-8.465143e-01
-9.774705e-01
-8.465143e-01
-4.887354e-01
-2.623199e-07
4.887348e-01
8.465137e-01
9.774698e-01
8.465136e-01
4.887346e-01
-4.964145e-07
-4.887356e-01
-8.465145e-01
-9.774707e-01
-8.465144e-01
-4.887353e-01
-1.224647e-15
0.000000e+00
4.887353e-01
8.465143e-01
9.774706e-01
8.465144e-01
4.887355e-01
3.692628e-07
-4.887348e-01
-8.465137e-01
-9.774699e-01
-8.465137e-01
-4.887347e-01
4.260259e-07
4.887356e-01
8.465145e-01
9.774707e-01
8.465146e-01
4.887356e-01
5.260104e-07
-4.887346e-01
-8.465136e-01
-9.774698e-01
-8.465137e-01
-4.887348e-01
3.359477e-07
4.887355e-01
8.465144e-01
9.774706e-01
8.465144e-01
4.887354e-01
2.287567e-07
-4.887349e-01
-8.465139e-01
-9.774701e-01
-8.465140e-01
-4.887351e-01
-2.850708e-08
4.887350e-01
8.465139e-01
9.774700e-01
8.465138e-01
4.887349e-01
-2.872681e-07
-4.887354e-01
-8.465143e-01
-9.774705e-01
-8.465143e-01
-4.887354e-01
-2.840055e-07
4.887348e-01
8.465137e-01
9.774698e-01
8.465136e-01
4.887346e-01
-5.070886e-07
-4.887356e-01
-8.465146e-01
-9.774707e-01
-8.465144e-01
-4.887353e-01
-1.224647e-15
0.000000e+00
4.887353e-01
8.465143e-01
9.774706e-01
8.465145e-01
4.887355e-01
4.221659e-07
-4.887347e-01
-8.465136e-01
-9.774698e-01
-8.465136e-01
-4.887347e-01
4.704161e-07
4.887356e-01
8.465146e-01
9.774708e-01
8.465146e-01
4.887357e-01
5.415166e-07
-4.887346e-01
-8.465136e-01
-9.774699e-01
-8.465137e-01
-4.887348e-01
3.021903e-07
4.887354e-01
8.465144e-01
9.774705e-01
8.465143e-01
4.887354e-01
1.994592e-07
-4.887350e-01
-8.465140e-01
-9.774702e-01
-8.465141e-01
-4.887352e-01
-8.160558e-08
4.887350e-01
8.465139e-01
9.774700e-01
8.465138e-01
4.887348e-01
-3.027721e-07
-4.887354e-01
-8.465144e-01
-9.774705e-01
-8.465143e-01
-4.887354e-01
-2.842151e-07
4.887348e-01
8.465137e-01
9.774698e-01
8.465136e-01
4.887346e-01
-5.272083e-07
-4.887357e-01
-8.465146e-01
-9.774707e-01
-8.465144e-01
-4.887353e-01
-1.224647e-15
0.000000e+00
4.887353e-01
8.465143e-01
9.774706e-01
8.465145e-01
4.887356e-01
4.760041e-07
-4.887346e-01
-8.465136e-01
-9.774698e-01
-8.465136e-01
-4.887346e-01
5.110739e-07
4.887356e-01
8.465146e-01
9.774708e-01
8.465146e-01
4.887357e-01
5.423462e-07
-4.887346e-01
-8.465136e-01
-9.774699e-01
-8.465138e-01
-4.887348e-01
2.743286e-07
4.887354e-01
8.465144e-01
9.774705e-01
8.465143e-01
4.887353e-01
1.495016e-07
-4.887350e-01
-8.465140e-01
-9.774703e-01
-8.465141e-01
-4.887352e-01
-1.228624e-07
4.887350e-01
8.465139e-01
9.774700e-01
8.465138e-01
4.887348e-01
-3.204720e-07
-4.887355e-01
-8.465144e-01
-9.774706e-01
-8.465144e-01
-4.887354e-01
-2.589830e-07
4.887349e-01
8.465138e-01
9.774699e-01
8.465136e-01
4.887346e-01
-5.530185e-07
-4.887357e-01
-8.465146e-01
-9.774707e-01
-8.465144e-01
-4.887353e-01
-1.224647e-15
0.000000e+00
4.887353e-01
8.465144e-01
9.774707e-01
8.465146e-01
4.887356e-01
5.157665e-07
-4.887346e-01
-8.465136e-01
-9.774698e-01
-8.465136e-01
-4.887346e-01
5.603043e-07
4.887357e-01
8.465147e-01
9.774709e-01
8.465147e-01
4.887357e-01
5.181053e-07
-4.887347e-01
-8.465137e-01
-9.774700e-01
-8.465138e-01
-4.887349e-01
2.538606e-07
4.887354e-01
8.465144e-01
9.774705e-01
8.465143e-01
4.887353e-01
7.304057e-08
-4.887351e-01
-8.465141e-01
-9.774704e-01
-8.465142e-01
-4.887353e-01
-1.429937e-07
4.887350e-01
8.465139e-01
9.774700e-01
8.465138e-01
4.887348e-01
-3.370673e-07
-4.887355e-01
-8.465144e-01
-9.774706e-01
-8.465144e-01
-4.887354e-01
-2.130265e-07
4.887349e-01
8.465138e-01
9.774699e-01
8.465137e-01
4.887346e-01
-5.713537e-07
-4.887357e-01
-8.465146e-01
-9.774707e-01
-8.465144e-01
-4.887353e-01
-1.224647e-15
0.000000e+00
4.887353e-01
8.465144e-01
9.774707e-01
8.465146e-01
4.887357e-01
5.374410e-07
-4.887346e-01
-8.465136e-01
-9.774698e-01
-8.465136e-01
-4.887346e-01
6.163029e-07
4.887358e-01
8.465147e-01
9.774709e-01
8.465147e-01
4.887357e-01
4.693676e-07
-4.887348e-01
-8.465138e-01
-9.774700e-01
-8.465139e-01
-4.887349e-01
2.295032e-07
4.887354e-01
8.465143e-01
9.774705e-01
8.465142e-01
4.887352e-01
-1.887747e-08
-4.887352e-01
-8.465142e-01
-9.774704e-01
-8.465143e-01
-4.887353e-01
-1.468660e-07
4.887350e-01
8.465139e-01
9.774701e-01
8.465138e-01
4.887348e-01
-3.430801e-07
-4.887355e-01
-8.465144e-01
-9.774706e-01
-8.465143e-01
-4.887353e-01
-1.568981e-07
4.887350e-01
8.465139e-01
9.774700e-01
8.465137e-01
4.887346e-01
-5.675045e-07
-4.887357e-01
-8.465146e-01
-9.774707e-01
-8.465144e-01
-4.887353e-01
-1.224647e-15
0.000000e+00
4.887353e-01
8.465144e-01
9.774708e-01
8.465147e-01
4.887357e-01
5.520879e-07
-4.887346e-01
-8.465136e-01
-9.774698e-01
-8.465135e-01
-4.887345e-01
6.592238e-07
4.887358e-01
8.465148e-01
9.774709e-01
8.465147e-01
4.887356e-01
4.124030e-07
-4.887348e-01
-8.465139e-01
-9.774701e-01
-8.465139e-01
-4.887350e-01
1.807315e-07
4.887353e-01
8.465143e-01
9.774704e-01
8.465142e-01
4.887351e-01
-1.016560e-07
-4.887353e-01
-8.465143e-01
-9.774705e-01
-8.465143e-01
-4.887353e-01
-1.555234e-07
4.887350e-01
8.465139e-01
9.774701e-01
8.465139e-01
4.887349e-01
-3.269002e-07
-4.887355e-01
-8.465144e-01
-9.774706e-01
-8.465143e-01
-4.887353e-01
-1.029190e-07
4.887350e-01
8.465139e-01
9.774700e-01
8.465137e-01
4.887347e-01
-5.322384e-07
-4.887357e-01
-8.465146e-01
-9.774707e-01
-8.465144e-01
-4.887353e-01
-1.224647e-15
0.000000e+00
4.887353e-01
8.465145e-01
9.774708e-01
8.465147e-01
4.887358e-01
5.735862e-07
-4.887346e-01
-8.465136e-01
-9.774698e-01
-8.465136e-01
-4.887345e-01
6.663528e-07
4.887358e-01
8.465148e-01
9.774709e-01
8.465147e-01
4.887356e-01
3.665276e-07
-4.887349e-01
-8.465139e-01
-9.774702e-01
-8.465140e-01
-4.887351e-01
9.276594e-08
4.887353e-01
8.465142e-01
9.774704e-01
8.465141e-01
4.887351e-01
-1.550863e-07
-4.887354e-01
-8.465144e-01
-9.774706e-01
-8.465144e-01
-4.887354e-01
-1.913940e-07
4.887350e-01
8.465139e-01
9.774701e-01
8.465139e-01
4.887349e-01
-2.826159e-07
-4.887354e-01
-8.465144e-01
-9.774705e-01
-8.465143e-01
-4.887353e-01
-5.971273e-08
4.887351e-01
8.465140e-01
9.774701e-01
8.465138e-01
4.887348e-01
-4.650677e-07
-4.887356e-01
-8.465146e-01
-9.774707e-01
-8.465144e-01
-4.887353e-01
-1.224647e-15
0.000000e+00
4.887354e-01
8.465145e-01
9.774709e-01
8.465148e-01
4.887358e-01
6.017083e-07
-4.887346e-01
-8.465136e-01
-9.774698e-01
-8.465136e-01
-4.887346e-01
6.346127e-07
4.887358e-01
8.465148e-01
9.774709e-01
8.465147e-01
4.887356e-01
3.336589e-07
-4.887350e-01
-8.465140e-01
-9.774703e-01
-8.465142e-01
-4.887352e-01
-2.663906e-08
4.887352e-01
8.465142e-01
9.774703e-01
8.465141e-01
4.887351e-01
-1.834095e-07
-4.887354e-01
-8.465144e-01
-9.774707e-01
-8.465145e-01
-4.887355e-01
-2.559369e-07
4.887350e-01
8.465140e-01
9.774702e-01
8.465140e-01
4.887350e-01
-2.174649e-07
-4.887354e-01
-8.465144e-01
-9.774705e-01
-8.465143e-01
-4.887352e-01
-2.704112e-08
4.887352e-01
8.465141e-01
9.774703e-01
8.465140e-01
4.887349e-01
-3.738930e-07
-4.887356e-01
-8.465146e-01
-9.774707e-01
-8.465144e-01
-4.887353e-01
-1.224647e-15
0.000000e+00
4.887354e-01
8.465146e-01
9.774710e-01
8.465149e-01
4.887359e-01
6.215282e-07
-4.887347e-01
-8.465137e-01
-9.774700e-01
-8.465137e-01
-4.887347e-01
5.852406e-07
4.887358e-01
8.465148e-01
9.774710e-01
8.465147e-01
4.887356e-01
2.941170e-07
-4.887351e-01
-8.465142e-01
-9.774705e-01
-8.465144e-01
-4.887354e-01
-1.485811e-07
4.887351e-01
8.465142e-01
9.774704e-01
8.465141e-01
4.887351e-01
-2.149985e-07
-4.887355e-01
-8.465146e-01
-9.774708e-01
-8.465146e-01
-4.887356e-01
-3.243149e-07
4.887350e-01
8.465140e-01
9.774703e-01
8.465141e-01
4.887351e-01
-1.489658e-07
-4.887354e-01
-8.465144e-01
-9.774706e-01
-8.465143e-01
-4.887353e-01
4.288991e-09
4.887353e-01
8.465143e-01
9.774704e-01
8.465142e-01
4.887350e-01
-2.717918e-07
-4.887356e-01
-8.465146e-01
-9.774708e-01
-8.465145e-01
-4.887354e-01
-1.224647e-15
0.000000e+00
4.887355e-01
8.465148e-01
9.774712e-01
8.465150e-01
4.887360e-01
6.222027e-07
-4.887348e-01
-8.465139e-01
-9.774702e-01
-8.465139e-01
-4.887348e-01
5.422234e-07
4.887359e-01
8.465150e-01
9.774712e-01
8.465149e-01
4.887357e-01
2.275801e-07
-4.887352e-01
-8.465145e-01
-9.774708e-01
-8.465147e-01
-4.887356e-01
-2.473576e-07
4.887351e-01
8.465142e-01
9.774705e-01
8.465143e-01
4.887351e-01
-2.765406e-07
-4.887357e-01
-8.465148e-01
-9.774711e-01
-8.465149e-01
-4.887357e-01
-3.677398e-07
4.887350e-01
8.465142e-01
9.774705e-01
8.465143e-01
4.887352e-01
-9.054632e-08
-4.887354e-01
-8.465145e-01
-9.774707e-01
-8.465145e-01
-4.887353e-01
4.675071e-08
4.887354e-01
8.465145e-01
9.774707e-01
8.465144e-01
4.887352e-01
-1.717872e-07
-4.887356e-01
-8.465147e-01
-9.774709e-01
-8.465146e-01
-4.887354e-01
-1.224647e-15
0.000000e+00
4.887357e-01
8.465151e-01
9.774715e-01
8.465153e-01
4.887361e-01
6.121666e-07
-4.887349e-01
-8.465142e-01
-9.774705e-01
-8.465143e-01
-4.887350e-01
5.070896e-07
4.887360e-01
8.465152e-01
9.774714e-01
8.465151e-01
4.887358e-01
1.377402e-07
-4.887355e-01
-8.465148e-01
-9.774712e-01
-8.465150e-01
-4.887358e-01
-3.249014e-07
4.887352e-01
8.465144e-01
9.774707e-01
8.465144e-01
4.887352e-01
-3.662042e-07
-4.887359e-01
-8.465152e-01
-9.774715e-01
-8.465152e-01
-4.887359e-01
-3.823265e-07
4.887352e-01
8.465145e-01
9.774708e-01
8.465146e-01
4.887354e-01
-3.964569e-08
-4.887355e-01
-8.465147e-01
-9.774710e-01
-8.465147e-01
-4.887354e-01
1.083912e-07
4.887356e-01
8.465149e-01
9.774711e-01
8.465148e-01
4.887355e-01
-8.220941e-08
-4.887357e-01
-8.465149e-01
-9.774712e-01
-8.465149e-01
-4.887356e-01
-1.224647e-15
0.000000e+00
4.887359e-01
8.465155e-01
9.774720e-01
8.465157e-01
4.887364e-01
6.077473e-07
-4.887352e-01
-8.465147e-01
-9.774711e-01
-8.465148e-01
-4.887353e-01
4.610766e-07
4.887362e-01
8.465156e-01
9.774719e-01
8.465155e-01
4.887359e-01
5.007600e-08
-4.887358e-01
-8.465154e-01
-9.774718e-01
-8.465156e-01
-4.887362e-01
-4.060340e-07
4.887354e-01
8.465148e-01
9.774712e-01
8.465148e-01
4.887354e-01
-4.569209e-07
-4.887363e-01
-8.465157e-01
-9.774721e-01
-8.465157e-01
-4.887362e-01
-3.909371e-07
4.887355e-01
8.465150e-01
9.774714e-01
8.465151e-01
4.887357e-01
1.581395e-08
-4.887357e-01
-8.465151e-01
-9.774715e-01
-8.465151e-01
-4.887356e-01
1.869761e-07
4.887360e-01
8.465154e-01
9.774717e-01
8.465153e-01
4.887359e-01
-6.522654e-09
-4.887359e-01
-8.465153e-01
-9.774717e-01
-8.465153e-01
-4.887358e-01
-1.224647e-15
0.000000e+00
4.887364e-01
8.465163e-01
9.774729e-01
8.465165e-01
4.887368e-01
5.995147e-07
-4.887357e-01
-8.465155e-01
-9.774720e-01
-8.465156e-01
-4.887358e-01
4.010228e-07
4.887366e-01
8.465163e-01
9.774727e-01
8.465162e-01
4.887363e-01
-2.435077e-08
-4.887364e-01
-8.465162e-01
-9.774728e-01
-8.465164e-01
-4.887367e-01
-4.997439e-07
4.887357e-01
8.465155e-01
9.774719e-01
8.465155e-01
4.887357e-01
-5.352715e-07
-4.887368e-01
-8.465165e-01
-9.774730e-01
-8.465165e-01
-4.887367e-01
-4.070915e-07
4.887359e-01
8.465157e-01
9.774723e-01
8.465159e-01
4.887362e-01
7.078979e-08
-4.887361e-01
-8.465158e-01
-9.774723e-01
-8.465158e-01
-4.887360e-01
2.756384e-07
4.887365e-01
8.465163e-01
9.774727e-01
8.465162e-01
4.887364e-01
5.498685e-08
-4.887362e-01
-8.465160e-01
-9.774725e-01
-8.465160e-01
-4.887362e-01
-1.224647e-15
0.000000e+00
4.887371e-01
8.465176e-01
9.774744e-01
8.465178e-01
4.887375e-01
5.563030e-07
-4.887365e-01
-8.465169e-01
-9.774736e-01
-8.465169e-01
-4.887366e-01
3.500107e-07
4.887373e-01
8.465176e-01
9.774742e-01
8.465174e-01
4.887370e-01
-1.011149e-07
-4.887372e-01
-8.465176e-01
-9.774744e-01
-8.465178e-01
-4.887375e-01
-5.859863e-07
4.887364e-01
8.465167e-01
9.774733e-01
8.465167e-01
4.887364e-01
-6.158688e-07
-4.887376e-01
-8.465179e-01
-9.774745e-01
-8.465178e-01
-4.887375e-01
-4.184310e-07
4.887366e-01
8.465170e-01
9.774738e-01
8.465172e-01
4.887370e-01
1.038595e-07
-4.887368e-01
-8.465171e-01
-9.774737e-01
-8.465170e-01
-4.887366e-01
3.635535e-07
4.887374e-01
8.465176e-01
9.774743e-01
8.465175e-01
4.887372e-01
1.116745e-07
-4.887369e-01
-8.465173e-01
-9.774740e-01
-8.465173e-01
-4.887370e-01
-1.224647e-15
0.000000e+00
4.887384e-01
8.465197e-01
9.774769e-01
8.465199e-01
4.887387e-01
4.754763e-07
-4.887378e-01
-8.465191e-01
-9.774762e-01
-8.465192e-01
-4.887379e-01
3.201429e-07
4.887385e-01
8.465197e-01
9.774766e-01
8.465195e-01
4.887382e-01
-1.877515e-07
-4.887385e-01
-8.465199e-01
-9.774770e-01
-8.465200e-01
-4.887389e-01
-6.510422e-07
4.887376e-01
8.465188e-01
9.774758e-01
8.465188e-01
4.887375e-01
-7.071380e-07
-4.887389e-01
-8.465201e-01
-9.774771e-01
-8.465200e-01
-4.887387e-01
-4.165907e-07
4.887379e-01
8.465192e-01
9.774763e-01
8.465194e-01
4.887383e-01
1.137162e-07
-4.887381e-01
-8.465192e-01
-9.774762e-01
-8.465191e-01
-4.887378e-01
4.341978e-07
4.887387e-01
8.465199e-01
9.774768e-01
8.465198e-01
4.887385e-01
1.827503e-07
-4.887381e-01
-8.465194e-01
-9.774764e-01
-8.465194e-01
-4.887382e-01
-1.224647e-15
0.000000e+00
4.887405e-01
8.465234e-01
9.774810e-01
8.465235e-01
4.887407e-01
3.820093e-07
-4.887400e-01
-8.465228e-01
-9.774804e-01
-8.465228e-01
-4.887400e-01
3.083961e-07
4.887406e-01
8.465233e-01
9.774808e-01
8.465231e-01
4.887402e-01
-2.809969e-07
-4.887407e-01
-8.465236e-01
-9.774813e-01
-8.465237e-01
-4.887410e-01
-6.917955e-07
4.887396e-01
8.465224e-01
9.774799e-01
8.465223e-01
4.887395e-01
-8.075034e-07
-4.887411e-01
-8.465238e-01
-9.774813e-01
-8.465237e-01
-4.887408e-01
-3.991643e-07
4.887400e-01
8.465229e-01
9.774805e-01
8.465230e-01
4.887404e-01
1.105154e-07
-4.887401e-01
-8.465228e-01
-9.774803e-01
-8.465227e-01
-4.887399e-01
4.989304e-07
4.887408e-01
8.465236e-01
9.774811e-01
8.465235e-01
4.887407e-01
2.666246e-07
-4.887401e-01
-8.465229e-01
-9.774806e-01
-8.465230e-01
-4.887403e-01
-1.224647e-15
0.000000e+00
4.887440e-01
8.465294e-01
9.774880e-01
8.465295e-01
4.887442e-01
3.497856e-07
-4.887435e-01
-8.465288e-01
-9.774874e-01
-8.465289e-01
-4.887436e-01
2.542906e-07
4.887441e-01
8.465293e-01
9.774877e-01
8.465291e-01
4.887436e-01
-3.224986e-07
-4.887443e-01
-8.465297e-01
-9.774883e-01
-8.465298e-01
-4.887446e-01
-7.614263e-07
4.887430e-01
8.465283e-01
9.774868e-01
8.465283e-01
4.887430e-01
-8.595133e-07
-4.887447e-01
-8.465299e-01
-9.774883e-01
-8.465297e-01
-4.887443e-01
-4.177014e-07
4.887435e-01
8.465289e-01
9.774875e-01
8.465291e-01
4.887439e-01
1.485727e-07
-4.887436e-01
-8.465288e-01
-9.774872e-01
-8.465287e-01
-4.887433e-01
5.380885e-07
4.887444e-01
8.465297e-01
9.774882e-01
8.465296e-01
4.887442e-01
3.530963e-07
-4.887435e-01
-8.465289e-01
-9.774875e-01
-8.465291e-01
-4.887438e-01
-1.224647e-15
0.000000e+00
4.887497e-01
8.465394e-01
9.774995e-01
8.465395e-01
4.887500e-01
3.702978e-07
-4.887493e-01
-8.465389e-01
-9.774990e-01
-8.465390e-01
-4.887494e-01
1.580444e-07
4.887498e-01
8.465393e-01
9.774993e-01
8.465391e-01
4.887494e-01
-3.124023e-07
-4.887501e-01
-8.465398e-01
-9.774999e-01
-8.465399e-01
-4.887504e-01
-8.565764e-07
4.887487e-01
8.465383e-01
9.774983e-01
8.465383e-01
4.887487e-01
-8.622341e-07
-4.887504e-01
-8.465399e-01
-9.775000e-01
-8.465398e-01
-4.887502e-01
-4.685922e-07
4.887493e-01
8.465389e-01
9.774991e-01
8.465392e-01
4.887497e-01
2.144334e-07
-4.887493e-01
-8.465388e-01
-9.774988e-01
-8.465387e-01
-4.887491e-01
5.657718e-07
4.887502e-01
8.465398e-01
9.774998e-01
8.465397e-01
4.887501e-01
4.100585e-07
-4.887493e-01
-8.465390e-01
-9.774991e-01
-8.465391e-01
-4.887496e-01
-1.224647e-15
0.000000e+00
4.887594e-01
8.465561e-01
9.775189e-01
8.465562e-01
4.887596e-01
3.414248e-07
-4.887590e-01
-8.465557e-01
-9.775184e-01
-8.465558e-01
-4.887592e-01
1.046561e-07
4.887594e-01
8.465560e-01
9.775186e-01
8.465559e-01
4.887591e-01
-3.306173e-07
-4.887598e-01
-8.465566e-01
-9.775193e-01
-8.465568e-01
-4.887602e-01
-8.960714e-07
4.887584e-01
8.465550e-01
9.775177e-01
8.465550e-01
4.887584e-01
-8.922118e-07
-4.887602e-01
-8.465567e-01
-9.775193e-01
-8.465566e-01
-4.887599e-01
-4.731241e-07
4.887589e-01
8.465557e-01
9.775185e-01
8.465559e-01
4.887594e-01
2.187438e-07
-4.887590e-01
-8.465555e-01
-9.775181e-01
-8.465554e-01
-4.887587e-01
6.337857e-07
4.887600e-01
8.465566e-01
9.775193e-01
8.465565e-01
4.887598e-01
4.321609e-07
-4.887590e-01
-8.465557e-01
-9.775185e-01
-8.465559e-01
-4.887593e-01
-1.224647e-15
0.000000e+00
4.887755e-01
8.465841e-01
9.775512e-01
8.465842e-01
4.887758e-01
3.217136e-07
-4.887752e-01
-8.465837e-01
-9.775508e-01
-8.465838e-01
-4.887754e-01
3.410931e-08
4.887755e-01
8.465839e-01
9.775509e-01
8.465839e-01
4.887753e-01
-3.100157e-07
-4.887759e-01
-8.465846e-01
-9.775517e-01
-8.465848e-01
-4.887764e-01
-9.470499e-07
4.887745e-01
8.465830e-01
9.775500e-01
8.465830e-01
4.887746e-01
-8.773838e-07
-4.887763e-01
-8.465848e-01
-9.775517e-01
-8.465846e-01
-4.887761e-01
-5.019869e-07
4.887751e-01
8.465837e-01
9.775508e-01
8.465840e-01
4.887756e-01
2.327118e-07
-4.887751e-01
-8.465835e-01
-9.775505e-01
-8.465834e-01
-4.887749e-01
6.404737e-07
4.887761e-01
8.465846e-01
9.775516e-01
8.465846e-01
4.887761e-01
5.135556e-07
-4.887751e-01
-8.465837e-01
-9.775508e-01
-8.465839e-01
-4.887754e-01
-1.224647e-15
0.000000e+00
4.888025e-01
8.466308e-01
9.776050e-01
8.466309e-01
4.888027e-01
2.215456e-07
-4.888022e-01
-8.466305e-01
-9.776047e-01
-8.466305e-01
-4.888024e-01
5.402619e-08
4.888025e-01
8.466306e-01
9.776048e-01
8.466305e-01
4.888022e-01
-3.561449e-07
-4.888029e-01
-8.466313e-01
-9.776056e-01
-8.466315e-01
-4.888033e-01
-9.042142e-07
4.888015e-01
8.466297e-01
9.776039e-01
8.466297e-01
4.888015e-01
-9.183187e-07
-4.888033e-01
-8.466315e-01
-9.776056e-01
-8.466313e-01
-4.888030e-01
-4.522871e-07
4.888021e-01
8.466304e-01
9.776047e-01
8.466306e-01
4.888025e-01
1.640376e-07
-4.888022e-01
-8.466303e-01
-9.776044e-01
-8.466301e-01
-4.888018e-01
6.887136e-07
4.888031e-01
8.466313e-01
9.776055e-01
8.466313e-01
4.888030e-01
4.947558e-07
-4.888020e-01
-8.466304e-01
-9.776047e-01
-8.466305e-01
-4.888024e-01
-1.224647e-15
0.000000e+00
4.888475e-01
8.467087e-01
9.776951e-01
8.467088e-01
4.888477e-01
1.905904e-07
-4.888473e-01
-8.467085e-01
-9.776948e-01
-8.467085e-01
-4.888474e-01
2.849174e-08
4.888474e-01
8.467086e-01
9.776948e-01
8.467085e-01
4.888472e-01
-3.395223e-07
-4.888479e-01
-8.467092e-01
-9.776956e-01
-8.467094e-01
-4.888483e-01
-8.967166e-07
4.888465e-01
8.467077e-01
9.776940e-01
8.467077e-01
4.888465e-01
-8.822093e-07
-4.888483e-01
-8.467094e-01
-9.776956e-01
-8.467093e-01
-4.888480e-01
-4.536865e-07
4.888471e-01
8.467084e-01
9.776947e-01
8.467086e-01
4.888475e-01
1.520979e-07
-4.888472e-01
-8.467082e-01
-9.776944e-01
-8.467081e-01
-4.888468e-01
6.705216e-07
4.888481e-01
8.467093e-01
9.776955e-01
8.467092e-01
4.888480e-01
4.729475e-07
-4.888471e-01
-8.467083e-01
-9.776947e-01
-8.467085e-01
-4.888474e-01
-1.224647e-15
0.000000e+00
4.889226e-01
8.468388e-01
9.778452e-01
8.468389e-01
4.889227e-01
1.621433e-07
-4.889224e-01
-8.468386e-01
-9.778450e-01
-8.468386e-01
-4.889225e-01
1.518039e-08
4.889225e-01
8.468386e-01
9.778450e-01
8.468385e-01
4.889223e-01
-3.271990e-07
-4.889230e-01
-8.468393e-01
-9.778458e-01
-8.468395e-01
-4.889234e-01
-8.567067e-07
4.889217e-01
8.468378e-01
9.778442e-01
8.468378e-01
4.889217e-01
-8.353384e-07
-4.889233e-01
-8.468394e-01
-9.778458e-01
-8.468393e-01
-4.889231e-01
-4.375612e-07
4.889222e-01
8.468384e-01
9.778449e-01
8.468386e-01
4.889226e-01
1.299931e-07
-4.889223e-01
-8.468383e-01
-9.778446e-01
-8.468381e-01
-4.889219e-01
6.636629e-07
4.889232e-01
8.468394e-01
9.778457e-01
8.468393e-01
4.889231e-01
4.268481e-07
-4.889222e-01
-8.468384e-01
-9.778449e-01
-8.468385e-01
-4.889225e-01
-1.224647e-15
0.000000e+00
4.890479e-01
8.470558e-01
9.780958e-01
8.470559e-01
4.890480e-01
1.527933e-07
-4.890477e-01
-8.470556e-01
-9.780956e-01
-8.470557e-01
-4.890478e-01
-1.882582e-08
4.890478e-01
8.470556e-01
9.780955e-01
8.470555e-01
4.890476e-01
-2.889400e-07
-4.890482e-01
-8.470562e-01
-9.780963e-01
-8.470565e-01
-4.890486e-01
-8.143684e-07
4.890470e-01
8.470549e-01
9.780949e-01
8.470549e-01
4.890471e-01
-7.487861e-07
-4.890486e-01
-8.470564e-01
-9.780963e-01
-8.470563e-01
-4.890483e-01
-4.325932e-07
4.890475e-01
8.470554e-01
9.780955e-01
8.470556e-01
4.890479e-01
1.236517e-07
-4.890476e-01
-8.470554e-01
-9.780952e-01
-8.470552e-01
-4.890473e-01
6.260888e-07
4.890485e-01
8.470564e-01
9.780963e-01
8.470563e-01
4.890484e-01
4.396703e-07
-4.890475e-01
-8.470554e-01
-9.780954e-01
-8.470555e-01
-4.890478e-01
-1.224647e-15
0.000000e+00
4.892569e-01
8.474180e-01
9.785140e-01
8.474180e-01
4.892571e-01
9.492524e-08
-4.892569e-01
-8.474179e-01
-9.785139e-01
-8.474179e-01
-4.892569e-01
-3.379130e-09
4.892569e-01
8.474178e-01
9.785138e-01
8.474177e-01
4.892567e-01
-2.888550e-07
-4.892573e-01
-8.474184e-01
-9.785145e-01
-8.474186e-01
-4.892576e-01
-7.076828e-07
4.892562e-01
8.474172e-01
9.785132e-01
8.474172e-01
4.892563e-01
-6.887957e-07
-4.892576e-01
-8.474185e-01
-9.785145e-01
-8.474184e-01
-4.892574e-01
-3.743457e-07
4.892566e-01
8.474176e-01
9.785137e-01
8.474178e-01
4.892569e-01
6.890629e-08
-4.892568e-01
-8.474176e-01
-9.785135e-01
-8.474174e-01
-4.892564e-01
6.073613e-07
4.892576e-01
8.474185e-01
9.785145e-01
8.474184e-01
4.892574e-01
4.124766e-07
-4.892566e-01
-8.474176e-01
-9.785136e-01
-8.474177e-01
-4.892569e-01
-1.224647e-15
0.000000e+00
4.896059e-01
8.480223e-01
9.792118e-01
8.480223e-01
4.896059e-01
5.688752e-08
-4.896058e-01
-8.480222e-01
-9.792117e-01
-8.480222e-01
-4.896058e-01
1.024596e-08
4.896058e-01
8.480221e-01
9.792116e-01
8.480220e-01
4.896056e-01
-2.701946e-07
-4.896062e-01
-8.480226e-01
-9.792122e-01
-8.480228e-01
-4.896064e-01
-5.976442e-07
4.896053e-01
8.480216e-01
9.792111e-01
8.480216e-01
4.896052e-01
-6.009814e-07
-4.896064e-01
-8.480228e-01
-9.792122e-01
-8.480226e-01
-4.896062e-01
-3.201866e-07
4.896056e-01
8.480220e-01
9.792115e-01
8.480221e-01
4.896058e-01
2.835502e-08
-4.896057e-01
-8.480220e-01
-9.792114e-01
-8.480218e-01
-4.896053e-01
5.501960e-07
4.896064e-01
8.480228e-01
9.792122e-01
8.480227e-01
4.896062e-01
3.493557e-07
-4.896055e-01
-8.480220e-01
-9.792115e-01
-8.480221e-01
-4.896058e-01
-1.224647e-15
0.000000e+00
4.901881e-01
8.490307e-01
9.803762e-01
8.490307e-01
4.901881e-01
8.271708e-08
-4.901880e-01
-8.490306e-01
-9.803762e-01
-8.490307e-01
-4.901881e-01
-1.501530e-08
4.901880e-01
8.490305e-01
9.803760e-01
8.490305e-01
4.901879e-01
-2.001820e-07
-4.901883e-01
-8.490310e-01
-9.803765e-01
-8.490311e-01
-4.901886e-01
-5.215448e-07
4.901876e-01
8.490301e-01
9.803757e-01
8.490302e-01
4.901876e-01
-4.559808e-07
-4.901885e-01
-8.490311e-01
-9.803765e-01
-8.490310e-01
-4.901884e-01
-3.030461e-07
4.901878e-01
8.490304e-01
9.803760e-01
8.490305e-01
4.901880e-01
4.060604e-08
-4.901879e-01
-8.490304e-01
-9.803758e-01
-8.490303e-01
-4.901877e-01
4.299398e-07
4.901885e-01
8.490311e-01
9.803765e-01
8.490310e-01
4.901884e-01
3.026556e-07
-4.901878e-01
-8.490304e-01
-9.803760e-01
-8.490306e-01
-4.901880e-01
-1.224647e-15
0.000000e+00
4.911596e-01
8.507134e-01
9.823192e-01
8.507134e-01
4.911597e-01
1.029359e-07
-4.911595e-01
-8.507134e-01
-9.823192e-01
-8.507134e-01
-4.911596e-01
-2.881771e-08
4.911596e-01
8.507133e-01
9.823191e-01
8.507133e-01
4.911595e-01
-1.396230e-07
-4.911598e-01
-8.507136e-01
-9.823195e-01
-8.507137e-01
-4.911600e-01
-4.214820e-07
4.911592e-01
8.507130e-01
9.823188e-01
8.507130e-01
4.911593e-01
-3.197176e-07
-4.911599e-01
-8.507137e-01
-9.823195e-01
-8.507137e-01
-4.911599e-01
-2.611674e-07
4.911594e-01
8.507132e-01
9.823191e-01
8.507133e-01
4.911596e-01
4.546239e-08
-4.911595e-01
-8.507132e-01
-9.823190e-01
-8.507131e-01
-4.911593e-01
3.130367e-07
4.911599e-01
8.507137e-01
9.823195e-01
8.507137e-01
4.911599e-01
2.535499e-07
-4.911594e-01
-8.507132e-01
-9.823191e-01
-8.507133e-01
-4.911596e-01
-1.224647e-15
0.000000e+00
4.927808e-01
8.535213e-01
9.855615e-01
8.535214e-01
4.927808e-01
8.534483e-08
-4.927807e-01
-8.535213e-01
-9.855616e-01
-8.535214e-01
-4.927808e-01
-2.854569e-08
4.927807e-01
8.535213e-01
9.855615e-01
8.535212e-01
4.927807e-01
-9.372042e-08
-4.927809e-01
-8.535215e-01
-9.855617e-01
-8.535216e-01
-4.927810e-01
-2.931107e-07
4.927805e-01
8.535211e-01
9.855613e-01
8.535211e-01
4.927806e-01
-2.034717e-07
-4.927810e-01
-8.535215e-01
-9.855617e-01
-8.535215e-01
-4.927810e-01
-1.885673e-07
4.927806e-01
8.535212e-01
9.855614e-01
8.535213e-01
4.927808e-01
3.410021e-08
-4.927807e-01
-8.535212e-01
-9.855614e-01
-8.535211e-01
-4.927806e-01
2.078982e-07
4.927810e-01
8.535215e-01
9.855618e-01
8.535215e-01
4.927810e-01
1.894805e-07
-4.927806e-01
-8.535212e-01
-9.855614e-01
-8.535213e-01
-4.927807e-01
-1.224647e-15
0.000000e+00
4.954859e-01
8.582068e-01
9.909719e-01
8.582069e-01
4.954860e-01
4.933037e-08
-4.954859e-01
-8.582068e-01
-9.909719e-01
-8.582069e-01
-4.954860e-01
-2.514203e-08
4.954859e-01
8.582068e-01
9.909719e-01
8.582068e-01
4.954859e-01
-4.159095e-08
-4.954860e-01
-8.582069e-01
-9.909720e-01
-8.582070e-01
-4.954861e-01
-1.568720e-07
4.954858e-01
8.582067e-01
9.909718e-01
8.582067e-01
4.954859e-01
-9.179225e-08
-4.954860e-01
-8.582069e-01
-9.909720e-01
-8.582069e-01
-4.954861e-01
-1.061838e-07
4.954859e-01
8.582068e-01
9.909718e-01
8.582068e-01
4.954859e-01
2.394050e-08
-4.954859e-01
-8.582068e-01
-9.909718e-01
-8.582068e-01
-4.954859e-01
9.823220e-08
4.954861e-01
8.582069e-01
9.909720e-01
8.582070e-01
4.954861e-01
1.081742e-07
-4.954859e-01
-8.582068e-01
-9.909718e-01
-8.582068e-01
-4.954859e-01
-1.224647e-15
0.000000e+00
5.000000e-01
8.660254e-01
1.000000e+00
8.660254e-01
5.000000e-01
1.224647e-16
-5.000000e-01
-8.660254e-01
-1.000000e+00
-8.660254e-01
-5.000000e-01
-2.449294e-16
5.000000e-01
8.660254e-01
1.000000e+00
8.660254e-01
5.000000e-01
3.673940e-16
-5.000000e-01
-8.660254e-01
-1.000000e+00
-8.660254e-01
-5.000000e-01
-4.898587e-16
5.000000e-01
8.660254e-01
1.000000e+00
8.660254e-01
5.000000e-01
6.123234e-16
-5.000000e-01
-8.660254e-01
-1.000000e+00
-8.660254e-01
-5.000000e-01
-7.347881e-16
5.000000e-01
8.660254e-01
1.000000e+00
8.660254e-01
5.000000e-01
8.572528e-16
-5.000000e-01
-8.660254e-01
-1.000000e+00
-8.660254e-01
-5.000000e-01
-9.797174e-16
5.000000e-01
8.660254e-01
1.000000e+00
8.660254e-01
5.000000e-01
1.102182e-15
-5.000000e-01
-8.660254e-01
-1.000000e+00
-8.660254e-01
-5.000000e-01
-1.224647e-15
