meshID=8167564
0.000000e+00
4.338837e-01
7.818315e-01
9.749279e-01
9.749279e-01
7.818315e-01
4.338837e-01
1.224647e-16
-4.338837e-01
-7.818315e-01
-9.749279e-01
-9.749279e-01
-7.818315e-01
-4.338837e-01
-2.449294e-16
4.338837e-01
7.818315e-01
9.749279e-01
9.749279e-01
7.818315e-01
4.338837e-01
3.673940e-16
-4.338837e-01
-7.818315e-01
-9.749279e-01
-9.749279e-01
-7.818315e-01
-4.338837e-01
-4.898587e-16
4.338837e-01
7.818315e-01
9.749279e-01
9.749279e-01
7.818315e-01
4.338837e-01
6.123234e-16
-4.338837e-01
-7.818315e-01
-9.749279e-01
-9.749279e-01
-7.818315e-01
-4.338837e-01
-7.347881e-16
4.338837e-01
7.818315e-01
9.749279e-01
9.749279e-01
7.818315e-01
4.338837e-01
8.572528e-16
-4.338837e-01
-7.818315e-01
-9.749279e-01
-9.749279e-01
-7.818315e-01
-4.338837e-01
-9.797174e-16
4.338837e-01
7.818315e-01
9.749279e-01
9.749279e-01
7.818315e-01
4.338837e-01
1.102182e-15
-4.338837e-01
-7.818315e-01
-9.749279e-01
-9.749279e-01
-7.818315e-01
-4.338837e-01
-1.224647e-15
0.000000e+00
4.313109e-01
7.771954e-01
9.691468e-01
9.691468e-01
7.771954e-01
4.313108e-01
-1.124750e-07
-4.313111e-01
-7.771956e-01
-9.691470e-01
-9.691470e-01
-7.771956e-01
-4.313111e-01
-1.509192e-07
4.313108e-01
7.771953e-01
9.691467e-01
9.691467e-01
7.771953e-01
4.313108e-01
-1.210477e-07
-4.313110e-01
-7.771955e-01
-9.691469e-01
-9.691469e-01
-7.771955e-01
-4.313109e-01
8.145825e-09
4.313110e-01
7.771955e-01
9.691469e-01
9.691469e-01
7.771955e-01
4.313109e-01
1.373477e-08
-4.313109e-01
-7.771954e-01
-9.691468e-01
-9.691468e-01
-7.771954e-01
-4.313108e-01
1.295554e-07
4.313111e-01
7.771956e-01
9.691470e-01
9.691470e-01
7.771956e-01
4.313111e-01
1.664502e-07
-4.313108e-01
-7.771953e-01
-9.691467e-01
-9.691467e-01
-7.771953e-01
-4.313108e-01
1.664851e-07
4.313111e-01
7.771956e-01
9.691470e-01
9.691470e-01
7.771956e-01
4.313110e-01
5.566768e-08
-4.313109e-01
-7.771954e-01
-9.691469e-01
-9.691469e-01
-7.771955e-01
-4.313109e-01
-1.224647e-15
0.000000e+00
4.296563e-01
7.742139e-01
9.654290e-01
9.654289e-01
7.742138e-01
4.296562e-01
-2.191583e-07
-4.296566e-01
-7.742143e-01
-9.654293e-01
-9.654293e-01
-7.742143e-01
-4.296567e-01
-3.037490e-07
4.296561e-01
7.742137e-01
9.654288e-01
9.654288e-01
7.742137e-01
4.296561e-01
-2.304675e-07
-4.296566e-01
-7.742142e-01
-9.654292e-01
-9.654292e-01
-7.742141e-01
-4.296564e-01
-2.827244e-10
4.296564e-01
7.742140e-01
9.654291e-01
9.654291e-01
7.742140e-01
4.296564e-01
4.007142e-08
-4.296563e-01
-7.742139e-01
-9.654290e-01
-9.654289e-01
-7.742138e-01
-4.296561e-01
2.554529e-07
4.296566e-01
7.742143e-01
9.654294e-01
9.654294e-01
7.742143e-01
4.296567e-01
3.326375e-07
-4.296560e-01
-7.742137e-01
-9.654288e-01
-9.654288e-01
-7.742137e-01
-4.296560e-01
3.232984e-07
4.296567e-01
7.742143e-01
9.654293e-01
9.654293e-01
7.742142e-01
4.296565e-01
1.210263e-07
-4.296563e-01
-7.742140e-01
-9.654291e-01
-9.654291e-01
-7.742140e-01
-4.296564e-01
-1.224647e-15
0.000000e+00
4.285922e-01
7.722965e-01
9.630380e-01
9.630379e-01
7.722964e-01
4.285920e-01
-3.141216e-07
-4.285926e-01
-7.722970e-01
-9.630385e-01
-9.630385e-01
-7.722970e-01
-4.285927e-01
-4.511742e-07
4.285918e-01
7.722962e-01
9.630377e-01
9.630377e-01
7.722962e-01
4.285919e-01
-3.354235e-07
-4.285926e-01
-7.722968e-01
-9.630383e-01
-9.630383e-01
-7.722967e-01
-4.285923e-01
-1.688138e-08
4.285923e-01
7.722966e-01
9.630382e-01
9.630382e-01
7.722967e-01
4.285923e-01
7.197739e-08
-4.285922e-01
-7.722965e-01
-9.630379e-01
-9.630379e-01
-7.722963e-01
-4.285919e-01
3.816094e-07
4.285927e-01
7.722971e-01
9.630386e-01
9.630386e-01
7.722971e-01
4.285928e-01
4.916818e-07
-4.285918e-01
-7.722961e-01
-9.630376e-01
-9.630376e-01
-7.722961e-01
-4.285918e-01
4.738713e-07
4.285927e-01
7.722970e-01
9.630385e-01
9.630385e-01
7.722969e-01
4.285925e-01
1.879552e-07
-4.285922e-01
-7.722965e-01
-9.630381e-01
-9.630381e-01
-7.722966e-01
-4.285923e-01
-1.224647e-15
0.000000e+00
4.279079e-01
7.710634e-01
9.615003e-01
9.615003e-01
7.710633e-01
4.279076e-01
-3.763430e-07
-4.279084e-01
-7.710640e-01
-9.615010e-01
-9.615010e-01
-7.710641e-01
-4.279086e-01
-6.017190e-07
4.279074e-01
7.710629e-01
9.614999e-01
9.615000e-01
7.710630e-01
4.279075e-01
-4.190048e-07
-4.279083e-01
-7.710638e-01
-9.615008e-01
-9.615007e-01
-7.710637e-01
-4.279081e-01
-5.588672e-08
4.279080e-01
7.710635e-01
9.615005e-01
9.615006e-01
7.710636e-01
4.279081e-01
1.212150e-07
-4.279078e-01
-7.710633e-01
-9.615003e-01
-9.615002e-01
-7.710632e-01
-4.279075e-01
4.948730e-07
4.279085e-01
7.710641e-01
9.615011e-01
9.615011e-01
7.710642e-01
4.279086e-01
6.541106e-07
-4.279073e-01
-7.710629e-01
-9.614999e-01
-9.614999e-01
-7.710629e-01
-4.279074e-01
5.955376e-07
4.279086e-01
7.710641e-01
9.615010e-01
9.615009e-01
7.710639e-01
4.279083e-01
2.546066e-07
-4.279078e-01
-7.710634e-01
-9.615004e-01
-9.615004e-01
-7.710635e-01
-4.279080e-01
-1.224647e-15
0.000000e+00
4.274678e-01
7.702704e-01
9.605114e-01
9.605114e-01
7.702702e-01
4.274675e-01
-4.403917e-07
-4.274684e-01
-7.702711e-01
-9.605123e-01
-9.605123e-01
-7.702712e-01
-4.274686e-01
-7.428470e-07
4.274672e-01
7.702698e-01
9.605110e-01
9.605110e-01
7.702700e-01
4.274674e-01
-4.891552e-07
-4.274683e-01
-7.702709e-01
-9.605120e-01
-9.605119e-01
-7.702708e-01
-4.274681e-01
-1.068838e-07
4.274679e-01
7.702705e-01
9.605117e-01
9.605117e-01
7.702707e-01
4.274680e-01
1.771121e-07
-4.274677e-01
-7.702703e-01
-9.605113e-01
-9.605113e-01
-7.702701e-01
-4.274674e-01
6.017599e-07
4.274686e-01
7.702713e-01
9.605124e-01
9.605125e-01
7.702714e-01
4.274687e-01
8.064563e-07
-4.274671e-01
-7.702698e-01
-9.605109e-01
-9.605109e-01
-7.702698e-01
-4.274672e-01
6.963818e-07
4.274686e-01
7.702712e-01
9.605123e-01
9.605122e-01
7.702710e-01
4.274683e-01
3.089877e-07
-4.274677e-01
-7.702704e-01
-9.605116e-01
-9.605116e-01
-7.702705e-01
-4.274679e-01
-1.224647e-15
0.000000e+00
4.271848e-01
7.697604e-01
9.598754e-01
9.598753e-01
7.697601e-01
4.271844e-01
-5.571805e-07
-4.271855e-01
-7.697612e-01
-9.598764e-01
-9.598765e-01
-7.697614e-01
-4.271857e-01
-8.408958e-07
4.271841e-01
7.697598e-01
9.598750e-01
9.598750e-01
7.697599e-01
4.271842e-01
-5.810349e-07
-4.271854e-01
-7.697610e-01
-9.598761e-01
-9.598761e-01
-7.697608e-01
-4.271851e-01
-1.329258e-07
4.271848e-01
7.697606e-01
9.598758e-01
9.598758e-01
7.697607e-01
4.271850e-01
2.036954e-07
-4.271846e-01
-7.697603e-01
-9.598753e-01
-9.598753e-01
-7.697600e-01
-4.271842e-01
7.316918e-07
4.271857e-01
7.697614e-01
9.598766e-01
9.598766e-01
7.697615e-01
4.271858e-01
9.113713e-07
-4.271840e-01
-7.697597e-01
-9.598749e-01
-9.598749e-01
-7.697597e-01
-4.271841e-01
8.169126e-07
4.271857e-01
7.697613e-01
9.598764e-01
9.598763e-01
7.697611e-01
4.271853e-01
3.315012e-07
-4.271846e-01
-7.697604e-01
-9.598756e-01
-9.598757e-01
-7.697606e-01
-4.271849e-01
-1.224647e-15
0.000000e+00
4.270028e-01
7.694324e-01
9.594664e-01
9.594663e-01
7.694321e-01
4.270023e-01
-6.488960e-07
-4.270036e-01
-7.694334e-01
-9.594676e-01
-9.594676e-01
-7.694335e-01
-4.270038e-01
-9.381234e-07
4.270019e-01
7.694317e-01
9.594659e-01
9.594659e-01
7.694318e-01
4.270022e-01
-6.523094e-07
-4.270035e-01
-7.694331e-01
-9.594672e-01
-9.594671e-01
-7.694329e-01
-4.270031e-01
-1.737636e-07
4.270028e-01
7.694325e-01
9.594668e-01
9.594668e-01
7.694327e-01
4.270031e-01
2.425800e-07
-4.270026e-01
-7.694322e-01
-9.594663e-01
-9.594662e-01
-7.694319e-01
-4.270021e-01
8.356023e-07
4.270038e-01
7.694335e-01
9.594677e-01
9.594677e-01
7.694336e-01
4.270039e-01
1.011175e-06
-4.270019e-01
-7.694316e-01
-9.594657e-01
-9.594658e-01
-7.694316e-01
-4.270019e-01
9.166933e-07
4.270038e-01
7.694334e-01
9.594675e-01
9.594674e-01
7.694331e-01
4.270033e-01
3.701851e-07
-4.270026e-01
-7.694324e-01
-9.594666e-01
-9.594667e-01
-7.694326e-01
-4.270029e-01
-1.224647e-15
0.000000e+00
4.268857e-01
7.692215e-01
9.592034e-01
9.592033e-01
7.692212e-01
4.268852e-01
-6.877117e-07
-4.268866e-01
-7.692225e-01
-9.592047e-01
-9.592047e-01
-7.692227e-01
-4.268869e-01
-1.033536e-06
4.268848e-01
7.692207e-01
9.592028e-01
9.592029e-01
7.692209e-01
4.268851e-01
-6.942499e-07
-4.268865e-01
-7.692223e-01
-9.592043e-01
-9.592042e-01
-7.692221e-01
-4.268861e-01
-2.327641e-07
4.268857e-01
7.692216e-01
9.592038e-01
9.592038e-01
7.692218e-01
4.268861e-01
2.992623e-07
-4.268855e-01
-7.692212e-01
-9.592032e-01
-9.592031e-01
-7.692210e-01
-4.268850e-01
9.010204e-07
4.268868e-01
7.692227e-01
9.592048e-01
9.592048e-01
7.692228e-01
4.268869e-01
1.113895e-06
-4.268847e-01
-7.692206e-01
-9.592027e-01
-9.592027e-01
-7.692207e-01
-4.268848e-01
9.818889e-07
4.268868e-01
7.692226e-01
9.592046e-01
9.592045e-01
7.692223e-01
4.268863e-01
4.159850e-07
-4.268855e-01
-7.692215e-01
-9.592036e-01
-9.592037e-01
-7.692216e-01
-4.268858e-01
-1.224647e-15
0.000000e+00
4.268104e-01
7.690858e-01
9.590343e-01
9.590341e-01
7.690855e-01
4.268099e-01
-7.750237e-07
-4.268114e-01
-7.690870e-01
-9.590356e-01
-9.590356e-01
-7.690871e-01
-4.268116e-01
-1.041410e-06
4.268095e-01
7.690851e-01
9.590337e-01
9.590337e-01
7.690852e-01
4.268097e-01
-7.807232e-07
-4.268113e-01
-7.690867e-01
-9.590352e-01
-9.590351e-01
-7.690864e-01
-4.268109e-01
-2.288747e-07
4.268104e-01
7.690860e-01
9.590346e-01
9.590347e-01
7.690862e-01
4.268108e-01
2.944549e-07
-4.268102e-01
-7.690856e-01
-9.590340e-01
-9.590339e-01
-7.690852e-01
-4.268096e-01
1.002052e-06
4.268116e-01
7.690872e-01
9.590358e-01
9.590358e-01
7.690872e-01
4.268117e-01
1.143303e-06
-4.268094e-01
-7.690849e-01
-9.590335e-01
-9.590335e-01
-7.690849e-01
-4.268094e-01
1.080661e-06
4.268116e-01
7.690870e-01
9.590355e-01
9.590353e-01
7.690866e-01
4.268110e-01
3.810373e-07
-4.268103e-01
-7.690858e-01
-9.590345e-01
-9.590345e-01
-7.690860e-01
-4.268105e-01
-1.224647e-15
0.000000e+00
4.267620e-01
7.689986e-01
9.589255e-01
9.589253e-01
7.689982e-01
4.267614e-01
-8.433726e-07
-4.267631e-01
-7.689998e-01
-9.589269e-01
-9.589269e-01
-7.689999e-01
-4.267632e-01
-1.065431e-06
4.267611e-01
7.689978e-01
9.589249e-01
9.589249e-01
7.689979e-01
4.267613e-01
-8.106832e-07
-4.267629e-01
-7.689995e-01
-9.589264e-01
-9.589264e-01
-7.689993e-01
-4.267625e-01
-2.582196e-07
4.267620e-01
7.689987e-01
9.589258e-01
9.589259e-01
7.689990e-01
4.267624e-01
3.255180e-07
-4.267617e-01
-7.689983e-01
-9.589252e-01
-9.589251e-01
-7.689980e-01
-4.267612e-01
1.038882e-06
4.267633e-01
7.690000e-01
9.589270e-01
9.589270e-01
7.690000e-01
4.267633e-01
1.199057e-06
-4.267609e-01
-7.689976e-01
-9.589246e-01
-9.589246e-01
-7.689976e-01
-4.267610e-01
1.112884e-06
4.267632e-01
7.689998e-01
9.589267e-01
9.589266e-01
7.689994e-01
4.267626e-01
3.773770e-07
-4.267619e-01
-7.689986e-01
-9.589257e-01
-9.589257e-01
-7.689988e-01
-4.267621e-01
-1.224647e-15
0.000000e+00
4.267309e-01
7.689425e-01
9.588555e-01
9.588554e-01
7.689420e-01
4.267302e-01
-9.351598e-07
-4.267320e-01
-7.689438e-01
-9.588570e-01
-9.588570e-01
-7.689438e-01
-4.267321e-01
-1.054174e-06
4.267300e-01
7.689417e-01
9.588549e-01
9.588550e-01
7.689418e-01
4.267301e-01
-8.528909e-07
-4.267318e-01
-7.689435e-01
-9.588566e-01
-9.588565e-01
-7.689432e-01
-4.267314e-01
-2.521332e-07
4.267309e-01
7.689427e-01
9.588559e-01
9.588560e-01
7.689429e-01
4.267313e-01
3.249223e-07
-4.267306e-01
-7.689422e-01
-9.588553e-01
-9.588552e-01
-7.689419e-01
-4.267300e-01
1.079622e-06
4.267322e-01
7.689439e-01
9.588571e-01
9.588571e-01
7.689440e-01
4.267322e-01
1.214564e-06
-4.267298e-01
-7.689415e-01
-9.588546e-01
-9.588546e-01
-7.689415e-01
-4.267298e-01
1.153954e-06
4.267321e-01
7.689437e-01
9.588568e-01
9.588567e-01
7.689434e-01
4.267315e-01
3.537652e-07
-4.267308e-01
-7.689426e-01
-9.588558e-01
-9.588558e-01
-7.689427e-01
-4.267310e-01
-1.224647e-15
0.000000e+00
4.267109e-01
7.689064e-01
9.588105e-01
9.588104e-01
7.689060e-01
4.267102e-01
-9.245501e-07
-4.267120e-01
-7.689077e-01
-9.588120e-01
-9.588120e-01
-7.689078e-01
-4.267121e-01
-1.110863e-06
4.267099e-01
7.689056e-01
9.588099e-01
9.588099e-01
7.689057e-01
4.267101e-01
-8.140605e-07
-4.267118e-01
-7.689073e-01
-9.588115e-01
-9.588114e-01
-7.689071e-01
-4.267114e-01
-3.063344e-07
4.267108e-01
7.689065e-01
9.588109e-01
9.588110e-01
7.689068e-01
4.267113e-01
3.899522e-07
-4.267105e-01
-7.689061e-01
-9.588102e-01
-9.588101e-01
-7.689058e-01
-4.267100e-01
1.030198e-06
4.267121e-01
7.689078e-01
9.588121e-01
9.588121e-01
7.689079e-01
4.267123e-01
1.286668e-06
-4.267097e-01
-7.689053e-01
-9.588096e-01
-9.588096e-01
-7.689054e-01
-4.267098e-01
1.116897e-06
4.267120e-01
7.689076e-01
9.588118e-01
9.588117e-01
7.689073e-01
4.267115e-01
4.009541e-07
-4.267107e-01
-7.689064e-01
-9.588107e-01
-9.588108e-01
-7.689066e-01
-4.267110e-01
-1.224647e-15
0.000000e+00
4.266980e-01
7.688832e-01
9.587816e-01
9.587814e-01
7.688827e-01
4.266972e-01
-1.008412e-06
-4.266992e-01
-7.688846e-01
-9.587831e-01
-9.587831e-01
-7.688845e-01
-4.266992e-01
-1.050911e-06
4.266971e-01
7.688824e-01
9.587810e-01
9.587810e-01
7.688825e-01
4.266972e-01
-8.658711e-07
-4.266989e-01
-7.688842e-01
-9.587826e-01
-9.587825e-01
-7.688839e-01
-4.266985e-01
-2.482313e-07
4.266980e-01
7.688834e-01
9.587820e-01
9.587821e-01
7.688836e-01
4.266984e-01
3.499034e-07
-4.266977e-01
-7.688829e-01
-9.587813e-01
-9.587812e-01
-7.688826e-01
-4.266971e-01
1.066166e-06
4.266993e-01
7.688846e-01
9.587832e-01
9.587832e-01
7.688847e-01
4.266993e-01
1.243021e-06
-4.266969e-01
-7.688821e-01
-9.587807e-01
-9.587806e-01
-7.688821e-01
-4.266969e-01
1.176438e-06
4.266992e-01
7.688844e-01
9.587829e-01
9.587827e-01
7.688841e-01
4.266986e-01
3.301333e-07
-4.266979e-01
-7.688833e-01
-9.587818e-01
-9.587819e-01
-7.688834e-01
-4.266980e-01
-1.224647e-15
0.000000e+00
4.266897e-01
7.688682e-01
9.587629e-01
9.587628e-01
7.688678e-01
4.266889e-01
-1.004691e-06
-4.266909e-01
-7.688697e-01
-9.587645e-01
-9.587645e-01
-7.688696e-01
-4.266909e-01
-1.039427e-06
4.266888e-01
7.688676e-01
9.587625e-01
9.587625e-01
7.688677e-01
4.266890e-01
-8.228921e-07
-4.266906e-01
-7.688692e-01
-9.587640e-01
-9.587639e-01
-7.688690e-01
-4.266902e-01
-2.575494e-07
4.266897e-01
7.688685e-01
9.587634e-01
9.587635e-01
7.688688e-01
4.266902e-01
3.858605e-07
-4.266894e-01
-7.688680e-01
-9.587628e-01
-9.587627e-01
-7.688677e-01
-4.266889e-01
1.011684e-06
4.266909e-01
7.688697e-01
9.587646e-01
9.587646e-01
7.688698e-01
4.266911e-01
1.262191e-06
-4.266886e-01
-7.688673e-01
-9.587621e-01
-9.587621e-01
-7.688673e-01
-4.266886e-01
1.148353e-06
4.266909e-01
7.688695e-01
9.587643e-01
9.587641e-01
7.688692e-01
4.266903e-01
3.199344e-07
-4.266896e-01
-7.688684e-01
-9.587633e-01
-9.587634e-01
-7.688685e-01
-4.266898e-01
-1.224647e-15
0.000000e+00
4.266844e-01
7.688586e-01
9.587509e-01
9.587508e-01
7.688582e-01
4.266836e-01
-9.868919e-07
-4.266856e-01
-7.688600e-01
-9.587525e-01
-9.587525e-01
-7.688600e-01
-4.266855e-01
-9.962508e-07
4.266835e-01
7.688580e-01
9.587505e-01
9.587505e-01
7.688581e-01
4.266837e-01
-7.660233e-07
-4.266852e-01
-7.688596e-01
-9.587520e-01
-9.587519e-01
-7.688593e-01
-4.266848e-01
-2.486658e-07
4.266844e-01
7.688589e-01
9.587514e-01
9.587515e-01
7.688592e-01
4.266848e-01
4.123088e-07
-4.266840e-01
-7.688584e-01
-9.587508e-01
-9.587507e-01
-7.688581e-01
-4.266836e-01
9.567786e-07
4.266856e-01
7.688600e-01
9.587526e-01
9.587526e-01
7.688602e-01
4.266858e-01
1.255958e-06
-4.266833e-01
-7.688577e-01
-9.587501e-01
-9.587501e-01
-7.688577e-01
-4.266833e-01
1.113298e-06
4.266855e-01
7.688598e-01
9.587522e-01
9.587521e-01
7.688595e-01
4.266850e-01
2.990194e-07
-4.266843e-01
-7.688588e-01
-9.587514e-01
-9.587514e-01
-7.688590e-01
-4.266846e-01
-1.224647e-15
0.000000e+00
4.266809e-01
7.688524e-01
9.587432e-01
9.587431e-01
7.688520e-01
4.266802e-01
-9.739030e-07
-4.266821e-01
-7.688538e-01
-9.587447e-01
-9.587447e-01
-7.688537e-01
-4.266820e-01
-9.435881e-07
4.266802e-01
7.688519e-01
9.587428e-01
9.587429e-01
7.688520e-01
4.266803e-01
-6.986687e-07
-4.266817e-01
-7.688533e-01
-9.587442e-01
-9.587441e-01
-7.688531e-01
-4.266814e-01
-2.211603e-07
4.266809e-01
7.688527e-01
9.587437e-01
9.587438e-01
7.688530e-01
4.266814e-01
4.280714e-07
-4.266806e-01
-7.688522e-01
-9.587431e-01
-9.587430e-01
-7.688520e-01
-4.266803e-01
9.057775e-07
4.266821e-01
7.688538e-01
9.587448e-01
9.587449e-01
7.688539e-01
4.266823e-01
1.221289e-06
-4.266799e-01
-7.688515e-01
-9.587425e-01
-9.587425e-01
-7.688515e-01
-4.266799e-01
1.070371e-06
4.266820e-01
7.688536e-01
9.587444e-01
9.587443e-01
7.688532e-01
4.266815e-01
2.718012e-07
-4.266809e-01
-7.688527e-01
-9.587437e-01
-9.587437e-01
-7.688528e-01
-4.266811e-01
-1.224647e-15
0.000000e+00
4.266787e-01
7.688484e-01
9.587382e-01
9.587381e-01
7.688480e-01
4.266780e-01
-9.498109e-07
-4.266799e-01
-7.688498e-01
-9.587397e-01
-9.587397e-01
-7.688497e-01
-4.266798e-01
-9.022925e-07
4.266780e-01
7.688479e-01
9.587379e-01
9.587380e-01
7.688481e-01
4.266782e-01
-6.232749e-07
-4.266794e-01
-7.688493e-01
-9.587392e-01
-9.587391e-01
-7.688491e-01
-4.266791e-01
-1.823370e-07
4.266788e-01
7.688487e-01
9.587388e-01
9.587389e-01
7.688490e-01
4.266792e-01
4.401205e-07
-4.266784e-01
-7.688482e-01
-9.587381e-01
-9.587381e-01
-7.688480e-01
-4.266781e-01
8.534914e-07
4.266798e-01
7.688498e-01
9.587398e-01
9.587398e-01
7.688499e-01
4.266800e-01
1.165081e-06
-4.266777e-01
-7.688476e-01
-9.587376e-01
-9.587376e-01
-7.688476e-01
-4.266778e-01
1.012854e-06
4.266798e-01
7.688495e-01
9.587394e-01
9.587393e-01
7.688492e-01
4.266792e-01
2.288825e-07
-4.266788e-01
-7.688487e-01
-9.587388e-01
-9.587388e-01
-7.688488e-01
-4.266789e-01
-1.224647e-15
0.000000e+00
4.266773e-01
7.688459e-01
9.587351e-01
9.587349e-01
7.688455e-01
4.266766e-01
-9.188081e-07
-4.266784e-01
-7.688472e-01
-9.587365e-01
-9.587365e-01
-7.688471e-01
-4.266783e-01
-8.244666e-07
4.266767e-01
7.688455e-01
9.587348e-01
9.587349e-01
7.688456e-01
4.266768e-01
-5.836370e-07
-4.266780e-01
-7.688467e-01
-9.587359e-01
-9.587359e-01
-7.688464e-01
-4.266776e-01
-9.638177e-08
4.266774e-01
7.688463e-01
9.587357e-01
9.587357e-01
7.688465e-01
4.266778e-01
4.134420e-07
-4.266770e-01
-7.688457e-01
-9.587350e-01
-9.587349e-01
-7.688455e-01
-4.266767e-01
8.358715e-07
4.266784e-01
7.688472e-01
9.587366e-01
9.587366e-01
7.688473e-01
4.266785e-01
1.054248e-06
-4.266764e-01
-7.688452e-01
-9.587345e-01
-9.587345e-01
-7.688452e-01
-4.266764e-01
9.753834e-07
4.266783e-01
7.688470e-01
9.587361e-01
9.587360e-01
7.688466e-01
4.266777e-01
1.146776e-07
-4.266775e-01
-7.688463e-01
-9.587357e-01
-9.587356e-01
-7.688463e-01
-4.266775e-01
-1.224647e-15
0.000000e+00
4.266763e-01
7.688442e-01
9.587330e-01
9.587329e-01
7.688439e-01
4.266758e-01
-8.631555e-07
-4.266775e-01
-7.688455e-01
-9.587344e-01
-9.587344e-01
-7.688454e-01
-4.266773e-01
-7.370447e-07
4.266759e-01
7.688439e-01
9.587329e-01
9.587329e-01
7.688440e-01
4.266760e-01
-5.279935e-07
-4.266770e-01
-7.688450e-01
-9.587338e-01
-9.587338e-01
-7.688447e-01
-4.266766e-01
-1.469323e-08
4.266766e-01
7.688447e-01
9.587337e-01
9.587338e-01
7.688449e-01
4.266769e-01
4.003289e-07
-4.266761e-01
-7.688441e-01
-9.587330e-01
-9.587329e-01
-7.688439e-01
-4.266758e-01
8.014598e-07
4.266774e-01
7.688455e-01
9.587345e-01
9.587345e-01
7.688456e-01
4.266775e-01
9.442152e-07
-4.266756e-01
-7.688437e-01
-9.587326e-01
-9.587326e-01
-7.688436e-01
-4.266756e-01
9.037409e-07
4.266774e-01
7.688453e-01
9.587340e-01
9.587339e-01
7.688448e-01
4.266767e-01
-1.767139e-08
-4.266767e-01
-7.688448e-01
-9.587337e-01
-9.587337e-01
-7.688447e-01
-4.266766e-01
-1.224647e-15
0.000000e+00
4.266758e-01
7.688432e-01
9.587317e-01
9.587316e-01
7.688429e-01
4.266752e-01
-7.874689e-07
-4.266768e-01
-7.688444e-01
-9.587330e-01
-9.587330e-01
-7.688443e-01
-4.266767e-01
-6.655436e-07
4.266753e-01
7.688430e-01
9.587317e-01
9.587317e-01
7.688431e-01
4.266755e-01
-4.164738e-07
-4.266763e-01
-7.688438e-01
-9.587324e-01
-9.587324e-01
-7.688436e-01
-4.266760e-01
2.829654e-08
4.266761e-01
7.688437e-01
9.587324e-01
9.587325e-01
7.688439e-01
4.266764e-01
4.342133e-07
-4.266755e-01
-7.688430e-01
-9.587317e-01
-9.587316e-01
-7.688429e-01
-4.266753e-01
7.181131e-07
4.266767e-01
7.688444e-01
9.587331e-01
9.587331e-01
7.688444e-01
4.266769e-01
8.712903e-07
-4.266751e-01
-7.688427e-01
-9.587314e-01
-9.587314e-01
-7.688427e-01
-4.266752e-01
7.636568e-07
4.266767e-01
7.688441e-01
9.587326e-01
9.587325e-01
7.688437e-01
4.266760e-01
-1.104701e-07
-4.266762e-01
-7.688438e-01
-9.587324e-01
-9.587324e-01
-7.688437e-01
-4.266760e-01
-1.224647e-15
0.000000e+00
4.266754e-01
7.688425e-01
9.587309e-01
9.587308e-01
7.688422e-01
4.266749e-01
-7.015586e-07
-4.266763e-01
-7.688436e-01
-9.587321e-01
-9.587321e-01
-7.688435e-01
-4.266762e-01
-6.093524e-07
4.266750e-01
7.688423e-01
9.587309e-01
9.587310e-01
7.688425e-01
4.266753e-01
-2.659020e-07
-4.266758e-01
-7.688430e-01
-9.587315e-01
-9.587314e-01
-7.688429e-01
-4.266756e-01
5.018534e-08
4.266757e-01
7.688430e-01
9.587316e-01
9.587317e-01
7.688432e-01
4.266760e-01
4.939225e-07
-4.266751e-01
-7.688423e-01
-9.587308e-01
-9.587308e-01
-7.688423e-01
-4.266750e-01
6.087732e-07
4.266763e-01
7.688436e-01
9.587321e-01
9.587322e-01
7.688437e-01
4.266764e-01
8.156929e-07
-4.266748e-01
-7.688421e-01
-9.587307e-01
-9.587307e-01
-7.688422e-01
-4.266750e-01
5.801099e-07
4.266761e-01
7.688433e-01
9.587317e-01
9.587315e-01
7.688429e-01
4.266755e-01
-1.597292e-07
-4.266758e-01
-7.688431e-01
-9.587316e-01
-9.587316e-01
-7.688430e-01
-4.266757e-01
-1.224647e-15
0.000000e+00
4.266752e-01
7.688421e-01
9.587304e-01
9.587303e-01
7.688419e-01
4.266748e-01
-6.096413e-07
-4.266760e-01
-7.688430e-01
-9.587314e-01
-9.587314e-01
-7.688430e-01
-4.266759e-01
-5.464911e-07
4.266748e-01
7.688420e-01
9.587304e-01
9.587305e-01
7.688422e-01
4.266752e-01
-1.295205e-07
-4.266754e-01
-7.688425e-01
-9.587308e-01
-9.587308e-01
-7.688424e-01
-4.266753e-01
9.509159e-08
4.266755e-01
7.688426e-01
9.587311e-01
9.587312e-01
7.688428e-01
4.266758e-01
5.310234e-07
-4.266748e-01
-7.688419e-01
-9.587303e-01
-9.587303e-01
-7.688419e-01
-4.266748e-01
5.235254e-07
4.266759e-01
7.688430e-01
9.587315e-01
9.587315e-01
7.688431e-01
4.266761e-01
7.288319e-07
-4.266747e-01
-7.688418e-01
-9.587302e-01
-9.587303e-01
-7.688419e-01
-4.266749e-01
4.108095e-07
4.266757e-01
7.688427e-01
9.587310e-01
9.587309e-01
7.688424e-01
4.266752e-01
-2.087392e-07
-4.266756e-01
-7.688427e-01
-9.587311e-01
-9.587311e-01
-7.688426e-01
-4.266755e-01
-1.224647e-15
0.000000e+00
4.266751e-01
7.688418e-01
9.587300e-01
9.587300e-01
7.688416e-01
4.266747e-01
-5.131182e-07
-4.266757e-01
-7.688426e-01
-9.587310e-01
-9.587310e-01
-7.688426e-01
-4.266757e-01
-4.607972e-07
4.266748e-01
7.688418e-01
9.587302e-01
9.587302e-01
7.688420e-01
4.266751e-01
-3.630711e-08
-4.266752e-01
-7.688421e-01
-9.587304e-01
-9.587303e-01
-7.688420e-01
-4.266750e-01
1.784248e-07
4.266754e-01
7.688424e-01
9.587308e-01
9.587308e-01
7.688426e-01
4.266757e-01
5.278263e-07
-4.266746e-01
-7.688416e-01
-9.587299e-01
-9.587299e-01
-7.688416e-01
-4.266747e-01
4.806808e-07
4.266757e-01
7.688426e-01
9.587310e-01
9.587310e-01
7.688427e-01
4.266758e-01
5.926882e-07
-4.266746e-01
-7.688416e-01
-9.587300e-01
-9.587301e-01
-7.688418e-01
-4.266749e-01
2.849758e-07
4.266754e-01
7.688423e-01
9.587305e-01
9.587304e-01
7.688420e-01
4.266750e-01
-2.889652e-07
-4.266755e-01
-7.688425e-01
-9.587308e-01
-9.587308e-01
-7.688424e-01
-4.266753e-01
-1.224647e-15
0.000000e+00
4.266750e-01
7.688417e-01
9.587299e-01
9.587298e-01
7.688415e-01
4.266747e-01
-4.130025e-07
-4.266755e-01
-7.688423e-01
-9.587306e-01
-9.587306e-01
-7.688423e-01
-4.266755e-01
-3.617551e-07
4.266748e-01
7.688417e-01
9.587300e-01
9.587301e-01
7.688419e-01
4.266751e-01
3.910686e-08
-4.266750e-01
-7.688418e-01
-9.587300e-01
-9.587300e-01
-7.688417e-01
-4.266748e-01
2.674494e-07
4.266754e-01
7.688422e-01
9.587306e-01
9.587306e-01
7.688424e-01
4.266756e-01
5.175325e-07
-4.266745e-01
-7.688414e-01
-9.587297e-01
-9.587297e-01
-7.688414e-01
-4.266746e-01
4.460337e-07
4.266755e-01
7.688424e-01
9.587306e-01
9.587306e-01
7.688424e-01
4.266755e-01
4.420713e-07
-4.266747e-01
-7.688416e-01
-9.587299e-01
-9.587299e-01
-7.688417e-01
-4.266749e-01
1.778797e-07
4.266752e-01
7.688420e-01
9.587302e-01
9.587301e-01
7.688417e-01
4.266748e-01
-3.815828e-07
-4.266755e-01
-7.688424e-01
-9.587306e-01
-9.587306e-01
-7.688422e-01
-4.266752e-01
-1.224647e-15
0.000000e+00
4.266749e-01
7.688416e-01
9.587298e-01
9.587297e-01
7.688415e-01
4.266747e-01
-3.137865e-07
-4.266753e-01
-7.688421e-01
-9.587304e-01
-9.587303e-01
-7.688421e-01
-4.266753e-01
-2.638457e-07
4.266748e-01
7.688416e-01
9.587300e-01
9.587300e-01
7.688419e-01
4.266751e-01
1.316217e-07
-4.266748e-01
-7.688416e-01
-9.587298e-01
-9.587298e-01
-7.688415e-01
-4.266747e-01
3.307558e-07
4.266754e-01
7.688422e-01
9.587304e-01
9.587305e-01
7.688423e-01
4.266755e-01
5.323126e-07
-4.266745e-01
-7.688413e-01
-9.587295e-01
-9.587295e-01
-7.688413e-01
-4.266746e-01
3.851127e-07
4.266754e-01
7.688421e-01
9.587304e-01
9.587304e-01
7.688421e-01
4.266753e-01
3.140832e-07
-4.266747e-01
-7.688415e-01
-9.587298e-01
-9.587299e-01
-7.688417e-01
-4.266749e-01
5.893047e-08
4.266750e-01
7.688418e-01
9.587300e-01
9.587299e-01
7.688415e-01
4.266746e-01
-4.538126e-07
-4.266755e-01
-7.688423e-01
-9.587305e-01
-9.587305e-01
-7.688421e-01
-4.266752e-01
-1.224647e-15
0.000000e+00
4.266749e-01
7.688416e-01
9.587298e-01
9.587297e-01
7.688415e-01
4.266747e-01
-2.236307e-07
-4.266752e-01
-7.688419e-01
-9.587302e-01
-9.587302e-01
-7.688419e-01
-4.266752e-01
-1.663343e-07
4.266748e-01
7.688417e-01
9.587300e-01
9.587301e-01
7.688419e-01
4.266752e-01
2.396294e-07
-4.266747e-01
-7.688414e-01
-9.587296e-01
-9.587296e-01
-7.688414e-01
-4.266746e-01
3.779615e-07
4.266754e-01
7.688421e-01
9.587304e-01
9.587304e-01
7.688422e-01
4.266755e-01
5.603477e-07
-4.266744e-01
-7.688412e-01
-9.587294e-01
-9.587295e-01
-7.688413e-01
-4.266746e-01
3.074490e-07
4.266752e-01
7.688420e-01
9.587302e-01
9.587302e-01
7.688419e-01
4.266752e-01
2.045479e-07
-4.266748e-01
-7.688416e-01
-9.587298e-01
-9.587299e-01
-7.688417e-01
-4.266750e-01
-6.503790e-08
4.266749e-01
7.688416e-01
9.587298e-01
9.587297e-01
7.688414e-01
4.266745e-01
-5.024118e-07
-4.266755e-01
-7.688423e-01
-9.587305e-01
-9.587304e-01
-7.688420e-01
-4.266751e-01
-1.224647e-15
0.000000e+00
4.266749e-01
7.688416e-01
9.587298e-01
9.587298e-01
7.688415e-01
4.266748e-01
-1.480398e-07
-4.266751e-01
-7.688418e-01
-9.587300e-01
-9.587300e-01
-7.688418e-01
-4.266750e-01
-5.919550e-08
4.266749e-01
7.688418e-01
9.587301e-01
9.587301e-01
7.688420e-01
4.266753e-01
3.333133e-07
-4.266746e-01
-7.688413e-01
-9.587295e-01
-9.587295e-01
-7.688413e-01
-4.266745e-01
4.404209e-07
4.266754e-01
7.688422e-01
9.587304e-01
9.587304e-01
7.688423e-01
4.266755e-01
5.646029e-07
-4.266744e-01
-7.688412e-01
-9.587294e-01
-9.587295e-01
-7.688413e-01
-4.266746e-01
2.493606e-07
4.266751e-01
7.688419e-01
9.587300e-01
9.587300e-01
7.688418e-01
4.266750e-01
8.407480e-08
-4.266749e-01
-7.688417e-01
-9.587299e-01
-9.587300e-01
-7.688418e-01
-4.266751e-01
-1.640082e-07
4.266748e-01
7.688415e-01
9.587297e-01
9.587296e-01
7.688413e-01
4.266745e-01
-5.484857e-07
-4.266755e-01
-7.688423e-01
-9.587304e-01
-9.587303e-01
-7.688420e-01
-4.266751e-01
-1.224647e-15
0.000000e+00
4.266749e-01
7.688417e-01
9.587299e-01
9.587298e-01
7.688416e-01
4.266749e-01
-8.301285e-08
-4.266750e-01
-7.688417e-01
-9.587299e-01
-9.587299e-01
-7.688417e-01
-4.266749e-01
5.932099e-08
4.266751e-01
7.688419e-01
9.587301e-01
9.587302e-01
7.688420e-01
4.266753e-01
3.943053e-07
-4.266745e-01
-7.688413e-01
-9.587294e-01
-9.587294e-01
-7.688412e-01
-4.266744e-01
5.270707e-07
4.266755e-01
7.688422e-01
9.587305e-01
9.587305e-01
7.688422e-01
4.266755e-01
5.301334e-07
-4.266744e-01
-7.688412e-01
-9.587295e-01
-9.587295e-01
-7.688413e-01
-4.266747e-01
2.272943e-07
4.266751e-01
7.688418e-01
9.587299e-01
9.587299e-01
7.688417e-01
4.266749e-01
-5.798826e-08
-4.266750e-01
-7.688418e-01
-9.587300e-01
-9.587300e-01
-7.688418e-01
-4.266751e-01
-2.260812e-07
4.266747e-01
7.688414e-01
9.587296e-01
9.587295e-01
7.688412e-01
4.266744e-01
-6.039169e-07
-4.266756e-01
-7.688423e-01
-9.587304e-01
-9.587303e-01
-7.688420e-01
-4.266751e-01
-1.224647e-15
0.000000e+00
4.266750e-01
7.688417e-01
9.587300e-01
9.587299e-01
7.688417e-01
4.266749e-01
-1.456559e-08
-4.266749e-01
-7.688416e-01
-9.587298e-01
-9.587298e-01
-7.688415e-01
-4.266748e-01
1.760176e-07
4.266752e-01
7.688419e-01
9.587302e-01
9.587303e-01
7.688421e-01
4.266754e-01
4.360408e-07
-4.266745e-01
-7.688412e-01
-9.587294e-01
-9.587293e-01
-7.688411e-01
-4.266743e-01
6.106412e-07
4.266755e-01
7.688423e-01
9.587305e-01
9.587304e-01
7.688422e-01
4.266754e-01
4.817923e-07
-4.266745e-01
-7.688412e-01
-9.587295e-01
-9.587295e-01
-7.688413e-01
-4.266746e-01
2.191393e-07
4.266751e-01
7.688417e-01
9.587298e-01
9.587298e-01
7.688415e-01
4.266747e-01
-1.975767e-07
-4.266751e-01
-7.688418e-01
-9.587300e-01
-9.587301e-01
-7.688419e-01
-4.266752e-01
-2.716976e-07
4.266746e-01
7.688413e-01
9.587295e-01
9.587294e-01
7.688411e-01
4.266743e-01
-6.569769e-07
-4.266756e-01
-7.688423e-01
-9.587304e-01
-9.587303e-01
-7.688420e-01
-4.266751e-01
-1.224647e-15
0.000000e+00
4.266750e-01
7.688418e-01
9.587300e-01
9.587300e-01
7.688418e-01
4.266750e-01
7.409598e-08
-4.266748e-01
-7.688415e-01
-9.587297e-01
-9.587297e-01
-7.688414e-01
-4.266747e-01
2.729559e-07
4.266752e-01
7.688420e-01
9.587303e-01
9.587303e-01
7.688421e-01
4.266754e-01
4.870890e-07
-4.266744e-01
-7.688411e-01
-9.587293e-01
-9.587292e-01
-7.688410e-01
-4.266743e-01
6.554149e-07
4.266756e-01
7.688423e-01
9.587304e-01
9.587304e-01
7.688422e-01
4.266754e-01
4.573188e-07
-4.266745e-01
-7.688412e-01
-9.587295e-01
-9.587295e-01
-7.688413e-01
-4.266747e-01
1.889949e-07
4.266750e-01
7.688416e-01
9.587297e-01
9.587296e-01
7.688414e-01
4.266746e-01
-3.013696e-07
-4.266752e-01
-7.688419e-01
-9.587301e-01
-9.587301e-01
-7.688419e-01
-4.266752e-01
-3.285329e-07
4.266745e-01
7.688412e-01
9.587294e-01
9.587293e-01
7.688410e-01
4.266743e-01
-6.905607e-07
-4.266756e-01
-7.688423e-01
-9.587304e-01
-9.587303e-01
-7.688420e-01
-4.266751e-01
-1.224647e-15
0.000000e+00
4.266750e-01
7.688418e-01
9.587301e-01
9.587301e-01
7.688419e-01
4.266751e-01
1.918981e-07
-4.266747e-01
-7.688414e-01
-9.587296e-01
-9.587295e-01
-7.688413e-01
-4.266746e-01
3.425820e-07
4.266753e-01
7.688420e-01
9.587303e-01
9.587303e-01
7.688422e-01
4.266755e-01
5.617069e-07
-4.266743e-01
-7.688410e-01
-9.587292e-01
-9.587292e-01
-7.688410e-01
-4.266742e-01
6.514163e-07
4.266755e-01
7.688422e-01
9.587304e-01
9.587304e-01
7.688421e-01
4.266754e-01
4.700446e-07
-4.266745e-01
-7.688412e-01
-9.587294e-01
-9.587295e-01
-7.688413e-01
-4.266747e-01
1.226805e-07
4.266749e-01
7.688415e-01
9.587296e-01
9.587296e-01
7.688413e-01
4.266746e-01
-3.599421e-07
-4.266753e-01
-7.688419e-01
-9.587301e-01
-9.587301e-01
-7.688419e-01
-4.266753e-01
-4.007363e-07
4.266745e-01
7.688411e-01
9.587293e-01
9.587292e-01
7.688410e-01
4.266742e-01
-7.051217e-07
-4.266756e-01
-7.688423e-01
-9.587304e-01
-9.587303e-01
-7.688420e-01
-4.266751e-01
-1.224647e-15
0.000000e+00
4.266750e-01
7.688419e-01
9.587301e-01
9.587302e-01
7.688420e-01
4.266752e-01
3.321831e-07
-4.266746e-01
-7.688413e-01
-9.587294e-01
-9.587294e-01
-7.688412e-01
-4.266745e-01
3.940787e-07
4.266753e-01
7.688421e-01
9.587303e-01
9.587304e-01
7.688422e-01
4.266755e-01
6.475265e-07
-4.266743e-01
-7.688410e-01
-9.587291e-01
-9.587291e-01
-7.688410e-01
-4.266743e-01
6.208252e-07
4.266755e-01
7.688422e-01
9.587304e-01
9.587304e-01
7.688422e-01
4.266754e-01
4.983899e-07
-4.266744e-01
-7.688412e-01
-9.587295e-01
-9.587295e-01
-7.688414e-01
-4.266748e-01
3.833856e-08
4.266748e-01
7.688415e-01
9.587296e-01
9.587295e-01
7.688413e-01
4.266745e-01
-3.940488e-07
-4.266753e-01
-7.688420e-01
-9.587302e-01
-9.587302e-01
-7.688420e-01
-4.266753e-01
-4.654924e-07
4.266744e-01
7.688411e-01
9.587292e-01
9.587292e-01
7.688410e-01
4.266742e-01
-7.184001e-07
-4.266756e-01
-7.688423e-01
-9.587305e-01
-9.587303e-01
-7.688420e-01
-4.266751e-01
-1.224647e-15
0.000000e+00
4.266750e-01
7.688419e-01
9.587302e-01
9.587302e-01
7.688421e-01
4.266754e-01
4.734560e-07
-4.266744e-01
-7.688411e-01
-9.587293e-01
-9.587293e-01
-7.688411e-01
-4.266744e-01
4.472736e-07
4.266754e-01
7.688421e-01
9.587304e-01
9.587305e-01
7.688423e-01
4.266756e-01
7.168749e-07
-4.266742e-01
-7.688409e-01
-9.587291e-01
-9.587291e-01
-7.688410e-01
-4.266743e-01
5.961689e-07
4.266755e-01
7.688422e-01
9.587304e-01
9.587304e-01
7.688422e-01
4.266755e-01
5.064148e-07
-4.266745e-01
-7.688412e-01
-9.587295e-01
-9.587296e-01
-7.688415e-01
-4.266749e-01
-3.192420e-08
4.266748e-01
7.688414e-01
9.587295e-01
9.587295e-01
7.688412e-01
4.266745e-01
-4.329393e-07
-4.266753e-01
-7.688421e-01
-9.587302e-01
-9.587302e-01
-7.688421e-01
-4.266754e-01
-4.957033e-07
4.266744e-01
7.688410e-01
9.587292e-01
9.587292e-01
7.688410e-01
4.266742e-01
-7.448104e-07
-4.266757e-01
-7.688424e-01
-9.587305e-01
-9.587304e-01
-7.688420e-01
-4.266751e-01
-1.224647e-15
0.000000e+00
4.266751e-01
7.688419e-01
9.587302e-01
9.587303e-01
7.688422e-01
4.266755e-01
5.899942e-07
-4.266743e-01
-7.688411e-01
-9.587293e-01
-9.587293e-01
-7.688411e-01
-4.266744e-01
5.191779e-07
4.266754e-01
7.688422e-01
9.587305e-01
9.587305e-01
7.688424e-01
4.266757e-01
7.480088e-07
-4.266742e-01
-7.688409e-01
-9.587291e-01
-9.587291e-01
-7.688410e-01
-4.266743e-01
5.938772e-07
4.266755e-01
7.688422e-01
9.587304e-01
9.587304e-01
7.688422e-01
4.266754e-01
4.728641e-07
-4.266745e-01
-7.688413e-01
-9.587296e-01
-9.587297e-01
-7.688415e-01
-4.266749e-01
-6.831910e-08
4.266748e-01
7.688414e-01
9.587295e-01
9.587295e-01
7.688412e-01
4.266745e-01
-4.886286e-07
-4.266754e-01
-7.688421e-01
-9.587303e-01
-9.587303e-01
-7.688421e-01
-4.266754e-01
-4.835521e-07
4.266744e-01
7.688411e-01
9.587292e-01
9.587292e-01
7.688409e-01
4.266742e-01
-7.781844e-07
-4.266757e-01
-7.688424e-01
-9.587305e-01
-9.587304e-01
-7.688420e-01
-4.266751e-01
-1.224647e-15
0.000000e+00
4.266751e-01
7.688419e-01
9.587303e-01
9.587304e-01
7.688423e-01
4.266756e-01
6.673083e-07
-4.266743e-01
-7.688410e-01
-9.587292e-01
-9.587292e-01
-7.688410e-01
-4.266743e-01
6.114679e-07
4.266755e-01
7.688423e-01
9.587305e-01
9.587306e-01
7.688424e-01
4.266757e-01
7.399457e-07
-4.266742e-01
-7.688409e-01
-9.587291e-01
-9.587292e-01
-7.688410e-01
-4.266743e-01
6.037245e-07
4.266755e-01
7.688422e-01
9.587304e-01
9.587304e-01
7.688421e-01
4.266754e-01
4.056407e-07
-4.266746e-01
-7.688414e-01
-9.587296e-01
-9.587297e-01
-7.688416e-01
-4.266749e-01
-7.674468e-08
4.266748e-01
7.688414e-01
9.587295e-01
9.587295e-01
7.688412e-01
4.266744e-01
-5.472696e-07
-4.266755e-01
-7.688422e-01
-9.587303e-01
-9.587303e-01
-7.688421e-01
-4.266753e-01
-4.450176e-07
4.266744e-01
7.688411e-01
9.587292e-01
9.587292e-01
7.688409e-01
4.266742e-01
-7.944076e-07
-4.266757e-01
-7.688424e-01
-9.587305e-01
-9.587304e-01
-7.688420e-01
-4.266751e-01
-1.224647e-15
0.000000e+00
4.266751e-01
7.688419e-01
9.587303e-01
9.587305e-01
7.688423e-01
4.266757e-01
7.121353e-07
-4.266742e-01
-7.688410e-01
-9.587292e-01
-9.587291e-01
-7.688409e-01
-4.266742e-01
7.070192e-07
4.266756e-01
7.688423e-01
9.587306e-01
9.587306e-01
7.688424e-01
4.266756e-01
7.124755e-07
-4.266742e-01
-7.688409e-01
-9.587291e-01
-9.587291e-01
-7.688410e-01
-4.266743e-01
5.980308e-07
4.266755e-01
7.688422e-01
9.587303e-01
9.587303e-01
7.688421e-01
4.266753e-01
3.343109e-07
-4.266746e-01
-7.688414e-01
-9.587297e-01
-9.587297e-01
-7.688416e-01
-4.266749e-01
-8.293956e-08
4.266748e-01
7.688414e-01
9.587295e-01
9.587294e-01
7.688411e-01
4.266744e-01
-5.807271e-07
-4.266755e-01
-7.688422e-01
-9.587303e-01
-9.587303e-01
-7.688420e-01
-4.266753e-01
-4.057452e-07
4.266745e-01
7.688411e-01
9.587292e-01
9.587292e-01
7.688409e-01
4.266742e-01
-7.696741e-07
-4.266757e-01
-7.688424e-01
-9.587305e-01
-9.587303e-01
-7.688420e-01
-4.266751e-01
-1.224647e-15
0.000000e+00
4.266751e-01
7.688420e-01
9.587303e-01
9.587305e-01
7.688424e-01
4.266757e-01
7.478590e-07
-4.266742e-01
-7.688409e-01
-9.587291e-01
-9.587291e-01
-7.688408e-01
-4.266741e-01
7.799708e-07
4.266757e-01
7.688424e-01
9.587306e-01
9.587306e-01
7.688424e-01
4.266756e-01
6.918358e-07
-4.266742e-01
-7.688409e-01
-9.587291e-01
-9.587291e-01
-7.688410e-01
-4.266743e-01
5.519916e-07
4.266754e-01
7.688421e-01
9.587302e-01
9.587302e-01
7.688420e-01
4.266752e-01
2.879626e-07
-4.266747e-01
-7.688414e-01
-9.587297e-01
-9.587298e-01
-7.688416e-01
-4.266750e-01
-1.135566e-07
4.266747e-01
7.688414e-01
9.587295e-01
9.587294e-01
7.688411e-01
4.266744e-01
-5.675159e-07
-4.266755e-01
-7.688422e-01
-9.587303e-01
-9.587303e-01
-7.688420e-01
-4.266753e-01
-3.822023e-07
4.266745e-01
7.688411e-01
9.587293e-01
9.587292e-01
7.688409e-01
4.266742e-01
-6.977905e-07
-4.266756e-01
-7.688423e-01
-9.587304e-01
-9.587303e-01
-7.688420e-01
-4.266751e-01
-1.224647e-15
0.000000e+00
4.266751e-01
7.688420e-01
9.587303e-01
9.587305e-01
7.688424e-01
4.266757e-01
7.963104e-07
-4.266741e-01
-7.688408e-01
-9.587290e-01
-9.587290e-01
-7.688408e-01
-4.266741e-01
8.150549e-07
4.266757e-01
7.688424e-01
9.587306e-01
9.587305e-01
7.688423e-01
4.266756e-01
6.903937e-07
-4.266742e-01
-7.688409e-01
-9.587291e-01
-9.587292e-01
-7.688410e-01
-4.266744e-01
4.624081e-07
4.266753e-01
7.688420e-01
9.587302e-01
9.587301e-01
7.688419e-01
4.266752e-01
2.729307e-07
-4.266747e-01
-7.688414e-01
-9.587297e-01
-9.587298e-01
-7.688417e-01
-4.266750e-01
-1.759706e-07
4.266747e-01
7.688413e-01
9.587295e-01
9.587294e-01
7.688412e-01
4.266744e-01
-5.090496e-07
-4.266754e-01
-7.688421e-01
-9.587303e-01
-9.587302e-01
-7.688420e-01
-4.266753e-01
-3.713074e-07
4.266745e-01
7.688412e-01
9.587293e-01
9.587293e-01
7.688410e-01
4.266743e-01
-5.939246e-07
-4.266755e-01
-7.688422e-01
-9.587303e-01
-9.587303e-01
-7.688420e-01
-4.266751e-01
-1.224647e-15
0.000000e+00
4.266751e-01
7.688420e-01
9.587303e-01
9.587305e-01
7.688424e-01
4.266757e-01
8.597415e-07
-4.266740e-01
-7.688408e-01
-9.587290e-01
-9.587289e-01
-7.688407e-01
-4.266741e-01
8.218498e-07
4.266757e-01
7.688424e-01
9.587306e-01
9.587306e-01
7.688423e-01
4.266756e-01
6.947103e-07
-4.266742e-01
-7.688410e-01
-9.587292e-01
-9.587292e-01
-7.688411e-01
-4.266745e-01
3.527134e-07
4.266752e-01
7.688419e-01
9.587301e-01
9.587301e-01
7.688419e-01
4.266752e-01
2.655310e-07
-4.266747e-01
-7.688415e-01
-9.587298e-01
-9.587298e-01
-7.688417e-01
-4.266751e-01
-2.500164e-07
4.266746e-01
7.688413e-01
9.587294e-01
9.587294e-01
7.688412e-01
4.266745e-01
-4.308151e-07
-4.266753e-01
-7.688420e-01
-9.587302e-01
-9.587302e-01
-7.688420e-01
-4.266753e-01
-3.534322e-07
4.266745e-01
7.688412e-01
9.587294e-01
9.587293e-01
7.688411e-01
4.266744e-01
-4.844023e-07
-4.266754e-01
-7.688421e-01
-9.587303e-01
-9.587302e-01
-7.688420e-01
-4.266751e-01
-1.224647e-15
0.000000e+00
4.266751e-01
7.688420e-01
9.587303e-01
9.587305e-01
7.688424e-01
4.266758e-01
9.197962e-07
-4.266740e-01
-7.688407e-01
-9.587289e-01
-9.587289e-01
-7.688407e-01
-4.266741e-01
8.289211e-07
4.266757e-01
7.688424e-01
9.587306e-01
9.587306e-01
7.688424e-01
4.266756e-01
6.743195e-07
-4.266743e-01
-7.688410e-01
-9.587293e-01
-9.587293e-01
-7.688412e-01
-4.266746e-01
2.578801e-07
4.266751e-01
7.688418e-01
9.587300e-01
9.587301e-01
7.688419e-01
4.266752e-01
2.278684e-07
-4.266747e-01
-7.688415e-01
-9.587298e-01
-9.587299e-01
-7.688418e-01
-4.266752e-01
-3.004439e-07
4.266746e-01
7.688413e-01
9.587295e-01
9.587295e-01
7.688413e-01
4.266746e-01
-3.657880e-07
-4.266753e-01
-7.688420e-01
-9.587302e-01
-9.587302e-01
-7.688419e-01
-4.266752e-01
-3.058276e-07
4.266746e-01
7.688413e-01
9.587295e-01
9.587295e-01
7.688412e-01
4.266745e-01
-3.911874e-07
-4.266753e-01
-7.688420e-01
-9.587302e-01
-9.587302e-01
-7.688419e-01
-4.266751e-01
-1.224647e-15
0.000000e+00
4.266751e-01
7.688420e-01
9.587304e-01
9.587305e-01
7.688424e-01
4.266758e-01
9.563182e-07
-4.266740e-01
-7.688407e-01
-9.587289e-01
-9.587289e-01
-7.688408e-01
-4.266740e-01
8.583883e-07
4.266758e-01
7.688425e-01
9.587306e-01
9.587306e-01
7.688424e-01
4.266756e-01
6.082365e-07
-4.266744e-01
-7.688411e-01
-9.587294e-01
-9.587294e-01
-7.688413e-01
-4.266747e-01
1.965869e-07
4.266751e-01
7.688418e-01
9.587300e-01
9.587300e-01
7.688418e-01
4.266751e-01
1.384949e-07
-4.266748e-01
-7.688416e-01
-9.587299e-01
-9.587300e-01
-7.688419e-01
-4.266752e-01
-3.048457e-07
4.266746e-01
7.688413e-01
9.587295e-01
9.587295e-01
7.688413e-01
4.266746e-01
-3.293725e-07
-4.266752e-01
-7.688420e-01
-9.587301e-01
-9.587301e-01
-7.688419e-01
-4.266752e-01
-2.182401e-07
4.266747e-01
7.688414e-01
9.587296e-01
9.587296e-01
7.688413e-01
4.266746e-01
-3.208646e-07
-4.266752e-01
-7.688419e-01
-9.587301e-01
-9.587301e-01
-7.688419e-01
-4.266750e-01
-1.224647e-15
0.000000e+00
4.266751e-01
7.688420e-01
9.587304e-01
9.587305e-01
7.688425e-01
4.266759e-01
9.678717e-07
-4.266740e-01
-7.688407e-01
-9.587290e-01
-9.587290e-01
-7.688407e-01
-4.266740e-01
9.030879e-07
4.266758e-01
7.688425e-01
9.587307e-01
9.587306e-01
7.688423e-01
4.266755e-01
5.065800e-07
-4.266745e-01
-7.688413e-01
-9.587295e-01
-9.587295e-01
-7.688414e-01
-4.266747e-01
1.532563e-07
4.266750e-01
7.688417e-01
9.587299e-01
9.587299e-01
7.688417e-01
4.266750e-01
1.296093e-08
-4.266750e-01
-7.688418e-01
-9.587300e-01
-9.587301e-01
-7.688419e-01
-4.266752e-01
-2.746978e-07
4.266746e-01
7.688414e-01
9.587296e-01
9.587296e-01
7.688413e-01
4.266746e-01
-3.059451e-07
-4.266752e-01
-7.688419e-01
-9.587301e-01
-9.587300e-01
-7.688418e-01
-4.266750e-01
-9.998895e-08
4.266748e-01
7.688415e-01
9.587297e-01
9.587297e-01
7.688414e-01
4.266747e-01
-2.635723e-07
-4.266752e-01
-7.688419e-01
-9.587301e-01
-9.587300e-01
-7.688418e-01
-4.266750e-01
-1.224647e-15
0.000000e+00
4.266752e-01
7.688421e-01
9.587305e-01
9.587306e-01
7.688425e-01
4.266759e-01
9.709197e-07
-4.266740e-01
-7.688407e-01
-9.587290e-01
-9.587290e-01
-7.688407e-01
-4.266740e-01
9.320208e-07
4.266759e-01
7.688425e-01
9.587307e-01
9.587306e-01
7.688423e-01
4.266754e-01
4.029046e-07
-4.266746e-01
-7.688414e-01
-9.587296e-01
-9.587297e-01
-7.688415e-01
-4.266748e-01
9.095088e-08
4.266750e-01
7.688417e-01
9.587299e-01
9.587298e-01
7.688416e-01
4.266749e-01
-1.085683e-07
-4.266751e-01
-7.688418e-01
-9.587301e-01
-9.587301e-01
-7.688419e-01
-4.266752e-01
-2.463520e-07
4.266747e-01
7.688414e-01
9.587296e-01
9.587296e-01
7.688414e-01
4.266747e-01
-2.631280e-07
-4.266752e-01
-7.688419e-01
-9.587300e-01
-9.587300e-01
-7.688417e-01
-4.266749e-01
2.830551e-08
4.266750e-01
7.688417e-01
9.587298e-01
9.587298e-01
7.688415e-01
4.266748e-01
-2.013224e-07
-4.266751e-01
-7.688418e-01
-9.587300e-01
-9.587300e-01
-7.688417e-01
-4.266750e-01
-1.224647e-15
0.000000e+00
4.266752e-01
7.688421e-01
9.587306e-01
9.587307e-01
7.688426e-01
4.266759e-01
9.773188e-07
-4.266740e-01
-7.688408e-01
-9.587290e-01
-9.587290e-01
-7.688408e-01
-4.266740e-01
9.226994e-07
4.266759e-01
7.688426e-01
9.587307e-01
9.587306e-01
7.688423e-01
4.266754e-01
3.203282e-07
-4.266747e-01
-7.688415e-01
-9.587298e-01
-9.587298e-01
-7.688416e-01
-4.266749e-01
-1.169034e-08
4.266749e-01
7.688416e-01
9.587298e-01
9.587298e-01
7.688415e-01
4.266748e-01
-1.998794e-07
-4.266752e-01
-7.688419e-01
-9.587302e-01
-9.587302e-01
-7.688420e-01
-4.266752e-01
-2.456165e-07
4.266747e-01
7.688415e-01
9.587297e-01
9.587297e-01
7.688415e-01
4.266747e-01
-1.849879e-07
-4.266751e-01
-7.688418e-01
-9.587299e-01
-9.587299e-01
-7.688416e-01
-4.266748e-01
1.524880e-07
4.266751e-01
7.688418e-01
9.587300e-01
9.587299e-01
7.688417e-01
4.266749e-01
-1.199548e-07
-4.266751e-01
-7.688418e-01
-9.587300e-01
-9.587299e-01
-7.688417e-01
-4.266750e-01
-1.224647e-15
0.000000e+00
4.266752e-01
7.688422e-01
9.587307e-01
9.587308e-01
7.688427e-01
4.266760e-01
9.784255e-07
-4.266740e-01
-7.688408e-01
-9.587291e-01
-9.587291e-01
-7.688409e-01
-4.266741e-01
8.851297e-07
4.266759e-01
7.688426e-01
9.587308e-01
9.587307e-01
7.688423e-01
4.266754e-01
2.477316e-07
-4.266749e-01
-7.688417e-01
-9.587300e-01
-9.587300e-01
-7.688418e-01
-4.266751e-01
-1.372596e-07
4.266748e-01
7.688416e-01
9.587298e-01
9.587298e-01
7.688415e-01
4.266747e-01
-2.742089e-07
-4.266753e-01
-7.688421e-01
-9.587303e-01
-9.587303e-01
-7.688421e-01
-4.266753e-01
-2.622208e-07
4.266748e-01
7.688416e-01
9.587298e-01
9.587298e-01
7.688416e-01
4.266749e-01
-8.989764e-08
-4.266750e-01
-7.688417e-01
-9.587299e-01
-9.587299e-01
-7.688416e-01
-4.266747e-01
2.743821e-07
4.266753e-01
7.688420e-01
9.587302e-01
9.587301e-01
7.688418e-01
4.266750e-01
-1.666794e-08
-4.266750e-01
-7.688418e-01
-9.587300e-01
-9.587300e-01
-7.688417e-01
-4.266750e-01
-1.224647e-15
0.000000e+00
4.266753e-01
7.688424e-01
9.587308e-01
9.587310e-01
7.688428e-01
4.266760e-01
9.595567e-07
-4.266741e-01
-7.688409e-01
-9.587292e-01
-9.587293e-01
-7.688410e-01
-4.266742e-01
8.458338e-07
4.266759e-01
7.688427e-01
9.587309e-01
9.587308e-01
7.688424e-01
4.266754e-01
1.575390e-07
-4.266750e-01
-7.688420e-01
-9.587303e-01
-9.587303e-01
-7.688421e-01
-4.266753e-01
-2.504987e-07
4.266748e-01
7.688416e-01
9.587299e-01
9.587298e-01
7.688416e-01
4.266747e-01
-3.646232e-07
-4.266754e-01
-7.688423e-01
-9.587306e-01
-9.587305e-01
-7.688422e-01
-4.266754e-01
-2.663375e-07
4.266748e-01
7.688417e-01
9.587300e-01
9.587300e-01
7.688418e-01
4.266750e-01
-8.359835e-09
-4.266750e-01
-7.688418e-01
-9.587300e-01
-9.587299e-01
-7.688416e-01
-4.266747e-01
4.016181e-07
4.266755e-01
7.688423e-01
9.587305e-01
9.587304e-01
7.688421e-01
4.266752e-01
1.018712e-07
-4.266750e-01
-7.688418e-01
-9.587301e-01
-9.587301e-01
-7.688418e-01
-4.266750e-01
-1.224647e-15
0.000000e+00
4.266754e-01
7.688425e-01
9.587311e-01
9.587312e-01
7.688429e-01
4.266761e-01
9.276554e-07
-4.266742e-01
-7.688412e-01
-9.587295e-01
-9.587295e-01
-7.688412e-01
-4.266743e-01
8.083591e-07
4.266760e-01
7.688428e-01
9.587311e-01
9.587310e-01
7.688425e-01
4.266754e-01
4.758763e-08
-4.266753e-01
-7.688423e-01
-9.587307e-01
-9.587307e-01
-7.688424e-01
-4.266755e-01
-3.433971e-07
4.266748e-01
7.688417e-01
9.587300e-01
9.587300e-01
7.688417e-01
4.266747e-01
-4.785262e-07
-4.266757e-01
-7.688426e-01
-9.587309e-01
-9.587308e-01
-7.688425e-01
-4.266755e-01
-2.509767e-07
4.266750e-01
7.688419e-01
9.587303e-01
9.587303e-01
7.688420e-01
4.266752e-01
5.755075e-08
-4.266750e-01
-7.688419e-01
-9.587301e-01
-9.587300e-01
-7.688416e-01
-4.266747e-01
5.299717e-07
4.266757e-01
7.688426e-01
9.587309e-01
9.587308e-01
7.688424e-01
4.266754e-01
2.275884e-07
-4.266750e-01
-7.688419e-01
-9.587302e-01
-9.587302e-01
-7.688420e-01
-4.266751e-01
-1.224647e-15
0.000000e+00
4.266756e-01
7.688428e-01
9.587314e-01
9.587315e-01
7.688432e-01
4.266762e-01
9.095428e-07
-4.266744e-01
-7.688415e-01
-9.587299e-01
-9.587299e-01
-7.688416e-01
-4.266746e-01
7.432501e-07
4.266760e-01
7.688431e-01
9.587314e-01
9.587313e-01
7.688427e-01
4.266755e-01
-4.742006e-08
-4.266755e-01
-7.688427e-01
-9.587311e-01
-9.587312e-01
-7.688428e-01
-4.266758e-01
-4.480258e-07
4.266749e-01
7.688419e-01
9.587303e-01
9.587302e-01
7.688418e-01
4.266748e-01
-5.833273e-07
-4.266759e-01
-7.688429e-01
-9.587313e-01
-9.587312e-01
-7.688428e-01
-4.266757e-01
-2.461099e-07
4.266752e-01
7.688423e-01
9.587307e-01
9.587307e-01
7.688424e-01
4.266754e-01
1.410168e-07
-4.266751e-01
-7.688421e-01
-9.587304e-01
-9.587303e-01
-7.688418e-01
-4.266747e-01
6.432254e-07
4.266760e-01
7.688430e-01
9.587314e-01
9.587313e-01
7.688429e-01
4.266757e-01
3.555536e-07
-4.266750e-01
-7.688421e-01
-9.587305e-01
-9.587306e-01
-7.688422e-01
-4.266752e-01
-1.224647e-15
0.000000e+00
4.266758e-01
7.688432e-01
9.587319e-01
9.587320e-01
7.688436e-01
4.266765e-01
9.112397e-07
-4.266747e-01
-7.688419e-01
-9.587305e-01
-9.587305e-01
-7.688421e-01
-4.266749e-01
6.306934e-07
4.266762e-01
7.688434e-01
9.587318e-01
9.587317e-01
7.688431e-01
4.266757e-01
-9.930382e-08
-4.266758e-01
-7.688432e-01
-9.587318e-01
-9.587318e-01
-7.688434e-01
-4.266762e-01
-5.922720e-07
4.266750e-01
7.688422e-01
9.587307e-01
9.587307e-01
7.688422e-01
4.266749e-01
-6.493042e-07
-4.266762e-01
-7.688434e-01
-9.587319e-01
-9.587318e-01
-7.688433e-01
-4.266759e-01
-2.783338e-07
4.266754e-01
7.688427e-01
9.587313e-01
9.587313e-01
7.688429e-01
4.266758e-01
2.648176e-07
-4.266752e-01
-7.688424e-01
-9.587308e-01
-9.587307e-01
-7.688422e-01
-4.266749e-01
7.368215e-07
4.266763e-01
7.688436e-01
9.587320e-01
9.587320e-01
7.688434e-01
4.266761e-01
4.808620e-07
-4.266752e-01
-7.688425e-01
-9.587310e-01
-9.587311e-01
-7.688426e-01
-4.266755e-01
-1.224647e-15
0.000000e+00
4.266761e-01
7.688439e-01
9.587327e-01
9.587329e-01
7.688443e-01
4.266768e-01
8.945579e-07
-4.266751e-01
-7.688427e-01
-9.587314e-01
-9.587314e-01
-7.688428e-01
-4.266754e-01
5.012216e-07
4.266764e-01
7.688439e-01
9.587326e-01
9.587325e-01
7.688437e-01
4.266760e-01
-1.299519e-07
-4.266763e-01
-7.688440e-01
-9.587327e-01
-9.587328e-01
-7.688442e-01
-4.266767e-01
-7.541507e-07
4.266752e-01
7.688427e-01
9.587314e-01
9.587314e-01
7.688428e-01
4.266753e-01
-6.948602e-07
-4.266766e-01
-7.688442e-01
-9.587328e-01
-9.587327e-01
-7.688440e-01
-4.266764e-01
-3.280543e-07
4.266757e-01
7.688434e-01
9.587321e-01
9.587322e-01
7.688437e-01
4.266762e-01
4.004345e-07
-4.266755e-01
-7.688429e-01
-9.587315e-01
-9.587315e-01
-7.688427e-01
-4.266752e-01
8.317672e-07
4.266768e-01
7.688444e-01
9.587330e-01
9.587330e-01
7.688442e-01
4.266766e-01
5.971441e-07
-4.266754e-01
-7.688431e-01
-9.587318e-01
-9.587319e-01
-7.688433e-01
-4.266758e-01
-1.224647e-15
0.000000e+00
4.266767e-01
7.688449e-01
9.587340e-01
9.587341e-01
7.688453e-01
4.266774e-01
8.222846e-07
-4.266757e-01
-7.688438e-01
-9.587328e-01
-9.587328e-01
-7.688440e-01
-4.266760e-01
4.062514e-07
4.266769e-01
7.688449e-01
9.587338e-01
9.587337e-01
7.688447e-01
4.266765e-01
-1.850219e-07
-4.266769e-01
-7.688451e-01
-9.587341e-01
-9.587342e-01
-7.688454e-01
-4.266774e-01
-8.862136e-07
4.266757e-01
7.688437e-01
9.587326e-01
9.587327e-01
7.688438e-01
4.266758e-01
-7.627161e-07
-4.266773e-01
-7.688453e-01
-9.587342e-01
-9.587341e-01
-7.688451e-01
-4.266770e-01
-3.532433e-07
4.266763e-01
7.688444e-01
9.587335e-01
9.587336e-01
7.688448e-01
4.266769e-01
4.987978e-07
-4.266759e-01
-7.688439e-01
-9.587327e-01
-9.587327e-01
-7.688437e-01
-4.266756e-01
9.464062e-07
4.266775e-01
7.688455e-01
9.587344e-01
9.587344e-01
7.688454e-01
4.266773e-01
7.013028e-07
-4.266759e-01
-7.688441e-01
-9.587331e-01
-9.587332e-01
-7.688443e-01
-4.266764e-01
-1.224647e-15
0.000000e+00
4.266776e-01
7.688465e-01
9.587360e-01
9.587361e-01
7.688469e-01
4.266782e-01
7.070587e-07
-4.266768e-01
-7.688455e-01
-9.587349e-01
-9.587349e-01
-7.688456e-01
-4.266770e-01
3.634668e-07
4.266777e-01
7.688464e-01
9.587357e-01
9.587357e-01
7.688462e-01
4.266773e-01
-2.802947e-07
-4.266779e-01
-7.688468e-01
-9.587362e-01
-9.587363e-01
-7.688471e-01
-4.266784e-01
-9.686416e-07
4.266765e-01
7.688452e-01
9.587346e-01
9.587346e-01
7.688453e-01
4.266766e-01
-8.678637e-07
-4.266783e-01
-7.688470e-01
-9.587363e-01
-9.587362e-01
-7.688468e-01
-4.266779e-01
-3.393282e-07
4.266772e-01
7.688461e-01
9.587355e-01
9.587357e-01
7.688465e-01
4.266779e-01
5.448937e-07
-4.266768e-01
-7.688454e-01
-9.587347e-01
-9.587346e-01
-7.688452e-01
-4.266764e-01
1.072632e-06
4.266785e-01
7.688473e-01
9.587366e-01
9.587365e-01
7.688471e-01
4.266783e-01
7.897961e-07
-4.266768e-01
-7.688456e-01
-9.587351e-01
-9.587352e-01
-7.688459e-01
-4.266773e-01
-1.224647e-15
0.000000e+00
4.266790e-01
7.688490e-01
9.587391e-01
9.587392e-01
7.688493e-01
4.266795e-01
6.057012e-07
-4.266783e-01
-7.688482e-01
-9.587381e-01
-9.587381e-01
-7.688482e-01
-4.266784e-01
3.374752e-07
4.266791e-01
7.688489e-01
9.587388e-01
9.587387e-01
7.688487e-01
4.266786e-01
-3.801314e-07
-4.266794e-01
-7.688494e-01
-9.587395e-01
-9.587396e-01
-7.688497e-01
-4.266799e-01
-1.031699e-06
4.266778e-01
7.688477e-01
9.587376e-01
9.587377e-01
7.688477e-01
4.266779e-01
-9.758881e-07
-4.266798e-01
-7.688496e-01
-9.587395e-01
-9.587394e-01
-7.688493e-01
-4.266793e-01
-3.190379e-07
4.266787e-01
7.688487e-01
9.587388e-01
9.587389e-01
7.688490e-01
4.266793e-01
5.752508e-07
-4.266782e-01
-7.688479e-01
-9.587377e-01
-9.587377e-01
-7.688476e-01
-4.266777e-01
1.180075e-06
4.266800e-01
7.688499e-01
9.587398e-01
9.587398e-01
7.688498e-01
4.266798e-01
8.589595e-07
-4.266781e-01
-7.688481e-01
-9.587382e-01
-9.587383e-01
-7.688485e-01
-4.266787e-01
-1.224647e-15
0.000000e+00
4.266812e-01
7.688530e-01
9.587441e-01
9.587442e-01
7.688533e-01
4.266817e-01
5.649434e-07
-4.266805e-01
-7.688522e-01
-9.587432e-01
-9.587432e-01
-7.688523e-01
-4.266807e-01
2.770221e-07
4.266813e-01
7.688528e-01
9.587437e-01
9.587436e-01
7.688526e-01
4.266808e-01
-4.314946e-07
-4.266817e-01
-7.688535e-01
-9.587445e-01
-9.587446e-01
-7.688538e-01
-4.266822e-01
-1.123337e-06
4.266799e-01
7.688516e-01
9.587425e-01
9.587425e-01
7.688516e-01
4.266800e-01
-1.035475e-06
-4.266821e-01
-7.688537e-01
-9.587445e-01
-9.587444e-01
-7.688533e-01
-4.266816e-01
-3.401092e-07
4.266809e-01
7.688527e-01
9.587437e-01
9.587439e-01
7.688531e-01
4.266816e-01
6.391211e-07
-4.266803e-01
-7.688518e-01
-9.587427e-01
-9.587426e-01
-7.688516e-01
-4.266799e-01
1.242425e-06
4.266823e-01
7.688540e-01
9.587449e-01
9.587448e-01
7.688538e-01
4.266821e-01
9.182684e-07
-4.266803e-01
-7.688521e-01
-9.587431e-01
-9.587433e-01
-7.688525e-01
-4.266809e-01
-1.224647e-15
0.000000e+00
4.266847e-01
7.688592e-01
9.587518e-01
9.587519e-01
7.688594e-01
4.266850e-01
5.279698e-07
-4.266840e-01
-7.688585e-01
-9.587510e-01
-9.587510e-01
-7.688585e-01
-4.266842e-01
2.202924e-07
4.266846e-01
7.688590e-01
9.587514e-01
9.587513e-01
7.688587e-01
4.266842e-01
-4.689950e-07
-4.266851e-01
-7.688597e-01
-9.587523e-01
-9.587524e-01
-7.688600e-01
-4.266857e-01
-1.205405e-06
4.266833e-01
7.688577e-01
9.587502e-01
9.587502e-01
7.688578e-01
4.266834e-01
-1.081700e-06
-4.266855e-01
-7.688599e-01
-9.587523e-01
-9.587522e-01
-7.688596e-01
-4.266850e-01
-3.636494e-07
4.266843e-01
7.688589e-01
9.587515e-01
9.587516e-01
7.688593e-01
4.266851e-01
6.936024e-07
-4.266837e-01
-7.688580e-01
-9.587503e-01
-9.587502e-01
-7.688577e-01
-4.266832e-01
1.312081e-06
4.266858e-01
7.688602e-01
9.587527e-01
9.587526e-01
7.688601e-01
4.266856e-01
9.579887e-07
-4.266837e-01
-7.688582e-01
-9.587508e-01
-9.587510e-01
-7.688587e-01
-4.266844e-01
-1.224647e-15
0.000000e+00
4.266900e-01
7.688688e-01
9.587637e-01
9.587638e-01
7.688690e-01
4.266903e-01
4.911816e-07
-4.266894e-01
-7.688682e-01
-9.587630e-01
-9.587631e-01
-7.688682e-01
-4.266896e-01
1.632847e-07
4.266899e-01
7.688685e-01
9.587633e-01
9.587632e-01
7.688683e-01
4.266895e-01
-4.873586e-07
-4.266905e-01
-7.688693e-01
-9.587643e-01
-9.587644e-01
-7.688697e-01
-4.266911e-01
-1.281336e-06
4.266885e-01
7.688672e-01
9.587621e-01
9.587622e-01
7.688673e-01
4.266887e-01
-1.107589e-06
-4.266909e-01
-7.688695e-01
-9.587643e-01
-9.587642e-01
-7.688692e-01
-4.266904e-01
-3.937803e-07
4.266896e-01
7.688685e-01
9.587635e-01
9.587637e-01
7.688690e-01
4.266904e-01
7.369018e-07
-4.266890e-01
-7.688675e-01
-9.587623e-01
-9.587622e-01
-7.688673e-01
-4.266885e-01
1.373951e-06
4.266912e-01
7.688699e-01
9.587647e-01
9.587647e-01
7.688697e-01
4.266910e-01
1.010257e-06
-4.266890e-01
-7.688678e-01
-9.587628e-01
-9.587630e-01
-7.688683e-01
-4.266897e-01
-1.224647e-15
0.000000e+00
4.266982e-01
7.688836e-01
9.587822e-01
9.587823e-01
7.688838e-01
4.266986e-01
4.665394e-07
-4.266977e-01
-7.688831e-01
-9.587817e-01
-9.587817e-01
-7.688832e-01
-4.266979e-01
1.009765e-07
4.266981e-01
7.688834e-01
9.587818e-01
9.587818e-01
7.688832e-01
4.266977e-01
-4.870027e-07
-4.266987e-01
-7.688842e-01
-9.587829e-01
-9.587830e-01
-7.688846e-01
-4.266994e-01
-1.349684e-06
4.266967e-01
7.688821e-01
9.587806e-01
9.587807e-01
7.688822e-01
4.266970e-01
-1.110035e-06
-4.266992e-01
-7.688844e-01
-9.587829e-01
-9.587828e-01
-7.688842e-01
-4.266987e-01
-4.314990e-07
4.266979e-01
7.688833e-01
9.587821e-01
9.587822e-01
7.688839e-01
4.266987e-01
7.683175e-07
-4.266972e-01
-7.688824e-01
-9.587808e-01
-9.587807e-01
-7.688821e-01
-4.266967e-01
1.403312e-06
4.266995e-01
7.688848e-01
9.587833e-01
9.587833e-01
7.688847e-01
4.266993e-01
1.052093e-06
-4.266972e-01
-7.688827e-01
-9.587814e-01
-9.587816e-01
-7.688832e-01
-4.266980e-01
-1.224647e-15
0.000000e+00
4.267111e-01
7.689068e-01
9.588111e-01
9.588112e-01
7.689069e-01
4.267114e-01
3.797287e-07
-4.267106e-01
-7.689063e-01
-9.588106e-01
-9.588106e-01
-7.689064e-01
-4.267108e-01
1.069961e-07
4.267110e-01
7.689066e-01
9.588107e-01
9.588106e-01
7.689063e-01
4.267105e-01
-5.520634e-07
-4.267117e-01
-7.689074e-01
-9.588118e-01
-9.588119e-01
-7.689078e-01
-4.267122e-01
-1.324952e-06
4.267096e-01
7.689053e-01
9.588095e-01
9.588096e-01
7.689054e-01
4.267098e-01
-1.168966e-06
-4.267121e-01
-7.689077e-01
-9.588118e-01
-9.588117e-01
-7.689073e-01
-4.267115e-01
-3.945702e-07
4.267108e-01
7.689066e-01
9.588110e-01
9.588111e-01
7.689070e-01
4.267115e-01
7.097544e-07
-4.267101e-01
-7.689056e-01
-9.588097e-01
-9.588096e-01
-7.689053e-01
-4.267096e-01
1.470825e-06
4.267125e-01
7.689081e-01
9.588123e-01
9.588122e-01
7.689079e-01
4.267121e-01
9.951993e-07
-4.267101e-01
-7.689059e-01
-9.588104e-01
-9.588105e-01
-7.689064e-01
-4.267109e-01
-1.224647e-15
0.000000e+00
4.267311e-01
7.689429e-01
9.588561e-01
9.588562e-01
7.689431e-01
4.267314e-01
3.874662e-07
-4.267307e-01
-7.689424e-01
-9.588557e-01
-9.588557e-01
-7.689426e-01
-4.267310e-01
5.993127e-09
4.267310e-01
7.689426e-01
9.588557e-01
9.588557e-01
7.689424e-01
4.267306e-01
-5.140159e-07
-4.267317e-01
-7.689435e-01
-9.588568e-01
-9.588570e-01
-7.689439e-01
-4.267323e-01
-1.373429e-06
4.267296e-01
7.689413e-01
9.588546e-01
9.588546e-01
7.689415e-01
4.267299e-01
-1.112161e-06
-4.267321e-01
-7.689437e-01
-9.588569e-01
-9.588568e-01
-7.689435e-01
-4.267316e-01
-4.523564e-07
4.267307e-01
7.689426e-01
9.588560e-01
9.588562e-01
7.689432e-01
4.267316e-01
7.363355e-07
-4.267301e-01
-7.689417e-01
-9.588548e-01
-9.588547e-01
-7.689414e-01
-4.267296e-01
1.415912e-06
4.267325e-01
7.689442e-01
9.588573e-01
9.588572e-01
7.689440e-01
4.267322e-01
1.011381e-06
-4.267302e-01
-7.689420e-01
-9.588554e-01
-9.588555e-01
-7.689425e-01
-4.267309e-01
-1.224647e-15
0.000000e+00
4.267623e-01
7.689990e-01
9.589260e-01
9.589261e-01
7.689991e-01
4.267624e-01
2.939462e-07
-4.267619e-01
-7.689986e-01
-9.589257e-01
-9.589257e-01
-7.689987e-01
-4.267621e-01
-1.803990e-08
4.267621e-01
7.689987e-01
9.589257e-01
9.589256e-01
7.689985e-01
4.267617e-01
-5.520148e-07
-4.267628e-01
-7.689996e-01
-9.589267e-01
-9.589269e-01
-7.690000e-01
-4.267634e-01
-1.313199e-06
4.267608e-01
7.689975e-01
9.589245e-01
9.589246e-01
7.689976e-01
4.267610e-01
-1.116427e-06
-4.267632e-01
-7.689998e-01
-9.589268e-01
-9.589267e-01
-7.689995e-01
-4.267627e-01
-4.252476e-07
4.267619e-01
7.689987e-01
9.589259e-01
9.589261e-01
7.689992e-01
4.267627e-01
6.712288e-07
-4.267613e-01
-7.689979e-01
-9.589247e-01
-9.589246e-01
-7.689975e-01
-4.267608e-01
1.430583e-06
4.267636e-01
7.690002e-01
9.589272e-01
9.589271e-01
7.690000e-01
4.267632e-01
9.240572e-07
-4.267613e-01
-7.689981e-01
-9.589253e-01
-9.589254e-01
-7.689986e-01
-4.267620e-01
-1.224647e-15
0.000000e+00
4.268106e-01
7.690862e-01
9.590348e-01
9.590348e-01
7.690863e-01
4.268108e-01
2.279538e-07
-4.268103e-01
-7.690859e-01
-9.590345e-01
-9.590345e-01
-7.690860e-01
-4.268106e-01
-7.337538e-08
4.268105e-01
7.690859e-01
9.590344e-01
9.590344e-01
7.690857e-01
4.268101e-01
-5.435775e-07
-4.268112e-01
-7.690868e-01
-9.590355e-01
-9.590356e-01
-7.690871e-01
-4.268117e-01
-1.264184e-06
4.268093e-01
7.690847e-01
9.590333e-01
9.590334e-01
7.690849e-01
4.268095e-01
-1.058918e-06
-4.268116e-01
-7.690870e-01
-9.590355e-01
-9.590354e-01
-7.690868e-01
-4.268111e-01
-4.342047e-07
4.268103e-01
7.690859e-01
9.590346e-01
9.590348e-01
7.690864e-01
4.268110e-01
6.353841e-07
-4.268098e-01
-7.690851e-01
-9.590336e-01
-9.590334e-01
-7.690848e-01
-4.268092e-01
1.391417e-06
4.268120e-01
7.690874e-01
9.590359e-01
9.590358e-01
7.690872e-01
4.268115e-01
8.727104e-07
-4.268098e-01
-7.690854e-01
-9.590341e-01
-9.590342e-01
-7.690858e-01
-4.268104e-01
-1.224647e-15
0.000000e+00
4.268859e-01
7.692218e-01
9.592039e-01
9.592040e-01
7.692219e-01
4.268860e-01
1.451868e-07
-4.268857e-01
-7.692215e-01
-9.592037e-01
-9.592037e-01
-7.692217e-01
-4.268859e-01
-8.081632e-08
4.268857e-01
7.692216e-01
9.592036e-01
9.592035e-01
7.692214e-01
4.268854e-01
-5.559912e-07
-4.268865e-01
-7.692224e-01
-9.592046e-01
-9.592047e-01
-7.692227e-01
-4.268869e-01
-1.157244e-06
4.268846e-01
7.692205e-01
9.592026e-01
9.592026e-01
7.692206e-01
4.268848e-01
-1.009140e-06
-4.268868e-01
-7.692226e-01
-9.592046e-01
-9.592045e-01
-7.692223e-01
-4.268864e-01
-4.090217e-07
4.268856e-01
7.692215e-01
9.592038e-01
9.592039e-01
7.692220e-01
4.268862e-01
5.596647e-07
-4.268851e-01
-7.692208e-01
-9.592027e-01
-9.592026e-01
-7.692204e-01
-4.268845e-01
1.354016e-06
4.268872e-01
7.692230e-01
9.592050e-01
9.592049e-01
7.692227e-01
4.268867e-01
7.981147e-07
-4.268852e-01
-7.692211e-01
-9.592033e-01
-9.592034e-01
-7.692214e-01
-4.268857e-01
-1.224647e-15
0.000000e+00
4.270029e-01
7.694327e-01
9.594669e-01
9.594670e-01
7.694328e-01
4.270030e-01
1.289844e-07
-4.270027e-01
-7.694325e-01
-9.594667e-01
-9.594667e-01
-7.694326e-01
-4.270030e-01
-1.145769e-07
4.270027e-01
7.694324e-01
9.594666e-01
9.594665e-01
7.694323e-01
4.270025e-01
-5.138946e-07
-4.270035e-01
-7.694333e-01
-9.594675e-01
-9.594676e-01
-7.694335e-01
-4.270039e-01
-1.066910e-06
4.270018e-01
7.694315e-01
9.594657e-01
9.594657e-01
7.694316e-01
4.270019e-01
-8.967115e-07
-4.270037e-01
-7.694334e-01
-9.594675e-01
-9.594675e-01
-7.694332e-01
-4.270034e-01
-4.201932e-07
4.270026e-01
7.694324e-01
9.594667e-01
9.594668e-01
7.694328e-01
4.270032e-01
5.190654e-07
-4.270022e-01
-7.694318e-01
-9.594658e-01
-9.594657e-01
-7.694314e-01
-4.270017e-01
1.237845e-06
4.270041e-01
7.694338e-01
9.594679e-01
9.594678e-01
7.694335e-01
4.270037e-01
7.568793e-07
-4.270022e-01
-7.694321e-01
-9.594663e-01
-9.594664e-01
-7.694324e-01
-4.270028e-01
-1.224647e-15
0.000000e+00
4.271849e-01
7.697607e-01
9.598759e-01
9.598759e-01
7.697607e-01
4.271850e-01
1.019259e-07
-4.271848e-01
-7.697605e-01
-9.598757e-01
-9.598757e-01
-7.697606e-01
-4.271850e-01
-1.168627e-07
4.271848e-01
7.697604e-01
9.598756e-01
9.598755e-01
7.697603e-01
4.271845e-01
-4.801852e-07
-4.271855e-01
-7.697612e-01
-9.598764e-01
-9.598765e-01
-7.697614e-01
-4.271858e-01
-9.312088e-07
4.271839e-01
7.697596e-01
9.598748e-01
9.598748e-01
7.697597e-01
4.271841e-01
-7.912269e-07
-4.271857e-01
-7.697613e-01
-9.598764e-01
-9.598764e-01
-7.697612e-01
-4.271854e-01
-3.986102e-07
4.271846e-01
7.697604e-01
9.598757e-01
9.598758e-01
7.697608e-01
4.271852e-01
4.506804e-07
-4.271843e-01
-7.697599e-01
-9.598749e-01
-9.598748e-01
-7.697595e-01
-4.271838e-01
1.113836e-06
4.271860e-01
7.697616e-01
9.598767e-01
9.598767e-01
7.697614e-01
4.271856e-01
6.621048e-07
-4.271843e-01
-7.697601e-01
-9.598753e-01
-9.598754e-01
-7.697603e-01
-4.271848e-01
-1.224647e-15
0.000000e+00
4.274680e-01
7.702707e-01
9.605118e-01
9.605118e-01
7.702707e-01
4.274680e-01
5.830192e-08
-4.274679e-01
-7.702706e-01
-9.605117e-01
-9.605117e-01
-7.702706e-01
-4.274680e-01
-9.554501e-08
4.274678e-01
7.702704e-01
9.605115e-01
9.605115e-01
7.702703e-01
4.274676e-01
-4.476538e-07
-4.274684e-01
-7.702711e-01
-9.605123e-01
-9.605123e-01
-7.702712e-01
-4.274686e-01
-7.613066e-07
4.274671e-01
7.702698e-01
9.605109e-01
9.605109e-01
7.702698e-01
4.274672e-01
-6.915390e-07
-4.274686e-01
-7.702712e-01
-9.605123e-01
-9.605122e-01
-7.702711e-01
-4.274683e-01
-3.462670e-07
4.274677e-01
7.702704e-01
9.605116e-01
9.605117e-01
7.702707e-01
4.274682e-01
3.611327e-07
-4.274674e-01
-7.702699e-01
-9.605109e-01
-9.605108e-01
-7.702696e-01
-4.274669e-01
9.858890e-07
4.274689e-01
7.702715e-01
9.605125e-01
9.605125e-01
7.702713e-01
4.274685e-01
5.315258e-07
-4.274674e-01
-7.702701e-01
-9.605113e-01
-9.605114e-01
-7.702704e-01
-4.274678e-01
-1.224647e-15
0.000000e+00
4.279080e-01
7.710636e-01
9.615005e-01
9.615005e-01
7.710636e-01
4.279081e-01
6.605400e-08
-4.279080e-01
-7.710636e-01
-9.615005e-01
-9.615005e-01
-7.710636e-01
-4.279080e-01
-1.103719e-07
4.279078e-01
7.710634e-01
9.615003e-01
9.615003e-01
7.710633e-01
4.279077e-01
-3.517534e-07
-4.279084e-01
-7.710640e-01
-9.615010e-01
-9.615010e-01
-7.710641e-01
-4.279086e-01
-6.295139e-07
4.279073e-01
7.710629e-01
9.614999e-01
9.614999e-01
7.710629e-01
4.279074e-01
-5.362032e-07
-4.279085e-01
-7.710640e-01
-9.615010e-01
-9.615010e-01
-7.710640e-01
-4.279084e-01
-3.262150e-07
4.279077e-01
7.710634e-01
9.615004e-01
9.615005e-01
7.710636e-01
4.279082e-01
3.153368e-07
-4.279076e-01
-7.710630e-01
-9.614999e-01
-9.614998e-01
-7.710628e-01
-4.279072e-01
7.931294e-07
4.279088e-01
7.710643e-01
9.615012e-01
9.615012e-01
7.710641e-01
4.279085e-01
4.562653e-07
-4.279076e-01
-7.710632e-01
-9.615002e-01
-9.615003e-01
-7.710634e-01
-4.279079e-01
-1.224647e-15
0.000000e+00
4.285923e-01
7.722966e-01
9.630382e-01
9.630382e-01
7.722967e-01
4.285924e-01
7.410875e-08
-4.285923e-01
-7.722966e-01
-9.630382e-01
-9.630382e-01
-7.722967e-01
-4.285924e-01
-1.053563e-07
4.285922e-01
7.722965e-01
9.630380e-01
9.630380e-01
7.722965e-01
4.285921e-01
-2.487593e-07
-4.285926e-01
-7.722970e-01
-9.630385e-01
-9.630385e-01
-7.722971e-01
-4.285928e-01
-4.898351e-07
4.285918e-01
7.722961e-01
9.630376e-01
9.630377e-01
7.722962e-01
4.285919e-01
-3.811221e-07
-4.285927e-01
-7.722970e-01
-9.630385e-01
-9.630385e-01
-7.722970e-01
-4.285926e-01
-2.853897e-07
4.285921e-01
7.722965e-01
9.630380e-01
9.630381e-01
7.722967e-01
4.285925e-01
2.605238e-07
-4.285919e-01
-7.722962e-01
-9.630377e-01
-9.630376e-01
-7.722961e-01
-4.285917e-01
5.892458e-07
4.285929e-01
7.722972e-01
9.630387e-01
9.630386e-01
7.722971e-01
4.285927e-01
3.810026e-07
-4.285920e-01
-7.722963e-01
-9.630379e-01
-9.630380e-01
-7.722965e-01
-4.285922e-01
-1.224647e-15
0.000000e+00
4.296564e-01
7.742140e-01
9.654291e-01
9.654291e-01
7.742141e-01
4.296564e-01
5.226995e-08
-4.296563e-01
-7.742140e-01
-9.654291e-01
-9.654291e-01
-7.742140e-01
-4.296564e-01
-6.635406e-08
4.296563e-01
7.742139e-01
9.654290e-01
9.654290e-01
7.742139e-01
4.296562e-01
-1.652277e-07
-4.296566e-01
-7.742143e-01
-9.654293e-01
-9.654294e-01
-7.742143e-01
-4.296567e-01
-3.251959e-07
4.296560e-01
7.742137e-01
9.654288e-01
9.654288e-01
7.742137e-01
4.296561e-01
-2.504512e-07
-4.296566e-01
-7.742143e-01
-9.654293e-01
-9.654293e-01
-7.742143e-01
-4.296566e-01
-2.042743e-07
4.296562e-01
7.742139e-01
9.654290e-01
9.654291e-01
7.742141e-01
4.296565e-01
1.769468e-07
-4.296561e-01
-7.742137e-01
-9.654288e-01
-9.654287e-01
-7.742136e-01
-4.296560e-01
3.985115e-07
4.296568e-01
7.742144e-01
9.654295e-01
9.654294e-01
7.742143e-01
4.296567e-01
2.664347e-07
-4.296561e-01
-7.742138e-01
-9.654289e-01
-9.654290e-01
-7.742139e-01
-4.296563e-01
-1.224647e-15
0.000000e+00
4.313109e-01
7.771955e-01
9.691469e-01
9.691469e-01
7.771955e-01
4.313110e-01
2.850092e-08
-4.313109e-01
-7.771955e-01
-9.691469e-01
-9.691469e-01
-7.771955e-01
-4.313110e-01
-3.347013e-08
4.313109e-01
7.771954e-01
9.691468e-01
9.691468e-01
7.771954e-01
4.313109e-01
-7.842310e-08
-4.313110e-01
-7.771956e-01
-9.691470e-01
-9.691470e-01
-7.771956e-01
-4.313111e-01
-1.646794e-07
4.313108e-01
7.771953e-01
9.691467e-01
9.691467e-01
7.771953e-01
4.313108e-01
-1.195674e-07
-4.313111e-01
-7.771956e-01
-9.691470e-01
-9.691470e-01
-7.771956e-01
-4.313111e-01
-1.125181e-07
4.313108e-01
7.771954e-01
9.691468e-01
9.691469e-01
7.771955e-01
4.313110e-01
9.377642e-08
-4.313108e-01
-7.771953e-01
-9.691467e-01
-9.691467e-01
-7.771953e-01
-4.313107e-01
1.980469e-07
4.313111e-01
7.771956e-01
9.691471e-01
9.691471e-01
7.771956e-01
4.313111e-01
1.396734e-07
-4.313108e-01
-7.771954e-01
-9.691468e-01
-9.691468e-01
-7.771954e-01
-4.313109e-01
-1.224647e-15
0.000000e+00
4.338837e-01
7.818315e-01
9.749279e-01
9.749279e-01
7.818315e-01
4.338837e-01
1.224647e-16
-4.338837e-01
-7.818315e-01
-9.749279e-01
-9.749279e-01
-7.818315e-01
-4.338837e-01
-2.449294e-16
4.338837e-01
7.818315e-01
9.749279e-01
9.749279e-01
7.818315e-01
4.338837e-01
3.673940e-16
-4.338837e-01
-7.818315e-01
-9.749279e-01
-9.749279e-01
-7.818315e-01
-4.338837e-01
-4.898587e-16
4.338837e-01
7.818315e-01
9.749279e-01
9.749279e-01
7.818315e-01
4.338837e-01
6.123234e-16
-4.338837e-01
-7.818315e-01
-9.749279e-01
-9.749279e-01
-7.818315e-01
-4.338837e-01
-7.347881e-16
4.338837e-01
7.818315e-01
9.749279e-01
9.749279e-01
7.818315e-01
4.338837e-01
8.572528e-16
-4.338837e-01
-7.818315e-01
-9.749279e-01
-9.749279e-01
-7.818315e-01
-4.338837e-01
-9.797174e-16
4.338837e-01
7.818315e-01
9.749279e-01
9.749279e-01
7.818315e-01
4.338837e-01
1.102182e-15
-4.338837e-01
-7.818315e-01
-9.749279e-01
-9.749279e-01
-7.818315e-01
-4.338837e-01
-1.224647e-15
