meshID=9298492
0.000000e+00
3.826834e-01
7.071068e-01
9.238795e-01
1.000000e+00
9.238795e-01
7.071068e-01
3.826834e-01
1.224647e-16
-3.826834e-01
-7.071068e-01
-9.238795e-01
-1.000000e+00
-9.238795e-01
-7.071068e-01
-3.826834e-01
-2.449294e-16
3.826834e-01
7.071068e-01
9.238795e-01
1.000000e+00
9.238795e-01
7.071068e-01
3.826834e-01
3.673940e-16
-3.826834e-01
-7.071068e-01
-9.238795e-01
-1.000000e+00
-9.238795e-01
-7.071068e-01
-3.826834e-01
-4.898587e-16
3.826834e-01
7.071068e-01
9.238795e-01
1.000000e+00
9.238795e-01
7.071068e-01
3.826834e-01
6.123234e-16
-3.826834e-01
-7.071068e-01
-9.238795e-01
-1.000000e+00
-9.238795e-01
-7.071068e-01
-3.826834e-01
-7.347881e-16
3.826834e-01
7.071068e-01
9.238795e-01
1.000000e+00
9.238795e-01
7.071068e-01
3.826834e-01
8.572528e-16
-3.826834e-01
-7.071068e-01
-9.238795e-01
-1.000000e+00
-9.238795e-01
-7.071068e-01
-3.826834e-01
-9.797174e-16
3.826834e-01
7.071068e-01
9.238795e-01
1.000000e+00
9.238795e-01
7.071068e-01
3.826834e-01
1.102182e-15
-3.826834e-01
-7.071068e-01
-9.238795e-01
-1.000000e+00
-9.238795e-01
-7.071068e-01
-3.826834e-01
-1.224647e-15
0.000000e+00
3.811150e-01
7.042087e-01
9.200930e-01
9.959015e-01
9.200930e-01
7.042087e-01
3.811150e-01
6.650536e-09
-3.811150e-01
-7.042087e-01
-9.200930e-01
-9.959015e-01
-9.200930e-01
-7.042087e-01
-3.811150e-01
-1.540894e-08
3.811150e-01
7.042087e-01
9.200930e-01
9.959015e-01
9.200930e-01
7.042087e-01
3.811150e-01
-8.260594e-09
-3.811150e-01
-7.042087e-01
-9.200930e-01
-9.959015e-01
-9.200930e-01
-7.042087e-01
-3.811150e-01
9.931259e-09
3.811150e-01
7.042087e-01
9.200930e-01
9.959015e-01
9.200930e-01
7.042087e-01
3.811150e-01
2.046515e-09
-3.811150e-01
-7.042087e-01
-9.200930e-01
-9.959015e-01
-9.200930e-01
-7.042087e-01
-3.811150e-01
1.616334e-08
3.811150e-01
7.042087e-01
9.200930e-01
9.959015e-01
9.200930e-01
7.042087e-01
3.811150e-01
6.032348e-09
-3.811150e-01
-7.042087e-01
-9.200930e-01
-9.959015e-01
-9.200930e-01
-7.042087e-01
-3.811150e-01
1.095047e-08
3.811150e-01
7.042087e-01
9.200930e-01
9.959015e-01
9.200930e-01
7.042087e-01
3.811150e-01
3.279914e-09
-3.811150e-01
-7.042087e-01
-9.200930e-01
-9.959015e-01
-9.200930e-01
-7.042087e-01
-3.811150e-01
-1.224647e-15
0.000000e+00
3.800507e-01
7.022421e-01
9.175235e-01
9.931203e-01
9.175235e-01
7.022421e-01
3.800507e-01
8.806112e-09
-3.800507e-01
-7.022421e-01
-9.175235e-01
-9.931203e-01
-9.175236e-01
-7.022421e-01
-3.800507e-01
-2.673052e-08
3.800507e-01
7.022421e-01
9.175235e-01
9.931203e-01
9.175235e-01
7.022421e-01
3.800507e-01
-1.894608e-08
-3.800507e-01
-7.022421e-01
-9.175236e-01
-9.931203e-01
-9.175235e-01
-7.022421e-01
-3.800507e-01
1.991731e-08
3.800507e-01
7.022421e-01
9.175236e-01
9.931204e-01
9.175236e-01
7.022421e-01
3.800507e-01
6.633932e-09
-3.800507e-01
-7.022421e-01
-9.175235e-01
-9.931203e-01
-9.175235e-01
-7.022421e-01
-3.800507e-01
3.075659e-08
3.800507e-01
7.022422e-01
9.175236e-01
9.931204e-01
9.175236e-01
7.022421e-01
3.800507e-01
1.056477e-08
-3.800507e-01
-7.022421e-01
-9.175235e-01
-9.931203e-01
-9.175235e-01
-7.022421e-01
-3.800507e-01
2.050988e-08
3.800507e-01
7.022421e-01
9.175236e-01
9.931204e-01
9.175236e-01
7.022421e-01
3.800507e-01
5.821742e-09
-3.800507e-01
-7.022421e-01
-9.175236e-01
-9.931203e-01
-9.175235e-01
-7.022421e-01
-3.800507e-01
-1.224647e-15
0.000000e+00
3.793285e-01
7.009076e-01
9.157799e-01
9.912331e-01
9.157799e-01
7.009076e-01
3.793285e-01
1.133416e-08
-3.793285e-01
-7.009076e-01
-9.157799e-01
-9.912331e-01
-9.157800e-01
-7.009077e-01
-3.793285e-01
-3.892847e-08
3.793284e-01
7.009076e-01
9.157799e-01
9.912330e-01
9.157799e-01
7.009076e-01
3.793284e-01
-2.754171e-08
-3.793285e-01
-7.009076e-01
-9.157800e-01
-9.912331e-01
-9.157799e-01
-7.009076e-01
-3.793285e-01
2.586972e-08
3.793285e-01
7.009077e-01
9.157800e-01
9.912331e-01
9.157800e-01
7.009077e-01
3.793285e-01
1.723939e-08
-3.793285e-01
-7.009076e-01
-9.157799e-01
-9.912331e-01
-9.157799e-01
-7.009076e-01
-3.793284e-01
3.916566e-08
3.793285e-01
7.009077e-01
9.157800e-01
9.912331e-01
9.157800e-01
7.009077e-01
3.793285e-01
1.944576e-08
-3.793285e-01
-7.009076e-01
-9.157799e-01
-9.912331e-01
-9.157799e-01
-7.009076e-01
-3.793285e-01
2.333098e-08
3.793285e-01
7.009077e-01
9.157800e-01
9.912331e-01
9.157800e-01
7.009077e-01
3.793285e-01
1.479344e-08
-3.793285e-01
-7.009076e-01
-9.157800e-01
-9.912331e-01
-9.157800e-01
-7.009076e-01
-3.793285e-01
-1.224647e-15
0.000000e+00
3.788384e-01
7.000021e-01
9.145968e-01
9.899524e-01
9.145968e-01
7.000021e-01
3.788384e-01
7.228791e-09
-3.788384e-01
-7.000021e-01
-9.145968e-01
-9.899524e-01
-9.145968e-01
-7.000021e-01
-3.788384e-01
-4.537955e-08
3.788383e-01
7.000020e-01
9.145967e-01
9.899524e-01
9.145967e-01
7.000020e-01
3.788383e-01
-4.019208e-08
-3.788384e-01
-7.000021e-01
-9.145968e-01
-9.899524e-01
-9.145968e-01
-7.000021e-01
-3.788384e-01
3.382633e-08
3.788384e-01
7.000021e-01
9.145968e-01
9.899525e-01
9.145968e-01
7.000021e-01
3.788384e-01
2.690705e-08
-3.788384e-01
-7.000020e-01
-9.145968e-01
-9.899524e-01
-9.145967e-01
-7.000020e-01
-3.788383e-01
4.995364e-08
3.788384e-01
7.000021e-01
9.145968e-01
9.899525e-01
9.145968e-01
7.000021e-01
3.788384e-01
2.356969e-08
-3.788384e-01
-7.000021e-01
-9.145968e-01
-9.899524e-01
-9.145968e-01
-7.000021e-01
-3.788384e-01
2.724166e-08
3.788384e-01
7.000021e-01
9.145968e-01
9.899525e-01
9.145968e-01
7.000021e-01
3.788384e-01
2.098887e-08
-3.788384e-01
-7.000021e-01
-9.145968e-01
-9.899524e-01
-9.145968e-01
-7.000021e-01
-3.788384e-01
-1.224647e-15
0.000000e+00
3.785058e-01
6.993876e-01
9.137939e-01
9.890834e-01
9.137939e-01
6.993876e-01
3.785058e-01
1.959564e-11
-3.785058e-01
-6.993876e-01
-9.137939e-01
-9.890834e-01
-9.137939e-01
-6.993876e-01
-3.785059e-01
-4.933037e-08
3.785058e-01
6.993875e-01
9.137938e-01
9.890833e-01
9.137938e-01
6.993875e-01
3.785058e-01
-5.339050e-08
-3.785059e-01
-6.993876e-01
-9.137939e-01
-9.890834e-01
-9.137939e-01
-6.993875e-01
-3.785058e-01
4.072676e-08
3.785059e-01
6.993876e-01
9.137939e-01
9.890834e-01
9.137939e-01
6.993876e-01
3.785059e-01
3.769263e-08
-3.785058e-01
-6.993875e-01
-9.137939e-01
-9.890833e-01
-9.137938e-01
-6.993875e-01
-3.785058e-01
6.110519e-08
3.785059e-01
6.993876e-01
9.137940e-01
9.890834e-01
9.137939e-01
6.993876e-01
3.785059e-01
2.534631e-08
-3.785058e-01
-6.993876e-01
-9.137939e-01
-9.890834e-01
-9.137939e-01
-6.993875e-01
-3.785058e-01
3.024746e-08
3.785059e-01
6.993876e-01
9.137939e-01
9.890834e-01
9.137939e-01
6.993876e-01
3.785059e-01
2.495204e-08
-3.785058e-01
-6.993876e-01
-9.137939e-01
-9.890834e-01
-9.137939e-01
-6.993876e-01
-3.785058e-01
-1.224647e-15
0.000000e+00
3.782802e-01
6.989706e-01
9.132491e-01
9.884937e-01
9.132491e-01
6.989706e-01
3.782801e-01
-8.935568e-09
-3.782802e-01
-6.989706e-01
-9.132491e-01
-9.884937e-01
-9.132491e-01
-6.989706e-01
-3.782802e-01
-5.198307e-08
3.782801e-01
6.989705e-01
9.132490e-01
9.884936e-01
9.132490e-01
6.989705e-01
3.782801e-01
-6.587239e-08
-3.782802e-01
-6.989706e-01
-9.132491e-01
-9.884937e-01
-9.132491e-01
-6.989706e-01
-3.782801e-01
4.603871e-08
3.782802e-01
6.989706e-01
9.132491e-01
9.884937e-01
9.132491e-01
6.989706e-01
3.782802e-01
4.890034e-08
-3.782801e-01
-6.989705e-01
-9.132490e-01
-9.884936e-01
-9.132490e-01
-6.989705e-01
-3.782801e-01
7.318172e-08
3.782802e-01
6.989707e-01
9.132491e-01
9.884937e-01
9.132491e-01
6.989706e-01
3.782802e-01
2.559129e-08
-3.782801e-01
-6.989706e-01
-9.132491e-01
-9.884937e-01
-9.132491e-01
-6.989706e-01
-3.782801e-01
3.312615e-08
3.782802e-01
6.989706e-01
9.132491e-01
9.884937e-01
9.132491e-01
6.989706e-01
3.782802e-01
2.829349e-08
-3.782801e-01
-6.989706e-01
-9.132491e-01
-9.884937e-01
-9.132491e-01
-6.989706e-01
-3.782801e-01
-1.224647e-15
0.000000e+00
3.781270e-01
6.986876e-01
9.128794e-01
9.880935e-01
9.128793e-01
6.986876e-01
3.781270e-01
-1.831837e-08
-3.781270e-01
-6.986876e-01
-9.128794e-01
-9.880935e-01
-9.128794e-01
-6.986877e-01
-3.781271e-01
-5.488739e-08
3.781269e-01
6.986875e-01
9.128793e-01
9.880934e-01
9.128793e-01
6.986875e-01
3.781269e-01
-7.618187e-08
-3.781271e-01
-6.986877e-01
-9.128794e-01
-9.880935e-01
-9.128794e-01
-6.986876e-01
-3.781270e-01
4.889717e-08
3.781271e-01
6.986877e-01
9.128794e-01
9.880936e-01
9.128794e-01
6.986877e-01
3.781271e-01
6.050776e-08
-3.781270e-01
-6.986876e-01
-9.128793e-01
-9.880934e-01
-9.128793e-01
-6.986875e-01
-3.781269e-01
8.589754e-08
3.781271e-01
6.986877e-01
9.128794e-01
9.880936e-01
9.128794e-01
6.986877e-01
3.781270e-01
2.615752e-08
-3.781270e-01
-6.986876e-01
-9.128793e-01
-9.880935e-01
-9.128793e-01
-6.986876e-01
-3.781270e-01
3.562964e-08
3.781271e-01
6.986877e-01
9.128794e-01
9.880935e-01
9.128794e-01
6.986877e-01
3.781271e-01
3.442608e-08
-3.781270e-01
-6.986876e-01
-9.128793e-01
-9.880935e-01
-9.128794e-01
-6.986876e-01
-3.781270e-01
-1.224647e-15
0.000000e+00
3.780231e-01
6.984956e-01
9.126285e-01
9.878219e-01
9.126285e-01
6.984956e-01
3.780231e-01
-2.534912e-08
-3.780231e-01
-6.984956e-01
-9.126285e-01
-9.878220e-01
-9.126285e-01
-6.984956e-01
-3.780231e-01
-6.061045e-08
3.780230e-01
6.984955e-01
9.126284e-01
9.878219e-01
9.126284e-01
6.984955e-01
3.780230e-01
-8.203402e-08
-3.780232e-01
-6.984957e-01
-9.126285e-01
-9.878220e-01
-9.126285e-01
-6.984956e-01
-3.780231e-01
4.733093e-08
3.780232e-01
6.984957e-01
9.126286e-01
9.878220e-01
9.126286e-01
6.984957e-01
3.780232e-01
7.416693e-08
-3.780230e-01
-6.984955e-01
-9.126284e-01
-9.878219e-01
-9.126284e-01
-6.984955e-01
-3.780230e-01
9.722280e-08
3.780232e-01
6.984957e-01
9.126286e-01
9.878220e-01
9.126285e-01
6.984957e-01
3.780231e-01
3.005976e-08
-3.780231e-01
-6.984956e-01
-9.126285e-01
-9.878219e-01
-9.126285e-01
-6.984956e-01
-3.780231e-01
3.586098e-08
3.780231e-01
6.984957e-01
9.126285e-01
9.878220e-01
9.126285e-01
6.984957e-01
3.780231e-01
4.415434e-08
-3.780231e-01
-6.984956e-01
-9.126285e-01
-9.878219e-01
-9.126285e-01
-6.984956e-01
-3.780231e-01
-1.224647e-15
0.000000e+00
3.779526e-01
6.983653e-01
9.124582e-01
9.876377e-01
9.124582e-01
6.983653e-01
3.779525e-01
-3.521686e-08
-3.779526e-01
-6.983653e-01
-9.124583e-01
-9.876377e-01
-9.124583e-01
-6.983654e-01
-3.779526e-01
-6.316937e-08
3.779525e-01
6.983652e-01
9.124582e-01
9.876376e-01
9.124581e-01
6.983652e-01
3.779525e-01
-8.985559e-08
-3.779527e-01
-6.983654e-01
-9.124583e-01
-9.876377e-01
-9.124583e-01
-6.983653e-01
-3.779525e-01
4.796387e-08
3.779526e-01
6.983654e-01
9.124583e-01
9.876378e-01
9.124583e-01
6.983654e-01
3.779527e-01
8.348575e-08
-3.779525e-01
-6.983652e-01
-9.124581e-01
-9.876376e-01
-9.124581e-01
-6.983652e-01
-3.779525e-01
1.131768e-07
3.779527e-01
6.983654e-01
9.124583e-01
9.876378e-01
9.124583e-01
6.983654e-01
3.779526e-01
3.113332e-08
-3.779526e-01
-6.983653e-01
-9.124582e-01
-9.876377e-01
-9.124582e-01
-6.983653e-01
-3.779525e-01
4.135875e-08
3.779526e-01
6.983654e-01
9.124583e-01
9.876377e-01
9.124583e-01
6.983654e-01
3.779526e-01
4.763413e-08
-3.779525e-01
-6.983653e-01
-9.124582e-01
-9.876377e-01
-9.124582e-01
-6.983653e-01
-3.779526e-01
-1.224647e-15
0.000000e+00
3.779047e-01
6.982769e-01
9.123427e-01
9.875126e-01
9.123427e-01
6.982769e-01
3.779047e-01
-4.063951e-08
-3.779048e-01
-6.982769e-01
-9.123428e-01
-9.875127e-01
-9.123428e-01
-6.982769e-01
-3.779048e-01
-6.870561e-08
3.779046e-01
6.982768e-01
9.123426e-01
9.875125e-01
9.123426e-01
6.982768e-01
3.779046e-01
-9.388666e-08
-3.779048e-01
-6.982770e-01
-9.123428e-01
-9.875127e-01
-9.123427e-01
-6.982769e-01
-3.779047e-01
4.530543e-08
3.779048e-01
6.982770e-01
9.123428e-01
9.875127e-01
9.123428e-01
6.982770e-01
3.779048e-01
9.452066e-08
-3.779046e-01
-6.982768e-01
-9.123426e-01
-9.875125e-01
-9.123426e-01
-6.982768e-01
-3.779046e-01
1.272637e-07
3.779049e-01
6.982770e-01
9.123428e-01
9.875127e-01
9.123428e-01
6.982769e-01
3.779048e-01
3.483262e-08
-3.779047e-01
-6.982769e-01
-9.123427e-01
-9.875126e-01
-9.123427e-01
-6.982769e-01
-3.779047e-01
4.842155e-08
3.779048e-01
6.982770e-01
9.123428e-01
9.875127e-01
9.123428e-01
6.982769e-01
3.779048e-01
5.059651e-08
-3.779047e-01
-6.982769e-01
-9.123427e-01
-9.875126e-01
-9.123427e-01
-6.982769e-01
-3.779047e-01
-1.224647e-15
0.000000e+00
3.778723e-01
6.982169e-01
9.122643e-01
9.874278e-01
9.122643e-01
6.982169e-01
3.778722e-01
-3.953533e-08
-3.778723e-01
-6.982169e-01
-9.122644e-01
-9.874278e-01
-9.122644e-01
-6.982169e-01
-3.778723e-01
-7.951982e-08
3.778722e-01
6.982168e-01
9.122642e-01
9.874277e-01
9.122642e-01
6.982168e-01
3.778722e-01
-9.178814e-08
-3.778723e-01
-6.982170e-01
-9.122644e-01
-9.874278e-01
-9.122643e-01
-6.982169e-01
-3.778722e-01
3.731677e-08
3.778723e-01
6.982170e-01
9.122644e-01
9.874279e-01
9.122644e-01
6.982170e-01
3.778724e-01
1.099494e-07
-3.778721e-01
-6.982168e-01
-9.122642e-01
-9.874277e-01
-9.122642e-01
-6.982167e-01
-3.778721e-01
1.361984e-07
3.778724e-01
6.982170e-01
9.122644e-01
9.874279e-01
9.122644e-01
6.982170e-01
3.778723e-01
4.326256e-08
-3.778722e-01
-6.982169e-01
-9.122643e-01
-9.874278e-01
-9.122643e-01
-6.982169e-01
-3.778722e-01
5.548910e-08
3.778723e-01
6.982170e-01
9.122644e-01
9.874279e-01
9.122644e-01
6.982170e-01
3.778723e-01
5.803813e-08
-3.778722e-01
-6.982169e-01
-9.122643e-01
-9.874278e-01
-9.122643e-01
-6.982169e-01
-3.778723e-01
-1.224647e-15
0.000000e+00
3.778502e-01
6.981762e-01
9.122111e-01
9.873702e-01
9.122111e-01
6.981762e-01
3.778502e-01
-3.901089e-08
-3.778503e-01
-6.981762e-01
-9.122112e-01
-9.873703e-01
-9.122112e-01
-6.981762e-01
-3.778503e-01
-8.890709e-08
3.778501e-01
6.981761e-01
9.122110e-01
9.873701e-01
9.122110e-01
6.981761e-01
3.778501e-01
-8.986786e-08
-3.778503e-01
-6.981762e-01
-9.122112e-01
-9.873702e-01
-9.122111e-01
-6.981762e-01
-3.778502e-01
3.042372e-08
3.778503e-01
6.981762e-01
9.122112e-01
9.873703e-01
9.122112e-01
6.981763e-01
3.778503e-01
1.239089e-07
-3.778501e-01
-6.981760e-01
-9.122110e-01
-9.873701e-01
-9.122110e-01
-6.981760e-01
-3.778501e-01
1.450706e-07
3.778504e-01
6.981763e-01
9.122113e-01
9.873703e-01
9.122112e-01
6.981763e-01
3.778503e-01
5.063325e-08
-3.778502e-01
-6.981761e-01
-9.122111e-01
-9.873702e-01
-9.122111e-01
-6.981761e-01
-3.778502e-01
6.625387e-08
3.778503e-01
6.981763e-01
9.122112e-01
9.873703e-01
9.122112e-01
6.981763e-01
3.778503e-01
6.413934e-08
-3.778502e-01
-6.981761e-01
-9.122111e-01
-9.873702e-01
-9.122111e-01
-6.981762e-01
-3.778502e-01
-1.224647e-15
0.000000e+00
3.778353e-01
6.981485e-01
9.121750e-01
9.873311e-01
9.121750e-01
6.981485e-01
3.778352e-01
-3.801005e-08
-3.778353e-01
-6.981486e-01
-9.121751e-01
-9.873312e-01
-9.121751e-01
-6.981486e-01
-3.778354e-01
-9.630220e-08
3.778352e-01
6.981484e-01
9.121749e-01
9.873310e-01
9.121749e-01
6.981484e-01
3.778352e-01
-8.857090e-08
-3.778353e-01
-6.981486e-01
-9.121751e-01
-9.873312e-01
-9.121751e-01
-6.981486e-01
-3.778353e-01
2.487914e-08
3.778353e-01
6.981486e-01
9.121751e-01
9.873312e-01
9.121751e-01
6.981487e-01
3.778354e-01
1.365925e-07
-3.778351e-01
-6.981484e-01
-9.121749e-01
-9.873310e-01
-9.121749e-01
-6.981484e-01
-3.778351e-01
1.529076e-07
3.778354e-01
6.981487e-01
9.121752e-01
9.873313e-01
9.121751e-01
6.981486e-01
3.778353e-01
5.779386e-08
-3.778352e-01
-6.981485e-01
-9.121750e-01
-9.873311e-01
-9.121750e-01
-6.981485e-01
-3.778352e-01
7.613266e-08
3.778354e-01
6.981486e-01
9.121751e-01
9.873312e-01
9.121751e-01
6.981486e-01
3.778353e-01
6.713595e-08
-3.778352e-01
-6.981485e-01
-9.121750e-01
-9.873311e-01
-9.121750e-01
-6.981485e-01
-3.778353e-01
-1.224647e-15
0.000000e+00
3.778251e-01
6.981298e-01
9.121505e-01
9.873046e-01
9.121505e-01
6.981298e-01
3.778251e-01
-3.538615e-08
-3.778252e-01
-6.981299e-01
-9.121506e-01
-9.873047e-01
-9.121506e-01
-6.981299e-01
-3.778252e-01
-1.039000e-07
3.778250e-01
6.981297e-01
9.121504e-01
9.873045e-01
9.121504e-01
6.981297e-01
3.778250e-01
-8.608708e-08
-3.778252e-01
-6.981299e-01
-9.121506e-01
-9.873047e-01
-9.121506e-01
-6.981298e-01
-3.778251e-01
1.847365e-08
3.778252e-01
6.981299e-01
9.121506e-01
9.873047e-01
9.121507e-01
6.981299e-01
3.778253e-01
1.504702e-07
-3.778250e-01
-6.981296e-01
-9.121504e-01
-9.873045e-01
-9.121504e-01
-6.981296e-01
-3.778250e-01
1.567168e-07
3.778253e-01
6.981299e-01
9.121507e-01
9.873047e-01
9.121506e-01
6.981299e-01
3.778252e-01
6.789484e-08
-3.778251e-01
-6.981297e-01
-9.121505e-01
-9.873046e-01
-9.121505e-01
-6.981297e-01
-3.778251e-01
7.940117e-08
3.778252e-01
6.981299e-01
9.121506e-01
9.873047e-01
9.121506e-01
6.981299e-01
3.778252e-01
7.036795e-08
-3.778251e-01
-6.981297e-01
-9.121505e-01
-9.873046e-01
-9.121505e-01
-6.981298e-01
-3.778251e-01
-1.224647e-15
0.000000e+00
3.778182e-01
6.981171e-01
9.121339e-01
9.872866e-01
9.121339e-01
6.981171e-01
3.778182e-01
-3.358034e-08
-3.778183e-01
-6.981171e-01
-9.121340e-01
-9.872867e-01
-9.121340e-01
-6.981172e-01
-3.778183e-01
-1.063743e-07
3.778181e-01
6.981170e-01
9.121338e-01
9.872865e-01
9.121338e-01
6.981170e-01
3.778181e-01
-8.810304e-08
-3.778183e-01
-6.981171e-01
-9.121340e-01
-9.872867e-01
-9.121340e-01
-6.981171e-01
-3.778182e-01
1.652809e-08
3.778183e-01
6.981171e-01
9.121340e-01
9.872867e-01
9.121340e-01
6.981172e-01
3.778184e-01
1.601347e-07
-3.778181e-01
-6.981169e-01
-9.121337e-01
-9.872865e-01
-9.121337e-01
-6.981169e-01
-3.778181e-01
1.618634e-07
3.778184e-01
6.981172e-01
9.121341e-01
9.872868e-01
9.121340e-01
6.981172e-01
3.778183e-01
7.568302e-08
-3.778182e-01
-6.981170e-01
-9.121339e-01
-9.872866e-01
-9.121339e-01
-6.981170e-01
-3.778182e-01
8.152266e-08
3.778183e-01
6.981172e-01
9.121340e-01
9.872867e-01
9.121340e-01
6.981172e-01
3.778183e-01
7.222827e-08
-3.778182e-01
-6.981170e-01
-9.121339e-01
-9.872866e-01
-9.121339e-01
-6.981171e-01
-3.778182e-01
-1.224647e-15
0.000000e+00
3.778136e-01
6.981084e-01
9.121226e-01
9.872744e-01
9.121226e-01
6.981084e-01
3.778135e-01
-3.370622e-08
-3.778136e-01
-6.981085e-01
-9.121227e-01
-9.872745e-01
-9.121227e-01
-6.981085e-01
-3.778137e-01
-1.037252e-07
3.778135e-01
6.981083e-01
9.121225e-01
9.872743e-01
9.121225e-01
6.981083e-01
3.778135e-01
-9.431490e-08
-3.778137e-01
-6.981085e-01
-9.121227e-01
-9.872745e-01
-9.121227e-01
-6.981085e-01
-3.778136e-01
1.862318e-08
3.778136e-01
6.981085e-01
9.121227e-01
9.872745e-01
9.121228e-01
6.981086e-01
3.778137e-01
1.654705e-07
-3.778134e-01
-6.981083e-01
-9.121225e-01
-9.872742e-01
-9.121225e-01
-6.981083e-01
-3.778134e-01
1.689301e-07
3.778137e-01
6.981086e-01
9.121228e-01
9.872746e-01
9.121228e-01
6.981085e-01
3.778137e-01
8.049613e-08
-3.778135e-01
-6.981084e-01
-9.121226e-01
-9.872744e-01
-9.121226e-01
-6.981084e-01
-3.778135e-01
8.498053e-08
3.778137e-01
6.981085e-01
9.121227e-01
9.872745e-01
9.121227e-01
6.981085e-01
3.778137e-01
7.383402e-08
-3.778135e-01
-6.981084e-01
-9.121226e-01
-9.872744e-01
-9.121226e-01
-6.981084e-01
-3.778136e-01
-1.224647e-15
0.000000e+00
3.778104e-01
6.981026e-01
9.121150e-01
9.872661e-01
9.121150e-01
6.981026e-01
3.778104e-01
-3.132083e-08
-3.778104e-01
-6.981026e-01
-9.121151e-01
-9.872662e-01
-9.121151e-01
-6.981027e-01
-3.778105e-01
-1.045924e-07
3.778103e-01
6.981025e-01
9.121149e-01
9.872660e-01
9.121149e-01
6.981025e-01
3.778103e-01
-9.510325e-08
-3.778105e-01
-6.981027e-01
-9.121150e-01
-9.872662e-01
-9.121150e-01
-6.981026e-01
-3.778104e-01
1.536111e-08
3.778104e-01
6.981026e-01
9.121151e-01
9.872663e-01
9.121151e-01
6.981027e-01
3.778106e-01
1.750730e-07
-3.778102e-01
-6.981024e-01
-9.121148e-01
-9.872660e-01
-9.121148e-01
-6.981024e-01
-3.778102e-01
1.700559e-07
3.778106e-01
6.981027e-01
9.121151e-01
9.872663e-01
9.121151e-01
6.981027e-01
3.778105e-01
8.993845e-08
-3.778103e-01
-6.981025e-01
-9.121149e-01
-9.872661e-01
-9.121149e-01
-6.981025e-01
-3.778103e-01
8.318415e-08
3.778105e-01
6.981027e-01
9.121151e-01
9.872662e-01
9.121151e-01
6.981027e-01
3.778105e-01
8.030283e-08
-3.778103e-01
-6.981025e-01
-9.121149e-01
-9.872661e-01
-9.121150e-01
-6.981026e-01
-3.778104e-01
-1.224647e-15
0.000000e+00
3.778083e-01
6.980986e-01
9.121098e-01
9.872605e-01
9.121098e-01
6.980986e-01
3.778082e-01
-2.741660e-08
-3.778083e-01
-6.980987e-01
-9.121099e-01
-9.872606e-01
-9.121099e-01
-6.980987e-01
-3.778083e-01
-1.053746e-07
3.778081e-01
6.980985e-01
9.121097e-01
9.872604e-01
9.121097e-01
6.980985e-01
3.778081e-01
-9.319933e-08
-3.778083e-01
-6.980987e-01
-9.121099e-01
-9.872606e-01
-9.121098e-01
-6.980986e-01
-3.778083e-01
9.907974e-09
3.778083e-01
6.980987e-01
9.121099e-01
9.872606e-01
9.121099e-01
6.980988e-01
3.778084e-01
1.851467e-07
-3.778081e-01
-6.980984e-01
-9.121096e-01
-9.872603e-01
-9.121096e-01
-6.980984e-01
-3.778081e-01
1.695929e-07
3.778084e-01
6.980988e-01
9.121099e-01
9.872607e-01
9.121099e-01
6.980987e-01
3.778084e-01
9.929656e-08
-3.778082e-01
-6.980985e-01
-9.121097e-01
-9.872605e-01
-9.121097e-01
-6.980985e-01
-3.778082e-01
8.005619e-08
3.778083e-01
6.980987e-01
9.121099e-01
9.872606e-01
9.121099e-01
6.980987e-01
3.778083e-01
8.437605e-08
-3.778082e-01
-6.980986e-01
-9.121097e-01
-9.872605e-01
-9.121098e-01
-6.980986e-01
-3.778082e-01
-1.224647e-15
0.000000e+00
3.778068e-01
6.980959e-01
9.121063e-01
9.872567e-01
9.121063e-01
6.980959e-01
3.778068e-01
-2.288655e-08
-3.778068e-01
-6.980960e-01
-9.121063e-01
-9.872568e-01
-9.121063e-01
-6.980960e-01
-3.778069e-01
-9.897643e-08
3.778067e-01
6.980958e-01
9.121062e-01
9.872566e-01
9.121062e-01
6.980958e-01
3.778067e-01
-9.564057e-08
-3.778069e-01
-6.980960e-01
-9.121063e-01
-9.872568e-01
-9.121063e-01
-6.980959e-01
-3.778068e-01
9.654267e-09
3.778068e-01
6.980960e-01
9.121064e-01
9.872568e-01
9.121064e-01
6.980961e-01
3.778070e-01
1.881843e-07
-3.778066e-01
-6.980957e-01
-9.121061e-01
-9.872565e-01
-9.121061e-01
-6.980957e-01
-3.778066e-01
1.749958e-07
3.778069e-01
6.980961e-01
9.121064e-01
9.872568e-01
9.121064e-01
6.980960e-01
3.778069e-01
1.007504e-07
-3.778067e-01
-6.980958e-01
-9.121062e-01
-9.872566e-01
-9.121062e-01
-6.980958e-01
-3.778067e-01
8.197573e-08
3.778069e-01
6.980960e-01
9.121064e-01
9.872568e-01
9.121064e-01
6.980960e-01
3.778069e-01
7.951909e-08
-3.778067e-01
-6.980959e-01
-9.121062e-01
-9.872567e-01
-9.121062e-01
-6.980959e-01
-3.778068e-01
-1.224647e-15
0.000000e+00
3.778058e-01
6.980941e-01
9.121039e-01
9.872541e-01
9.121039e-01
6.980941e-01
3.778058e-01
-1.592280e-08
-3.778058e-01
-6.980941e-01
-9.121039e-01
-9.872542e-01
-9.121039e-01
-6.980942e-01
-3.778059e-01
-9.107184e-08
3.778057e-01
6.980940e-01
9.121038e-01
9.872540e-01
9.121038e-01
6.980940e-01
3.778057e-01
-9.737393e-08
-3.778059e-01
-6.980942e-01
-9.121039e-01
-9.872542e-01
-9.121039e-01
-6.980941e-01
-3.778058e-01
9.590976e-09
3.778058e-01
6.980941e-01
9.121040e-01
9.872542e-01
9.121040e-01
6.980942e-01
3.778060e-01
1.894598e-07
-3.778056e-01
-6.980939e-01
-9.121037e-01
-9.872539e-01
-9.121037e-01
-6.980939e-01
-3.778056e-01
1.801721e-07
3.778060e-01
6.980942e-01
9.121040e-01
9.872543e-01
9.121040e-01
6.980942e-01
3.778059e-01
1.001609e-07
-3.778057e-01
-6.980940e-01
-9.121038e-01
-9.872540e-01
-9.121038e-01
-6.980940e-01
-3.778057e-01
8.265067e-08
3.778059e-01
6.980942e-01
9.121040e-01
9.872542e-01
9.121040e-01
6.980942e-01
3.778059e-01
7.456528e-08
-3.778057e-01
-6.980940e-01
-9.121038e-01
-9.872541e-01
-9.121039e-01
-6.980941e-01
-3.778058e-01
-1.224647e-15
0.000000e+00
3.778051e-01
6.980928e-01
9.121022e-01
9.872523e-01
9.121022e-01
6.980928e-01
3.778051e-01
-7.895698e-09
-3.778051e-01
-6.980929e-01
-9.121023e-01
-9.872524e-01
-9.121023e-01
-6.980929e-01
-3.778052e-01
-8.782932e-08
3.778050e-01
6.980927e-01
9.121021e-01
9.872523e-01
9.121021e-01
6.980927e-01
3.778050e-01
-9.281204e-08
-3.778052e-01
-6.980929e-01
-9.121023e-01
-9.872524e-01
-9.121023e-01
-6.980929e-01
-3.778051e-01
3.983358e-09
3.778051e-01
6.980929e-01
9.121023e-01
9.872525e-01
9.121024e-01
6.980930e-01
3.778053e-01
1.948253e-07
-3.778049e-01
-6.980926e-01
-9.121020e-01
-9.872521e-01
-9.121020e-01
-6.980926e-01
-3.778049e-01
1.779505e-07
3.778053e-01
6.980930e-01
9.121024e-01
9.872525e-01
9.121024e-01
6.980930e-01
3.778052e-01
1.047263e-07
-3.778050e-01
-6.980927e-01
-9.121022e-01
-9.872523e-01
-9.121022e-01
-6.980928e-01
-3.778051e-01
7.580279e-08
3.778052e-01
6.980929e-01
9.121023e-01
9.872525e-01
9.121023e-01
6.980929e-01
3.778052e-01
7.715404e-08
-3.778051e-01
-6.980928e-01
-9.121022e-01
-9.872523e-01
-9.121022e-01
-6.980928e-01
-3.778051e-01
-1.224647e-15
0.000000e+00
3.778047e-01
6.980920e-01
9.121011e-01
9.872512e-01
9.121011e-01
6.980920e-01
3.778047e-01
-2.186115e-09
-3.778047e-01
-6.980920e-01
-9.121012e-01
-9.872512e-01
-9.121012e-01
-6.980921e-01
-3.778047e-01
-8.427470e-08
3.778046e-01
6.980919e-01
9.121011e-01
9.872511e-01
9.121011e-01
6.980919e-01
3.778046e-01
-8.663747e-08
-3.778048e-01
-6.980921e-01
-9.121012e-01
-9.872512e-01
-9.121012e-01
-6.980920e-01
-3.778047e-01
-2.384948e-09
3.778047e-01
6.980920e-01
9.121012e-01
9.872513e-01
9.121013e-01
6.980922e-01
3.778048e-01
1.990678e-07
-3.778045e-01
-6.980918e-01
-9.121009e-01
-9.872510e-01
-9.121009e-01
-6.980918e-01
-3.778045e-01
1.723053e-07
3.778048e-01
6.980922e-01
9.121013e-01
9.872513e-01
9.121013e-01
6.980921e-01
3.778048e-01
1.107536e-07
-3.778046e-01
-6.980919e-01
-9.121011e-01
-9.872511e-01
-9.121011e-01
-6.980919e-01
-3.778046e-01
6.635639e-08
3.778047e-01
6.980921e-01
9.121012e-01
9.872513e-01
9.121012e-01
6.980921e-01
3.778048e-01
8.170463e-08
-3.778046e-01
-6.980919e-01
-9.121011e-01
-9.872511e-01
-9.121011e-01
-6.980920e-01
-3.778047e-01
-1.224647e-15
0.000000e+00
3.778043e-01
6.980914e-01
9.121004e-01
9.872504e-01
9.121004e-01
6.980914e-01
3.778044e-01
1.316800e-10
-3.778044e-01
-6.980914e-01
-9.121004e-01
-9.872504e-01
-9.121005e-01
-6.980915e-01
-3.778044e-01
-7.336930e-08
3.778043e-01
6.980913e-01
9.121003e-01
9.872503e-01
9.121003e-01
6.980913e-01
3.778043e-01
-8.453669e-08
-3.778044e-01
-6.980915e-01
-9.121005e-01
-9.872504e-01
-9.121005e-01
-6.980915e-01
-3.778044e-01
-3.169952e-09
3.778044e-01
6.980915e-01
9.121005e-01
9.872505e-01
9.121005e-01
6.980916e-01
3.778045e-01
1.950767e-07
-3.778042e-01
-6.980912e-01
-9.121002e-01
-9.872502e-01
-9.121002e-01
-6.980912e-01
-3.778042e-01
1.697620e-07
3.778045e-01
6.980916e-01
9.121006e-01
9.872505e-01
9.121005e-01
6.980916e-01
3.778045e-01
1.120577e-07
-3.778043e-01
-6.980913e-01
-9.121003e-01
-9.872503e-01
-9.121003e-01
-6.980914e-01
-3.778043e-01
6.099897e-08
3.778044e-01
6.980915e-01
9.121005e-01
9.872505e-01
9.121005e-01
6.980915e-01
3.778044e-01
8.156451e-08
-3.778043e-01
-6.980914e-01
-9.121004e-01
-9.872503e-01
-9.121004e-01
-6.980914e-01
-3.778044e-01
-1.224647e-15
0.000000e+00
3.778041e-01
6.980910e-01
9.120999e-01
9.872498e-01
9.120999e-01
6.980910e-01
3.778041e-01
1.507829e-09
-3.778041e-01
-6.980910e-01
-9.120999e-01
-9.872498e-01
-9.120999e-01
-6.980911e-01
-3.778042e-01
-5.789628e-08
3.778041e-01
6.980910e-01
9.120998e-01
9.872497e-01
9.120998e-01
6.980910e-01
3.778041e-01
-8.275101e-08
-3.778042e-01
-6.980911e-01
-9.121000e-01
-9.872499e-01
-9.120999e-01
-6.980911e-01
-3.778042e-01
-1.205942e-09
3.778042e-01
6.980911e-01
9.121000e-01
9.872499e-01
9.121000e-01
6.980912e-01
3.778043e-01
1.852665e-07
-3.778040e-01
-6.980908e-01
-9.120997e-01
-9.872496e-01
-9.120997e-01
-6.980909e-01
-3.778040e-01
1.681791e-07
3.778043e-01
6.980912e-01
9.121000e-01
9.872500e-01
9.121000e-01
6.980912e-01
3.778043e-01
1.108961e-07
-3.778040e-01
-6.980909e-01
-9.120998e-01
-9.872497e-01
-9.120998e-01
-6.980910e-01
-3.778041e-01
5.728478e-08
3.778042e-01
6.980911e-01
9.121000e-01
9.872499e-01
9.121000e-01
6.980911e-01
3.778042e-01
8.109297e-08
-3.778041e-01
-6.980910e-01
-9.120998e-01
-9.872498e-01
-9.120999e-01
-6.980910e-01
-3.778041e-01
-1.224647e-15
0.000000e+00
3.778040e-01
6.980908e-01
9.120996e-01
9.872494e-01
9.120996e-01
6.980908e-01
3.778040e-01
5.064998e-09
-3.778040e-01
-6.980908e-01
-9.120996e-01
-9.872495e-01
-9.120996e-01
-6.980908e-01
-3.778040e-01
-4.487210e-08
3.778040e-01
6.980907e-01
9.120995e-01
9.872494e-01
9.120995e-01
6.980907e-01
3.778039e-01
-7.553121e-08
-3.778041e-01
-6.980908e-01
-9.120996e-01
-9.872495e-01
-9.120996e-01
-6.980908e-01
-3.778040e-01
-1.790599e-09
3.778040e-01
6.980908e-01
9.120996e-01
9.872495e-01
9.120997e-01
6.980909e-01
3.778042e-01
1.753485e-07
-3.778038e-01
-6.980906e-01
-9.120994e-01
-9.872492e-01
-9.120994e-01
-6.980906e-01
-3.778038e-01
1.626855e-07
3.778042e-01
6.980909e-01
9.120997e-01
9.872496e-01
9.120997e-01
6.980909e-01
3.778041e-01
1.118826e-07
-3.778039e-01
-6.980907e-01
-9.120995e-01
-9.872494e-01
-9.120995e-01
-6.980907e-01
-3.778039e-01
5.054990e-08
3.778041e-01
6.980908e-01
9.120996e-01
9.872495e-01
9.120996e-01
6.980909e-01
3.778041e-01
8.614084e-08
-3.778039e-01
-6.980907e-01
-9.120995e-01
-9.872494e-01
-9.120995e-01
-6.980907e-01
-3.778040e-01
-1.224647e-15
0.000000e+00
3.778039e-01
6.980906e-01
9.120993e-01
9.872492e-01
9.120993e-01
6.980906e-01
3.778039e-01
1.184774e-08
-3.778039e-01
-6.980906e-01
-9.120993e-01
-9.872492e-01
-9.120993e-01
-6.980906e-01
-3.778039e-01
-3.509903e-08
3.778039e-01
6.980905e-01
9.120993e-01
9.872491e-01
9.120993e-01
6.980905e-01
3.778038e-01
-6.474684e-08
-3.778040e-01
-6.980907e-01
-9.120994e-01
-9.872492e-01
-9.120994e-01
-6.980906e-01
-3.778039e-01
-3.505044e-09
3.778039e-01
6.980906e-01
9.120994e-01
9.872493e-01
9.120994e-01
6.980907e-01
3.778041e-01
1.648996e-07
-3.778037e-01
-6.980904e-01
-9.120991e-01
-9.872490e-01
-9.120991e-01
-6.980904e-01
-3.778037e-01
1.545328e-07
3.778041e-01
6.980907e-01
9.120995e-01
9.872493e-01
9.120994e-01
6.980907e-01
3.778040e-01
1.132842e-07
-3.778038e-01
-6.980905e-01
-9.120992e-01
-9.872491e-01
-9.120992e-01
-6.980905e-01
-3.778039e-01
4.314811e-08
3.778039e-01
6.980906e-01
9.120994e-01
9.872492e-01
9.120994e-01
6.980907e-01
3.778040e-01
9.214477e-08
-3.778038e-01
-6.980905e-01
-9.120992e-01
-9.872491e-01
-9.120993e-01
-6.980906e-01
-3.778039e-01
-1.224647e-15
0.000000e+00
3.778039e-01
6.980905e-01
9.120992e-01
9.872490e-01
9.120992e-01
6.980905e-01
3.778039e-01
2.125633e-08
-3.778038e-01
-6.980904e-01
-9.120991e-01
-9.872490e-01
-9.120992e-01
-6.980905e-01
-3.778039e-01
-2.514513e-08
3.778038e-01
6.980904e-01
9.120991e-01
9.872490e-01
9.120991e-01
6.980904e-01
3.778038e-01
-5.456632e-08
-3.778039e-01
-6.980905e-01
-9.120992e-01
-9.872491e-01
-9.120992e-01
-6.980905e-01
-3.778039e-01
-3.090540e-09
3.778039e-01
6.980905e-01
9.120992e-01
9.872491e-01
9.120993e-01
6.980906e-01
3.778040e-01
1.514483e-07
-3.778037e-01
-6.980903e-01
-9.120990e-01
-9.872488e-01
-9.120990e-01
-6.980903e-01
-3.778037e-01
1.465620e-07
3.778040e-01
6.980906e-01
9.120993e-01
9.872491e-01
9.120993e-01
6.980906e-01
3.778040e-01
1.119331e-07
-3.778037e-01
-6.980904e-01
-9.120991e-01
-9.872489e-01
-9.120991e-01
-6.980904e-01
-3.778038e-01
3.914783e-08
3.778039e-01
6.980905e-01
9.120992e-01
9.872491e-01
9.120992e-01
6.980905e-01
3.778039e-01
9.079553e-08
-3.778037e-01
-6.980904e-01
-9.120991e-01
-9.872490e-01
-9.120991e-01
-6.980904e-01
-3.778038e-01
-1.224647e-15
0.000000e+00
3.778038e-01
6.980904e-01
9.120991e-01
9.872489e-01
9.120991e-01
6.980904e-01
3.778038e-01
3.203237e-08
-3.778038e-01
-6.980904e-01
-9.120990e-01
-9.872489e-01
-9.120990e-01
-6.980904e-01
-3.778038e-01
-1.419532e-08
3.778038e-01
6.980904e-01
9.120990e-01
9.872489e-01
9.120990e-01
6.980904e-01
3.778038e-01
-4.347699e-08
-3.778038e-01
-6.980904e-01
-9.120991e-01
-9.872489e-01
-9.120991e-01
-6.980904e-01
-3.778038e-01
-2.497854e-09
3.778038e-01
6.980904e-01
9.120991e-01
9.872490e-01
9.120991e-01
6.980905e-01
3.778039e-01
1.369669e-07
-3.778037e-01
-6.980902e-01
-9.120989e-01
-9.872487e-01
-9.120989e-01
-6.980902e-01
-3.778037e-01
1.367112e-07
3.778039e-01
6.980905e-01
9.120992e-01
9.872490e-01
9.120992e-01
6.980905e-01
3.778039e-01
1.100388e-07
-3.778037e-01
-6.980903e-01
-9.120990e-01
-9.872488e-01
-9.120990e-01
-6.980903e-01
-3.778038e-01
3.661855e-08
3.778038e-01
6.980904e-01
9.120991e-01
9.872489e-01
9.120991e-01
6.980905e-01
3.778039e-01
8.195861e-08
-3.778037e-01
-6.980903e-01
-9.120990e-01
-9.872488e-01
-9.120990e-01
-6.980904e-01
-3.778038e-01
-1.224647e-15
0.000000e+00
3.778038e-01
6.980904e-01
9.120990e-01
9.872489e-01
9.120990e-01
6.980904e-01
3.778038e-01
4.218549e-08
-3.778037e-01
-6.980903e-01
-9.120989e-01
-9.872488e-01
-9.120990e-01
-6.980903e-01
-3.778038e-01
-3.530807e-09
3.778038e-01
6.980903e-01
9.120990e-01
9.872488e-01
9.120990e-01
6.980903e-01
3.778037e-01
-2.807735e-08
-3.778038e-01
-6.980904e-01
-9.120990e-01
-9.872489e-01
-9.120990e-01
-6.980904e-01
-3.778038e-01
-4.725447e-09
3.778038e-01
6.980904e-01
9.120990e-01
9.872489e-01
9.120991e-01
6.980904e-01
3.778039e-01
1.239526e-07
-3.778036e-01
-6.980902e-01
-9.120988e-01
-9.872487e-01
-9.120988e-01
-6.980902e-01
-3.778036e-01
1.223662e-07
3.778039e-01
6.980905e-01
9.120991e-01
9.872489e-01
9.120991e-01
6.980905e-01
3.778039e-01
1.108160e-07
-3.778037e-01
-6.980902e-01
-9.120989e-01
-9.872487e-01
-9.120989e-01
-6.980903e-01
-3.778037e-01
3.151776e-08
3.778038e-01
6.980904e-01
9.120990e-01
9.872488e-01
9.120990e-01
6.980904e-01
3.778038e-01
7.200442e-08
-3.778037e-01
-6.980903e-01
-9.120989e-01
-9.872487e-01
-9.120989e-01
-6.980903e-01
-3.778037e-01
-1.224647e-15
0.000000e+00
3.778038e-01
6.980903e-01
9.120990e-01
9.872488e-01
9.120990e-01
6.980904e-01
3.778038e-01
4.950167e-08
-3.778037e-01
-6.980902e-01
-9.120989e-01
-9.872487e-01
-9.120989e-01
-6.980903e-01
-3.778037e-01
7.997329e-09
3.778037e-01
6.980903e-01
9.120989e-01
9.872488e-01
9.120989e-01
6.980903e-01
3.778037e-01
-1.089449e-08
-3.778038e-01
-6.980903e-01
-9.120990e-01
-9.872488e-01
-9.120990e-01
-6.980903e-01
-3.778038e-01
-6.726191e-09
3.778038e-01
6.980903e-01
9.120990e-01
9.872488e-01
9.120990e-01
6.980904e-01
3.778038e-01
1.091261e-07
-3.778036e-01
-6.980902e-01
-9.120988e-01
-9.872486e-01
-9.120988e-01
-6.980902e-01
-3.778036e-01
1.071687e-07
3.778039e-01
6.980904e-01
9.120990e-01
9.872489e-01
9.120990e-01
6.980904e-01
3.778039e-01
1.112845e-07
-3.778036e-01
-6.980902e-01
-9.120988e-01
-9.872487e-01
-9.120989e-01
-6.980902e-01
-3.778037e-01
2.532131e-08
3.778038e-01
6.980903e-01
9.120989e-01
9.872488e-01
9.120990e-01
6.980903e-01
3.778038e-01
6.391391e-08
-3.778037e-01
-6.980902e-01
-9.120988e-01
-9.872487e-01
-9.120989e-01
-6.980903e-01
-3.778037e-01
-1.224647e-15
0.000000e+00
3.778037e-01
6.980903e-01
9.120989e-01
9.872488e-01
9.120990e-01
6.980903e-01
3.778038e-01
5.338489e-08
-3.778037e-01
-6.980902e-01
-9.120988e-01
-9.872487e-01
-9.120989e-01
-6.980902e-01
-3.778037e-01
2.330793e-08
3.778038e-01
6.980903e-01
9.120989e-01
9.872487e-01
9.120989e-01
6.980903e-01
3.778037e-01
1.638359e-09
-3.778037e-01
-6.980903e-01
-9.120989e-01
-9.872488e-01
-9.120989e-01
-6.980903e-01
-3.778037e-01
-2.503152e-09
3.778037e-01
6.980903e-01
9.120989e-01
9.872488e-01
9.120990e-01
6.980903e-01
3.778038e-01
8.704791e-08
-3.778036e-01
-6.980902e-01
-9.120988e-01
-9.872486e-01
-9.120988e-01
-6.980902e-01
-3.778036e-01
9.756900e-08
3.778038e-01
6.980904e-01
9.120990e-01
9.872488e-01
9.120990e-01
6.980904e-01
3.778038e-01
1.052621e-07
-3.778036e-01
-6.980902e-01
-9.120988e-01
-9.872487e-01
-9.120988e-01
-6.980902e-01
-3.778037e-01
2.301983e-08
3.778037e-01
6.980903e-01
9.120989e-01
9.872487e-01
9.120989e-01
6.980903e-01
3.778038e-01
5.503756e-08
-3.778037e-01
-6.980902e-01
-9.120988e-01
-9.872487e-01
-9.120988e-01
-6.980902e-01
-3.778037e-01
-1.224647e-15
0.000000e+00
3.778037e-01
6.980903e-01
9.120989e-01
9.872488e-01
9.120989e-01
6.980903e-01
3.778038e-01
5.598993e-08
-3.778037e-01
-6.980902e-01
-9.120988e-01
-9.872486e-01
-9.120988e-01
-6.980902e-01
-3.778037e-01
4.201480e-08
3.778038e-01
6.980903e-01
9.120989e-01
9.872487e-01
9.120989e-01
6.980903e-01
3.778037e-01
8.363125e-09
-3.778037e-01
-6.980903e-01
-9.120989e-01
-9.872487e-01
-9.120989e-01
-6.980903e-01
-3.778037e-01
7.575605e-09
3.778037e-01
6.980903e-01
9.120989e-01
9.872487e-01
9.120989e-01
6.980903e-01
3.778038e-01
5.913516e-08
-3.778037e-01
-6.980902e-01
-9.120988e-01
-9.872486e-01
-9.120988e-01
-6.980902e-01
-3.778036e-01
9.347621e-08
3.778038e-01
6.980903e-01
9.120990e-01
9.872488e-01
9.120990e-01
6.980904e-01
3.778038e-01
9.260406e-08
-3.778036e-01
-6.980902e-01
-9.120988e-01
-9.872486e-01
-9.120988e-01
-6.980902e-01
-3.778037e-01
2.459910e-08
3.778037e-01
6.980903e-01
9.120989e-01
9.872487e-01
9.120989e-01
6.980903e-01
3.778038e-01
4.373201e-08
-3.778037e-01
-6.980902e-01
-9.120988e-01
-9.872486e-01
-9.120988e-01
-6.980902e-01
-3.778037e-01
-1.224647e-15
0.000000e+00
3.778037e-01
6.980903e-01
9.120989e-01
9.872487e-01
9.120989e-01
6.980903e-01
3.778038e-01
6.061317e-08
-3.778037e-01
-6.980902e-01
-9.120988e-01
-9.872486e-01
-9.120988e-01
-6.980902e-01
-3.778037e-01
5.909887e-08
3.778038e-01
6.980903e-01
9.120989e-01
9.872487e-01
9.120989e-01
6.980903e-01
3.778037e-01
1.604118e-08
-3.778037e-01
-6.980902e-01
-9.120989e-01
-9.872487e-01
-9.120989e-01
-6.980902e-01
-3.778037e-01
1.523205e-08
3.778037e-01
6.980903e-01
9.120989e-01
9.872487e-01
9.120989e-01
6.980903e-01
3.778037e-01
3.438716e-08
-3.778037e-01
-6.980902e-01
-9.120988e-01
-9.872486e-01
-9.120988e-01
-6.980902e-01
-3.778036e-01
8.692578e-08
3.778038e-01
6.980903e-01
9.120989e-01
9.872488e-01
9.120989e-01
6.980903e-01
3.778038e-01
8.091479e-08
-3.778036e-01
-6.980902e-01
-9.120988e-01
-9.872486e-01
-9.120988e-01
-6.980902e-01
-3.778037e-01
2.323972e-08
3.778037e-01
6.980902e-01
9.120989e-01
9.872487e-01
9.120989e-01
6.980902e-01
3.778037e-01
3.319678e-08
-3.778037e-01
-6.980902e-01
-9.120988e-01
-9.872486e-01
-9.120988e-01
-6.980902e-01
-3.778037e-01
-1.224647e-15
0.000000e+00
3.778037e-01
6.980903e-01
9.120989e-01
9.872487e-01
9.120989e-01
6.980903e-01
3.778038e-01
6.840124e-08
-3.778036e-01
-6.980902e-01
-9.120988e-01
-9.872486e-01
-9.120988e-01
-6.980902e-01
-3.778036e-01
6.987198e-08
3.778038e-01
6.980903e-01
9.120989e-01
9.872487e-01
9.120989e-01
6.980903e-01
3.778038e-01
3.148056e-08
-3.778037e-01
-6.980902e-01
-9.120988e-01
-9.872487e-01
-9.120988e-01
-6.980902e-01
-3.778037e-01
1.330624e-08
3.778037e-01
6.980903e-01
9.120989e-01
9.872487e-01
9.120989e-01
6.980902e-01
3.778037e-01
1.984858e-08
-3.778037e-01
-6.980902e-01
-9.120988e-01
-9.872486e-01
-9.120988e-01
-6.980902e-01
-3.778036e-01
7.119025e-08
3.778038e-01
6.980903e-01
9.120989e-01
9.872488e-01
9.120989e-01
6.980903e-01
3.778038e-01
7.700181e-08
-3.778036e-01
-6.980902e-01
-9.120988e-01
-9.872486e-01
-9.120988e-01
-6.980902e-01
-3.778037e-01
1.316405e-08
3.778037e-01
6.980902e-01
9.120988e-01
9.872487e-01
9.120988e-01
6.980902e-01
3.778037e-01
2.724386e-08
-3.778037e-01
-6.980902e-01
-9.120988e-01
-9.872486e-01
-9.120988e-01
-6.980902e-01
-3.778037e-01
-1.224647e-15
0.000000e+00
3.778037e-01
6.980903e-01
9.120989e-01
9.872487e-01
9.120989e-01
6.980903e-01
3.778038e-01
7.671053e-08
-3.778036e-01
-6.980902e-01
-9.120988e-01
-9.872486e-01
-9.120988e-01
-6.980902e-01
-3.778036e-01
7.501477e-08
3.778038e-01
6.980903e-01
9.120989e-01
9.872487e-01
9.120989e-01
6.980903e-01
3.778038e-01
5.337178e-08
-3.778037e-01
-6.980902e-01
-9.120988e-01
-9.872486e-01
-9.120988e-01
-6.980902e-01
-3.778037e-01
3.810059e-09
3.778037e-01
6.980902e-01
9.120989e-01
9.872487e-01
9.120989e-01
6.980902e-01
3.778037e-01
1.286409e-08
-3.778037e-01
-6.980902e-01
-9.120988e-01
-9.872486e-01
-9.120988e-01
-6.980902e-01
-3.778037e-01
4.860997e-08
3.778038e-01
6.980903e-01
9.120989e-01
9.872487e-01
9.120989e-01
6.980903e-01
3.778038e-01
7.925715e-08
-3.778036e-01
-6.980902e-01
-9.120988e-01
-9.872486e-01
-9.120988e-01
-6.980902e-01
-3.778037e-01
-3.356301e-09
3.778037e-01
6.980902e-01
9.120988e-01
9.872487e-01
9.120988e-01
6.980902e-01
3.778037e-01
2.505352e-08
-3.778037e-01
-6.980902e-01
-9.120988e-01
-9.872486e-01
-9.120988e-01
-6.980902e-01
-3.778037e-01
-1.224647e-15
0.000000e+00
3.778037e-01
6.980903e-01
9.120989e-01
9.872487e-01
9.120989e-01
6.980903e-01
3.778038e-01
8.104933e-08
-3.778036e-01
-6.980901e-01
-9.120988e-01
-9.872486e-01
-9.120988e-01
-6.980901e-01
-3.778036e-01
7.961803e-08
3.778038e-01
6.980903e-01
9.120989e-01
9.872487e-01
9.120989e-01
6.980903e-01
3.778038e-01
7.358878e-08
-3.778036e-01
-6.980902e-01
-9.120988e-01
-9.872486e-01
-9.120988e-01
-6.980902e-01
-3.778037e-01
-4.633340e-09
3.778037e-01
6.980902e-01
9.120988e-01
9.872487e-01
9.120988e-01
6.980902e-01
3.778037e-01
4.434189e-09
-3.778037e-01
-6.980902e-01
-9.120988e-01
-9.872487e-01
-9.120988e-01
-6.980902e-01
-3.778037e-01
2.777073e-08
3.778037e-01
6.980903e-01
9.120989e-01
9.872487e-01
9.120989e-01
6.980903e-01
3.778038e-01
8.006724e-08
-3.778036e-01
-6.980902e-01
-9.120988e-01
-9.872486e-01
-9.120988e-01
-6.980902e-01
-3.778037e-01
-1.841916e-08
3.778037e-01
6.980902e-01
9.120988e-01
9.872487e-01
9.120988e-01
6.980902e-01
3.778037e-01
2.225866e-08
-3.778037e-01
-6.980902e-01
-9.120988e-01
-9.872486e-01
-9.120988e-01
-6.980902e-01
-3.778037e-01
-1.224647e-15
0.000000e+00
3.778037e-01
6.980902e-01
9.120989e-01
9.872487e-01
9.120989e-01
6.980903e-01
3.778038e-01
7.891141e-08
-3.778036e-01
-6.980901e-01
-9.120988e-01
-9.872486e-01
-9.120988e-01
-6.980901e-01
-3.778036e-01
8.768026e-08
3.778038e-01
6.980903e-01
9.120989e-01
9.872488e-01
9.120989e-01
6.980903e-01
3.778038e-01
8.556131e-08
-3.778036e-01
-6.980902e-01
-9.120988e-01
-9.872486e-01
-9.120988e-01
-6.980902e-01
-3.778037e-01
-6.125399e-09
3.778037e-01
6.980902e-01
9.120988e-01
9.872487e-01
9.120988e-01
6.980902e-01
3.778037e-01
-1.097917e-08
-3.778037e-01
-6.980902e-01
-9.120988e-01
-9.872487e-01
-9.120988e-01
-6.980902e-01
-3.778037e-01
1.424863e-08
3.778037e-01
6.980903e-01
9.120989e-01
9.872487e-01
9.120989e-01
6.980903e-01
3.778038e-01
7.435290e-08
-3.778036e-01
-6.980902e-01
-9.120988e-01
-9.872486e-01
-9.120988e-01
-6.980902e-01
-3.778037e-01
-2.660481e-08
3.778037e-01
6.980902e-01
9.120988e-01
9.872486e-01
9.120988e-01
6.980902e-01
3.778037e-01
1.625724e-08
-3.778037e-01
-6.980902e-01
-9.120988e-01
-9.872486e-01
-9.120988e-01
-6.980902e-01
-3.778037e-01
-1.224647e-15
0.000000e+00
3.778037e-01
6.980902e-01
9.120989e-01
9.872487e-01
9.120989e-01
6.980903e-01
3.778038e-01
7.181854e-08
-3.778036e-01
-6.980901e-01
-9.120987e-01
-9.872486e-01
-9.120987e-01
-6.980901e-01
-3.778036e-01
9.844611e-08
3.778038e-01
6.980903e-01
9.120989e-01
9.872488e-01
9.120989e-01
6.980903e-01
3.778038e-01
8.979133e-08
-3.778036e-01
-6.980901e-01
-9.120988e-01
-9.872486e-01
-9.120988e-01
-6.980902e-01
-3.778037e-01
-2.584941e-09
3.778037e-01
6.980902e-01
9.120988e-01
9.872486e-01
9.120988e-01
6.980902e-01
3.778037e-01
-3.067934e-08
-3.778037e-01
-6.980902e-01
-9.120989e-01
-9.872487e-01
-9.120988e-01
-6.980902e-01
-3.778037e-01
5.942667e-09
3.778037e-01
6.980902e-01
9.120989e-01
9.872487e-01
9.120989e-01
6.980903e-01
3.778038e-01
6.391336e-08
-3.778036e-01
-6.980902e-01
-9.120988e-01
-9.872486e-01
-9.120988e-01
-6.980902e-01
-3.778037e-01
-2.910459e-08
3.778037e-01
6.980902e-01
9.120988e-01
9.872486e-01
9.120988e-01
6.980902e-01
3.778037e-01
8.627125e-09
-3.778037e-01
-6.980902e-01
-9.120988e-01
-9.872486e-01
-9.120988e-01
-6.980902e-01
-3.778037e-01
-1.224647e-15
0.000000e+00
3.778037e-01
6.980902e-01
9.120988e-01
9.872487e-01
9.120989e-01
6.980903e-01
3.778038e-01
6.363141e-08
-3.778036e-01
-6.980901e-01
-9.120987e-01
-9.872486e-01
-9.120987e-01
-6.980901e-01
-3.778036e-01
1.081759e-07
3.778038e-01
6.980903e-01
9.120989e-01
9.872488e-01
9.120989e-01
6.980903e-01
3.778038e-01
9.128047e-08
-3.778036e-01
-6.980901e-01
-9.120988e-01
-9.872486e-01
-9.120988e-01
-6.980902e-01
-3.778037e-01
1.408601e-10
3.778037e-01
6.980902e-01
9.120988e-01
9.872486e-01
9.120988e-01
6.980902e-01
3.778037e-01
-4.839802e-08
-3.778037e-01
-6.980903e-01
-9.120989e-01
-9.872487e-01
-9.120988e-01
-6.980902e-01
-3.778037e-01
-2.698037e-09
3.778037e-01
6.980902e-01
9.120988e-01
9.872487e-01
9.120989e-01
6.980903e-01
3.778038e-01
5.366435e-08
-3.778036e-01
-6.980902e-01
-9.120988e-01
-9.872486e-01
-9.120988e-01
-6.980902e-01
-3.778037e-01
-3.033078e-08
3.778037e-01
6.980902e-01
9.120988e-01
9.872486e-01
9.120988e-01
6.980902e-01
3.778037e-01
2.225846e-09
-3.778037e-01
-6.980902e-01
-9.120988e-01
-9.872486e-01
-9.120988e-01
-6.980902e-01
-3.778037e-01
-1.224647e-15
0.000000e+00
3.778037e-01
6.980902e-01
9.120988e-01
9.872487e-01
9.120989e-01
6.980903e-01
3.778037e-01
5.695008e-08
-3.778036e-01
-6.980901e-01
-9.120987e-01
-9.872486e-01
-9.120987e-01
-6.980901e-01
-3.778036e-01
1.145760e-07
3.778038e-01
6.980903e-01
9.120989e-01
9.872488e-01
9.120989e-01
6.980903e-01
3.778038e-01
9.317149e-08
-3.778036e-01
-6.980901e-01
-9.120987e-01
-9.872486e-01
-9.120988e-01
-6.980902e-01
-3.778037e-01
-6.140391e-10
3.778037e-01
6.980902e-01
9.120988e-01
9.872486e-01
9.120988e-01
6.980902e-01
3.778036e-01
-6.186207e-08
-3.778038e-01
-6.980903e-01
-9.120989e-01
-9.872487e-01
-9.120989e-01
-6.980902e-01
-3.778037e-01
-1.370182e-08
3.778037e-01
6.980902e-01
9.120988e-01
9.872487e-01
9.120988e-01
6.980902e-01
3.778037e-01
4.553580e-08
-3.778037e-01
-6.980902e-01
-9.120988e-01
-9.872486e-01
-9.120988e-01
-6.980902e-01
-3.778037e-01
-3.235030e-08
3.778037e-01
6.980902e-01
9.120988e-01
9.872486e-01
9.120988e-01
6.980902e-01
3.778037e-01
-2.670362e-09
-3.778037e-01
-6.980902e-01
-9.120988e-01
-9.872486e-01
-9.120988e-01
-6.980902e-01
-3.778037e-01
-1.224647e-15
0.000000e+00
3.778037e-01
6.980902e-01
9.120988e-01
9.872487e-01
9.120989e-01
6.980902e-01
3.778037e-01
5.134900e-08
-3.778036e-01
-6.980901e-01
-9.120987e-01
-9.872486e-01
-9.120987e-01
-6.980901e-01
-3.778036e-01
1.185038e-07
3.778038e-01
6.980903e-01
9.120989e-01
9.872488e-01
9.120989e-01
6.980903e-01
3.778038e-01
9.423348e-08
-3.778036e-01
-6.980901e-01
-9.120987e-01
-9.872486e-01
-9.120988e-01
-6.980902e-01
-3.778037e-01
-2.411279e-09
3.778037e-01
6.980902e-01
9.120988e-01
9.872486e-01
9.120988e-01
6.980901e-01
3.778036e-01
-7.441926e-08
-3.778038e-01
-6.980903e-01
-9.120989e-01
-9.872487e-01
-9.120989e-01
-6.980903e-01
-3.778037e-01
-2.415077e-08
3.778037e-01
6.980902e-01
9.120988e-01
9.872487e-01
9.120988e-01
6.980902e-01
3.778037e-01
3.743544e-08
-3.778037e-01
-6.980902e-01
-9.120988e-01
-9.872486e-01
-9.120988e-01
-6.980902e-01
-3.778037e-01
-3.373564e-08
3.778037e-01
6.980902e-01
9.120988e-01
9.872486e-01
9.120988e-01
6.980902e-01
3.778037e-01
-8.382561e-09
-3.778037e-01
-6.980902e-01
-9.120988e-01
-9.872486e-01
-9.120988e-01
-6.980902e-01
-3.778037e-01
-1.224647e-15
0.000000e+00
3.778037e-01
6.980902e-01
9.120988e-01
9.872487e-01
9.120988e-01
6.980902e-01
3.778037e-01
4.510565e-08
-3.778036e-01
-6.980902e-01
-9.120988e-01
-9.872486e-01
-9.120987e-01
-6.980901e-01
-3.778036e-01
1.212208e-07
3.778038e-01
6.980904e-01
9.120990e-01
9.872488e-01
9.120989e-01
6.980903e-01
3.778038e-01
9.236544e-08
-3.778036e-01
-6.980901e-01
-9.120988e-01
-9.872486e-01
-9.120988e-01
-6.980902e-01
-3.778037e-01
-2.466813e-09
3.778037e-01
6.980902e-01
9.120988e-01
9.872486e-01
9.120988e-01
6.980901e-01
3.778036e-01
-8.952201e-08
-3.778038e-01
-6.980903e-01
-9.120989e-01
-9.872487e-01
-9.120989e-01
-6.980903e-01
-3.778037e-01
-3.128947e-08
3.778037e-01
6.980902e-01
9.120988e-01
9.872487e-01
9.120988e-01
6.980902e-01
3.778037e-01
2.777217e-08
-3.778037e-01
-6.980902e-01
-9.120988e-01
-9.872486e-01
-9.120988e-01
-6.980902e-01
-3.778037e-01
-3.318855e-08
3.778037e-01
6.980902e-01
9.120988e-01
9.872486e-01
9.120988e-01
6.980902e-01
3.778037e-01
-1.639236e-08
-3.778037e-01
-6.980902e-01
-9.120988e-01
-9.872486e-01
-9.120988e-01
-6.980902e-01
-3.778037e-01
-1.224647e-15
0.000000e+00
3.778037e-01
6.980902e-01
9.120988e-01
9.872487e-01
9.120988e-01
6.980902e-01
3.778037e-01
3.804213e-08
-3.778037e-01
-6.980902e-01
-9.120988e-01
-9.872486e-01
-9.120987e-01
-6.980901e-01
-3.778036e-01
1.210696e-07
3.778038e-01
6.980904e-01
9.120990e-01
9.872488e-01
9.120990e-01
6.980903e-01
3.778038e-01
8.898197e-08
-3.778036e-01
-6.980902e-01
-9.120988e-01
-9.872486e-01
-9.120988e-01
-6.980902e-01
-3.778037e-01
-2.652351e-09
3.778037e-01
6.980902e-01
9.120988e-01
9.872486e-01
9.120988e-01
6.980901e-01
3.778036e-01
-1.052146e-07
-3.778038e-01
-6.980903e-01
-9.120989e-01
-9.872488e-01
-9.120989e-01
-6.980903e-01
-3.778038e-01
-3.737266e-08
3.778037e-01
6.980902e-01
9.120988e-01
9.872487e-01
9.120989e-01
6.980902e-01
3.778037e-01
1.926951e-08
-3.778037e-01
-6.980902e-01
-9.120988e-01
-9.872487e-01
-9.120988e-01
-6.980902e-01
-3.778037e-01
-3.267915e-08
3.778037e-01
6.980902e-01
9.120988e-01
9.872486e-01
9.120988e-01
6.980902e-01
3.778037e-01
-2.484899e-08
-3.778037e-01
-6.980902e-01
-9.120988e-01
-9.872487e-01
-9.120988e-01
-6.980902e-01
-3.778037e-01
-1.224647e-15
0.000000e+00
3.778037e-01
6.980902e-01
9.120988e-01
9.872487e-01
9.120988e-01
6.980903e-01
3.778037e-01
3.172501e-08
-3.778037e-01
-6.980902e-01
-9.120988e-01
-9.872486e-01
-9.120988e-01
-6.980901e-01
-3.778036e-01
1.144753e-07
3.778038e-01
6.980904e-01
9.120990e-01
9.872488e-01
9.120990e-01
6.980903e-01
3.778038e-01
8.821191e-08
-3.778036e-01
-6.980902e-01
-9.120988e-01
-9.872486e-01
-9.120988e-01
-6.980902e-01
-3.778037e-01
-8.119889e-09
3.778037e-01
6.980902e-01
9.120988e-01
9.872486e-01
9.120988e-01
6.980901e-01
3.778036e-01
-1.156843e-07
-3.778038e-01
-6.980903e-01
-9.120990e-01
-9.872488e-01
-9.120989e-01
-6.980903e-01
-3.778038e-01
-4.781491e-08
3.778037e-01
6.980902e-01
9.120988e-01
9.872487e-01
9.120988e-01
6.980902e-01
3.778037e-01
1.672630e-08
-3.778037e-01
-6.980902e-01
-9.120988e-01
-9.872487e-01
-9.120988e-01
-6.980902e-01
-3.778037e-01
-3.589532e-08
3.778037e-01
6.980902e-01
9.120988e-01
9.872486e-01
9.120988e-01
6.980902e-01
3.778037e-01
-3.001148e-08
-3.778037e-01
-6.980902e-01
-9.120988e-01
-9.872487e-01
-9.120988e-01
-6.980902e-01
-3.778037e-01
-1.224647e-15
0.000000e+00
3.778037e-01
6.980902e-01
9.120988e-01
9.872487e-01
9.120988e-01
6.980902e-01
3.778037e-01
2.664200e-08
-3.778037e-01
-6.980902e-01
-9.120988e-01
-9.872486e-01
-9.120988e-01
-6.980901e-01
-3.778036e-01
1.009179e-07
3.778038e-01
6.980903e-01
9.120990e-01
9.872488e-01
9.120990e-01
6.980903e-01
3.778038e-01
9.134986e-08
-3.778036e-01
-6.980902e-01
-9.120988e-01
-9.872486e-01
-9.120988e-01
-6.980902e-01
-3.778037e-01
-2.064580e-08
3.778037e-01
6.980902e-01
9.120988e-01
9.872486e-01
9.120987e-01
6.980901e-01
3.778036e-01
-1.185762e-07
-3.778038e-01
-6.980903e-01
-9.120990e-01
-9.872488e-01
-9.120989e-01
-6.980903e-01
-3.778038e-01
-6.423839e-08
3.778037e-01
6.980902e-01
9.120988e-01
9.872487e-01
9.120988e-01
6.980902e-01
3.778037e-01
2.080361e-08
-3.778037e-01
-6.980902e-01
-9.120988e-01
-9.872487e-01
-9.120988e-01
-6.980902e-01
-3.778037e-01
-4.369674e-08
3.778037e-01
6.980902e-01
9.120988e-01
9.872486e-01
9.120988e-01
6.980902e-01
3.778037e-01
-3.006661e-08
-3.778037e-01
-6.980902e-01
-9.120988e-01
-9.872487e-01
-9.120988e-01
-6.980902e-01
-3.778037e-01
-1.224647e-15
0.000000e+00
3.778037e-01
6.980902e-01
9.120988e-01
9.872487e-01
9.120988e-01
6.980902e-01
3.778037e-01
2.034469e-08
-3.778037e-01
-6.980902e-01
-9.120988e-01
-9.872486e-01
-9.120988e-01
-6.980902e-01
-3.778036e-01
8.575621e-08
3.778038e-01
6.980903e-01
9.120990e-01
9.872488e-01
9.120990e-01
6.980903e-01
3.778038e-01
9.356078e-08
-3.778036e-01
-6.980902e-01
-9.120988e-01
-9.872486e-01
-9.120988e-01
-6.980902e-01
-3.778037e-01
-3.478107e-08
3.778037e-01
6.980902e-01
9.120988e-01
9.872486e-01
9.120987e-01
6.980901e-01
3.778036e-01
-1.193714e-07
-3.778038e-01
-6.980904e-01
-9.120990e-01
-9.872488e-01
-9.120990e-01
-6.980903e-01
-3.778038e-01
-8.077237e-08
3.778036e-01
6.980902e-01
9.120988e-01
9.872487e-01
9.120989e-01
6.980903e-01
3.778037e-01
2.542751e-08
-3.778037e-01
-6.980902e-01
-9.120988e-01
-9.872487e-01
-9.120989e-01
-6.980903e-01
-3.778038e-01
-5.216436e-08
3.778036e-01
6.980902e-01
9.120988e-01
9.872486e-01
9.120988e-01
6.980902e-01
3.778037e-01
-2.721901e-08
-3.778037e-01
-6.980902e-01
-9.120988e-01
-9.872487e-01
-9.120988e-01
-6.980902e-01
-3.778037e-01
-1.224647e-15
0.000000e+00
3.778037e-01
6.980902e-01
9.120988e-01
9.872487e-01
9.120988e-01
6.980902e-01
3.778037e-01
9.898443e-09
-3.778037e-01
-6.980902e-01
-9.120988e-01
-9.872486e-01
-9.120988e-01
-6.980902e-01
-3.778036e-01
7.612648e-08
3.778038e-01
6.980903e-01
9.120990e-01
9.872488e-01
9.120990e-01
6.980903e-01
3.778038e-01
8.812925e-08
-3.778036e-01
-6.980902e-01
-9.120988e-01
-9.872487e-01
-9.120988e-01
-6.980902e-01
-3.778037e-01
-4.254472e-08
3.778037e-01
6.980902e-01
9.120988e-01
9.872486e-01
9.120987e-01
6.980901e-01
3.778036e-01
-1.266281e-07
-3.778038e-01
-6.980904e-01
-9.120990e-01
-9.872488e-01
-9.120990e-01
-6.980904e-01
-3.778038e-01
-8.912586e-08
3.778036e-01
6.980902e-01
9.120988e-01
9.872487e-01
9.120989e-01
6.980903e-01
3.778037e-01
2.308177e-08
-3.778037e-01
-6.980902e-01
-9.120989e-01
-9.872487e-01
-9.120989e-01
-6.980903e-01
-3.778038e-01
-5.618085e-08
3.778036e-01
6.980902e-01
9.120988e-01
9.872486e-01
9.120988e-01
6.980902e-01
3.778037e-01
-2.583861e-08
-3.778037e-01
-6.980903e-01
-9.120989e-01
-9.872487e-01
-9.120989e-01
-6.980902e-01
-3.778037e-01
-1.224647e-15
0.000000e+00
3.778037e-01
6.980902e-01
9.120988e-01
9.872487e-01
9.120988e-01
6.980902e-01
3.778037e-01
-3.961372e-09
-3.778037e-01
-6.980902e-01
-9.120988e-01
-9.872487e-01
-9.120988e-01
-6.980902e-01
-3.778037e-01
7.352887e-08
3.778038e-01
6.980903e-01
9.120990e-01
9.872488e-01
9.120990e-01
6.980903e-01
3.778038e-01
7.430691e-08
-3.778037e-01
-6.980902e-01
-9.120988e-01
-9.872487e-01
-9.120989e-01
-6.980903e-01
-3.778037e-01
-4.220506e-08
3.778037e-01
6.980902e-01
9.120988e-01
9.872486e-01
9.120987e-01
6.980901e-01
3.778036e-01
-1.426115e-07
-3.778039e-01
-6.980904e-01
-9.120990e-01
-9.872488e-01
-9.120990e-01
-6.980904e-01
-3.778038e-01
-8.757868e-08
3.778037e-01
6.980902e-01
9.120988e-01
9.872487e-01
9.120989e-01
6.980903e-01
3.778037e-01
1.283638e-08
-3.778037e-01
-6.980903e-01
-9.120989e-01
-9.872487e-01
-9.120989e-01
-6.980903e-01
-3.778038e-01
-5.492391e-08
3.778037e-01
6.980902e-01
9.120988e-01
9.872486e-01
9.120988e-01
6.980902e-01
3.778037e-01
-2.853415e-08
-3.778037e-01
-6.980903e-01
-9.120989e-01
-9.872487e-01
-9.120989e-01
-6.980903e-01
-3.778037e-01
-1.224647e-15
0.000000e+00
3.778037e-01
6.980903e-01
9.120989e-01
9.872487e-01
9.120989e-01
6.980902e-01
3.778037e-01
-1.706798e-08
-3.778037e-01
-6.980903e-01
-9.120989e-01
-9.872487e-01
-9.120988e-01
-6.980902e-01
-3.778037e-01
7.214990e-08
3.778038e-01
6.980903e-01
9.120990e-01
9.872488e-01
9.120990e-01
6.980903e-01
3.778038e-01
5.902272e-08
-3.778037e-01
-6.980902e-01
-9.120989e-01
-9.872487e-01
-9.120989e-01
-6.980903e-01
-3.778038e-01
-4.054594e-08
3.778037e-01
6.980902e-01
9.120988e-01
9.872486e-01
9.120988e-01
6.980901e-01
3.778036e-01
-1.604158e-07
-3.778039e-01
-6.980904e-01
-9.120990e-01
-9.872489e-01
-9.120990e-01
-6.980904e-01
-3.778038e-01
-8.316187e-08
3.778037e-01
6.980902e-01
9.120989e-01
9.872487e-01
9.120989e-01
6.980903e-01
3.778037e-01
1.455588e-09
-3.778037e-01
-6.980903e-01
-9.120989e-01
-9.872487e-01
-9.120989e-01
-6.980903e-01
-3.778038e-01
-5.279928e-08
3.778037e-01
6.980902e-01
9.120988e-01
9.872487e-01
9.120988e-01
6.980902e-01
3.778037e-01
-3.405517e-08
-3.778038e-01
-6.980903e-01
-9.120989e-01
-9.872487e-01
-9.120989e-01
-6.980903e-01
-3.778037e-01
-1.224647e-15
0.000000e+00
3.778037e-01
6.980903e-01
9.120989e-01
9.872487e-01
9.120989e-01
6.980902e-01
3.778037e-01
-2.722876e-08
-3.778038e-01
-6.980903e-01
-9.120989e-01
-9.872487e-01
-9.120989e-01
-6.980902e-01
-3.778037e-01
6.587690e-08
3.778038e-01
6.980904e-01
9.120990e-01
9.872488e-01
9.120990e-01
6.980904e-01
3.778038e-01
4.927966e-08
-3.778037e-01
-6.980903e-01
-9.120989e-01
-9.872488e-01
-9.120989e-01
-6.980903e-01
-3.778038e-01
-4.502341e-08
3.778037e-01
6.980902e-01
9.120988e-01
9.872486e-01
9.120988e-01
6.980901e-01
3.778036e-01
-1.716696e-07
-3.778039e-01
-6.980905e-01
-9.120991e-01
-9.872489e-01
-9.120991e-01
-6.980904e-01
-3.778038e-01
-8.365649e-08
3.778037e-01
6.980902e-01
9.120989e-01
9.872487e-01
9.120989e-01
6.980903e-01
3.778037e-01
-4.540489e-09
-3.778038e-01
-6.980903e-01
-9.120989e-01
-9.872488e-01
-9.120990e-01
-6.980903e-01
-3.778038e-01
-5.441321e-08
3.778037e-01
6.980902e-01
9.120988e-01
9.872487e-01
9.120989e-01
6.980902e-01
3.778037e-01
-3.890577e-08
-3.778038e-01
-6.980903e-01
-9.120989e-01
-9.872488e-01
-9.120989e-01
-6.980903e-01
-3.778037e-01
-1.224647e-15
0.000000e+00
3.778038e-01
6.980903e-01
9.120990e-01
9.872488e-01
9.120989e-01
6.980903e-01
3.778037e-01
-3.727997e-08
-3.778038e-01
-6.980904e-01
-9.120990e-01
-9.872488e-01
-9.120990e-01
-6.980903e-01
-3.778037e-01
5.537843e-08
3.778038e-01
6.980904e-01
9.120990e-01
9.872489e-01
9.120990e-01
6.980904e-01
3.778038e-01
4.437025e-08
-3.778037e-01
-6.980903e-01
-9.120990e-01
-9.872488e-01
-9.120990e-01
-6.980904e-01
-3.778038e-01
-5.526023e-08
3.778037e-01
6.980902e-01
9.120989e-01
9.872487e-01
9.120988e-01
6.980902e-01
3.778036e-01
-1.754740e-07
-3.778039e-01
-6.980905e-01
-9.120991e-01
-9.872490e-01
-9.120991e-01
-6.980905e-01
-3.778039e-01
-8.908272e-08
3.778037e-01
6.980903e-01
9.120989e-01
9.872488e-01
9.120990e-01
6.980903e-01
3.778038e-01
-6.239881e-09
-3.778038e-01
-6.980904e-01
-9.120990e-01
-9.872489e-01
-9.120990e-01
-6.980904e-01
-3.778038e-01
-5.976021e-08
3.778037e-01
6.980903e-01
9.120989e-01
9.872487e-01
9.120989e-01
6.980903e-01
3.778037e-01
-4.069612e-08
-3.778038e-01
-6.980903e-01
-9.120990e-01
-9.872488e-01
-9.120990e-01
-6.980903e-01
-3.778038e-01
-1.224647e-15
0.000000e+00
3.778038e-01
6.980904e-01
9.120990e-01
9.872489e-01
9.120990e-01
6.980903e-01
3.778037e-01
-5.005005e-08
-3.778038e-01
-6.980904e-01
-9.120991e-01
-9.872489e-01
-9.120990e-01
-6.980904e-01
-3.778038e-01
4.564857e-08
3.778038e-01
6.980904e-01
9.120991e-01
9.872490e-01
9.120991e-01
6.980904e-01
3.778038e-01
3.825839e-08
-3.778038e-01
-6.980904e-01
-9.120990e-01
-9.872489e-01
-9.120991e-01
-6.980904e-01
-3.778038e-01
-6.489082e-08
3.778037e-01
6.980903e-01
9.120989e-01
9.872488e-01
9.120989e-01
6.980902e-01
3.778036e-01
-1.772176e-07
-3.778040e-01
-6.980906e-01
-9.120992e-01
-9.872490e-01
-9.120992e-01
-6.980905e-01
-3.778039e-01
-9.361415e-08
3.778037e-01
6.980903e-01
9.120990e-01
9.872489e-01
9.120990e-01
6.980904e-01
3.778038e-01
-9.489288e-09
-3.778038e-01
-6.980904e-01
-9.120991e-01
-9.872489e-01
-9.120991e-01
-6.980904e-01
-3.778039e-01
-6.571598e-08
3.778037e-01
6.980903e-01
9.120990e-01
9.872488e-01
9.120990e-01
6.980903e-01
3.778037e-01
-3.977173e-08
-3.778038e-01
-6.980904e-01
-9.120990e-01
-9.872489e-01
-9.120990e-01
-6.980904e-01
-3.778038e-01
-1.224647e-15
0.000000e+00
3.778038e-01
6.980905e-01
9.120991e-01
9.872490e-01
9.120991e-01
6.980904e-01
3.778038e-01
-6.181139e-08
-3.778039e-01
-6.980905e-01
-9.120992e-01
-9.872490e-01
-9.120992e-01
-6.980905e-01
-3.778038e-01
3.776586e-08
3.778039e-01
6.980905e-01
9.120992e-01
9.872491e-01
9.120992e-01
6.980905e-01
3.778039e-01
2.860998e-08
-3.778038e-01
-6.980905e-01
-9.120992e-01
-9.872490e-01
-9.120992e-01
-6.980905e-01
-3.778039e-01
-7.065397e-08
3.778038e-01
6.980904e-01
9.120990e-01
9.872489e-01
9.120990e-01
6.980903e-01
3.778037e-01
-1.798760e-07
-3.778040e-01
-6.980906e-01
-9.120993e-01
-9.872492e-01
-9.120993e-01
-6.980906e-01
-3.778040e-01
-9.456633e-08
3.778038e-01
6.980904e-01
9.120991e-01
9.872490e-01
9.120991e-01
6.980905e-01
3.778038e-01
-1.618820e-08
-3.778039e-01
-6.980905e-01
-9.120992e-01
-9.872491e-01
-9.120992e-01
-6.980905e-01
-3.778039e-01
-7.099959e-08
3.778038e-01
6.980904e-01
9.120991e-01
9.872489e-01
9.120991e-01
6.980904e-01
3.778038e-01
-3.809428e-08
-3.778039e-01
-6.980905e-01
-9.120992e-01
-9.872490e-01
-9.120991e-01
-6.980905e-01
-3.778038e-01
-1.224647e-15
0.000000e+00
3.778039e-01
6.980906e-01
9.120993e-01
9.872491e-01
9.120993e-01
6.980905e-01
3.778038e-01
-6.551586e-08
-3.778040e-01
-6.980906e-01
-9.120994e-01
-9.872492e-01
-9.120993e-01
-6.980906e-01
-3.778039e-01
2.772428e-08
3.778039e-01
6.980906e-01
9.120993e-01
9.872492e-01
9.120993e-01
6.980906e-01
3.778039e-01
1.902962e-08
-3.778039e-01
-6.980906e-01
-9.120993e-01
-9.872492e-01
-9.120993e-01
-6.980906e-01
-3.778040e-01
-7.516472e-08
3.778038e-01
6.980905e-01
9.120992e-01
9.872490e-01
9.120992e-01
6.980904e-01
3.778037e-01
-1.811011e-07
-3.778041e-01
-6.980908e-01
-9.120995e-01
-9.872493e-01
-9.120995e-01
-6.980907e-01
-3.778040e-01
-9.486123e-08
3.778038e-01
6.980905e-01
9.120993e-01
9.872491e-01
9.120993e-01
6.980906e-01
3.778039e-01
-2.289533e-08
-3.778039e-01
-6.980906e-01
-9.120994e-01
-9.872492e-01
-9.120994e-01
-6.980907e-01
-3.778040e-01
-7.652534e-08
3.778038e-01
6.980905e-01
9.120992e-01
9.872491e-01
9.120992e-01
6.980905e-01
3.778038e-01
-3.751442e-08
-3.778039e-01
-6.980906e-01
-9.120993e-01
-9.872492e-01
-9.120993e-01
-6.980906e-01
-3.778039e-01
-1.224647e-15
0.000000e+00
3.778040e-01
6.980908e-01
9.120995e-01
9.872494e-01
9.120995e-01
6.980907e-01
3.778039e-01
-6.101966e-08
-3.778041e-01
-6.980908e-01
-9.120996e-01
-9.872495e-01
-9.120996e-01
-6.980908e-01
-3.778040e-01
1.422855e-08
3.778040e-01
6.980908e-01
9.120996e-01
9.872495e-01
9.120996e-01
6.980908e-01
3.778040e-01
1.167349e-08
-3.778040e-01
-6.980908e-01
-9.120996e-01
-9.872495e-01
-9.120996e-01
-6.980908e-01
-3.778041e-01
-8.005876e-08
3.778039e-01
6.980907e-01
9.120994e-01
9.872493e-01
9.120994e-01
6.980906e-01
3.778038e-01
-1.795574e-07
-3.778042e-01
-6.980909e-01
-9.120997e-01
-9.872496e-01
-9.120997e-01
-6.980909e-01
-3.778041e-01
-9.597620e-08
3.778039e-01
6.980907e-01
9.120995e-01
9.872494e-01
9.120995e-01
6.980907e-01
3.778040e-01
-2.846956e-08
-3.778040e-01
-6.980908e-01
-9.120996e-01
-9.872495e-01
-9.120996e-01
-6.980908e-01
-3.778041e-01
-8.094239e-08
3.778039e-01
6.980907e-01
9.120995e-01
9.872494e-01
9.120995e-01
6.980907e-01
3.778039e-01
-3.936023e-08
-3.778040e-01
-6.980908e-01
-9.120995e-01
-9.872494e-01
-9.120995e-01
-6.980908e-01
-3.778040e-01
-1.224647e-15
0.000000e+00
3.778041e-01
6.980910e-01
9.120999e-01
9.872498e-01
9.120999e-01
6.980910e-01
3.778041e-01
-5.608557e-08
-3.778042e-01
-6.980911e-01
-9.121000e-01
-9.872499e-01
-9.120999e-01
-6.980911e-01
-3.778042e-01
1.761093e-09
3.778042e-01
6.980911e-01
9.120999e-01
9.872498e-01
9.120999e-01
6.980910e-01
3.778042e-01
3.522711e-09
-3.778042e-01
-6.980910e-01
-9.120999e-01
-9.872498e-01
-9.120999e-01
-6.980911e-01
-3.778042e-01
-8.239591e-08
3.778041e-01
6.980909e-01
9.120998e-01
9.872497e-01
9.120997e-01
6.980909e-01
3.778040e-01
-1.780520e-07
-3.778043e-01
-6.980912e-01
-9.121001e-01
-9.872500e-01
-9.121000e-01
-6.980912e-01
-3.778043e-01
-9.457635e-08
3.778041e-01
6.980910e-01
9.120998e-01
9.872498e-01
9.120998e-01
6.980910e-01
3.778041e-01
-3.695133e-08
-3.778042e-01
-6.980911e-01
-9.120999e-01
-9.872499e-01
-9.121000e-01
-6.980911e-01
-3.778042e-01
-8.068532e-08
3.778041e-01
6.980910e-01
9.120998e-01
9.872497e-01
9.120998e-01
6.980910e-01
3.778041e-01
-4.432500e-08
-3.778042e-01
-6.980910e-01
-9.120999e-01
-9.872498e-01
-9.120999e-01
-6.980910e-01
-3.778041e-01
-1.224647e-15
0.000000e+00
3.778044e-01
6.980914e-01
9.121004e-01
9.872503e-01
9.121004e-01
6.980914e-01
3.778043e-01
-5.446299e-08
-3.778044e-01
-6.980915e-01
-9.121005e-01
-9.872504e-01
-9.121005e-01
-6.980915e-01
-3.778044e-01
-7.645436e-09
3.778044e-01
6.980914e-01
9.121004e-01
9.872504e-01
9.121004e-01
6.980914e-01
3.778044e-01
-6.506199e-09
-3.778044e-01
-6.980914e-01
-9.121004e-01
-9.872504e-01
-9.121005e-01
-6.980915e-01
-3.778044e-01
-8.147044e-08
3.778043e-01
6.980913e-01
9.121003e-01
9.872502e-01
9.121003e-01
6.980913e-01
3.778042e-01
-1.766797e-07
-3.778045e-01
-6.980916e-01
-9.121006e-01
-9.872505e-01
-9.121005e-01
-6.980915e-01
-3.778045e-01
-8.985418e-08
3.778043e-01
6.980914e-01
9.121003e-01
9.872503e-01
9.121003e-01
6.980914e-01
3.778043e-01
-4.932189e-08
-3.778044e-01
-6.980915e-01
-9.121005e-01
-9.872504e-01
-9.121005e-01
-6.980915e-01
-3.778044e-01
-7.697168e-08
3.778043e-01
6.980913e-01
9.121003e-01
9.872503e-01
9.121003e-01
6.980914e-01
3.778043e-01
-5.114648e-08
-3.778044e-01
-6.980914e-01
-9.121004e-01
-9.872504e-01
-9.121004e-01
-6.980914e-01
-3.778043e-01
-1.224647e-15
0.000000e+00
3.778047e-01
6.980920e-01
9.121011e-01
9.872512e-01
9.121011e-01
6.980920e-01
3.778046e-01
-5.070585e-08
-3.778047e-01
-6.980921e-01
-9.121012e-01
-9.872512e-01
-9.121012e-01
-6.980920e-01
-3.778047e-01
-1.897037e-08
3.778047e-01
6.980920e-01
9.121012e-01
9.872512e-01
9.121012e-01
6.980920e-01
3.778047e-01
-1.343483e-08
-3.778047e-01
-6.980920e-01
-9.121012e-01
-9.872512e-01
-9.121012e-01
-6.980921e-01
-3.778047e-01
-8.250448e-08
3.778046e-01
6.980919e-01
9.121010e-01
9.872510e-01
9.121010e-01
6.980918e-01
3.778045e-01
-1.695523e-07
-3.778048e-01
-6.980922e-01
-9.121013e-01
-9.872513e-01
-9.121013e-01
-6.980921e-01
-3.778048e-01
-8.752279e-08
3.778046e-01
6.980919e-01
9.121011e-01
9.872511e-01
9.121011e-01
6.980919e-01
3.778046e-01
-5.921504e-08
-3.778047e-01
-6.980921e-01
-9.121012e-01
-9.872512e-01
-9.121012e-01
-6.980921e-01
-3.778047e-01
-7.691365e-08
3.778046e-01
6.980919e-01
9.121011e-01
9.872511e-01
9.121011e-01
6.980919e-01
3.778046e-01
-5.630818e-08
-3.778047e-01
-6.980920e-01
-9.121012e-01
-9.872512e-01
-9.121011e-01
-6.980920e-01
-3.778047e-01
-1.224647e-15
0.000000e+00
3.778051e-01
6.980928e-01
9.121022e-01
9.872524e-01
9.121022e-01
6.980928e-01
3.778051e-01
-4.271820e-08
-3.778052e-01
-6.980929e-01
-9.121023e-01
-9.872524e-01
-9.121023e-01
-6.980929e-01
-3.778052e-01
-3.422176e-08
3.778051e-01
6.980928e-01
9.121022e-01
9.872524e-01
9.121022e-01
6.980928e-01
3.778051e-01
-1.545559e-08
-3.778051e-01
-6.980929e-01
-9.121023e-01
-9.872524e-01
-9.121023e-01
-6.980929e-01
-3.778052e-01
-8.718769e-08
3.778050e-01
6.980927e-01
9.121021e-01
9.872522e-01
9.121021e-01
6.980927e-01
3.778050e-01
-1.548375e-07
-3.778053e-01
-6.980930e-01
-9.121024e-01
-9.872525e-01
-9.121024e-01
-6.980929e-01
-3.778052e-01
-9.002751e-08
3.778050e-01
6.980928e-01
9.121022e-01
9.872523e-01
9.121022e-01
6.980928e-01
3.778051e-01
-6.323747e-08
-3.778052e-01
-6.980929e-01
-9.121023e-01
-9.872524e-01
-9.121023e-01
-6.980929e-01
-3.778052e-01
-8.254276e-08
3.778050e-01
6.980928e-01
9.121022e-01
9.872523e-01
9.121022e-01
6.980928e-01
3.778051e-01
-5.733740e-08
-3.778052e-01
-6.980929e-01
-9.121023e-01
-9.872524e-01
-9.121022e-01
-6.980928e-01
-3.778051e-01
-1.224647e-15
0.000000e+00
3.778058e-01
6.980941e-01
9.121039e-01
9.872541e-01
9.121039e-01
6.980941e-01
3.778058e-01
-3.896870e-08
-3.778058e-01
-6.980941e-01
-9.121039e-01
-9.872542e-01
-9.121039e-01
-6.980941e-01
-3.778059e-01
-4.621163e-08
3.778058e-01
6.980941e-01
9.121039e-01
9.872541e-01
9.121039e-01
6.980941e-01
3.778058e-01
-1.903426e-08
-3.778058e-01
-6.980941e-01
-9.121039e-01
-9.872542e-01
-9.121039e-01
-6.980941e-01
-3.778059e-01
-8.866887e-08
3.778057e-01
6.980940e-01
9.121038e-01
9.872540e-01
9.121037e-01
6.980939e-01
3.778057e-01
-1.400844e-07
-3.778059e-01
-6.980942e-01
-9.121040e-01
-9.872542e-01
-9.121040e-01
-6.980942e-01
-3.778059e-01
-9.079656e-08
3.778057e-01
6.980940e-01
9.121038e-01
9.872540e-01
9.121038e-01
6.980940e-01
3.778057e-01
-6.740267e-08
-3.778059e-01
-6.980941e-01
-9.121039e-01
-9.872542e-01
-9.121039e-01
-6.980942e-01
-3.778059e-01
-8.634034e-08
3.778057e-01
6.980940e-01
9.121038e-01
9.872540e-01
9.121038e-01
6.980940e-01
3.778057e-01
-5.561541e-08
-3.778058e-01
-6.980941e-01
-9.121039e-01
-9.872541e-01
-9.121039e-01
-6.980941e-01
-3.778058e-01
-1.224647e-15
0.000000e+00
3.778068e-01
6.980959e-01
9.121063e-01
9.872567e-01
9.121063e-01
6.980959e-01
3.778068e-01
-4.402428e-08
-3.778068e-01
-6.980960e-01
-9.121063e-01
-9.872568e-01
-9.121063e-01
-6.980960e-01
-3.778068e-01
-5.018473e-08
3.778067e-01
6.980959e-01
9.121063e-01
9.872567e-01
9.121063e-01
6.980959e-01
3.778068e-01
-2.720147e-08
-3.778068e-01
-6.980960e-01
-9.121063e-01
-9.872568e-01
-9.121063e-01
-6.980960e-01
-3.778069e-01
-8.353449e-08
3.778067e-01
6.980958e-01
9.121062e-01
9.872566e-01
9.121061e-01
6.980958e-01
3.778067e-01
-1.300726e-07
-3.778069e-01
-6.980960e-01
-9.121064e-01
-9.872568e-01
-9.121064e-01
-6.980960e-01
-3.778069e-01
-8.575771e-08
3.778067e-01
6.980958e-01
9.121062e-01
9.872566e-01
9.121062e-01
6.980958e-01
3.778067e-01
-7.576463e-08
-3.778069e-01
-6.980960e-01
-9.121063e-01
-9.872568e-01
-9.121063e-01
-6.980960e-01
-3.778069e-01
-8.401149e-08
3.778067e-01
6.980958e-01
9.121062e-01
9.872566e-01
9.121062e-01
6.980958e-01
3.778067e-01
-5.470620e-08
-3.778068e-01
-6.980959e-01
-9.121063e-01
-9.872567e-01
-9.121063e-01
-6.980959e-01
-3.778068e-01
-1.224647e-15
0.000000e+00
3.778083e-01
6.980986e-01
9.121098e-01
9.872605e-01
9.121098e-01
6.980986e-01
3.778082e-01
-4.808080e-08
-3.778083e-01
-6.980987e-01
-9.121099e-01
-9.872606e-01
-9.121099e-01
-6.980987e-01
-3.778083e-01
-5.230251e-08
3.778082e-01
6.980986e-01
9.121098e-01
9.872605e-01
9.121098e-01
6.980986e-01
3.778082e-01
-3.241864e-08
-3.778083e-01
-6.980987e-01
-9.121098e-01
-9.872606e-01
-9.121098e-01
-6.980987e-01
-3.778083e-01
-7.915688e-08
3.778082e-01
6.980985e-01
9.121097e-01
9.872604e-01
9.121097e-01
6.980985e-01
3.778081e-01
-1.189092e-07
-3.778084e-01
-6.980987e-01
-9.121099e-01
-9.872606e-01
-9.121099e-01
-6.980987e-01
-3.778083e-01
-8.101075e-08
3.778082e-01
6.980985e-01
9.121097e-01
9.872604e-01
9.121097e-01
6.980985e-01
3.778082e-01
-8.237819e-08
-3.778083e-01
-6.980987e-01
-9.121099e-01
-9.872606e-01
-9.121099e-01
-6.980987e-01
-3.778083e-01
-8.210233e-08
3.778082e-01
6.980985e-01
9.121097e-01
9.872604e-01
9.121097e-01
6.980985e-01
3.778082e-01
-5.551150e-08
-3.778083e-01
-6.980986e-01
-9.121098e-01
-9.872605e-01
-9.121098e-01
-6.980986e-01
-3.778083e-01
-1.224647e-15
0.000000e+00
3.778104e-01
6.981026e-01
9.121150e-01
9.872661e-01
9.121150e-01
6.981026e-01
3.778104e-01
-4.221394e-08
-3.778104e-01
-6.981026e-01
-9.121151e-01
-9.872662e-01
-9.121151e-01
-6.981027e-01
-3.778105e-01
-5.802019e-08
3.778103e-01
6.981025e-01
9.121150e-01
9.872661e-01
9.121150e-01
6.981026e-01
3.778104e-01
-2.960571e-08
-3.778104e-01
-6.981026e-01
-9.121150e-01
-9.872662e-01
-9.121150e-01
-6.981027e-01
-3.778105e-01
-8.071336e-08
3.778103e-01
6.981025e-01
9.121149e-01
9.872660e-01
9.121149e-01
6.981025e-01
3.778103e-01
-1.024126e-07
-3.778105e-01
-6.981027e-01
-9.121151e-01
-9.872662e-01
-9.121151e-01
-6.981027e-01
-3.778105e-01
-8.076181e-08
3.778103e-01
6.981025e-01
9.121149e-01
9.872661e-01
9.121149e-01
6.981025e-01
3.778103e-01
-8.300383e-08
-3.778105e-01
-6.981027e-01
-9.121151e-01
-9.872662e-01
-9.121151e-01
-6.981027e-01
-3.778105e-01
-8.526508e-08
3.778103e-01
6.981025e-01
9.121149e-01
9.872661e-01
9.121149e-01
6.981025e-01
3.778103e-01
-5.645994e-08
-3.778104e-01
-6.981026e-01
-9.121150e-01
-9.872662e-01
-9.121150e-01
-6.981026e-01
-3.778104e-01
-1.224647e-15
0.000000e+00
3.778136e-01
6.981084e-01
9.121226e-01
9.872744e-01
9.121226e-01
6.981084e-01
3.778135e-01
-3.423689e-08
-3.778136e-01
-6.981085e-01
-9.121227e-01
-9.872745e-01
-9.121227e-01
-6.981085e-01
-3.778136e-01
-6.129958e-08
3.778135e-01
6.981084e-01
9.121226e-01
9.872744e-01
9.121226e-01
6.981084e-01
3.778135e-01
-2.661156e-08
-3.778136e-01
-6.981085e-01
-9.121227e-01
-9.872745e-01
-9.121227e-01
-6.981085e-01
-3.778136e-01
-8.065324e-08
3.778135e-01
6.981084e-01
9.121226e-01
9.872743e-01
9.121226e-01
6.981084e-01
3.778135e-01
-8.834006e-08
-3.778137e-01
-6.981085e-01
-9.121227e-01
-9.872745e-01
-9.121227e-01
-6.981085e-01
-3.778136e-01
-7.756118e-08
3.778135e-01
6.981084e-01
9.121226e-01
9.872743e-01
9.121226e-01
6.981084e-01
3.778135e-01
-8.486667e-08
-3.778137e-01
-6.981085e-01
-9.121227e-01
-9.872745e-01
-9.121227e-01
-6.981085e-01
-3.778137e-01
-8.596458e-08
3.778135e-01
6.981084e-01
9.121226e-01
9.872744e-01
9.121226e-01
6.981084e-01
3.778135e-01
-5.882955e-08
-3.778136e-01
-6.981085e-01
-9.121227e-01
-9.872745e-01
-9.121227e-01
-6.981085e-01
-3.778136e-01
-1.224647e-15
0.000000e+00
3.778182e-01
6.981171e-01
9.121339e-01
9.872866e-01
9.121339e-01
6.981171e-01
3.778182e-01
-3.138619e-08
-3.778183e-01
-6.981171e-01
-9.121340e-01
-9.872867e-01
-9.121340e-01
-6.981171e-01
-3.778183e-01
-6.002325e-08
3.778182e-01
6.981170e-01
9.121339e-01
9.872866e-01
9.121339e-01
6.981171e-01
3.778182e-01
-2.681776e-08
-3.778183e-01
-6.981171e-01
-9.121340e-01
-9.872867e-01
-9.121340e-01
-6.981171e-01
-3.778183e-01
-7.602006e-08
3.778182e-01
6.981170e-01
9.121338e-01
9.872866e-01
9.121338e-01
6.981170e-01
3.778182e-01
-7.917727e-08
-3.778183e-01
-6.981172e-01
-9.121340e-01
-9.872867e-01
-9.121340e-01
-6.981171e-01
-3.778183e-01
-6.964721e-08
3.778182e-01
6.981170e-01
9.121338e-01
9.872866e-01
9.121338e-01
6.981170e-01
3.778182e-01
-8.954984e-08
-3.778183e-01
-6.981172e-01
-9.121340e-01
-9.872867e-01
-9.121340e-01
-6.981172e-01
-3.778183e-01
-8.178450e-08
3.778182e-01
6.981170e-01
9.121338e-01
9.872866e-01
9.121338e-01
6.981170e-01
3.778182e-01
-6.269623e-08
-3.778183e-01
-6.981171e-01
-9.121340e-01
-9.872867e-01
-9.121339e-01
-6.981171e-01
-3.778182e-01
-1.224647e-15
0.000000e+00
3.778251e-01
6.981298e-01
9.121505e-01
9.873046e-01
9.121505e-01
6.981298e-01
3.778251e-01
-2.784756e-08
-3.778252e-01
-6.981298e-01
-9.121506e-01
-9.873047e-01
-9.121506e-01
-6.981299e-01
-3.778252e-01
-6.101003e-08
3.778251e-01
6.981298e-01
9.121505e-01
9.873046e-01
9.121505e-01
6.981298e-01
3.778251e-01
-2.271211e-08
-3.778252e-01
-6.981298e-01
-9.121506e-01
-9.873047e-01
-9.121506e-01
-6.981299e-01
-3.778252e-01
-7.479931e-08
3.778250e-01
6.981297e-01
9.121505e-01
9.873046e-01
9.121505e-01
6.981297e-01
3.778251e-01
-6.620343e-08
-3.778252e-01
-6.981299e-01
-9.121506e-01
-9.873047e-01
-9.121506e-01
-6.981299e-01
-3.778252e-01
-6.659839e-08
3.778251e-01
6.981297e-01
9.121505e-01
9.873045e-01
9.121505e-01
6.981297e-01
3.778250e-01
-8.753017e-08
-3.778252e-01
-6.981299e-01
-9.121506e-01
-9.873047e-01
-9.121506e-01
-6.981299e-01
-3.778252e-01
-8.159498e-08
3.778250e-01
6.981297e-01
9.121505e-01
9.873045e-01
9.121505e-01
6.981297e-01
3.778251e-01
-6.358377e-08
-3.778252e-01
-6.981299e-01
-9.121506e-01
-9.873047e-01
-9.121506e-01
-6.981298e-01
-3.778251e-01
-1.224647e-15
0.000000e+00
3.778353e-01
6.981485e-01
9.121750e-01
9.873311e-01
9.121750e-01
6.981485e-01
3.778353e-01
-2.318757e-08
-3.778353e-01
-6.981486e-01
-9.121751e-01
-9.873312e-01
-9.121751e-01
-6.981486e-01
-3.778353e-01
-5.999297e-08
3.778352e-01
6.981485e-01
9.121750e-01
9.873311e-01
9.121750e-01
6.981485e-01
3.778353e-01
-1.697951e-08
-3.778353e-01
-6.981486e-01
-9.121751e-01
-9.873312e-01
-9.121751e-01
-6.981486e-01
-3.778353e-01
-7.469109e-08
3.778352e-01
6.981485e-01
9.121750e-01
9.873311e-01
9.121750e-01
6.981485e-01
3.778352e-01
-5.118128e-08
-3.778353e-01
-6.981486e-01
-9.121751e-01
-9.873312e-01
-9.121751e-01
-6.981486e-01
-3.778353e-01
-6.724933e-08
3.778352e-01
6.981485e-01
9.121750e-01
9.873311e-01
9.121750e-01
6.981485e-01
3.778352e-01
-8.028620e-08
-3.778353e-01
-6.981486e-01
-9.121751e-01
-9.873312e-01
-9.121751e-01
-6.981486e-01
-3.778353e-01
-8.394767e-08
3.778352e-01
6.981485e-01
9.121749e-01
9.873311e-01
9.121749e-01
6.981485e-01
3.778352e-01
-6.275406e-08
-3.778353e-01
-6.981486e-01
-9.121751e-01
-9.873312e-01
-9.121751e-01
-6.981486e-01
-3.778353e-01
-1.224647e-15
0.000000e+00
3.778502e-01
6.981762e-01
9.122111e-01
9.873702e-01
9.122111e-01
6.981762e-01
3.778502e-01
-2.031240e-08
-3.778503e-01
-6.981762e-01
-9.122112e-01
-9.873703e-01
-9.122112e-01
-6.981762e-01
-3.778503e-01
-5.136009e-08
3.778502e-01
6.981761e-01
9.122111e-01
9.873702e-01
9.122111e-01
6.981762e-01
3.778502e-01
-1.529609e-08
-3.778502e-01
-6.981762e-01
-9.122112e-01
-9.873703e-01
-9.122112e-01
-6.981762e-01
-3.778503e-01
-7.016628e-08
3.778502e-01
6.981761e-01
9.122111e-01
9.873702e-01
9.122111e-01
6.981761e-01
3.778502e-01
-3.958844e-08
-3.778503e-01
-6.981762e-01
-9.122112e-01
-9.873703e-01
-9.122112e-01
-6.981762e-01
-3.778503e-01
-6.627525e-08
3.778502e-01
6.981761e-01
9.122111e-01
9.873701e-01
9.122111e-01
6.981761e-01
3.778501e-01
-7.362804e-08
-3.778503e-01
-6.981762e-01
-9.122112e-01
-9.873703e-01
-9.122112e-01
-6.981762e-01
-3.778503e-01
-8.350663e-08
3.778501e-01
6.981761e-01
9.122110e-01
9.873701e-01
9.122110e-01
6.981761e-01
3.778501e-01
-6.337903e-08
-3.778503e-01
-6.981762e-01
-9.122112e-01
-9.873703e-01
-9.122112e-01
-6.981762e-01
-3.778502e-01
-1.224647e-15
0.000000e+00
3.778723e-01
6.982169e-01
9.122643e-01
9.874278e-01
9.122643e-01
6.982169e-01
3.778723e-01
-1.597998e-08
-3.778723e-01
-6.982169e-01
-9.122644e-01
-9.874278e-01
-9.122644e-01
-6.982169e-01
-3.778723e-01
-4.255853e-08
3.778722e-01
6.982169e-01
9.122643e-01
9.874278e-01
9.122643e-01
6.982169e-01
3.778723e-01
-1.287757e-08
-3.778723e-01
-6.982169e-01
-9.122644e-01
-9.874278e-01
-9.122644e-01
-6.982170e-01
-3.778723e-01
-6.594042e-08
3.778722e-01
6.982168e-01
9.122643e-01
9.874277e-01
9.122643e-01
6.982169e-01
3.778722e-01
-2.715979e-08
-3.778723e-01
-6.982169e-01
-9.122644e-01
-9.874278e-01
-9.122644e-01
-6.982169e-01
-3.778723e-01
-6.771574e-08
3.778722e-01
6.982168e-01
9.122642e-01
9.874277e-01
9.122643e-01
6.982168e-01
3.778722e-01
-6.402196e-08
-3.778723e-01
-6.982169e-01
-9.122644e-01
-9.874279e-01
-9.122644e-01
-6.982170e-01
-3.778723e-01
-8.412902e-08
3.778722e-01
6.982168e-01
9.122642e-01
9.874277e-01
9.122642e-01
6.982168e-01
3.778722e-01
-6.173197e-08
-3.778723e-01
-6.982169e-01
-9.122644e-01
-9.874278e-01
-9.122644e-01
-6.982169e-01
-3.778723e-01
-1.224647e-15
0.000000e+00
3.779047e-01
6.982769e-01
9.123427e-01
9.875127e-01
9.123427e-01
6.982769e-01
3.779047e-01
-1.087711e-08
-3.779047e-01
-6.982769e-01
-9.123427e-01
-9.875127e-01
-9.123428e-01
-6.982769e-01
-3.779048e-01
-3.777753e-08
3.779047e-01
6.982769e-01
9.123427e-01
9.875126e-01
9.123427e-01
6.982769e-01
3.779047e-01
-8.859816e-09
-3.779047e-01
-6.982769e-01
-9.123428e-01
-9.875127e-01
-9.123428e-01
-6.982770e-01
-3.779048e-01
-6.290095e-08
3.779047e-01
6.982768e-01
9.123427e-01
9.875126e-01
9.123427e-01
6.982769e-01
3.779047e-01
-1.375664e-08
-3.779047e-01
-6.982769e-01
-9.123427e-01
-9.875127e-01
-9.123428e-01
-6.982769e-01
-3.779048e-01
-7.124828e-08
3.779047e-01
6.982768e-01
9.123426e-01
9.875126e-01
9.123427e-01
6.982768e-01
3.779047e-01
-5.212748e-08
-3.779048e-01
-6.982769e-01
-9.123428e-01
-9.875127e-01
-9.123428e-01
-6.982770e-01
-3.779048e-01
-8.516105e-08
3.779046e-01
6.982768e-01
9.123426e-01
9.875126e-01
9.123426e-01
6.982768e-01
3.779047e-01
-5.842753e-08
-3.779048e-01
-6.982769e-01
-9.123428e-01
-9.875127e-01
-9.123428e-01
-6.982769e-01
-3.779047e-01
-1.224647e-15
0.000000e+00
3.779526e-01
6.983653e-01
9.124583e-01
9.876377e-01
9.124583e-01
6.983653e-01
3.779526e-01
-8.830113e-09
-3.779526e-01
-6.983653e-01
-9.124583e-01
-9.876377e-01
-9.124583e-01
-6.983653e-01
-3.779526e-01
-3.186911e-08
3.779526e-01
6.983653e-01
9.124582e-01
9.876377e-01
9.124582e-01
6.983653e-01
3.779526e-01
-9.805994e-09
-3.779526e-01
-6.983653e-01
-9.124583e-01
-9.876377e-01
-9.124583e-01
-6.983654e-01
-3.779526e-01
-5.497270e-08
3.779525e-01
6.983653e-01
9.124582e-01
9.876377e-01
9.124582e-01
6.983653e-01
3.779526e-01
-6.221661e-09
-3.779526e-01
-6.983653e-01
-9.124583e-01
-9.876377e-01
-9.124583e-01
-6.983654e-01
-3.779526e-01
-6.942501e-08
3.779525e-01
6.983652e-01
9.124582e-01
9.876376e-01
9.124582e-01
6.983653e-01
3.779525e-01
-4.544764e-08
-3.779526e-01
-6.983654e-01
-9.124583e-01
-9.876377e-01
-9.124583e-01
-6.983654e-01
-3.779527e-01
-7.916805e-08
3.779525e-01
6.983652e-01
9.124582e-01
9.876376e-01
9.124582e-01
6.983652e-01
3.779525e-01
-5.989443e-08
-3.779526e-01
-6.983653e-01
-9.124583e-01
-9.876377e-01
-9.124583e-01
-6.983653e-01
-3.779526e-01
-1.224647e-15
0.000000e+00
3.780231e-01
6.984956e-01
9.126285e-01
9.878220e-01
9.126285e-01
6.984956e-01
3.780231e-01
-4.705392e-09
-3.780231e-01
-6.984956e-01
-9.126285e-01
-9.878220e-01
-9.126285e-01
-6.984956e-01
-3.780231e-01
-2.675724e-08
3.780231e-01
6.984956e-01
9.126285e-01
9.878219e-01
9.126285e-01
6.984956e-01
3.780231e-01
-1.299367e-08
-3.780231e-01
-6.984956e-01
-9.126285e-01
-9.878220e-01
-9.126285e-01
-6.984957e-01
-3.780231e-01
-4.580170e-08
3.780231e-01
6.984956e-01
9.126285e-01
9.878219e-01
9.126285e-01
6.984956e-01
3.780231e-01
-1.490279e-09
-3.780231e-01
-6.984956e-01
-9.126285e-01
-9.878220e-01
-9.126285e-01
-6.984957e-01
-3.780232e-01
-6.464551e-08
3.780230e-01
6.984955e-01
9.126284e-01
9.878219e-01
9.126284e-01
6.984956e-01
3.780231e-01
-4.143321e-08
-3.780231e-01
-6.984956e-01
-9.126285e-01
-9.878220e-01
-9.126285e-01
-6.984957e-01
-3.780232e-01
-6.911764e-08
3.780230e-01
6.984955e-01
9.126284e-01
9.878219e-01
9.126284e-01
6.984955e-01
3.780230e-01
-6.335006e-08
-3.780231e-01
-6.984956e-01
-9.126285e-01
-9.878220e-01
-9.126285e-01
-6.984956e-01
-3.780231e-01
-1.224647e-15
0.000000e+00
3.781270e-01
6.986876e-01
9.128794e-01
9.880935e-01
9.128794e-01
6.986876e-01
3.781270e-01
3.606685e-09
-3.781270e-01
-6.986876e-01
-9.128794e-01
-9.880935e-01
-9.128794e-01
-6.986876e-01
-3.781270e-01
-2.658185e-08
3.781270e-01
6.986876e-01
9.128793e-01
9.880935e-01
9.128794e-01
6.986876e-01
3.781270e-01
-1.294793e-08
-3.781270e-01
-6.986876e-01
-9.128794e-01
-9.880935e-01
-9.128794e-01
-6.986877e-01
-3.781271e-01
-4.158365e-08
3.781270e-01
6.986876e-01
9.128794e-01
9.880935e-01
9.128794e-01
6.986876e-01
3.781270e-01
6.291257e-09
-3.781270e-01
-6.986876e-01
-9.128794e-01
-9.880935e-01
-9.128794e-01
-6.986877e-01
-3.781271e-01
-6.221496e-08
3.781269e-01
6.986876e-01
9.128793e-01
9.880934e-01
9.128793e-01
6.986876e-01
3.781270e-01
-3.460942e-08
-3.781270e-01
-6.986876e-01
-9.128794e-01
-9.880935e-01
-9.128794e-01
-6.986877e-01
-3.781271e-01
-6.107164e-08
3.781269e-01
6.986875e-01
9.128793e-01
9.880934e-01
9.128793e-01
6.986875e-01
3.781269e-01
-6.272815e-08
-3.781271e-01
-6.986877e-01
-9.128794e-01
-9.880935e-01
-9.128794e-01
-6.986876e-01
-3.781270e-01
-1.224647e-15
0.000000e+00
3.782802e-01
6.989706e-01
9.132491e-01
9.884937e-01
9.132491e-01
6.989706e-01
3.782802e-01
5.218446e-09
-3.782802e-01
-6.989706e-01
-9.132491e-01
-9.884937e-01
-9.132491e-01
-6.989706e-01
-3.782802e-01
-2.420955e-08
3.782801e-01
6.989706e-01
9.132491e-01
9.884937e-01
9.132491e-01
6.989706e-01
3.782801e-01
-1.585629e-08
-3.782802e-01
-6.989706e-01
-9.132491e-01
-9.884937e-01
-9.132491e-01
-6.989706e-01
-3.782802e-01
-3.585551e-08
3.782801e-01
6.989706e-01
9.132491e-01
9.884937e-01
9.132491e-01
6.989706e-01
3.782802e-01
1.049495e-08
-3.782801e-01
-6.989706e-01
-9.132491e-01
-9.884937e-01
-9.132491e-01
-6.989706e-01
-3.782802e-01
-5.532673e-08
3.782801e-01
6.989705e-01
9.132490e-01
9.884936e-01
9.132490e-01
6.989705e-01
3.782801e-01
-3.165830e-08
-3.782802e-01
-6.989706e-01
-9.132491e-01
-9.884937e-01
-9.132491e-01
-6.989706e-01
-3.782802e-01
-4.886149e-08
3.782801e-01
6.989705e-01
9.132490e-01
9.884936e-01
9.132490e-01
6.989705e-01
3.782801e-01
-6.354282e-08
-3.782802e-01
-6.989706e-01
-9.132491e-01
-9.884937e-01
-9.132491e-01
-6.989706e-01
-3.782802e-01
-1.224647e-15
0.000000e+00
3.785058e-01
6.993876e-01
9.137939e-01
9.890834e-01
9.137939e-01
6.993876e-01
3.785058e-01
3.503768e-09
-3.785058e-01
-6.993876e-01
-9.137939e-01
-9.890834e-01
-9.137939e-01
-6.993876e-01
-3.785058e-01
-2.141693e-08
3.785058e-01
6.993876e-01
9.137939e-01
9.890834e-01
9.137939e-01
6.993876e-01
3.785058e-01
-1.865584e-08
-3.785058e-01
-6.993876e-01
-9.137939e-01
-9.890834e-01
-9.137939e-01
-6.993876e-01
-3.785059e-01
-3.026537e-08
3.785058e-01
6.993876e-01
9.137939e-01
9.890834e-01
9.137939e-01
6.993876e-01
3.785058e-01
1.272359e-08
-3.785058e-01
-6.993876e-01
-9.137939e-01
-9.890834e-01
-9.137939e-01
-6.993876e-01
-3.785059e-01
-4.596210e-08
3.785058e-01
6.993875e-01
9.137938e-01
9.890833e-01
9.137939e-01
6.993875e-01
3.785058e-01
-3.038864e-08
-3.785059e-01
-6.993876e-01
-9.137939e-01
-9.890834e-01
-9.137939e-01
-6.993876e-01
-3.785059e-01
-3.512428e-08
3.785058e-01
6.993875e-01
9.137938e-01
9.890833e-01
9.137938e-01
6.993875e-01
3.785058e-01
-6.320975e-08
-3.785059e-01
-6.993876e-01
-9.137939e-01
-9.890834e-01
-9.137939e-01
-6.993876e-01
-3.785058e-01
-1.224647e-15
0.000000e+00
3.788384e-01
7.000021e-01
9.145968e-01
9.899524e-01
9.145968e-01
7.000021e-01
3.788384e-01
3.920976e-09
-3.788384e-01
-7.000021e-01
-9.145968e-01
-9.899524e-01
-9.145968e-01
-7.000021e-01
-3.788384e-01
-1.987532e-08
3.788384e-01
7.000021e-01
9.145968e-01
9.899524e-01
9.145968e-01
7.000021e-01
3.788384e-01
-1.778729e-08
-3.788384e-01
-7.000021e-01
-9.145968e-01
-9.899525e-01
-9.145968e-01
-7.000021e-01
-3.788384e-01
-2.657237e-08
3.788384e-01
7.000021e-01
9.145968e-01
9.899524e-01
9.145968e-01
7.000021e-01
3.788384e-01
1.483397e-08
-3.788384e-01
-7.000021e-01
-9.145968e-01
-9.899524e-01
-9.145968e-01
-7.000021e-01
-3.788384e-01
-3.689360e-08
3.788383e-01
7.000020e-01
9.145967e-01
9.899524e-01
9.145967e-01
7.000020e-01
3.788384e-01
-2.761493e-08
-3.788384e-01
-7.000021e-01
-9.145968e-01
-9.899524e-01
-9.145968e-01
-7.000021e-01
-3.788384e-01
-2.344215e-08
3.788384e-01
7.000020e-01
9.145967e-01
9.899524e-01
9.145967e-01
7.000020e-01
3.788383e-01
-5.853696e-08
-3.788384e-01
-7.000021e-01
-9.145968e-01
-9.899524e-01
-9.145968e-01
-7.000021e-01
-3.788384e-01
-1.224647e-15
0.000000e+00
3.793285e-01
7.009076e-01
9.157800e-01
9.912331e-01
9.157800e-01
7.009076e-01
3.793285e-01
3.860404e-09
-3.793285e-01
-7.009076e-01
-9.157800e-01
-9.912331e-01
-9.157800e-01
-7.009077e-01
-3.793285e-01
-1.710962e-08
3.793285e-01
7.009076e-01
9.157799e-01
9.912331e-01
9.157799e-01
7.009076e-01
3.793285e-01
-1.465007e-08
-3.793285e-01
-7.009077e-01
-9.157800e-01
-9.912331e-01
-9.157800e-01
-7.009077e-01
-3.793285e-01
-2.221325e-08
3.793285e-01
7.009076e-01
9.157800e-01
9.912331e-01
9.157800e-01
7.009077e-01
3.793285e-01
1.448289e-08
-3.793285e-01
-7.009076e-01
-9.157800e-01
-9.912331e-01
-9.157800e-01
-7.009076e-01
-3.793285e-01
-2.690154e-08
3.793284e-01
7.009076e-01
9.157799e-01
9.912330e-01
9.157799e-01
7.009076e-01
3.793284e-01
-2.408449e-08
-3.793285e-01
-7.009076e-01
-9.157800e-01
-9.912331e-01
-9.157800e-01
-7.009076e-01
-3.793285e-01
-1.327892e-08
3.793285e-01
7.009076e-01
9.157799e-01
9.912330e-01
9.157799e-01
7.009076e-01
3.793284e-01
-5.024725e-08
-3.793285e-01
-7.009077e-01
-9.157800e-01
-9.912331e-01
-9.157800e-01
-7.009076e-01
-3.793285e-01
-1.224647e-15
0.000000e+00
3.800507e-01
7.022421e-01
9.175236e-01
9.931203e-01
9.175236e-01
7.022421e-01
3.800507e-01
4.789914e-09
-3.800507e-01
-7.022421e-01
-9.175236e-01
-9.931203e-01
-9.175236e-01
-7.022421e-01
-3.800507e-01
-1.558320e-08
3.800507e-01
7.022421e-01
9.175235e-01
9.931203e-01
9.175235e-01
7.022421e-01
3.800507e-01
-7.494627e-09
-3.800507e-01
-7.022421e-01
-9.175236e-01
-9.931204e-01
-9.175236e-01
-7.022421e-01
-3.800507e-01
-1.919912e-08
3.800507e-01
7.022421e-01
9.175236e-01
9.931203e-01
9.175236e-01
7.022421e-01
3.800507e-01
1.429617e-08
-3.800507e-01
-7.022421e-01
-9.175235e-01
-9.931203e-01
-9.175236e-01
-7.022421e-01
-3.800507e-01
-1.945082e-08
3.800507e-01
7.022421e-01
9.175235e-01
9.931203e-01
9.175235e-01
7.022421e-01
3.800507e-01
-1.620869e-08
-3.800507e-01
-7.022421e-01
-9.175236e-01
-9.931203e-01
-9.175236e-01
-7.022421e-01
-3.800507e-01
-8.129443e-09
3.800507e-01
7.022421e-01
9.175235e-01
9.931203e-01
9.175235e-01
7.022421e-01
3.800507e-01
-3.520940e-08
-3.800507e-01
-7.022421e-01
-9.175236e-01
-9.931203e-01
-9.175236e-01
-7.022421e-01
-3.800507e-01
-1.224647e-15
0.000000e+00
3.811150e-01
7.042087e-01
9.200930e-01
9.959015e-01
9.200930e-01
7.042087e-01
3.811150e-01
2.025986e-09
-3.811150e-01
-7.042087e-01
-9.200930e-01
-9.959015e-01
-9.200930e-01
-7.042087e-01
-3.811150e-01
-8.795340e-09
3.811150e-01
7.042087e-01
9.200930e-01
9.959015e-01
9.200930e-01
7.042087e-01
3.811150e-01
-3.879908e-09
-3.811150e-01
-7.042087e-01
-9.200930e-01
-9.959015e-01
-9.200930e-01
-7.042087e-01
-3.811150e-01
-1.079224e-08
3.811150e-01
7.042087e-01
9.200930e-01
9.959015e-01
9.200930e-01
7.042087e-01
3.811150e-01
8.699583e-09
-3.811150e-01
-7.042087e-01
-9.200930e-01
-9.959015e-01
-9.200930e-01
-7.042087e-01
-3.811150e-01
-9.647250e-09
3.811150e-01
7.042087e-01
9.200930e-01
9.959015e-01
9.200930e-01
7.042087e-01
3.811150e-01
-9.068399e-09
-3.811150e-01
-7.042087e-01
-9.200930e-01
-9.959015e-01
-9.200930e-01
-7.042087e-01
-3.811150e-01
-2.742686e-09
3.811150e-01
7.042087e-01
9.200930e-01
9.959015e-01
9.200930e-01
7.042087e-01
3.811150e-01
-1.934244e-08
-3.811150e-01
-7.042087e-01
-9.200930e-01
-9.959015e-01
-9.200930e-01
-7.042087e-01
-3.811150e-01
-1.224647e-15
0.000000e+00
3.826834e-01
7.071068e-01
9.238795e-01
1.000000e+00
9.238795e-01
7.071068e-01
3.826834e-01
1.224647e-16
-3.826834e-01
-7.071068e-01
-9.238795e-01
-1.000000e+00
-9.238795e-01
-7.071068e-01
-3.826834e-01
-2.449294e-16
3.826834e-01
7.071068e-01
9.238795e-01
1.000000e+00
9.238795e-01
7.071068e-01
3.826834e-01
3.673940e-16
-3.826834e-01
-7.071068e-01
-9.238795e-01
-1.000000e+00
-9.238795e-01
-7.071068e-01
-3.826834e-01
-4.898587e-16
3.826834e-01
7.071068e-01
9.238795e-01
1.000000e+00
9.238795e-01
7.071068e-01
3.826834e-01
6.123234e-16
-3.826834e-01
-7.071068e-01
-9.238795e-01
-1.000000e+00
-9.238795e-01
-7.071068e-01
-3.826834e-01
-7.347881e-16
3.826834e-01
7.071068e-01
9.238795e-01
1.000000e+00
9.238795e-01
7.071068e-01
3.826834e-01
8.572528e-16
-3.826834e-01
-7.071068e-01
-9.238795e-01
-1.000000e+00
-9.238795e-01
-7.071068e-01
-3.826834e-01
-9.797174e-16
3.826834e-01
7.071068e-01
9.238795e-01
1.000000e+00
9.238795e-01
7.071068e-01
3.826834e-01
1.102182e-15
-3.826834e-01
-7.071068e-01
-9.238795e-01
-1.000000e+00
-9.238795e-01
-7.071068e-01
-3.826834e-01
-1.224647e-15
