meshID=9152127
degree=1
-1.5000000000000000e+00 -1.5000000000000000e+00 -5.3896838775215305e-15
-1.5000000000000000e+00 -1.3125000000000000e+00 -5.3896838775215305e-15
-1.5000000000000000e+00 -1.1250000000000000e+00 -5.3896838775215305e-15
-1.5000000000000000e+00 -9.3750000000000000e-01 -5.3896838775215305e-15
-1.5000000000000000e+00 -7.5000000000000000e-01 -5.3896838775215305e-15
-1.5000000000000000e+00 -5.6250000000000000e-01 -5.3896838775215305e-15
-1.5000000000000000e+00 -3.7500000000000000e-01 -5.3896838775215305e-15
-1.5000000000000000e+00 -1.8750000000000000e-01 -5.3896838775215305e-15
-1.5000000000000000e+00 0.0000000000000000e+00 -5.3896838775215305e-15
-1.5000000000000000e+00 1.8750000000000000e-01 -5.3896838775215305e-15
-1.5000000000000000e+00 3.7500000000000000e-01 -5.3896838775215305e-15
-1.5000000000000000e+00 5.6250000000000000e-01 -5.3896838775215305e-15
-1.5000000000000000e+00 7.5000000000000000e-01 -5.3896838775215305e-15
-1.5000000000000000e+00 9.3750000000000000e-01 -5.3896838775215305e-15
-1.5000000000000000e+00 1.1250000000000000e+00 -5.3896838775215305e-15
-1.5000000000000000e+00 1.3125000000000000e+00 -5.3896838775215305e-15
-1.5000000000000000e+00 1.5000000000000000e+00 -5.3896838775215305e-15
-1.1250000000000000e+00 -1.5000000000000000e+00 7.0710678118654713e-01
-1.1250000000000000e+00 -1.3125000000000000e+00 7.0710764594632680e-01
-1.1250000000000000e+00 -1.1250000000000000e+00 7.0710832313111771e-01
-1.1250000000000000e+00 -9.3750000000000000e-01 7.0710887684725121e-01
-1.1250000000000000e+00 -7.5000000000000000e-01 7.0710917848209331e-01
-1.1250000000000000e+00 -5.6250000000000000e-01 7.0710948692567099e-01
-1.1250000000000000e+00 -3.7500000000000000e-01 7.0710979290460152e-01
-1.1250000000000000e+00 -1.8750000000000000e-01 7.0710988949080389e-01
-1.1250000000000000e+00 0.0000000000000000e+00 7.0710992703076347e-01
-1.1250000000000000e+00 1.8750000000000000e-01 7.0710992763065006e-01
-1.1250000000000000e+00 3.7500000000000000e-01 7.0710973597479332e-01
-1.1250000000000000e+00 5.6250000000000000e-01 7.0710938587822714e-01
-1.1250000000000000e+00 7.5000000000000000e-01 7.0710908486233404e-01
-1.1250000000000000e+00 9.3750000000000000e-01 7.0710876383692034e-01
-1.1250000000000000e+00 1.1250000000000000e+00 7.0710827525163011e-01
-1.1250000000000000e+00 1.3125000000000000e+00 7.0710778168335320e-01
-1.1250000000000000e+00 1.5000000000000000e+00 7.0710678118654713e-01
-7.5000000000000000e-01 -1.5000000000000000e+00 1.0000000000000000e+00
-7.5000000000000000e-01 -1.3125000000000000e+00 1.0000014133100743e+00
-7.5000000000000000e-01 -1.1250000000000000e+00 1.0000024191615113e+00
-7.5000000000000000e-01 -9.3750000000000000e-01 1.0000030633144472e+00
-7.5000000000000000e-01 -7.5000000000000000e-01 1.0000033630530138e+00
-7.5000000000000000e-01 -5.6250000000000000e-01 1.0000035956371567e+00
-7.5000000000000000e-01 -3.7500000000000000e-01 1.0000039654846280e+00
-7.5000000000000000e-01 -1.8750000000000000e-01 1.0000042893000762e+00
-7.5000000000000000e-01 0.0000000000000000e+00 1.0000042759553147e+00
-7.5000000000000000e-01 1.8750000000000000e-01 1.0000042584816091e+00
-7.5000000000000000e-01 3.7500000000000000e-01 1.0000043149143720e+00
-7.5000000000000000e-01 5.6250000000000000e-01 1.0000040386440718e+00
-7.5000000000000000e-01 7.5000000000000000e-01 1.0000035016261211e+00
-7.5000000000000000e-01 9.3750000000000000e-01 1.0000028098405669e+00
-7.5000000000000000e-01 1.1250000000000000e+00 1.0000020336455102e+00
-7.5000000000000000e-01 1.3125000000000000e+00 1.0000012322293887e+00
-7.5000000000000000e-01 1.5000000000000000e+00 1.0000000000000000e+00
-3.7500000000000000e-01 -1.5000000000000000e+00 7.0710678118654846e-01
-3.7500000000000000e-01 -1.3125000000000000e+00 7.0710775681458338e-01
-3.7500000000000000e-01 -1.1250000000000000e+00 7.0710835748819678e-01
-3.7500000000000000e-01 -9.3750000000000000e-01 7.0710873817162545e-01
-3.7500000000000000e-01 -7.5000000000000000e-01 7.0710889865837401e-01
-3.7500000000000000e-01 -5.6250000000000000e-01 7.0710920939631550e-01
-3.7500000000000000e-01 -3.7500000000000000e-01 7.0710968937927055e-01
-3.7500000000000000e-01 -1.8750000000000000e-01 7.0710972760238144e-01
-3.7500000000000000e-01 0.0000000000000000e+00 7.0710972381238668e-01
-3.7500000000000000e-01 1.8750000000000000e-01 7.0710994566299790e-01
-3.7500000000000000e-01 3.7500000000000000e-01 7.0710991451839955e-01
-3.7500000000000000e-01 5.6250000000000000e-01 7.0710984513301989e-01
-3.7500000000000000e-01 7.5000000000000000e-01 7.0710961987706633e-01
-3.7500000000000000e-01 9.3750000000000000e-01 7.0710924758320859e-01
-3.7500000000000000e-01 1.1250000000000000e+00 7.0710851656418894e-01
-3.7500000000000000e-01 1.3125000000000000e+00 7.0710775447938290e-01
-3.7500000000000000e-01 1.5000000000000000e+00 7.0710678118654846e-01
0.0000000000000000e+00 -1.5000000000000000e+00 0.0000000000000000e+00
0.0000000000000000e+00 -1.3125000000000000e+00 -4.3007603644360409e-07
0.0000000000000000e+00 -1.1250000000000000e+00 -5.5009086920332502e-07
0.0000000000000000e+00 -9.3750000000000000e-01 -4.0488970515420866e-07
0.0000000000000000e+00 -7.5000000000000000e-01 -3.9289828071920444e-07
0.0000000000000000e+00 -5.6250000000000000e-01 -4.8270710058479364e-07
0.0000000000000000e+00 -3.7500000000000000e-01 -5.5270720256308579e-07
0.0000000000000000e+00 -1.8750000000000000e-01 -2.6636916683675914e-07
0.0000000000000000e+00 0.0000000000000000e+00 -3.5977548542471020e-07
0.0000000000000000e+00 1.8750000000000000e-01 -3.5616627139045277e-07
0.0000000000000000e+00 3.7500000000000000e-01 -3.6312726301586013e-07
0.0000000000000000e+00 5.6250000000000000e-01 -1.8279122299014752e-07
0.0000000000000000e+00 7.5000000000000000e-01 -1.3161585754218321e-07
0.0000000000000000e+00 9.3750000000000000e-01 2.1847868346826053e-09
0.0000000000000000e+00 1.1250000000000000e+00 2.8260998791204481e-07
0.0000000000000000e+00 1.3125000000000000e+00 2.8042546650212044e-07
0.0000000000000000e+00 1.5000000000000000e+00 0.0000000000000000e+00
3.7500000000000000e-01 -1.5000000000000000e+00 -7.0710678118654846e-01
3.7500000000000000e-01 -1.3125000000000000e+00 -7.0710796178519819e-01
3.7500000000000000e-01 -1.1250000000000000e+00 -7.0710877763850533e-01
3.7500000000000000e-01 -9.3750000000000000e-01 -7.0710940185475613e-01
3.7500000000000000e-01 -7.5000000000000000e-01 -7.0710966399664243e-01
3.7500000000000000e-01 -5.6250000000000000e-01 -7.0710986730270597e-01
3.7500000000000000e-01 -3.7500000000000000e-01 -7.0711009250812618e-01
3.7500000000000000e-01 -1.8750000000000000e-01 -7.0711032772786031e-01
3.7500000000000000e-01 0.0000000000000000e+00 -7.0711044468280748e-01
3.7500000000000000e-01 1.8750000000000000e-01 -7.0711061571471812e-01
3.7500000000000000e-01 3.7500000000000000e-01 -7.0711057708185021e-01
3.7500000000000000e-01 5.6250000000000000e-01 -7.0711023534630468e-01
3.7500000000000000e-01 7.5000000000000000e-01 -7.0710982686721480e-01
3.7500000000000000e-01 9.3750000000000000e-01 -7.0710928843832643e-01
3.7500000000000000e-01 1.1250000000000000e+00 -7.0710871633159855e-01
3.7500000000000000e-01 1.3125000000000000e+00 -7.0710782156008933e-01
3.7500000000000000e-01 1.5000000000000000e+00 -7.0710678118654846e-01
7.5000000000000000e-01 -1.5000000000000000e+00 -1.0000000000000000e+00
7.5000000000000000e-01 -1.3125000000000000e+00 -1.0000018007072518e+00
7.5000000000000000e-01 -1.1250000000000000e+00 -1.0000029305983398e+00
7.5000000000000000e-01 -9.3750000000000000e-01 -1.0000037068054410e+00
7.5000000000000000e-01 -7.5000000000000000e-01 -1.0000042309233215e+00
7.5000000000000000e-01 -5.6250000000000000e-01 -1.0000045354183644e+00
7.5000000000000000e-01 -3.7500000000000000e-01 -1.0000047239545145e+00
7.5000000000000000e-01 -1.8750000000000000e-01 -1.0000049574730983e+00
7.5000000000000000e-01 0.0000000000000000e+00 -1.0000051343525411e+00
7.5000000000000000e-01 1.8750000000000000e-01 -1.0000050172771062e+00
7.5000000000000000e-01 3.7500000000000000e-01 -1.0000048854054355e+00
7.5000000000000000e-01 5.6250000000000000e-01 -1.0000047369162524e+00
7.5000000000000000e-01 7.5000000000000000e-01 -1.0000043432125370e+00
7.5000000000000000e-01 9.3750000000000000e-01 -1.0000040577290206e+00
7.5000000000000000e-01 1.1250000000000000e+00 -1.0000032800658243e+00
7.5000000000000000e-01 1.3125000000000000e+00 -1.0000019420028143e+00
7.5000000000000000e-01 1.5000000000000000e+00 -1.0000000000000000e+00
1.1250000000000000e+00 -1.5000000000000000e+00 -7.0710678118654713e-01
1.1250000000000000e+00 -1.3125000000000000e+00 -7.0710801274614843e-01
1.1250000000000000e+00 -1.1250000000000000e+00 -7.0710889379639885e-01
1.1250000000000000e+00 -9.3750000000000000e-01 -7.0710941561529450e-01
1.1250000000000000e+00 -7.5000000000000000e-01 -7.0710978707385164e-01
1.1250000000000000e+00 -5.6250000000000000e-01 -7.0711006287187972e-01
1.1250000000000000e+00 -3.7500000000000000e-01 -7.0711012177738541e-01
1.1250000000000000e+00 -1.8750000000000000e-01 -7.0711019054155178e-01
1.1250000000000000e+00 0.0000000000000000e+00 -7.0711040492421973e-01
1.1250000000000000e+00 1.8750000000000000e-01 -7.0711056044118592e-01
1.1250000000000000e+00 3.7500000000000000e-01 -7.0711062738559782e-01
1.1250000000000000e+00 5.6250000000000000e-01 -7.0711059611099969e-01
1.1250000000000000e+00 7.5000000000000000e-01 -7.0711007863336894e-01
1.1250000000000000e+00 9.3750000000000000e-01 -7.0710951390640420e-01
1.1250000000000000e+00 1.1250000000000000e+00 -7.0710908833705322e-01
1.1250000000000000e+00 1.3125000000000000e+00 -7.0710816805696752e-01
1.1250000000000000e+00 1.5000000000000000e+00 -7.0710678118654713e-01
1.5000000000000000e+00 -1.5000000000000000e+00 5.3896838775215305e-15
1.5000000000000000e+00 -1.3125000000000000e+00 5.3896838775215305e-15
1.5000000000000000e+00 -1.1250000000000000e+00 5.3896838775215305e-15
1.5000000000000000e+00 -9.3750000000000000e-01 5.3896838775215305e-15
1.5000000000000000e+00 -7.5000000000000000e-01 5.3896838775215305e-15
1.5000000000000000e+00 -5.6250000000000000e-01 5.3896838775215305e-15
1.5000000000000000e+00 -3.7500000000000000e-01 5.3896838775215305e-15
1.5000000000000000e+00 -1.8750000000000000e-01 5.3896838775215305e-15
1.5000000000000000e+00 0.0000000000000000e+00 5.3896838775215305e-15
1.5000000000000000e+00 1.8750000000000000e-01 5.3896838775215305e-15
1.5000000000000000e+00 3.7500000000000000e-01 5.3896838775215305e-15
1.5000000000000000e+00 5.6250000000000000e-01 5.3896838775215305e-15
1.5000000000000000e+00 7.5000000000000000e-01 5.3896838775215305e-15
1.5000000000000000e+00 9.3750000000000000e-01 5.3896838775215305e-15
1.5000000000000000e+00 1.1250000000000000e+00 5.3896838775215305e-15
1.5000000000000000e+00 1.3125000000000000e+00 5.3896838775215305e-15
1.5000000000000000e+00 1.5000000000000000e+00 5.3896838775215305e-15
