ID=4022093
numvertices=713
numsimplices=1360
vertices
-1.5000000000000000e+00 -1.5000000000000000e+00
1.5000000000000000e+00 -1.5000000000000000e+00
1.5000000000000000e+00 1.5000000000000000e+00
-1.5000000000000000e+00 1.5000000000000000e+00
0.0000000000000000e+00 -1.5000000000000000e+00
1.5000000000000000e+00 0.0000000000000000e+00
0.0000000000000000e+00 1.5000000000000000e+00
-1.5000000000000000e+00 0.0000000000000000e+00
0.0000000000000000e+00 0.0000000000000000e+00
-1.5000000000000000e+00 -7.5000000000000000e-01
-7.5000000000000000e-01 -1.5000000000000000e+00
-7.5000000000000000e-01 1.5000000000000000e+00
-1.5000000000000000e+00 7.5000000000000000e-01
1.5000000000000000e+00 -7.5000000000000000e-01
7.5000000000000000e-01 -1.5000000000000000e+00
1.5000000000000000e+00 7.5000000000000000e-01
7.5000000000000000e-01 1.5000000000000000e+00
6.2500000000000000e-01 -6.2500000000000000e-01
-6.2500000000000000e-01 6.2500000000000000e-01
-3.7500000000000000e-01 -7.5000000000000000e-01
7.5000000000000000e-01 3.7500000000000000e-01
-7.2916666666666663e-01 -1.0416666666666667e-01
1.0991379310344827e-01 7.6077586206896552e-01
-9.3750000000000000e-01 -9.3750000000000000e-01
9.3750000000000000e-01 9.3750000000000000e-01
-1.0648674242424243e+00 3.1581439393939398e-01
-3.7500000000000000e-01 1.1071428571428572e+00
1.5808823529411764e-01 -9.5220588235294112e-01
1.1071428571428572e+00 -3.7500000000000000e-01
1.0156250000000000e+00 -1.0156250000000000e+00
-1.0156250000000000e+00 1.0156250000000000e+00
5.2083333333333337e-01 -1.0416666666666667e-01
-1.0897435897435896e+00 -4.5673076923076933e-01
4.7129114737606892e-01 1.0945970491253563e+00
3.0743819266837152e-02 -4.8412190963341856e-01
-4.0364583333333337e-01 2.2135416666666669e-01
5.7892501348625580e-01 -1.0911645235247209e+00
-3.3427169176849469e-01 -2.6426482428720277e-01
3.2738095238095238e-01 2.8273809523809512e-01
1.1250000000000000e+00 5.6250000000000000e-01
-2.1816332916145179e-01 -1.1403316645807258e+00
1.0633370535714286e+00 6.4174107142857123e-02
-1.1250000000000000e+00 -1.5000000000000000e+00
-1.5000000000000000e+00 -1.1250000000000000e+00
1.5000000000000000e+00 1.1250000000000000e+00
1.1250000000000000e+00 1.5000000000000000e+00
-1.1159974055548405e+00 -6.9212297931966871e-02
-6.9138526448664095e-01 -5.0347471493353435e-01
6.0947017071478959e-01 7.3434327642840358e-01
3.7500000000000000e-01 -1.5000000000000000e+00
-3.7500000000000000e-01 -1.5000000000000000e+00
-1.1250000000000000e+00 1.5000000000000000e+00
1.1250000000000000e+00 -1.5000000000000000e+00
1.5000000000000000e+00 -3.7500000000000000e-01
-1.5000000000000000e+00 -3.7500000000000000e-01
-1.5000000000000000e+00 3.7500000000000000e-01
-3.7500000000000000e-01 1.5000000000000000e+00
1.5000000000000000e+00 -1.1250000000000000e+00
-1.5000000000000000e+00 1.1250000000000000e+00
3.7500000000000000e-01 1.5000000000000000e+00
1.5000000000000000e+00 3.7500000000000000e-01
-6.0621349082081744e-01 -1.1395711636069392e+00
-2.6724137931034481e-01 7.4538177339901490e-01
9.7512594118668833e-02 1.1367154545794220e+00
-5.0498781729253220e-02 3.9931801314794640e-01
-9.7920078630808716e-01 6.6142421369191284e-01
-7.3952414772727282e-01 2.3171164772727276e-01
-7.0982142857142860e-01 1.1629464285714286e+00
9.5982142857142860e-01 -6.8080357142857140e-01
7.7490811760945999e-01 -3.2418504314477470e-01
2.2508467451475334e-01 -2.2874329409290012e-01
3.0250806300701372e-01 -6.6155149242045108e-01
-1.2550967206699744e+00 5.4638875811919685e-01
-1.2500000000000000e+00 -9.3750000000000000e-01
-8.9148575520102746e-01 -1.2346619184003425e+00
-6.7004365721640968e-01 -8.0236902835077095e-01
1.2187500000000000e+00 8.4375000000000000e-01
1.1718750000000000e+00 1.1718750000000000e+00
7.6370889750251536e-01 1.1920696325008384e+00
1.8749999999999992e-01 -1.2574022897749704e+00
-1.2276785714285714e+00 -1.2276785714285714e+00
-1.1672295639156788e-01 -8.7289795455103181e-01
7.6275827950549424e-01 7.4514156178531743e-02
4.3777066081124005e-01 -4.1402580347827034e-01
7.6811453066479030e-01 -8.8481573298443972e-01
-1.2878024193548387e+00 9.3750000000000000e-01
-1.2225740708274895e+00 1.2234308549744379e+00
1.2878024193548387e+00 -9.3750000000000000e-01
1.2225740708274895e+00 -1.2234308549744379e+00
9.3750000000000000e-01 -1.2878024193548387e+00
-7.7971326694730936e-01 8.6091173305269053e-01
1.2363150640137208e+00 -6.6540653945049189e-01
8.7506344714319306e-01 6.7190672357159653e-01
1.3035714285714286e+00 -1.8750000000000000e-01
-1.8749999999999997e-01 1.3035714285714286e+00
-3.8231490307343868e-01 4.9556857465865189e-01
-1.3039118401094734e+00 1.8750000000000000e-01
1.3045087681138750e+00 1.8750000000000006e-01
-1.3005960303883479e-01 9.8317412830558981e-01
-9.3750000000000000e-01 1.3067274716177861e+00
3.5092836949045780e-01 5.8193375669336667e-01
3.6805642534425487e-01 8.4837343842570379e-01
-5.0829132055871196e-01 8.7050936138477530e-01
2.5959159774566964e-01 3.0325643713034089e-02
4.8681038910851343e-01 -8.4670080307278139e-01
-1.0937500000000000e+00 -7.2248931623931623e-01
-1.5000000000000000e+00 -5.6250000000000000e-01
-8.7167112729598561e-01 -3.1909144615125007e-01
1.0099988892574712e+00 3.2375222148505767e-01
5.6250000000000000e-01 1.5000000000000000e+00
-8.5721533364848801e-01 4.4776551660601027e-01
-1.5000000000000000e+00 -1.8750000000000000e-01
-1.2680538862179487e+00 -2.8125000000000000e-01
-4.7168237010987962e-01 -3.6130129890120322e-02
-4.3476224581443867e-01 -5.0041391021701398e-01
-1.6125781383094318e-01 -6.3364956319724741e-01
-7.5659560554061783e-02 -2.4784184390961878e-01
9.6895094254468461e-01 -1.6701229522879765e-01
6.9678154065442710e-01 9.5977208348690157e-01
5.2692956316178630e-01 1.4069692443803591e-01
-9.0947414783524116e-01 5.8372044783748384e-02
-5.1432291666666674e-01 1.3035714285714286e+00
9.3750000000000000e-01 1.5000000000000000e+00
-2.4032471942399733e-01 4.0467913599377417e-02
6.9721650962007525e-02 -7.2126246363595281e-01
1.5000000000000000e+00 1.3125000000000000e+00
-9.0374673899547431e-01 -5.9244421443167083e-01
1.8750000000000000e-01 1.5000000000000000e+00
3.0161719624091654e-01 1.2684331527692858e+00
4.2337645445832417e-01 -1.2688538170367116e+00
-4.9283005124302720e-01 -9.4346603264084050e-01
5.1919601898326306e-01 4.1816623869724945e-01
-5.6709903829781128e-01 3.7200592959348810e-01
3.6504500443759391e-01 -1.0321687322529520e+00
7.1062135086130462e-01 -1.2762673439301635e+00
1.2972890118213182e-01 5.3565811153201826e-01
-7.3688496091296227e-02 6.3118404093626423e-01
-1.2749602532775097e+00 -5.8684803079927816e-01
1.0744409275812139e-01 2.0649643896177416e-01
-5.6541847814995339e-01 -3.0535879020856638e-01
-4.1244258086334745e-01 -1.2696436189048352e+00
7.2088327691493537e-03 -1.1207615328724663e+00
-1.8750000000000000e-01 -1.5000000000000000e+00
-9.0015927333786799e-02 -1.3086011647867279e+00
1.3125000000000000e+00 6.5625000000000000e-01
1.2816317694133395e+00 4.0701353882667901e-01
1.3125000000000000e+00 1.5000000000000000e+00
5.0729154587058389e-01 1.2994592694608298e+00
-1.1779635165663340e+00 7.4976191629156630e-01
1.1097248997841220e+00 -8.3027890424270612e-01
2.3193542755918917e-01 -4.3559179525218561e-01
-1.0937500000000000e+00 -1.0714285714285714e+00
-5.6250000000000000e-01 -1.5000000000000000e+00
9.7250525792320253e-01 1.2772358985165733e+00
-1.9430551549378913e-01 -4.2391774575318630e-01
-1.0133713028446734e-01 1.9657819730274897e-01
9.2196987855544910e-01 -4.7418054889741124e-01
8.3278477408420981e-01 -1.1104441772386278e+00
5.6250000000000000e-01 -1.5000000000000000e+00
7.2405419755531208e-01 -1.2620002513655101e-01
1.3183593750000000e+00 1.0253906250000000e+00
-2.4554481219210395e-01 3.4699247088406937e-01
1.8910654638209662e-01 9.5156254694350473e-01
1.3035714285714286e+00 -4.6156002228942722e-01
1.3125000000000000e+00 -1.5000000000000000e+00
-1.3125000000000000e+00 1.5000000000000000e+00
-1.5000000000000000e+00 1.3125000000000000e+00
1.5000000000000000e+00 -1.3125000000000000e+00
-1.3034346422046850e+00 -9.2838991129596173e-03
-1.0725400142904888e+00 -2.6091668721263273e-01
-1.1174138452665821e+00 1.2688407240077648e-01
-7.8900522469774670e-01 -1.0666497359431681e+00
-7.0869402132409831e-01 -1.3075833460641135e+00
7.1016551939655792e-01 5.6657219119825208e-01
-1.3125000000000000e+00 -1.5000000000000000e+00
-1.5000000000000000e+00 -1.3125000000000000e+00
1.0390783617857982e+00 7.7348508535739480e-01
-5.6137464236953094e-01 -6.4440078768901599e-01
-2.9541546349465664e-01 -9.5807358446589208e-01
-9.2692446146502361e-01 -1.3400034084766396e-01
-6.3660758567398190e-01 6.6786432163170539e-02
-4.4823141013354684e-01 6.9146366725160746e-01
-3.1121137620418304e-01 9.2921402566059252e-01
5.7454501485826870e-03 1.3068127845984308e+00
1.3123168258230400e+00 -2.0688277198421812e-05
-5.6250000000000000e-01 1.5000000000000000e+00
-9.3750000000000000e-01 1.5000000000000000e+00
1.5000000000000000e+00 1.8750000000000000e-01
-1.8750000000000000e-01 1.5000000000000000e+00
1.5000000000000000e+00 -5.6250000000000000e-01
1.5000000000000000e+00 -1.8750000000000000e-01
9.3750000000000000e-01 -1.5000000000000000e+00
1.5000000000000000e+00 -9.3750000000000000e-01
1.8750000000000000e-01 -1.5000000000000000e+00
-9.3750000000000000e-01 -1.5000000000000000e+00
-1.5000000000000000e+00 -9.3750000000000000e-01
-1.5000000000000000e+00 1.8750000000000000e-01
-1.5000000000000000e+00 5.6250000000000000e-01
-1.5000000000000000e+00 9.3750000000000000e-01
1.5000000000000000e+00 5.6250000000000000e-01
1.5000000000000000e+00 9.3750000000000000e-01
9.0650886557448795e-01 4.8386818435982193e-01
-1.3153523311372155e+00 3.7182033808401238e-01
1.3078125000000000e+00 1.3078125000000000e+00
-1.0015259254503089e-01 8.0745477544650457e-01
-1.0302137239260103e+00 4.9064679374605208e-01
-8.0453962043489236e-01 6.1949227508325733e-01
-1.0205602488957453e+00 8.3614425009766535e-01
-5.5604100251830824e-01 1.0532629134615794e+00
-1.0614380371743799e+00 -1.3205158641336654e+00
-1.3167133503442705e+00 -7.6603446712569412e-01
9.1648509256822619e-01 1.6926796165456209e-01
-8.8374751524072093e-02 1.1559949010857595e+00
5.8454177023954124e-01 -2.8730743098826272e-01
1.1408485417046668e+00 -1.0233202309684412e-01
5.3642269048402180e-01 8.9225826174182055e-01
-8.5348540211883972e-01 -7.7153952451770969e-01
9.3936694302714197e-01 -8.6034868529148190e-01
3.0458373784878368e-01 -8.4378957637701746e-01
9.1849097143928682e-01 1.1111299891085142e+00
6.0246913351853315e-01 -4.5642948346677847e-01
7.8338052281142823e-01 -7.0708293456000215e-01
-8.8559539798720499e-01 1.1367628228782027e+00
1.0915398740876316e+00 -5.5587120367933862e-01
-7.6529797907066055e-01 1.3272548648411511e+00
7.6584025921385734e-01 8.0340199498783382e-01
-2.3489932294189769e-01 5.7907354921541077e-01
2.9509189167198485e-01 1.0923403050877081e+00
-9.1303214795566912e-01 2.3184361073227752e-01
-4.4169891955073765e-01 -1.1038592707304387e+00
7.5910937324497474e-01 -5.2128417687507334e-01
-1.3922424360619123e-01 -9.2967873764541853e-02
1.1474609375000000e+00 1.0009765625000000e+00
1.1443359375000000e+00 1.3353515625000001e+00
1.1222275069754881e-01 3.7150811175783038e-01
5.4525973381944870e-01 5.8170054040641916e-01
-3.5091145833333337e-01 1.3352906858766234e+00
-2.5781881889623720e-01 -1.3436599988185167e+00
4.6803902590406354e-01 -6.8108203133653256e-01
1.6075935039090361e-01 -5.8182240438249866e-01
1.1706094206650524e+00 2.8449429162818063e-01
6.1315731779970728e-01 2.8194267006241192e-01
3.1753176808546058e-02 9.0504840430158850e-01
-1.3390226773887484e+00 6.9453300950460173e-01
6.9530777684352729e-02 -1.5669526105777112e-01
7.2784953806281139e-02 -3.2309142643194766e-01
3.5071372101678300e-01 -1.1364400996915944e-01
-6.5660874481713083e-01 -9.6733117071346331e-01
4.5090891971286640e-01 7.1121669062565585e-01
-2.9832816295214848e-01 -1.0849799661452721e-01
2.6559900965790240e-01 4.3812493237369543e-01
9.1037878817555951e-01 -8.2384971725367739e-03
8.2150135250473144e-01 1.3489128622989752e+00
6.5812125214748041e-01 1.3640563429503358e+00
-7.3994965279596547e-01 -6.5715137399902857e-01
-5.6445362265532739e-01 2.1087903797109606e-01
3.7727965430085852e-01 -2.6875100537084462e-01
-1.3750000000000000e+00 -1.0312500000000000e+00
-1.0937500000000000e+00 -9.1331845238095233e-01
9.3086931054556366e-01 -3.1836472853749531e-01
-7.0765374299591266e-01 1.0033408685829355e+00
4.2855666231003875e-01 2.0638375969097345e-02
-1.3760197458531598e+00 -4.6875000000000000e-01
6.0646540802108007e-01 1.1764371840677335e+00
3.0055153266046625e-01 -1.3637832902610731e+00
1.6031633378082652e-01 -1.1060065695604833e+00
6.1848843581280927e-02 -1.3540452368702103e+00
-7.2068501752716418e-01 -2.6449608045684631e-01
-2.8782462015804150e-01 -5.4612325896459712e-01
-2.5384645900284597e-01 1.9243317001065219e-01
-1.0558986962114376e+00 1.1824681894449194e+00
-1.0966929878663159e+00 1.3398753532247523e+00
7.5222748924524119e-01 2.2458080383650819e-01
6.3440892354879497e-01 -4.8247832763523707e-03
-8.4375000000000000e-01 -1.3795990063197898e+00
-9.3971109731931624e-01 -1.0899858920454759e+00
2.1978077899126294e-01 6.5701552419186571e-01
-6.9492533290638914e-01 4.7587395734038018e-01
-5.2023604556124803e-01 -7.8906246534263236e-01
-1.1198713212637961e+00 6.1043617169975428e-01
-1.1654391233321886e+00 4.2659938016549470e-01
-5.6139348211793882e-01 -1.2821700764462978e+00
1.6086076857523485e-01 1.3429699050524775e+00
6.4278264313773192e-01 -7.8452858933553804e-01
6.1376075557316623e-01 -9.3845193063377119e-01
1.1718750000000000e+00 7.0312500000000000e-01
1.3593750000000000e+00 7.9687500000000000e-01
-8.6645620715349692e-01 9.8586283393774155e-01
-1.3770879234613371e+00 1.2187500000000000e+00
-1.3602938071195410e+00 1.0692841840775988e+00
1.3770879234613371e+00 -1.2187500000000000e+00
1.3602938071195410e+00 -1.0692841840775988e+00
1.1763770886056322e+00 -1.0624865298144186e+00
1.0564730937583859e+00 -1.1746510097376968e+00
1.0966991948222873e+00 -1.3360696171028568e+00
-1.1763770886056322e+00 1.0624865298144186e+00
-1.1995655050399747e+00 -1.3725967126731520e+00
-1.3464537431548045e+00 -1.3259060276157781e+00
-1.3638392857142858e+00 -1.1763392857142858e+00
-1.2388392857142858e+00 -1.0825892857142856e+00
-1.3037345542984413e+00 1.3499458733703091e+00
1.3037345542984413e+00 -1.3499458733703091e+00
-2.3707721676373594e-01 1.1631922134043453e+00
5.6787994475606196e-01 -1.2384236778592859e+00
2.9542785799488441e-01 -1.1598851159027073e+00
-1.2334567157732543e+00 -4.4904379063296751e-01
4.9807342824405021e-03 -9.6696084566492413e-01
-1.6156967562112282e-01 -1.0088426764179221e+00
-2.5075621904231138e-01 -8.2173555364441386e-01
-1.1527900508177997e+00 8.9049048694419664e-01
4.7024104189989568e-01 2.7224720217179527e-01
-5.7944567453615847e-01 -1.4954283996753159e-01
-1.3822110705620290e+00 8.3052003073231362e-01
8.4375000000000000e-01 -1.3939012096774193e+00
1.3429946698367272e+00 -7.8613802883620587e-01
1.3600652391893124e+00 -5.9321779727644275e-01
1.3581311893363064e+00 1.1682837503279120e+00
-7.9385405102809670e-01 -9.2228125713398090e-01
-8.9249372432903284e-01 7.7420467107363633e-01
-6.4108255473523879e-01 7.8314001836202218e-01
3.4526619867134328e-01 -5.2419648832532639e-01
1.1182994509273354e+00 4.1865653374204248e-01
3.5070654766121406e-01 1.4116446058574728e-01
7.1040983275643022e-01 -1.0408283915846348e+00
-9.4189154063027658e-01 -4.4940996426554464e-01
-5.0138805848576584e-01 5.6453941989147316e-01
-4.2605817049077371e-01 3.6103446774719861e-01
1.1016059634724809e+00 -6.9301053494679898e-01
-4.6875000000000000e-01 -1.3970171239982043e+00
1.1701554334653923e+00 -2.4437201873245162e-01
-2.8400641596255244e-03 1.0400343373729146e+00
-1.2417844594703169e+00 -1.3954810768724299e-01
1.3604729763748513e+00 -3.2453001114471358e-01
-1.3994537716376918e+00 -6.5625000000000000e-01
-7.7202298169675521e-01 2.9570680168691577e-02
9.0628172357159642e-01 8.0470336178579827e-01
9.9009100053583454e-01 5.9449406232636692e-01
2.3327587109812442e-01 8.2139929105546372e-01
8.8333723719901425e-01 -9.8422932424591625e-01
-4.3516382575419588e-01 9.8517501041691036e-01
-3.8433887100869912e-01 8.1454837662845747e-01
-9.3749999999999986e-02 1.4017857142857144e+00
-1.4019559200547367e+00 9.3750000000000000e-02
-1.2029746089364608e+00 2.8628024101974825e-01
1.1730969246006611e+00 1.4700796588437051e-01
1.4022543840569375e+00 2.8125000000000000e-01
-4.4105704682500868e-01 -1.7313393060771193e-01
5.1976933203632625e-01 -1.3682776544674426e+00
4.9235117787542626e-01 -5.4308303850548223e-01
8.2308010521994956e-01 1.0128288482115861e+00
6.5181645854026038e-01 -1.3982337049345062e+00
1.4022133115402851e+00 4.6875000000000000e-01
4.2662984535977316e-01 9.6856876141536463e-01
1.3549805666502923e-01 -3.3649273446087397e-02
-6.5625000000000000e-01 1.4046477316708486e+00
-3.8098942583625212e-01 7.7636547178042137e-02
-9.9898726851851849e-01 -8.1790388431013428e-01
-1.1912357267589369e+00 -8.1592506165508916e-01
-1.1351668311300669e+00 -5.8895546932411402e-01
4.9150671850871264e-01 -9.9089372486464544e-01
2.8125000000000000e-01 1.4033212223668956e+00
-1.4060343986757957e+00 4.6875000000000000e-01
-1.3781630780768119e+00 -1.2437135425036787e-01
1.4022543840569375e+00 9.7647067540817006e-02
1.4017857142857142e+00 -9.8137797577429145e-02
1.4016741071428571e+00 1.4016741071428571e+00
-9.5136700375699634e-01 -7.0517404937090256e-01
-7.9671752745740254e-01 -7.1434544925836918e-01
-8.2184819589571989e-01 -6.2479779421534976e-01
-8.7861607055715707e-01 -6.8199186947469026e-01
-6.4305174783855878e-01 -2.8492743533270637e-01
-7.0603514100690257e-01 -3.8398539769519036e-01
-6.2840187131829717e-01 -4.0441675257105036e-01
3.9421072944795904e-01 -1.1505112746448318e+00
-3.6855719152269717e-01 -1.0309664275981654e+00
-3.9412275736884195e-01 -9.5076980855336624e-01
6.1660211556922451e-01 9.2601517261436106e-01
5.7294643059940564e-01 8.1330076908511206e-01
6.5312585568460835e-01 8.4705767995765258e-01
8.9078615635884051e-01 5.7788745396570929e-01
8.4650257004999840e-01 -1.4660616018267433e-01
7.4948115758238609e-01 -2.2519253414066287e-01
8.7192953007707230e-01 -2.4559866918678619e-01
6.2771262660800331e-01 5.7413636580233562e-01
5.7736495226711915e-01 6.5802190841741137e-01
6.5981784505567376e-01 6.5045773381332783e-01
-5.4465698243439276e-01 7.3730184280681477e-01
-6.3304127736761939e-01 7.0407000918101104e-01
-5.3661570506677347e-01 6.5823183362580373e-01
1.8611485698451063e-01 -6.9140697802820195e-01
8.2648534031633511e-02 -1.0364837076127036e+00
6.0947835257949279e-03 -1.0438611892686951e+00
8.3762583274987937e-02 -1.1133840512164748e+00
8.1721649286543574e-01 -6.7219261154543894e-02
8.3656853384052687e-01 3.3137829502997485e-02
7.4340623853040322e-01 -2.5842934479009635e-02
9.3966486536012206e-01 -8.7625396200667213e-02
-5.7468693764697543e-01 8.2682468987339874e-01
-4.7826136534612940e-01 7.8098651431819133e-01
-3.3965879439420033e-01 -1.5430724718242535e-02
9.3133241111235554e-02 9.9579844215820967e-01
4.7336264979521654e-02 1.0883748959761683e+00
1.4330957025038271e-01 1.0441390007614633e+00
8.1534484788279071e-02 -9.5958336400893263e-01
1.5920228453747209e-01 -1.0291062259567121e+00
5.5263373704093943e-01 -9.6467282774920826e-01
5.9634288452971096e-01 -1.0148082270792460e+00
5.0385691893004536e-01 9.9342765543358835e-01
5.8403634401524807e-01 1.0271845663061290e+00
-5.0653304840213764e-01 -8.6626424899173649e-01
-4.4761802278062401e-01 -7.6953123267131618e-01
-4.3391502562151363e-01 -8.4673301632042031e-01
-4.9806844409198481e-01 -5.7240734895301504e-01
-4.6818732118476547e-01 -6.9720039384450794e-01
-4.0488112290721934e-01 -6.2520695510850699e-01
-1.2016235971199866e-01 2.0233956799688708e-02
-6.0797253177731236e-01 9.3692511498385533e-01
-5.3216616153851004e-01 9.6188613742317730e-01
-5.0009036198219603e-01 -4.0288635021279018e-01
-3.8451696879146668e-01 -3.8233936725210838e-01
9.6324199091284868e-01 2.4651009156980988e-01
9.8991107306982740e-01 1.1672103439870961e-01
1.0366679714144498e+00 1.9396316431395738e-01
8.3324254628411309e-01 2.7213398082728102e-01
8.7999944462873558e-01 3.4937611074252883e-01
-9.1125314789545508e-01 1.4510782775801295e-01
-8.2449914778125699e-01 1.4504184625551059e-01
-5.6307375515053981e-01 -5.0194431257527417e-01
-7.9617807241157490e-01 -2.9179376330404816e-01
-7.8152819589131328e-01 -4.1128308054239221e-01
7.3131089993414222e-01 8.8158703923736770e-01
6.8765521496432347e-01 7.6887263570811870e-01
5.3222787640135594e-01 4.9993338955183431e-01
4.4809405165495325e-01 5.8181714854989286e-01
4.3506219423686043e-01 5.0004999769530811e-01
9.7354416384574635e-02 -1.1890819113237183e+00
-3.2993112435609473e-01 -1.1220954676555821e+00
-3.1530295501239963e-01 -1.2049876417427805e+00
1.2918668134695183e-01 1.2398426798159496e+00
1.9956489517979270e-01 1.2025743036743539e+00
1.9630224289532683e-01 1.1145278798335649e+00
-7.1566745864130321e-01 -5.8031304446628140e-01
-7.9756600174105763e-01 -5.4795946468260259e-01
-1.4269905233557545e-01 4.8919578118167861e-01
2.4268989432458266e-01 5.4757022828278057e-01
2.8535457424086036e-01 6.1947464044261613e-01
-2.0568198437460697e-01 8.6833440055354849e-01
-1.1510609779193284e-01 8.9531445187604719e-01
-2.2063548962150892e-01 9.5619407698309122e-01
2.4209921902704074e-01 1.0219514260156064e+00
1.1982134714279005e-01 6.4821698680049189e-01
-1.8369698592768785e-01 7.7641827442275968e-01
-2.8922637775726390e-01 8.3729789952980371e-01
-1.0152229966111257e+00 1.7936384156652702e-01
-9.8894978609904671e-01 2.7382900233583574e-01
-1.0911406347545032e+00 2.2134923317008523e-01
-6.0053060416465465e-01 1.3883273506713328e-01
-6.5198888519130005e-01 2.2129534284918440e-01
-6.8806586670062742e-01 1.4924903994522165e-01
5.5541083452089768e-01 -7.3280531033603524e-01
5.6479651612312265e-01 -8.1561469620415972e-01
4.7742470750628851e-01 -7.6389141720465692e-01
5.9350545187903725e-01 -3.7186845722752060e-01
6.8868862556399657e-01 -3.9030726330577659e-01
6.7972494392450056e-01 -3.0574623706651871e-01
9.2641959455050638e-01 -3.9627263871745327e-01
1.0190060838442103e+00 -3.4668236426874766e-01
1.0145563678491532e+00 -4.2459027444870562e-01
3.3481437114318879e-01 -9.3797915431498469e-01
2.3133598657145066e-01 -8.9799772936497924e-01
2.6156661986585578e-01 -9.9218730730294658e-01
3.8631138187642361e-01 -7.6243580385677501e-01
3.8527354445553863e-01 -6.7131676187849187e-01
3.0354590042789870e-01 -7.5267053439873433e-01
-5.8842239518918937e-01 -8.7819681802804783e-01
-5.9513985138882886e-01 -7.9571574684670165e-01
-6.6332620101677020e-01 -8.8485009953211713e-01
3.4528838175215140e-02 -1.2374033848713384e+00
-4.5768081434467825e-02 -6.7745601341660011e-01
-6.5256997282053017e-02 -5.5888573641533301e-01
-2.7308584126848401e-01 -8.8990456905515303e-01
-1.8373958771693963e-01 -8.4731675409772289e-01
-2.0606920994311226e-01 -9.1548576950846194e-01
6.4484392133364032e-01 1.0760554030828383e-01
8.4053962590021192e-01 -4.9773236288624229e-01
7.6700874542721742e-01 -4.2273461000992402e-01
8.4843899808245449e-01 -3.9918279602109297e-01
4.8091071227019988e-01 -2.7802921817955367e-01
5.1115621552539059e-01 -3.5066661723326653e-01
6.2827169935544913e-01 -8.6149025998465456e-01
6.9093764311897821e-01 -9.1163383180910551e-01
4.7198500896192486e-01 -1.0616666278888365e+00
-5.9815669569607754e-01 5.2020668861592667e-01
-6.5996266645319457e-01 5.5043697867019015e-01
8.2045185317852520e-01 7.3765435927971512e-01
8.5288871407751188e-01 -3.2127488584113501e-01
-3.7318760097918946e-01 9.5719451803875144e-01
-4.0508191287709794e-01 1.0461589337798838e+00
-3.4310568810209152e-01 1.0181784414017248e+00
-6.5331159301254205e-01 3.0185878866038041e-01
-4.6372311448826975e-01 4.6278694381933588e-01
-4.0418653678210620e-01 4.2830152120292525e-01
-4.4185148077960223e-01 5.3005399727506253e-01
-1.2104242437356336e+00 5.8800086643908435e-02
-1.3793737576203602e-01 1.2297831648285942e+00
-9.0877274925708643e-02 1.3051921065849297e+00
-1.7046493770082052e-01 6.8828290716763951e-01
2.8472655514434085e-02 3.0290722605486031e-01
3.6086086851587901e-01 1.0304545332515365e+00
2.1119120874011052e-01 8.8648091899948422e-01
3.0066614822118964e-01 8.3488636474058375e-01
2.7858148586317577e-01 8.9996799268460426e-01
-4.0975134838144750e-01 8.9986169352268397e-01
-4.4631509578370554e-01 8.4252886900661639e-01
-4.7172757315645392e-01 9.2784218590084278e-01
-1.6272598414390402e-01 1.1595935572450524e+00
-1.8356840990128537e-01 1.0731831708549675e+00
-1.0921717728145344e-01 1.0695845146956746e+00
5.5028557234083986e-01 -8.9257636685327624e-01
6.3389132156886596e-01 -7.0476429466776902e-01
5.4651951295203172e-01 -6.5304101566826622e-01
-1.1167056254107113e+00 2.8835887234404806e-02
-9.0678133396313110e-01 -3.8425070520839733e-01
-8.1663840255845876e-01 -4.7644233959953952e-01
9.5825387741597956e-01 4.0381020292243980e-01
8.2825443278724398e-01 4.2943409217991096e-01
-4.7480973430965634e-01 6.2800154357154025e-01
-8.3087747704169024e-01 5.3362889584463380e-01
-8.9187020337148981e-01 6.4045824438758503e-01
-9.1820805997828758e-01 5.5459486514896161e-01
-9.9973223787775622e-01 -1.9745851403014836e-01
-1.0214609335099321e+00 -1.0160631938981542e-01
-1.0942687099226647e+00 -1.6506449257229980e-01
-4.7272152424578973e-01 1.4425779257456911e-01
-3.9231762958479277e-01 1.4949535692235441e-01
-4.8404972799433038e-01 2.1611660231888136e-01
-2.3500652714780176e-02 -7.9708020909349231e-01
-1.3899038511125553e-01 -7.5327375887413961e-01
-1.7778166466236617e-01 -5.2878365447521691e-01
-3.6129343298624006e-01 -5.2326858459080561e-01
-3.1453388065411392e-01 -4.6216582798510014e-01
1.1555019875850294e+00 -1.7335202091464788e-01
1.0695531880050384e+00 -2.0569215698062465e-01
1.0548997421246757e+00 -1.3467215916282088e-01
1.0256136649401131e+00 -5.5285260134690449e-02
8.5167012960692867e-01 8.7045099749391697e-01
-9.1819930465013244e-01 -3.7814148031957789e-02
-1.0127357766950409e+00 -5.4201265741092436e-03
-8.9929779438050461e-01 -2.2654589349945703e-01
-9.7210557079323723e-01 -2.9000406668194140e-01
-3.6295572916666669e-01 1.2212167715097402e+00
-4.4466145833333337e-01 1.2053571428571428e+00
-1.7083092485423235e-01 1.1852305545106320e-01
-7.5917956006860271e-02 2.9794810522534770e-01
3.9569706347864853e-01 -8.4524518972489937e-01
-9.2281913981287544e-01 -5.2092708934860776e-01
-9.9674516436953198e-01 -5.2458749183122011e-01
4.5689212972983700e-03 1.1463551778325907e+00
5.1629022133625760e-02 1.2217641195889264e+00
-3.1287810952115569e-01 -7.8586777682220688e-01
-3.3520773174732832e-01 -8.5403679223294604e-01
5.6617666839148517e-01 3.5005445437983068e-01
6.8157865889985358e-01 3.2847133503120596e-01
6.3459800949163148e-01 3.9658311934862472e-01
-7.7607033327743857e-01 4.6181973697319523e-01
-7.1722474031683103e-01 3.5379280253382650e-01
-7.9836974068788047e-01 3.3973858216664155e-01
4.8915855380861306e-01 -9.1879726396871342e-01
4.2592769677305364e-01 -9.3943476766286671e-01
1.8112648506076023e-02 6.9597995150261482e-01
-2.4022206756700082e-01 4.6303301004974007e-01
-3.0860711300766819e-01 5.3732106193703133e-01
-3.1392985763277131e-01 4.2128052277136063e-01
-6.5006534603166133e-01 -2.0701946021218895e-01
-7.2492584209691535e-01 -1.8433137356175650e-01
-1.0547724819615122e-01 -1.1305465987265961e+00
-7.7180421425986731e-02 -1.0648021046451941e+00
-7.8294470669341157e-02 -9.8790176104142313e-01
-2.2454121699449234e-01 -5.8988641108092232e-01
-4.9525589657305058e-01 2.8595675285914735e-01
-4.1485200191205351e-01 2.9119431720693267e-01
-1.7759179464365665e-01 1.9450568365670057e-01
-2.4708558921342166e-01 1.1645054180501480e-01
8.6137373291928510e-01 -7.8371580992574197e-01
8.7160097569142847e-01 -6.9394325299428683e-01
7.7574752673810932e-01 -7.9594933377222099e-01
6.8078925338175389e-01 -4.8885683017092590e-01
-2.4969563559747496e-01 2.6971282044736078e-01
-1.7344097123828564e-01 2.7178533409340916e-01
1.1042986159532134e-01 9.2830547562254662e-01
7.0833484955997172e-02 8.3291213318527701e-01
1.4951016974277245e-01 8.5616920450623513e-01
4.8806002792086897e-03 7.8411531875773499e-01
1.1386491453041248e+00 -3.0968600936622581e-01
1.0380468998437709e+00 -2.7100614761439884e-01
-1.0134439965509117e+00 9.2628058592262433e-02
-7.3194885412225319e-01 -8.6232514274237593e-01
6.1468076918991055e-01 4.9236921494775077e-01
7.3008275969827896e-01 4.7078609559912604e-01
-6.2637995342808594e-01 -5.7393775131127511e-01
-7.0499665500618758e-01 -7.2976020117489981e-01
-7.6176452966762476e-01 -7.8695427643424032e-01
-2.5678939632805420e-01 -1.0492026245233088e+00
-1.3914631600634536e-01 -9.4087031548447697e-01
-5.5871111054563688e-02 -9.1992940010797797e-01
-7.5577356471201407e-01 1.3064116394798217e-01
-7.0431528368536855e-01 4.8178556165931058e-02
-7.5059482418171086e-01 -3.7297993248987547e-02
-6.8288712617032421e-01 -1.8690117251748066e-02
-4.1527315660349273e-01 5.9351612095512962e-01
-2.5107035112612125e-01 6.6222766130721289e-01
-3.4777512360644108e-01 8.7188120114452494e-01
-3.2579012515952199e-01 7.7996507501373613e-01
1.2222099851380477e+00 -1.4491601154842207e-01
8.0833719248552294e-01 5.2522018777903701e-01
7.9261448326987549e-01 6.1923945738492425e-01
-3.4199707868242418e-02 8.5625158987404659e-01
-4.9153213115144367e-02 9.4411126630358910e-01
-9.4371452878724915e-01 4.6920615517603115e-01
-1.0475405740842172e+00 4.0323059384272303e-01
-9.6104137894545616e-01 3.8178995527270210e-01
-1.0047072551170486e+00 5.7603550371898249e-01
-5.3518195959248749e-01 1.1784171710165041e+00
-4.6552050125915412e-01 1.0802028853022183e+00
6.3957852620351374e-01 1.8263886413727204e-01
7.5749288437536766e-01 1.4954748000751997e-01
9.8685792087349400e-01 2.7967804985160175e-02
1.1020927976380477e+00 -1.9078957976993501e-02
-2.7414429648395949e-01 1.0462031195324690e+00
-3.0603860838186797e-01 1.1351675352736013e+00
6.5429798389742666e-01 -2.0675372806240688e-01
1.2265826837638534e+00 -5.1176355687021273e-02
1.1569727331526640e+00 2.2337971393763194e-02
4.8152626792189746e-01 9.3041351157859253e-01
3.9734313535201404e-01 9.0847109992053421e-01
4.5223955791413833e-01 8.7031585008376222e-01
4.9366580509844410e-01 8.0173747618373814e-01
5.3018954521382800e-01 7.2277998352702966e-01
1.8715269440539561e-01 -7.8252602000648519e-01
1.1390494312806258e-01 -8.3673417299444697e-01
5.2011989716488660e-01 -4.3522764347252441e-01
4.8019510188974490e-01 -6.1208253492100739e-01
5.5867558893771307e-01 -5.8404151925274106e-01
7.7124494802820154e-01 -6.1418355571753769e-01
6.9205468662248737e-01 -5.7314208843753667e-01
7.0419026140571406e-01 -6.6604146728000102e-01
6.1373456675926663e-01 -5.4071474173338929e-01
9.4089565356343885e-01 -5.7749206016299137e-01
7.3800288930520763e-01 6.8498709309304295e-01
-3.4156536653772229e-01 6.3526860823350906e-01
-3.5773639472194585e-01 7.1842272032531118e-01
-8.8512374080207856e-01 3.3980456366914391e-01
-5.4952177103192235e-01 -1.0415185981238899e+00
8.5946540090820167e-01 -6.0104387415182237e-01
4.9808432676615755e-01 6.4645861551603745e-01
4.0091864460166210e-01 6.4657522365951126e-01
4.1880868827338480e-01 -5.3363976341540431e-01
2.5301277453112347e-01 -5.5300944635391258e-01
3.2388713083917853e-01 -5.9287399037288879e-01
6.8269240352247418e-01 2.5326173694946008e-01
7.5111374462262059e-01 2.9979040191825412e-01
1.4456556324460267e-02 9.7254137083725156e-01
-6.6449833599230151e-02 1.0116042328392523e+00
4.4905649381709595e-01 -1.8645883601875565e-01
-5.7471939803007899e-01 -9.5539860167715185e-01
4.0948267252856063e-01 7.7979506452567982e-01
3.3534484935206466e-01 6.8411610740876072e-01
-3.1065707263012471e-01 5.9052230388709777e-02
3.9239751432058273e-01 4.2814558553547244e-01
9.1343194037189290e-01 8.0514732241012660e-02
8.3962168603686016e-01 1.2189105891654692e-01
-6.5066214758274821e-01 -6.5077608084402228e-01
-6.1570914979297031e-01 -7.2338490801989352e-01
-3.1741794241954902e-01 1.3503485859434716e-01
-3.2874614616808967e-01 2.0689366833865944e-01
9.4991012654512419e-01 -2.4268851188314650e-01
2.6268066910921023e-01 -1.0690876509067175e+00
-8.2380473949609390e-01 -1.9924821065225512e-01
-8.2804556406584506e-01 -1.1908350375716531e-01
-3.3141231007902072e-01 -6.4806162948229851e-01
-2.6812890691547159e-01 -6.9182478159862371e-01
-3.2459532276271863e-01 2.8417331877536800e-01
8.3435629090673369e-01 1.9692438274553514e-01
2.9391860216775889e-01 7.5269448130878480e-01
1.7159483210078635e-01 7.9108757656221462e-01
-7.4973247667064080e-01 5.4768311621181875e-01
-7.1476981021744623e-01 6.2224613754162861e-01
-5.4080534396538948e-01 -7.1673162651582412e-01
7.1308158297458002e-01 -7.4580576194777004e-01
7.3926218171061020e-01 -9.6282206228453726e-01
3.7351192622224014e-02 -8.4411165465043847e-01
-2.2849256955788971e-01 -9.8345813044190711e-01
-2.0600701643662728e-01 -7.2769255842083069e-01
-6.0802663010507019e-01 -4.1378203902180527e-02
-7.9212644369110086e-01 7.4020200406797398e-01
-7.2281108758506551e-01 7.0131614672263975e-01
4.0665261228770344e-01 -6.0263925983092947e-01
1.0124041582509116e+00 4.5126235905093220e-01
-1.0072157774603827e+00 -3.5516332573908871e-01
-3.3580149134143883e-01 3.5401346931563399e-01
1.2368634310184103e+00 -3.5296602051093939e-01
-4.5607407841848809e-02 1.0980146192293372e+00
-1.1571622368804029e+00 -2.0023239744993787e-01
-8.4947372158088941e-01 -5.2214830339486193e-02
2.2652832504469367e-01 7.3920740762366477e-01
7.9687353497772229e-01 -1.0125288579152756e+00
-4.1628514057112298e-01 7.5300602194003252e-01
5.4741015569697971e-01 -4.9975626098613035e-01
7.9446018221690351e-01 9.0811542159971004e-01
3.0786819587093489e-01 9.6006565417943468e-01
-5.0879850575511698e-01 7.2211489670606338e-02
-1.0194567850627707e+00 -5.9069984187789237e-01
4.2827586147315327e-01 -1.0115312285587987e+00
simplices
34 116 154
105 356 366
105 126 366
254 367 369
216 367 369
254 368 369
126 368 369
80 151 209
139 371 372
47 371 372
139 370 371
267 370 371
61 171 247
148 243 312
99 222 224
88 293 294
133 304 373
129 304 373
130 229 374
130 374 375
178 374 375
215 376 378
118 376 378
215 377 378
48 377 378
33 147 263
201 336 379
92 336 379
97 145 240
159 380 382
117 380 382
159 381 382
69 381 382
235 383 385
173 383 385
235 384 385
48 384 385
123 231 249
18 386 387
319 386 387
18 386 388
181 386 388
124 239 389
71 239 389
141 390 391
306 390 391
141 390 392
265 390 392
82 393 394
251 393 394
82 393 395
159 393 395
251 380 393
159 380 393
251 380 396
117 380 396
102 386 397
319 386 397
102 386 398
181 386 398
113 355 399
113 249 399
63 400 401
330 400 401
63 400 402
162 400 402
80 298 299
99 222 270
27 390 403
306 390 403
27 390 404
265 390 404
91 223 327
359 405 406
284 405 406
36 359 406
38 138 234
83 150 320
215 376 408
118 376 408
215 407 408
33 407 408
278 409 411
130 409 411
278 410 411
19 410 411
177 412 414
114 412 414
177 413 414
19 413 414
123 231 415
8 231 415
208 416 417
102 416 417
208 260 416
129 264 347
37 231 249
139 418 419
114 418 419
37 139 419
70 246 353
211 420 422
108 420 422
211 421 422
41 421 422
140 281 328
39 144 285
211 420 424
108 420 424
211 423 424
20 423 424
43 195 257
151 209 275
76 160 232
76 144 286
77 160 232
77 203 316
228 425 426
120 425 426
66 228 426
139 418 427
114 418 427
139 372 427
47 372 427
267 428 429
107 428 429
267 371 429
47 371 429
225 378 430
118 378 430
225 378 431
48 378 431
235 432 434
131 432 434
235 433 434
100 433 434
265 392 435
141 392 435
79 265 435
140 229 437
229 436 437
40 436 437
30 270 295
30 222 270
89 293 294
13 189 315
54 111 112
25 280 343
55 196 202
260 319 416
319 397 416
102 397 416
94 188 341
57 167 290
88 292 293
58 166 288
99 270 271
128 282 439
282 438 439
63 438 439
128 227 439
227 439 440
63 439 440
145 240 321
254 368 442
126 368 442
254 441 442
47 441 442
64 136 443
136 226 443
100 444 445
276 444 445
100 250 444
98 446 447
204 446 447
98 446 448
182 446 448
227 402 449
162 402 449
227 402 440
63 402 440
135 276 450
22 276 450
62 446 451
204 446 451
62 446 452
182 446 452
72 148 279
202 280 343
25 453 454
228 453 454
25 453 455
170 453 455
255 456 458
180 456 458
255 457 458
66 457 458
67 222 224
68 223 327
104 459 460
283 459 460
104 459 461
238 459 461
213 463 464
69 463 464
213 462 463
220 462 463
259 465 467
156 465 467
259 466 467
28 466 467
31 246 261
70 244 245
218 468 470
133 468 470
218 469 470
27 469 470
71 471 472
238 471 472
71 471 473
218 471 473
9 106 333
105 137 357
61 171 172
74 209 275
74 171 172
75 474 475
278 474 475
75 474 476
247 474 476
78 153 252
78 153 219
122 153 252
79 266 477
79 435 477
141 435 477
141 143 477
143 266 477
34 124 478
34 478 479
115 478 479
308 480 482
178 480 482
308 481 482
81 481 482
119 241 310
119 273 483
82 273 483
230 484 486
156 484 486
230 485 486
69 485 486
83 256 487
83 487 488
213 487 488
84 283 490
283 489 490
284 489 490
36 373 491
133 373 491
36 129 373
85 289 295
85 295 309
87 291 292
91 149 314
89 134 157
89 134 313
65 148 207
18 325 492
18 492 493
277 492 493
53 163 189
91 163 223
39 321 336
225 335 494
92 335 494
108 240 321
259 465 486
156 465 486
259 486 495
69 486 495
339 496 498
182 496 498
339 497 498
26 497 498
132 255 499
255 457 499
66 457 499
95 500 501
326 500 501
95 500 502
325 500 502
96 170 503
96 168 503
96 202 343
108 344 422
41 344 422
187 345 363
183 212 505
212 504 505
94 504 505
136 204 506
204 451 506
62 451 506
11 186 224
138 234 507
64 234 507
135 276 444
135 250 444
33 352 508
33 227 508
337 509 511
162 509 511
337 510 511
101 510 511
102 512 513
340 512 513
102 512 514
339 512 514
212 516 517
98 516 517
212 515 516
302 515 516
38 234 250
8 138 155
284 460 489
283 460 489
284 460 518
104 460 518
17 459 519
283 459 519
17 459 520
238 459 520
216 366 369
126 366 369
216 356 366
105 137 358
137 262 305
137 210 333
46 503 521
170 503 521
46 168 503
324 429 522
107 429 522
324 429 523
47 429 523
39 145 321
201 424 524
108 424 524
201 424 525
20 424 525
33 128 147
78 253 263
325 388 526
181 388 526
18 325 388
206 527 529
110 527 529
206 528 529
65 528 529
7 196 342
168 331 362
54 106 262
169 531 532
46 531 532
169 530 531
179 530 531
35 533 534
355 533 534
35 533 535
255 533 535
113 311 346
81 478 536
124 478 536
81 478 537
115 478 537
154 479 538
115 479 538
34 154 479
37 116 154
154 268 540
268 539 540
114 539 540
116 244 245
8 231 244
214 542 543
117 542 543
214 541 542
329 541 542
117 396 544
251 396 544
117 543 544
214 543 544
225 335 545
24 335 545
78 118 349
119 261 273
103 246 261
179 546 547
120 546 547
179 531 547
46 531 547
179 530 549
169 530 549
179 548 549
107 548 549
121 236 551
236 550 551
26 550 551
56 121 236
45 122 233
122 153 233
155 415 552
123 415 552
8 155 415
138 155 507
155 507 553
64 507 553
104 461 471
238 461 471
104 471 554
218 471 554
34 124 239
77 203 233
77 153 233
126 442 523
47 442 523
126 523 555
324 523 555
324 555 556
126 555 556
32 324 556
183 212 558
212 557 558
63 557 558
183 438 558
63 438 558
183 282 438
59 109 147
128 282 360
284 323 406
36 323 406
308 480 560
178 480 560
308 559 560
19 559 560
178 375 411
130 375 411
178 411 560
19 411 560
241 310 561
131 310 561
241 561 563
131 561 563
241 562 563
20 562 563
110 565 566
66 565 566
110 564 565
277 564 565
132 499 565
66 499 565
132 277 565
359 405 518
284 405 518
359 518 567
104 518 567
218 468 568
133 468 568
218 554 568
104 554 568
303 347 350
134 303 350
135 136 450
136 450 569
22 450 569
64 135 136
95 570 571
226 570 571
95 570 572
161 570 572
64 161 443
161 443 570
226 443 570
137 210 357
32 305 358
103 246 353
38 310 322
139 311 346
21 311 573
21 573 574
267 573 574
141 143 575
40 143 575
307 575 576
141 575 576
40 307 575
306 391 576
141 391 576
306 576 577
307 576 577
40 143 237
140 237 437
40 237 437
142 143 237
4 142 143
60 187 345
15 144 199
39 144 145
146 203 365
125 203 365
16 122 252
16 252 253
72 148 243
65 148 279
68 149 217
29 149 217
70 246 256
34 116 245
23 151 275
73 210 357
10 152 172
10 194 274
77 219 232
77 153 219
154 419 540
114 419 540
37 154 419
154 268 538
268 538 578
115 538 578
35 579 580
326 579 580
35 535 579
255 535 579
269 552 581
155 552 581
269 552 582
123 552 582
68 583 584
221 583 584
68 217 583
28 163 223
29 292 293
84 583 585
221 583 585
84 217 583
158 347 350
129 303 347
31 261 273
230 463 586
220 463 586
230 463 485
69 463 485
44 160 200
269 587 588
161 587 588
269 581 588
155 581 588
161 553 588
155 553 588
64 161 553
242 589 591
162 589 591
242 590 591
22 590 591
136 204 569
204 569 592
22 569 592
93 329 332
329 542 594
117 542 594
329 593 594
28 593 594
1 164 301
52 191 294
3 165 300
51 186 271
3 166 300
166 288 300
1 167 301
167 290 301
111 112 362
46 168 331
112 331 362
137 305 358
170 547 595
120 547 595
170 521 547
46 521 547
120 425 453
228 425 453
120 453 595
170 453 595
247 476 596
75 476 596
247 317 596
23 216 356
152 172 281
61 172 281
235 383 597
173 383 597
235 432 597
131 432 597
20 597 598
173 597 598
20 563 597
131 563 597
0 175 297
174 296 297
0 174 297
80 296 297
76 144 285
24 219 232
177 412 427
114 412 427
177 427 599
47 427 599
254 367 601
216 367 601
254 600 601
75 600 601
178 436 602
40 436 602
178 374 436
229 374 436
81 577 603
307 577 603
81 577 604
306 577 604
139 311 573
139 370 573
267 370 573
120 334 426
334 426 605
66 426 605
180 458 605
66 458 605
180 605 606
334 605 606
334 606 608
180 606 608
334 607 608
21 607 608
325 526 609
181 526 609
325 502 609
95 502 609
136 226 506
226 506 610
62 506 610
182 512 611
340 512 611
182 496 512
339 496 512
340 452 611
182 452 611
340 452 612
62 452 612
6 127 282
6 183 282
329 541 613
214 541 613
93 329 613
5 190 364
67 224 354
56 121 185
99 186 271
99 186 224
5 184 363
5 187 363
302 504 515
212 504 515
94 302 504
6 188 341
91 314 315
13 314 315
93 190 364
53 163 332
89 191 294
14 158 350
87 149 314
57 290 291
79 265 304
4 143 266
74 209 274
42 174 296
73 195 257
9 210 333
96 196 342
96 196 202
72 202 280
12 243 312
85 148 312
58 288 289
144 199 351
60 199 351
15 200 286
15 144 286
92 379 614
201 379 614
92 614 615
173 614 615
20 525 614
201 525 614
20 598 614
173 598 614
55 197 361
55 202 361
44 125 316
125 203 316
242 592 616
204 592 616
242 590 592
22 590 592
204 447 617
98 447 617
204 616 617
242 616 617
205 618 620
110 618 620
205 619 620
25 619 620
205 529 618
110 529 618
205 529 621
65 529 621
90 260 319
65 207 318
90 287 318
30 222 287
26 622 623
208 622 623
26 551 622
121 551 622
67 208 622
67 121 622
42 194 209
194 209 274
9 195 210
73 195 210
272 483 624
119 483 624
272 483 625
82 483 625
41 544 626
251 544 626
41 544 627
214 544 627
26 628 629
302 628 629
26 498 628
182 498 628
98 516 628
302 516 628
98 448 628
182 448 628
69 464 630
213 464 630
69 381 630
159 381 630
31 213 630
31 159 630
93 613 631
214 613 631
93 184 631
41 344 632
41 627 632
214 627 632
352 633 635
215 633 635
352 634 635
101 634 635
48 636 637
248 636 637
48 377 636
215 377 636
171 247 317
23 171 317
29 157 338
29 217 338
71 473 638
218 473 638
71 389 638
124 389 638
27 469 638
218 469 638
27 638 639
124 638 639
78 219 349
24 219 349
220 462 488
213 462 488
220 488 640
83 488 640
348 520 641
238 520 641
348 520 642
17 520 642
17 643 644
230 643 644
17 643 645
221 643 645
230 586 646
220 586 646
230 644 646
17 644 646
90 260 287
67 208 260
156 223 467
28 223 467
156 223 647
68 223 647
11 185 354
11 224 354
48 431 648
225 431 648
48 385 648
173 385 648
92 494 648
225 494 648
92 615 648
173 615 648
62 610 649
226 610 649
62 649 650
181 649 650
95 571 649
226 571 649
95 609 649
181 609 649
352 407 633
215 407 633
33 352 407
33 128 227
228 566 651
110 566 651
66 228 566
228 620 651
110 620 651
228 454 620
25 454 620
130 229 652
61 229 652
152 281 328
221 584 653
68 584 653
221 643 653
230 643 653
156 647 653
68 647 653
156 484 653
230 484 653
37 116 231
116 231 244
24 176 232
76 176 232
146 203 233
45 146 233
135 234 250
64 135 234
248 384 654
235 384 654
248 384 637
48 384 637
248 433 654
235 433 654
248 433 655
100 433 655
94 188 236
56 188 236
50 152 328
50 142 237
83 348 656
83 320 656
71 657 658
320 657 658
71 239 657
150 320 657
150 239 657
34 150 239
108 240 344
97 240 344
119 241 624
241 624 659
272 624 659
272 562 659
241 562 659
272 562 660
20 562 660
242 400 589
162 400 589
242 400 661
330 400 661
330 617 661
242 617 661
330 617 662
98 617 662
12 197 243
72 202 361
70 244 353
8 244 353
34 150 245
70 150 245
31 213 663
213 487 663
256 487 663
31 246 663
246 256 663
247 652 664
130 652 664
61 247 652
130 409 474
278 409 474
130 474 664
247 474 664
101 636 665
248 636 665
101 635 636
215 635 636
100 445 666
276 445 666
100 655 666
248 655 666
123 399 667
355 399 667
123 249 399
37 139 346
38 250 668
38 131 668
100 250 668
100 434 668
131 434 668
251 421 669
211 421 669
251 421 626
41 421 626
251 669 670
211 669 670
251 394 670
82 394 670
147 253 263
78 252 253
16 109 253
109 147 253
254 671 672
177 671 672
254 600 672
75 600 672
254 599 671
177 599 671
254 441 599
47 441 599
35 534 673
355 534 673
35 673 674
269 673 674
132 326 579
132 255 579
70 150 256
83 150 256
80 297 298
73 257 299
73 151 258
23 151 258
259 594 675
117 594 675
259 466 594
28 466 594
259 382 675
117 382 675
259 382 495
69 382 495
67 222 260
222 260 287
119 261 322
103 261 322
112 262 305
54 112 262
118 263 408
33 263 408
78 118 263
4 193 266
49 193 264
265 304 676
133 304 676
265 470 676
133 470 676
265 404 470
27 404 470
193 264 266
79 264 266
21 574 677
267 574 677
21 677 678
179 677 678
107 428 677
267 428 677
107 548 677
179 548 677
268 414 539
114 414 539
268 414 679
19 414 679
268 578 680
115 578 680
268 679 680
19 679 680
269 587 681
161 587 681
269 674 681
35 674 681
123 667 673
355 667 673
123 582 673
269 582 673
86 270 271
86 270 295
86 271 300
86 288 300
272 670 682
211 670 682
272 625 670
82 625 670
272 423 682
211 423 682
272 423 660
20 423 660
31 159 273
159 273 395
82 273 395
10 172 274
74 172 274
74 171 275
23 171 275
248 665 683
101 665 683
248 666 683
276 666 683
337 509 591
162 509 591
337 591 684
22 591 684
18 493 685
277 493 685
18 685 686
206 685 686
110 564 685
277 564 685
110 527 685
206 527 685
278 413 687
177 413 687
278 410 413
19 410 413
278 672 687
177 672 687
278 475 672
75 475 672
205 280 619
25 280 619
205 279 621
65 279 621
205 279 280
72 279 280
140 229 281
61 229 281
59 127 360
127 282 360
283 585 688
221 585 688
84 283 585
283 645 688
221 645 688
283 519 645
17 519 645
84 217 338
284 490 689
84 490 689
284 323 689
76 176 285
39 285 336
160 200 286
76 160 286
30 207 287
207 287 318
86 289 295
86 288 289
58 198 289
85 198 289
88 291 292
88 290 291
57 192 291
87 192 291
87 149 292
29 149 292
29 157 293
89 157 293
88 294 301
88 290 301
30 207 309
30 295 309
42 209 296
80 209 296
43 175 298
175 297 298
257 298 299
43 257 298
80 151 299
73 151 299
51 271 300
51 165 300
52 294 301
52 164 301
94 236 302
236 302 550
302 550 629
26 550 629
36 134 303
36 129 303
79 264 304
129 264 304
32 169 305
112 169 305
27 403 690
306 403 690
27 639 690
124 639 690
81 604 690
306 604 690
81 536 690
124 536 690
307 482 691
178 482 691
307 482 603
81 482 603
307 602 691
178 602 691
40 307 602
308 537 692
115 537 692
308 481 537
81 481 537
308 680 692
115 680 692
308 559 680
19 559 680
85 148 309
148 207 309
38 131 310
119 310 322
113 311 693
113 180 693
21 311 693
21 608 693
180 608 693
85 198 312
12 198 312
14 191 313
89 191 313
87 192 314
13 192 314
163 189 315
91 163 315
77 160 316
44 160 316
216 317 601
317 596 601
75 596 601
23 216 317
206 318 528
65 318 528
206 318 694
90 318 694
319 694 695
206 694 695
90 319 694
18 387 695
319 387 695
18 686 695
206 686 695
71 658 696
320 658 696
71 472 696
238 472 696
348 656 696
320 656 696
348 641 696
238 641 696
321 336 697
201 336 697
108 321 697
108 524 697
201 524 697
38 138 322
103 138 322
36 134 323
134 157 323
107 522 698
324 522 698
107 549 698
169 549 698
32 324 698
32 169 698
132 325 492
132 277 492
132 326 500
132 325 500
326 681 699
161 681 699
326 580 681
35 580 681
326 572 699
161 572 699
326 501 572
95 501 572
68 149 327
91 149 327
50 237 328
140 237 328
28 593 700
329 593 700
28 163 700
329 332 700
163 332 700
330 557 701
212 557 701
330 401 557
63 401 557
330 517 701
212 517 701
330 517 662
98 517 662
112 331 702
112 169 702
46 331 702
46 532 702
169 532 702
53 190 332
93 190 332
137 262 333
106 262 333
120 334 703
120 546 703
179 546 703
21 607 703
334 607 703
21 678 703
179 678 703
92 176 335
24 176 335
176 285 336
92 176 336
22 684 704
337 684 704
22 276 704
337 683 704
276 683 704
337 510 683
101 510 683
84 338 705
84 689 705
323 689 705
157 338 705
157 323 705
208 339 623
339 497 623
26 497 623
208 339 417
339 417 514
102 417 514
340 398 706
181 398 706
340 398 513
102 398 513
340 650 706
181 650 706
340 612 650
62 612 650
183 341 505
94 341 505
6 183 341
7 168 342
96 168 342
96 170 343
170 343 455
25 343 455
184 344 632
184 631 632
214 631 632
97 184 344
144 145 351
97 145 345
37 249 346
113 249 346
49 264 347
49 158 347
348 646 707
220 646 707
348 642 646
17 642 646
348 640 707
220 640 707
83 348 640
118 349 708
118 430 708
225 430 708
349 545 708
225 545 708
24 349 545
14 313 350
134 313 350
145 345 351
60 345 351
227 449 709
162 449 709
227 508 709
352 508 709
101 634 709
352 634 709
101 511 709
162 511 709
103 138 353
8 138 353
67 121 354
121 185 354
255 456 710
180 456 710
255 533 710
355 533 710
113 355 710
113 180 710
105 258 356
23 258 356
73 258 357
105 258 357
105 358 711
105 126 711
32 358 711
32 556 711
126 556 711
359 568 712
133 568 712
359 567 568
104 567 568
359 491 712
133 491 712
36 359 491
128 147 360
59 147 360
72 243 361
197 243 361
7 168 362
7 111 362
97 345 363
97 184 363
5 184 364
93 184 364
2 125 365
2 146 365
