ID=5530948
numvertices=203
numsimplices=372
vertices
-1.5000000000000000e+00 -1.5000000000000000e+00
1.5000000000000000e+00 -1.5000000000000000e+00
1.5000000000000000e+00 1.5000000000000000e+00
-1.5000000000000000e+00 1.5000000000000000e+00
0.0000000000000000e+00 -1.5000000000000000e+00
1.5000000000000000e+00 0.0000000000000000e+00
0.0000000000000000e+00 1.5000000000000000e+00
-1.5000000000000000e+00 0.0000000000000000e+00
0.0000000000000000e+00 0.0000000000000000e+00
-1.5000000000000000e+00 -7.5000000000000000e-01
-7.5000000000000000e-01 -1.5000000000000000e+00
-7.5000000000000000e-01 1.5000000000000000e+00
-1.5000000000000000e+00 7.5000000000000000e-01
1.5000000000000000e+00 -7.5000000000000000e-01
7.5000000000000000e-01 -1.5000000000000000e+00
1.5000000000000000e+00 7.5000000000000000e-01
7.5000000000000000e-01 1.5000000000000000e+00
6.2500000000000000e-01 -6.2500000000000000e-01
-6.2500000000000000e-01 6.2500000000000000e-01
-3.7500000000000000e-01 -7.5000000000000000e-01
7.5000000000000000e-01 3.7500000000000000e-01
-7.2916666666666663e-01 -1.0416666666666667e-01
1.0991379310344827e-01 7.6077586206896552e-01
-9.3750000000000000e-01 -9.3750000000000000e-01
9.3750000000000000e-01 9.3750000000000000e-01
-1.0648674242424243e+00 3.1581439393939398e-01
-3.7500000000000000e-01 1.1071428571428572e+00
1.5808823529411764e-01 -9.5220588235294112e-01
1.1071428571428572e+00 -3.7500000000000000e-01
1.0156250000000000e+00 -1.0156250000000000e+00
-1.0156250000000000e+00 1.0156250000000000e+00
5.2083333333333337e-01 -1.0416666666666667e-01
-1.0897435897435896e+00 -4.5673076923076933e-01
4.7129114737606892e-01 1.0945970491253563e+00
3.0743819266837152e-02 -4.8412190963341856e-01
-4.0364583333333337e-01 2.2135416666666669e-01
5.7892501348625580e-01 -1.0911645235247209e+00
-3.3427169176849469e-01 -2.6426482428720277e-01
3.2738095238095238e-01 2.8273809523809512e-01
1.1250000000000000e+00 5.6250000000000000e-01
-2.1816332916145179e-01 -1.1403316645807258e+00
1.0633370535714286e+00 6.4174107142857123e-02
-1.1250000000000000e+00 -1.5000000000000000e+00
-1.5000000000000000e+00 -1.1250000000000000e+00
1.5000000000000000e+00 1.1250000000000000e+00
1.1250000000000000e+00 1.5000000000000000e+00
-1.1159974055548405e+00 -6.9212297931966871e-02
-6.9138526448664095e-01 -5.0347471493353435e-01
6.0947017071478959e-01 7.3434327642840358e-01
3.7500000000000000e-01 -1.5000000000000000e+00
-3.7500000000000000e-01 -1.5000000000000000e+00
-1.1250000000000000e+00 1.5000000000000000e+00
1.1250000000000000e+00 -1.5000000000000000e+00
1.5000000000000000e+00 -3.7500000000000000e-01
-1.5000000000000000e+00 -3.7500000000000000e-01
-1.5000000000000000e+00 3.7500000000000000e-01
-3.7500000000000000e-01 1.5000000000000000e+00
1.5000000000000000e+00 -1.1250000000000000e+00
-1.5000000000000000e+00 1.1250000000000000e+00
3.7500000000000000e-01 1.5000000000000000e+00
1.5000000000000000e+00 3.7500000000000000e-01
-6.0621349082081744e-01 -1.1395711636069392e+00
-2.6724137931034481e-01 7.4538177339901490e-01
9.7512594118668833e-02 1.1367154545794220e+00
-5.0498781729253220e-02 3.9931801314794640e-01
-9.7920078630808716e-01 6.6142421369191284e-01
-7.3952414772727282e-01 2.3171164772727276e-01
-7.0982142857142860e-01 1.1629464285714286e+00
9.5982142857142860e-01 -6.8080357142857140e-01
7.7490811760945999e-01 -3.2418504314477470e-01
2.2508467451475334e-01 -2.2874329409290012e-01
3.0250806300701372e-01 -6.6155149242045108e-01
-1.2550967206699744e+00 5.4638875811919685e-01
-1.2500000000000000e+00 -9.3750000000000000e-01
-8.9148575520102746e-01 -1.2346619184003425e+00
-6.7004365721640968e-01 -8.0236902835077095e-01
1.2187500000000000e+00 8.4375000000000000e-01
1.1718750000000000e+00 1.1718750000000000e+00
8.7890625000000000e-01 1.2304687500000000e+00
1.8749999999999992e-01 -1.2574022897749704e+00
-1.2276785714285714e+00 -1.2276785714285714e+00
-1.1672295639156788e-01 -8.7289795455103181e-01
7.6275827950549424e-01 7.4514156178531743e-02
4.3777066081124005e-01 -4.1402580347827034e-01
7.6811453066479030e-01 -8.8481573298443972e-01
-7.6148508972554541e-01 8.7913991027445459e-01
-1.2878024193548387e+00 9.3750000000000000e-01
-1.2225740708274895e+00 1.2234308549744379e+00
1.2878024193548387e+00 -9.3750000000000000e-01
1.2225740708274895e+00 -1.2234308549744379e+00
9.3750000000000000e-01 -1.2878024193548387e+00
1.2363150640137208e+00 -6.6540653945049189e-01
8.7506344714319306e-01 6.7190672357159653e-01
-1.4773641990896819e-01 1.2656152839390800e+00
1.3035714285714286e+00 -1.8750000000000000e-01
-3.8231490307343868e-01 4.9556857465865189e-01
-1.3039118401094734e+00 1.8750000000000000e-01
1.3045087681138750e+00 1.8750000000000006e-01
-8.6394230927968135e-02 9.4247454443472800e-01
-9.5540653786274587e-01 1.2846704117338741e+00
5.0436759966115963e-01 4.8608996591462639e-01
-8.9056442711511530e-01 -4.8010274208215187e-01
-8.1444263224332047e-01 -7.2048735746676718e-01
-1.0136217948717947e+00 -6.9711538461538469e-01
-7.1027596557665373e-01 -3.0382069080010049e-01
-9.0945512820512819e-01 -2.8044871794871801e-01
-1.1028704976492150e+00 -2.6297153358136810e-01
-9.2258203611075351e-01 -8.6689482299316778e-02
-4.1218840999113460e-01 -1.1399514140938325e+00
-4.9060674541040872e-01 -9.4478558180346961e-01
-2.9658166458072588e-01 -9.4516583229036288e-01
3.8321250674312785e-01 -1.1742834066498458e+00
1.7279411764705876e-01 -1.1048040860639556e+00
3.6850662439018672e-01 -1.0216852029388310e+00
-1.6744314277650985e-01 -1.0066148095658787e+00
-2.4586147819578394e-01 -8.1144897727551590e-01
7.4226680892899133e-01 7.0312500000000000e-01
9.0628172357159653e-01 8.0470336178579827e-01
7.7348508535739480e-01 8.3592163821420185e-01
5.4038065904542920e-01 9.1447016277687987e-01
7.0439557368803452e-01 1.0160485245626782e+00
8.1253172357159653e-01 5.2345336178579827e-01
6.7973508535739480e-01 5.5467163821420185e-01
1.0000317235715965e+00 6.1720336178579827e-01
9.3750000000000000e-01 4.6875000000000000e-01
7.6883319855747712e-01 -1.2483544348312148e-01
3.5969198190911894e-01 7.4755956924868450e-01
2.9060247023975860e-01 9.2768645559716090e-01
-5.1436323451794508e-01 8.1226084183673475e-01
-6.9324254486277270e-01 7.5206995513722730e-01
-4.4612068965517238e-01 6.8519088669950745e-01
2.0682639451274881e-02 -9.1255191845198647e-01
-3.0037546933667073e-02 -1.0462687734668334e+00
9.1912258559044435e-01 -1.3000546800095880e-01
9.4102548737615854e-01 -3.4959252157238735e-01
1.0852399553571428e+00 -1.5541294642857145e-01
9.1304766653846148e-01 6.9344131660694433e-02
-7.3434540719696972e-01 6.3772490530303039e-02
-5.6640625000000000e-01 5.8593750000000007e-02
-1.1706532541846816e-01 1.1040449141869040e+00
5.5591815953503487e-03 1.0395949995070750e+00
-2.5111912895149677e-02 1.2011653692592510e+00
2.3625629705933443e-01 1.3183577272897109e+00
4.8756297059334416e-02 1.3183577272897109e+00
9.2892553307722919e-02 -7.6722472348574144e-01
2.3029814915056568e-01 -8.0687868738669610e-01
8.6396797961810945e-01 -7.8280965220650556e-01
9.8772321428571430e-01 -8.4821428571428570e-01
8.5280726533239515e-01 -1.0863090761696392e+00
2.8440187074736889e-01 1.1156562518523891e+00
1.0371319361105855e-01 9.4874565832419377e-01
-6.8071446085152532e-01 -6.5292187164215265e-01
-5.2252182860820484e-01 -7.7618451417538548e-01
-5.3319263224332047e-01 -6.2673735746676718e-01
-3.5463584588424735e-01 -5.0713241214360139e-01
-1.7212809036658142e-01 -6.1706095481670931e-01
-5.6824254486277270e-01 9.9314138370865590e-01
4.7696250674312790e-01 -1.2955822617623605e+00
-3.6895876255091403e-01 -2.1455328810268043e-02
7.5637913975274707e-01 2.2475707808926587e-01
9.0666852678571430e-01 2.1958705357142855e-01
-4.9060674541040872e-01 -1.3197855818034696e+00
1.0941685267857144e+00 3.1333705357142855e-01
-8.5936246701768004e-01 4.4656793070959278e-01
-9.0219578598484862e-01 2.7376302083333337e-01
-1.0220341052752557e+00 4.8861930381565344e-01
-5.1282847812756782e-01 -3.8386976961036856e-01
-1.3079987027774203e+00 -2.2210614896598344e-01
-3.2112068965517238e-01 9.2626231527093605e-01
-8.0377182860820484e-01 -8.6993451417538548e-01
-1.7681780511915646e-01 8.4392815891687145e-01
1.1759781087740069e-02 8.5162520325184676e-01
-7.8663793103448260e-02 7.5307881773399021e-01
-1.5887008051979901e-01 5.7234989327348063e-01
-6.8226207386363646e-01 4.2835582386363635e-01
-8.0210039315404358e-01 6.4321210684595642e-01
-9.2776077664105672e-01 8.1249674897652946e-02
-1.0904324148986324e+00 1.2330104800371355e-01
-5.4241071428571430e-01 1.3314732142857144e+00
-3.7500000000000000e-01 1.3035714285714286e+00
1.0334821428571428e+00 -5.2790178571428570e-01
4.6375403150350686e-01 -6.4327574621022554e-01
8.6736477309044435e-01 -5.0249430728667299e-01
6.9995405880472994e-01 -4.7459252157238735e-01
7.9241071428571430e-01 -6.5290178571428570e-01
4.4071653824663476e-01 -8.7635800797258601e-01
6.0196250674312790e-01 -8.5808226176236047e-01
-1.1698717948717947e+00 -6.9711538461538469e-01
-7.7185674541040872e-01 -1.0385355818034696e+00
-6.3812857401861356e-01 -9.7097009597885509e-01
-1.5331664580725934e-02 -1.1988669771778482e+00
5.4506961594322334e-01 1.7862612570831343e-01
6.0633938921035002e-01 -3.6910542331152252e-01
6.9655726533239515e-01 -7.5490786649221986e-01
6.7351977207552305e-01 -9.8799012825458032e-01
-8.7034293801681628e-01 7.7028206198318372e-01
-9.9741289315404358e-01 8.3852460684595642e-01
-1.1335016028314628e+00 7.9946210684595642e-01
1.1259700320068604e+00 -8.4051576972524589e-01
1.0469067235715965e+00 7.5782836178579827e-01
-2.6136820995448407e-01 1.1863790705409687e+00
-5.6091952540035572e-01 3.6364011119296236e-01
-2.3069711546398408e-01 1.0248087007887925e+00
simplices
13 57 88
8 34 70
47 101 103
32 101 103
47 102 103
23 102 103
47 101 105
32 101 105
47 104 105
21 104 105
23 74 80
46 105 106
32 105 106
46 105 107
21 105 107
40 109 110
19 109 110
40 108 109
61 108 109
12 72 86
30 67 99
29 89 90
79 111 113
36 111 113
79 112 113
27 112 113
81 110 114
40 110 114
81 110 115
19 110 115
92 116 118
48 116 118
92 117 118
24 117 118
48 119 120
33 119 120
48 118 120
24 118 120
92 116 122
48 116 122
92 121 122
20 121 122
92 123 124
39 123 124
92 121 124
20 121 124
31 82 125
31 69 125
33 126 127
22 126 127
33 119 126
48 119 126
8 34 37
18 128 129
85 128 129
18 128 130
62 128 130
34 70 83
81 114 132
40 114 132
81 131 132
27 131 132
28 133 134
69 133 134
28 133 135
41 133 135
82 125 133
69 125 133
82 133 136
41 133 136
62 95 130
18 95 130
35 66 138
66 137 138
21 137 138
16 45 78
63 139 140
98 139 140
63 139 141
93 139 141
23 73 80
30 67 85
6 142 143
63 142 143
6 59 142
27 131 144
81 131 144
27 144 145
71 144 145
84 146 147
68 146 147
29 84 147
29 90 148
29 84 148
8 38 64
34 71 83
9 32 54
63 127 149
33 127 149
63 127 150
22 127 150
75 151 153
47 151 153
75 152 153
19 152 153
34 154 155
19 154 155
34 37 154
8 35 64
26 67 156
67 85 156
14 49 157
14 36 157
8 37 158
8 35 158
21 37 158
21 138 158
35 138 158
31 70 83
82 136 160
41 136 160
82 159 160
20 159 160
5 53 94
10 61 161
10 50 161
15 39 60
20 160 162
41 160 162
20 124 162
39 124 162
43 73 80
42 74 80
9 43 73
24 76 77
15 39 76
15 44 76
44 76 77
25 163 164
66 163 164
25 163 165
65 163 165
7 55 96
47 154 166
37 154 166
47 153 154
19 153 154
21 104 166
47 104 166
21 37 166
48 100 126
22 100 126
48 100 122
20 100 122
49 79 157
79 111 157
36 111 157
4 49 79
4 40 50
40 108 161
61 108 161
40 50 161
30 86 87
30 87 99
29 88 89
14 52 90
28 53 94
13 88 91
32 54 167
32 106 167
46 106 167
7 54 167
7 46 167
25 72 96
55 72 96
26 128 156
85 128 156
26 128 168
62 128 168
93 141 143
63 141 143
6 93 143
57 88 89
52 89 90
58 86 87
51 87 99
33 142 149
63 142 149
33 59 142
16 33 59
39 60 97
5 60 97
75 102 151
47 102 151
75 102 169
23 102 169
10 42 74
35 64 95
22 38 64
98 170 172
62 170 172
98 171 172
22 171 172
98 140 150
63 140 150
98 150 171
22 150 171
22 64 173
22 172 173
62 172 173
64 95 173
62 95 173
65 72 165
25 72 165
18 163 174
66 163 174
18 163 175
65 163 175
25 164 176
66 164 176
25 176 177
46 176 177
21 137 176
66 137 176
21 107 176
46 107 176
26 67 178
26 178 179
56 178 179
11 67 178
11 56 178
68 91 180
28 91 180
71 83 181
17 83 181
17 182 183
69 182 183
17 182 184
68 182 184
28 134 182
69 134 182
28 180 182
68 180 182
31 38 70
8 38 70
27 145 185
71 145 185
27 113 185
36 113 185
17 181 185
71 181 185
17 185 186
36 185 186
12 58 86
12 55 72
23 73 187
23 103 187
32 103 187
9 73 187
9 32 187
10 61 74
61 74 188
23 74 188
75 188 189
61 188 189
75 169 188
23 169 188
75 109 189
61 109 189
75 109 152
19 109 152
45 77 78
24 77 78
2 44 77
2 45 77
16 33 78
33 78 120
24 78 120
27 112 190
79 112 190
27 132 190
40 132 190
4 79 190
4 40 190
0 43 80
0 42 80
34 81 144
34 71 144
34 81 155
81 115 155
19 115 155
20 159 191
82 159 191
20 38 191
31 82 191
31 38 191
17 83 192
17 183 192
69 183 192
31 83 192
31 69 192
84 146 184
68 146 184
84 184 193
17 184 193
84 186 194
36 186 194
84 186 193
17 186 193
85 195 196
65 195 196
30 85 196
85 175 195
65 175 195
85 129 175
18 129 175
65 72 197
72 86 197
30 86 197
30 196 197
65 196 197
3 51 87
3 58 87
68 147 198
29 147 198
68 91 198
29 88 198
88 91 198
1 52 89
1 57 89
36 90 148
36 148 194
84 148 194
14 36 90
13 53 91
28 53 91
39 123 199
92 123 199
39 76 199
24 117 199
92 117 199
24 76 199
6 56 93
56 93 179
93 179 200
26 179 200
41 97 162
39 97 162
41 94 135
28 94 135
18 95 201
18 174 201
66 174 201
35 95 201
35 66 201
7 46 96
46 96 177
25 96 177
41 94 97
5 94 97
93 200 202
26 200 202
93 139 202
98 139 202
98 168 170
62 168 170
98 168 202
26 168 202
11 67 99
11 51 99
22 38 100
20 38 100
