ID=3717322
numvertices=259
numsimplices=476
vertices
-1.500000e+00 -1.500000e+00
-1.200000e+00 -1.500000e+00
-9.000000e-01 -1.500000e+00
-6.000000e-01 -1.500000e+00
-3.000000e-01 -1.500000e+00
0.000000e+00 -1.500000e+00
3.000000e-01 -1.500000e+00
6.000000e-01 -1.500000e+00
9.000000e-01 -1.500000e+00
1.200000e+00 -1.500000e+00
1.500000e+00 -1.500000e+00
-1.500000e+00 -1.200000e+00
-1.200000e+00 -1.200000e+00
-9.000000e-01 -1.200000e+00
-6.000000e-01 -1.200000e+00
-3.000000e-01 -1.200000e+00
0.000000e+00 -1.200000e+00
3.000000e-01 -1.200000e+00
6.000000e-01 -1.200000e+00
9.000000e-01 -1.200000e+00
1.200000e+00 -1.200000e+00
1.500000e+00 -1.200000e+00
-1.500000e+00 -9.000000e-01
-1.200000e+00 -9.000000e-01
-9.000000e-01 -9.000000e-01
-6.000000e-01 -9.000000e-01
-3.000000e-01 -9.000000e-01
0.000000e+00 -9.000000e-01
3.000000e-01 -9.000000e-01
6.000000e-01 -9.000000e-01
9.000000e-01 -9.000000e-01
1.200000e+00 -9.000000e-01
1.500000e+00 -9.000000e-01
-1.500000e+00 -6.000000e-01
-1.200000e+00 -6.000000e-01
-9.000000e-01 -6.000000e-01
-6.000000e-01 -6.000000e-01
-3.000000e-01 -6.000000e-01
0.000000e+00 -6.000000e-01
3.000000e-01 -6.000000e-01
6.000000e-01 -6.000000e-01
9.000000e-01 -6.000000e-01
1.200000e+00 -6.000000e-01
1.500000e+00 -6.000000e-01
-1.500000e+00 -3.000000e-01
-1.200000e+00 -3.000000e-01
-9.000000e-01 -3.000000e-01
-6.000000e-01 -3.000000e-01
-3.000000e-01 -3.000000e-01
0.000000e+00 -3.000000e-01
3.000000e-01 -3.000000e-01
6.000000e-01 -3.000000e-01
9.000000e-01 -3.000000e-01
1.200000e+00 -3.000000e-01
1.500000e+00 -3.000000e-01
-1.500000e+00 0.000000e+00
-1.200000e+00 0.000000e+00
-9.000000e-01 0.000000e+00
-6.000000e-01 0.000000e+00
-3.000000e-01 0.000000e+00
0.000000e+00 0.000000e+00
3.000000e-01 0.000000e+00
6.000000e-01 0.000000e+00
9.000000e-01 0.000000e+00
1.200000e+00 0.000000e+00
1.500000e+00 0.000000e+00
-1.500000e+00 3.000000e-01
-1.200000e+00 3.000000e-01
-9.000000e-01 3.000000e-01
-6.000000e-01 3.000000e-01
-3.000000e-01 3.000000e-01
0.000000e+00 3.000000e-01
3.000000e-01 3.000000e-01
6.000000e-01 3.000000e-01
9.000000e-01 3.000000e-01
1.200000e+00 3.000000e-01
1.500000e+00 3.000000e-01
-1.500000e+00 6.000000e-01
-1.200000e+00 6.000000e-01
-9.000000e-01 6.000000e-01
-6.000000e-01 6.000000e-01
-3.000000e-01 6.000000e-01
0.000000e+00 6.000000e-01
3.000000e-01 6.000000e-01
6.000000e-01 6.000000e-01
9.000000e-01 6.000000e-01
1.200000e+00 6.000000e-01
1.500000e+00 6.000000e-01
-1.500000e+00 9.000000e-01
-1.200000e+00 9.000000e-01
-9.000000e-01 9.000000e-01
-6.000000e-01 9.000000e-01
-3.000000e-01 9.000000e-01
0.000000e+00 9.000000e-01
3.000000e-01 9.000000e-01
6.000000e-01 9.000000e-01
9.000000e-01 9.000000e-01
1.200000e+00 9.000000e-01
1.500000e+00 9.000000e-01
-1.500000e+00 1.200000e+00
-1.200000e+00 1.200000e+00
-9.000000e-01 1.200000e+00
-6.000000e-01 1.200000e+00
-3.000000e-01 1.200000e+00
0.000000e+00 1.200000e+00
3.000000e-01 1.200000e+00
6.000000e-01 1.200000e+00
9.000000e-01 1.200000e+00
1.200000e+00 1.200000e+00
1.500000e+00 1.200000e+00
-1.500000e+00 1.500000e+00
-1.200000e+00 1.500000e+00
-9.000000e-01 1.500000e+00
-6.000000e-01 1.500000e+00
-3.000000e-01 1.500000e+00
0.000000e+00 1.500000e+00
3.000000e-01 1.500000e+00
6.000000e-01 1.500000e+00
9.000000e-01 1.500000e+00
1.200000e+00 1.500000e+00
1.500000e+00 1.500000e+00
-7.500000e-01 -1.350000e+00
-7.500000e-01 -1.200000e+00
-4.500000e-01 -1.350000e+00
-4.500000e-01 -1.200000e+00
-1.500000e-01 -1.350000e+00
-1.500000e-01 -1.200000e+00
1.500000e-01 -1.350000e+00
1.500000e-01 -1.200000e+00
4.500000e-01 -1.350000e+00
4.500000e-01 -1.200000e+00
-9.000000e-01 -1.050000e+00
-1.050000e+00 -1.050000e+00
-1.050000e+00 -9.000000e-01
-6.000000e-01 -1.050000e+00
-7.500000e-01 -1.050000e+00
-7.500000e-01 -9.000000e-01
-3.000000e-01 -1.050000e+00
-4.500000e-01 -1.050000e+00
-4.500000e-01 -9.000000e-01
0.000000e+00 -1.050000e+00
-1.500000e-01 -1.050000e+00
-1.500000e-01 -9.000000e-01
3.000000e-01 -1.050000e+00
1.500000e-01 -1.050000e+00
1.500000e-01 -9.000000e-01
6.000000e-01 -1.050000e+00
4.500000e-01 -1.050000e+00
4.500000e-01 -9.000000e-01
7.500000e-01 -1.050000e+00
7.500000e-01 -9.000000e-01
-1.200000e+00 -7.500000e-01
-1.350000e+00 -7.500000e-01
-9.000000e-01 -7.500000e-01
-1.050000e+00 -7.500000e-01
-1.050000e+00 -6.000000e-01
-6.000000e-01 -7.500000e-01
-7.500000e-01 -7.500000e-01
-7.500000e-01 -6.000000e-01
-4.500000e-01 -7.500000e-01
-1.500000e-01 -7.500000e-01
1.500000e-01 -7.500000e-01
4.500000e-01 -7.500000e-01
9.000000e-01 -7.500000e-01
7.500000e-01 -7.500000e-01
1.050000e+00 -7.500000e-01
1.050000e+00 -6.000000e-01
-1.200000e+00 -4.500000e-01
-1.350000e+00 -4.500000e-01
-9.000000e-01 -4.500000e-01
-1.050000e+00 -4.500000e-01
-1.050000e+00 -3.000000e-01
-7.500000e-01 -4.500000e-01
9.000000e-01 -4.500000e-01
7.500000e-01 -4.500000e-01
1.200000e+00 -4.500000e-01
1.050000e+00 -4.500000e-01
1.050000e+00 -3.000000e-01
1.350000e+00 -4.500000e-01
-1.200000e+00 -1.500000e-01
-1.350000e+00 -1.500000e-01
-9.000000e-01 -1.500000e-01
-1.050000e+00 -1.500000e-01
-1.050000e+00 0.000000e+00
-7.500000e-01 -1.500000e-01
9.000000e-01 -1.500000e-01
7.500000e-01 -1.500000e-01
1.200000e+00 -1.500000e-01
1.050000e+00 -1.500000e-01
1.050000e+00 0.000000e+00
1.350000e+00 -1.500000e-01
-1.200000e+00 1.500000e-01
-1.350000e+00 1.500000e-01
-9.000000e-01 1.500000e-01
-1.050000e+00 1.500000e-01
-1.050000e+00 3.000000e-01
-7.500000e-01 1.500000e-01
9.000000e-01 1.500000e-01
7.500000e-01 1.500000e-01
1.200000e+00 1.500000e-01
1.050000e+00 1.500000e-01
1.050000e+00 3.000000e-01
1.350000e+00 1.500000e-01
-1.200000e+00 4.500000e-01
-1.350000e+00 4.500000e-01
-9.000000e-01 4.500000e-01
-1.050000e+00 4.500000e-01
-1.050000e+00 6.000000e-01
-7.500000e-01 4.500000e-01
9.000000e-01 4.500000e-01
7.500000e-01 4.500000e-01
7.500000e-01 6.000000e-01
1.200000e+00 4.500000e-01
1.050000e+00 4.500000e-01
1.050000e+00 6.000000e-01
1.350000e+00 4.500000e-01
-9.000000e-01 7.500000e-01
-1.050000e+00 7.500000e-01
-7.500000e-01 7.500000e-01
-7.500000e-01 9.000000e-01
-4.500000e-01 7.500000e-01
-4.500000e-01 9.000000e-01
-1.500000e-01 7.500000e-01
-1.500000e-01 9.000000e-01
1.500000e-01 7.500000e-01
1.500000e-01 9.000000e-01
6.000000e-01 7.500000e-01
4.500000e-01 7.500000e-01
4.500000e-01 9.000000e-01
9.000000e-01 7.500000e-01
7.500000e-01 7.500000e-01
7.500000e-01 9.000000e-01
1.200000e+00 7.500000e-01
1.050000e+00 7.500000e-01
1.050000e+00 9.000000e-01
1.350000e+00 7.500000e-01
-6.000000e-01 1.050000e+00
-7.500000e-01 1.050000e+00
-3.000000e-01 1.050000e+00
-4.500000e-01 1.050000e+00
-4.500000e-01 1.200000e+00
0.000000e+00 1.050000e+00
-1.500000e-01 1.050000e+00
-1.500000e-01 1.200000e+00
3.000000e-01 1.050000e+00
1.500000e-01 1.050000e+00
1.500000e-01 1.200000e+00
6.000000e-01 1.050000e+00
4.500000e-01 1.050000e+00
4.500000e-01 1.200000e+00
9.000000e-01 1.050000e+00
7.500000e-01 1.050000e+00
7.500000e-01 1.200000e+00
1.050000e+00 1.050000e+00
-4.500000e-01 1.350000e+00
-1.500000e-01 1.350000e+00
1.500000e-01 1.350000e+00
4.500000e-01 1.350000e+00
7.500000e-01 1.350000e+00
simplices
0 1 12
0 11 12
1 2 13
1 12 13
2 3 121
3 14 121
2 13 121
13 121 122
14 121 122
3 4 123
4 15 123
3 14 123
14 123 124
15 123 124
4 5 125
5 16 125
4 15 125
15 125 126
16 125 126
5 6 127
6 17 127
5 16 127
16 127 128
17 127 128
6 7 129
7 18 129
6 17 129
17 129 130
18 129 130
7 8 19
7 18 19
8 9 20
8 19 20
9 10 21
9 20 21
11 12 23
11 22 23
12 13 132
13 131 132
24 131 132
12 23 132
23 132 133
24 132 133
14 122 135
13 122 135
14 134 135
25 134 135
24 131 135
13 131 135
24 135 136
25 135 136
15 124 138
14 124 138
15 137 138
26 137 138
25 134 138
14 134 138
25 138 139
26 138 139
16 126 141
15 126 141
16 140 141
27 140 141
26 137 141
15 137 141
26 141 142
27 141 142
17 128 144
16 128 144
17 143 144
28 143 144
27 140 144
16 140 144
27 144 145
28 144 145
18 130 147
17 130 147
18 146 147
29 146 147
28 143 147
17 143 147
28 147 148
29 147 148
18 19 149
19 30 149
29 146 149
18 146 149
29 149 150
30 149 150
19 20 31
19 30 31
20 21 32
20 31 32
22 23 152
23 151 152
34 151 152
22 33 152
33 34 152
24 133 154
23 133 154
24 153 154
35 153 154
34 151 154
23 151 154
34 154 155
35 154 155
25 136 157
24 136 157
25 156 157
36 156 157
35 153 157
24 153 157
35 157 158
36 157 158
26 139 159
25 139 159
26 37 159
36 156 159
25 156 159
36 37 159
27 142 160
26 142 160
27 38 160
26 37 160
37 38 160
28 145 161
27 145 161
28 39 161
27 38 161
38 39 161
29 148 162
28 148 162
29 40 162
28 39 162
39 40 162
30 150 164
29 150 164
30 163 164
41 163 164
29 40 164
40 41 164
30 31 165
31 42 165
41 163 165
30 163 165
41 165 166
42 165 166
31 32 43
31 42 43
33 34 168
34 167 168
45 167 168
33 44 168
44 45 168
35 155 170
34 155 170
35 169 170
46 169 170
45 167 170
34 167 170
45 170 171
46 170 171
36 158 172
35 158 172
36 47 172
46 169 172
35 169 172
46 47 172
36 37 48
36 47 48
37 38 49
37 48 49
38 39 50
38 49 50
39 40 51
39 50 51
40 41 174
41 173 174
52 173 174
40 51 174
51 52 174
42 166 176
41 166 176
42 175 176
53 175 176
52 173 176
41 173 176
52 176 177
53 176 177
42 43 178
43 54 178
53 175 178
42 175 178
53 54 178
44 45 180
45 179 180
56 179 180
44 55 180
55 56 180
46 171 182
45 171 182
46 181 182
57 181 182
56 179 182
45 179 182
56 182 183
57 182 183
46 47 184
47 58 184
57 181 184
46 181 184
57 58 184
47 48 59
47 58 59
48 49 60
48 59 60
49 50 61
49 60 61
50 51 62
50 61 62
51 52 186
52 185 186
63 185 186
51 62 186
62 63 186
53 177 188
52 177 188
53 187 188
64 187 188
63 185 188
52 185 188
63 188 189
64 188 189
53 54 190
54 65 190
64 187 190
53 187 190
64 65 190
55 56 192
56 191 192
67 191 192
55 66 192
66 67 192
57 183 194
56 183 194
57 193 194
68 193 194
67 191 194
56 191 194
67 194 195
68 194 195
57 58 196
58 69 196
68 193 196
57 193 196
68 69 196
58 59 70
58 69 70
59 60 71
59 70 71
60 61 72
60 71 72
61 62 73
61 72 73
62 63 198
63 197 198
74 197 198
62 73 198
73 74 198
64 189 200
63 189 200
64 199 200
75 199 200
74 197 200
63 197 200
74 200 201
75 200 201
64 65 202
65 76 202
75 199 202
64 199 202
75 76 202
66 67 204
67 203 204
78 203 204
66 77 204
77 78 204
68 195 206
67 195 206
68 205 206
79 205 206
78 203 206
67 203 206
78 206 207
79 206 207
68 69 208
69 80 208
79 205 208
68 205 208
79 80 208
69 70 81
69 80 81
70 71 82
70 81 82
71 72 83
71 82 83
72 73 84
72 83 84
73 74 210
74 209 210
85 209 210
73 84 210
84 210 211
85 210 211
75 201 213
74 201 213
75 212 213
86 212 213
85 209 213
74 209 213
85 213 214
86 213 214
75 76 215
76 87 215
86 212 215
75 212 215
86 87 215
77 78 89
77 88 89
79 207 217
78 207 217
79 216 217
90 216 217
78 89 217
89 90 217
79 80 218
80 91 218
90 216 218
79 216 218
90 218 219
91 218 219
80 81 220
81 92 220
80 91 220
91 220 221
92 220 221
81 82 222
82 93 222
81 92 222
92 222 223
93 222 223
82 83 224
83 94 224
82 93 224
93 224 225
94 224 225
83 84 227
84 226 227
95 226 227
83 94 227
94 227 228
95 227 228
85 211 230
84 211 230
85 229 230
96 229 230
95 226 230
84 226 230
95 230 231
96 230 231
86 214 233
85 214 233
86 232 233
97 232 233
96 229 233
85 229 233
96 233 234
97 233 234
86 87 235
87 98 235
97 232 235
86 232 235
97 98 235
88 89 100
88 99 100
89 90 101
89 100 101
91 219 237
90 219 237
91 236 237
102 236 237
90 101 237
101 102 237
92 221 239
91 221 239
92 238 239
103 238 239
102 236 239
91 236 239
102 239 240
103 239 240
93 223 242
92 223 242
93 241 242
104 241 242
103 238 242
92 238 242
103 242 243
104 242 243
94 225 245
93 225 245
94 244 245
105 244 245
104 241 245
93 241 245
104 245 246
105 245 246
95 228 248
94 228 248
95 247 248
106 247 248
105 244 248
94 244 248
105 248 249
106 248 249
96 231 251
95 231 251
96 250 251
107 250 251
106 247 251
95 247 251
106 251 252
107 251 252
97 234 253
96 234 253
97 108 253
107 250 253
96 250 253
107 108 253
97 98 109
97 108 109
99 100 111
99 110 111
100 101 112
100 111 112
101 102 113
101 112 113
103 240 254
102 240 254
103 114 254
102 113 254
113 114 254
104 243 255
103 243 255
104 115 255
103 114 255
114 115 255
105 246 256
104 246 256
105 116 256
104 115 256
115 116 256
106 249 257
105 249 257
106 117 257
105 116 257
116 117 257
107 252 258
106 252 258
107 118 258
106 117 258
117 118 258
107 108 119
107 118 119
108 109 120
108 119 120
