ID=9865631
numvertices=1860
numsimplices=3633
vertices
-1.500000e+00 -1.500000e+00
-1.200000e+00 -1.500000e+00
-9.000000e-01 -1.500000e+00
-6.000000e-01 -1.500000e+00
-3.000000e-01 -1.500000e+00
0.000000e+00 -1.500000e+00
3.000000e-01 -1.500000e+00
6.000000e-01 -1.500000e+00
9.000000e-01 -1.500000e+00
1.200000e+00 -1.500000e+00
1.500000e+00 -1.500000e+00
-1.500000e+00 -1.200000e+00
-1.200000e+00 -1.200000e+00
-9.000000e-01 -1.200000e+00
-6.000000e-01 -1.200000e+00
-3.000000e-01 -1.200000e+00
0.000000e+00 -1.200000e+00
3.000000e-01 -1.200000e+00
6.000000e-01 -1.200000e+00
9.000000e-01 -1.200000e+00
1.200000e+00 -1.200000e+00
1.500000e+00 -1.200000e+00
-1.500000e+00 -9.000000e-01
-1.200000e+00 -9.000000e-01
-9.000000e-01 -9.000000e-01
-6.000000e-01 -9.000000e-01
-3.000000e-01 -9.000000e-01
0.000000e+00 -9.000000e-01
3.000000e-01 -9.000000e-01
6.000000e-01 -9.000000e-01
9.000000e-01 -9.000000e-01
1.200000e+00 -9.000000e-01
1.500000e+00 -9.000000e-01
-1.500000e+00 -6.000000e-01
-1.200000e+00 -6.000000e-01
-9.000000e-01 -6.000000e-01
-6.000000e-01 -6.000000e-01
-3.000000e-01 -6.000000e-01
0.000000e+00 -6.000000e-01
3.000000e-01 -6.000000e-01
6.000000e-01 -6.000000e-01
9.000000e-01 -6.000000e-01
1.200000e+00 -6.000000e-01
1.500000e+00 -6.000000e-01
-1.500000e+00 -3.000000e-01
-1.200000e+00 -3.000000e-01
-9.000000e-01 -3.000000e-01
-6.000000e-01 -3.000000e-01
-3.000000e-01 -3.000000e-01
0.000000e+00 -3.000000e-01
3.000000e-01 -3.000000e-01
6.000000e-01 -3.000000e-01
9.000000e-01 -3.000000e-01
1.200000e+00 -3.000000e-01
1.500000e+00 -3.000000e-01
-1.500000e+00 0.000000e+00
-1.200000e+00 0.000000e+00
-9.000000e-01 0.000000e+00
-6.000000e-01 0.000000e+00
-3.000000e-01 0.000000e+00
0.000000e+00 0.000000e+00
3.000000e-01 0.000000e+00
6.000000e-01 0.000000e+00
9.000000e-01 0.000000e+00
1.200000e+00 0.000000e+00
1.500000e+00 0.000000e+00
-1.500000e+00 3.000000e-01
-1.200000e+00 3.000000e-01
-9.000000e-01 3.000000e-01
-6.000000e-01 3.000000e-01
-3.000000e-01 3.000000e-01
0.000000e+00 3.000000e-01
3.000000e-01 3.000000e-01
6.000000e-01 3.000000e-01
9.000000e-01 3.000000e-01
1.200000e+00 3.000000e-01
1.500000e+00 3.000000e-01
-1.500000e+00 6.000000e-01
-1.200000e+00 6.000000e-01
-9.000000e-01 6.000000e-01
-6.000000e-01 6.000000e-01
-3.000000e-01 6.000000e-01
0.000000e+00 6.000000e-01
3.000000e-01 6.000000e-01
6.000000e-01 6.000000e-01
9.000000e-01 6.000000e-01
1.200000e+00 6.000000e-01
1.500000e+00 6.000000e-01
-1.500000e+00 9.000000e-01
-1.200000e+00 9.000000e-01
-9.000000e-01 9.000000e-01
-6.000000e-01 9.000000e-01
-3.000000e-01 9.000000e-01
0.000000e+00 9.000000e-01
3.000000e-01 9.000000e-01
6.000000e-01 9.000000e-01
9.000000e-01 9.000000e-01
1.200000e+00 9.000000e-01
1.500000e+00 9.000000e-01
-1.500000e+00 1.200000e+00
-1.200000e+00 1.200000e+00
-9.000000e-01 1.200000e+00
-6.000000e-01 1.200000e+00
-3.000000e-01 1.200000e+00
0.000000e+00 1.200000e+00
3.000000e-01 1.200000e+00
6.000000e-01 1.200000e+00
9.000000e-01 1.200000e+00
1.200000e+00 1.200000e+00
1.500000e+00 1.200000e+00
-1.500000e+00 1.500000e+00
-1.200000e+00 1.500000e+00
-9.000000e-01 1.500000e+00
-6.000000e-01 1.500000e+00
-3.000000e-01 1.500000e+00
0.000000e+00 1.500000e+00
3.000000e-01 1.500000e+00
6.000000e-01 1.500000e+00
9.000000e-01 1.500000e+00
1.200000e+00 1.500000e+00
1.500000e+00 1.500000e+00
-7.500000e-01 -1.350000e+00
-7.500000e-01 -1.200000e+00
-4.500000e-01 -1.350000e+00
-4.500000e-01 -1.200000e+00
-1.500000e-01 -1.350000e+00
-1.500000e-01 -1.200000e+00
1.500000e-01 -1.350000e+00
1.500000e-01 -1.200000e+00
4.500000e-01 -1.350000e+00
4.500000e-01 -1.200000e+00
-9.000000e-01 -1.050000e+00
-1.050000e+00 -1.050000e+00
-1.050000e+00 -9.000000e-01
-6.000000e-01 -1.050000e+00
-7.500000e-01 -1.050000e+00
-7.500000e-01 -9.000000e-01
-3.000000e-01 -1.050000e+00
-4.500000e-01 -1.050000e+00
-4.500000e-01 -9.000000e-01
0.000000e+00 -1.050000e+00
-1.500000e-01 -1.050000e+00
-1.500000e-01 -9.000000e-01
3.000000e-01 -1.050000e+00
1.500000e-01 -1.050000e+00
1.500000e-01 -9.000000e-01
6.000000e-01 -1.050000e+00
4.500000e-01 -1.050000e+00
4.500000e-01 -9.000000e-01
7.500000e-01 -1.050000e+00
7.500000e-01 -9.000000e-01
-1.200000e+00 -7.500000e-01
-1.350000e+00 -7.500000e-01
-9.000000e-01 -7.500000e-01
-1.050000e+00 -7.500000e-01
-1.050000e+00 -6.000000e-01
-6.000000e-01 -7.500000e-01
-7.500000e-01 -7.500000e-01
-7.500000e-01 -6.000000e-01
-4.500000e-01 -7.500000e-01
-1.500000e-01 -7.500000e-01
1.500000e-01 -7.500000e-01
4.500000e-01 -7.500000e-01
9.000000e-01 -7.500000e-01
7.500000e-01 -7.500000e-01
1.050000e+00 -7.500000e-01
1.050000e+00 -6.000000e-01
-1.200000e+00 -4.500000e-01
-1.350000e+00 -4.500000e-01
-9.000000e-01 -4.500000e-01
-1.050000e+00 -4.500000e-01
-1.050000e+00 -3.000000e-01
-7.500000e-01 -4.500000e-01
9.000000e-01 -4.500000e-01
7.500000e-01 -4.500000e-01
1.200000e+00 -4.500000e-01
1.050000e+00 -4.500000e-01
1.050000e+00 -3.000000e-01
1.350000e+00 -4.500000e-01
-1.200000e+00 -1.500000e-01
-1.350000e+00 -1.500000e-01
-9.000000e-01 -1.500000e-01
-1.050000e+00 -1.500000e-01
-1.050000e+00 0.000000e+00
-7.500000e-01 -1.500000e-01
9.000000e-01 -1.500000e-01
7.500000e-01 -1.500000e-01
1.200000e+00 -1.500000e-01
1.050000e+00 -1.500000e-01
1.050000e+00 0.000000e+00
1.350000e+00 -1.500000e-01
-1.200000e+00 1.500000e-01
-1.350000e+00 1.500000e-01
-9.000000e-01 1.500000e-01
-1.050000e+00 1.500000e-01
-1.050000e+00 3.000000e-01
-7.500000e-01 1.500000e-01
9.000000e-01 1.500000e-01
7.500000e-01 1.500000e-01
1.200000e+00 1.500000e-01
1.050000e+00 1.500000e-01
1.050000e+00 3.000000e-01
1.350000e+00 1.500000e-01
-1.200000e+00 4.500000e-01
-1.350000e+00 4.500000e-01
-9.000000e-01 4.500000e-01
-1.050000e+00 4.500000e-01
-1.050000e+00 6.000000e-01
-7.500000e-01 4.500000e-01
9.000000e-01 4.500000e-01
7.500000e-01 4.500000e-01
7.500000e-01 6.000000e-01
1.200000e+00 4.500000e-01
1.050000e+00 4.500000e-01
1.050000e+00 6.000000e-01
1.350000e+00 4.500000e-01
-9.000000e-01 7.500000e-01
-1.050000e+00 7.500000e-01
-7.500000e-01 7.500000e-01
-7.500000e-01 9.000000e-01
-4.500000e-01 7.500000e-01
-4.500000e-01 9.000000e-01
-1.500000e-01 7.500000e-01
-1.500000e-01 9.000000e-01
1.500000e-01 7.500000e-01
1.500000e-01 9.000000e-01
6.000000e-01 7.500000e-01
4.500000e-01 7.500000e-01
4.500000e-01 9.000000e-01
9.000000e-01 7.500000e-01
7.500000e-01 7.500000e-01
7.500000e-01 9.000000e-01
1.200000e+00 7.500000e-01
1.050000e+00 7.500000e-01
1.050000e+00 9.000000e-01
1.350000e+00 7.500000e-01
-6.000000e-01 1.050000e+00
-7.500000e-01 1.050000e+00
-3.000000e-01 1.050000e+00
-4.500000e-01 1.050000e+00
-4.500000e-01 1.200000e+00
0.000000e+00 1.050000e+00
-1.500000e-01 1.050000e+00
-1.500000e-01 1.200000e+00
3.000000e-01 1.050000e+00
1.500000e-01 1.050000e+00
1.500000e-01 1.200000e+00
6.000000e-01 1.050000e+00
4.500000e-01 1.050000e+00
4.500000e-01 1.200000e+00
9.000000e-01 1.050000e+00
7.500000e-01 1.050000e+00
7.500000e-01 1.200000e+00
1.050000e+00 1.050000e+00
-4.500000e-01 1.350000e+00
-1.500000e-01 1.350000e+00
1.500000e-01 1.350000e+00
4.500000e-01 1.350000e+00
7.500000e-01 1.350000e+00
-1.350000e+00 -1.350000e+00
-1.350000e+00 -1.200000e+00
-9.000000e-01 -1.350000e+00
-1.050000e+00 -1.350000e+00
-6.750000e-01 -1.275000e+00
-6.000000e-01 -1.350000e+00
-8.250000e-01 -1.275000e+00
-8.250000e-01 -1.200000e+00
-6.750000e-01 -1.200000e+00
3.000000e-01 -1.350000e+00
5.250000e-01 -1.425000e+00
3.750000e-01 -1.425000e+00
4.500000e-01 -1.500000e+00
5.250000e-01 -1.275000e+00
6.000000e-01 -1.350000e+00
3.750000e-01 -1.275000e+00
4.500000e-01 -1.275000e+00
3.750000e-01 -1.200000e+00
5.250000e-01 -1.200000e+00
9.000000e-01 -1.350000e+00
7.500000e-01 -1.350000e+00
7.500000e-01 -1.500000e+00
7.500000e-01 -1.200000e+00
1.200000e+00 -1.350000e+00
1.050000e+00 -1.350000e+00
1.050000e+00 -1.500000e+00
1.050000e+00 -1.200000e+00
1.500000e+00 -1.350000e+00
1.350000e+00 -1.350000e+00
1.350000e+00 -1.500000e+00
-1.200000e+00 -1.050000e+00
-1.350000e+00 -1.050000e+00
-1.350000e+00 -9.000000e-01
-9.750000e-01 -9.750000e-01
-1.125000e+00 -9.750000e-01
-1.050000e+00 -9.750000e-01
-9.750000e-01 -9.000000e-01
-7.500000e-01 -1.125000e+00
-6.750000e-01 -1.125000e+00
-8.250000e-01 -1.125000e+00
-6.750000e-01 -1.050000e+00
-6.000000e-01 -1.125000e+00
-6.750000e-01 -9.750000e-01
-3.750000e-01 -1.125000e+00
-5.250000e-01 -1.125000e+00
-3.750000e-01 -1.050000e+00
-3.750000e-01 -9.750000e-01
-3.000000e-01 -9.750000e-01
-5.250000e-01 -9.750000e-01
-4.500000e-01 -9.750000e-01
-5.250000e-01 -9.000000e-01
-7.500000e-02 -1.125000e+00
-2.250000e-01 -1.125000e+00
-7.500000e-02 -1.050000e+00
-7.500000e-02 -9.750000e-01
0.000000e+00 -9.750000e-01
-2.250000e-01 -1.050000e+00
-2.250000e-01 -9.750000e-01
7.500000e-02 -9.750000e-01
4.500000e-01 -1.125000e+00
5.250000e-01 -1.125000e+00
3.750000e-01 -1.125000e+00
5.250000e-01 -1.050000e+00
6.000000e-01 -1.125000e+00
5.250000e-01 -9.750000e-01
3.750000e-01 -9.750000e-01
4.500000e-01 -9.750000e-01
5.250000e-01 -9.000000e-01
8.250000e-01 -1.125000e+00
6.750000e-01 -1.125000e+00
9.000000e-01 -1.050000e+00
6.750000e-01 -9.750000e-01
6.750000e-01 -9.000000e-01
1.050000e+00 -1.050000e+00
1.050000e+00 -9.000000e-01
-1.275000e+00 -8.250000e-01
-1.425000e+00 -8.250000e-01
-1.200000e+00 -8.250000e-01
-1.275000e+00 -6.750000e-01
-1.200000e+00 -6.750000e-01
-1.425000e+00 -6.750000e-01
-1.500000e+00 -7.500000e-01
-1.350000e+00 -6.000000e-01
-9.750000e-01 -8.250000e-01
-1.125000e+00 -8.250000e-01
-9.750000e-01 -6.750000e-01
-1.125000e+00 -7.500000e-01
-1.125000e+00 -6.750000e-01
-1.125000e+00 -6.000000e-01
-9.750000e-01 -6.000000e-01
-6.750000e-01 -6.750000e-01
-6.000000e-01 -6.750000e-01
-3.750000e-01 -8.250000e-01
-5.250000e-01 -8.250000e-01
-3.750000e-01 -6.750000e-01
-3.000000e-01 -7.500000e-01
-5.250000e-01 -7.500000e-01
-5.250000e-01 -6.750000e-01
-4.500000e-01 -6.000000e-01
-7.500000e-02 -8.250000e-01
-2.250000e-01 -8.250000e-01
-7.500000e-02 -6.750000e-01
0.000000e+00 -7.500000e-01
-2.250000e-01 -6.750000e-01
-1.500000e-01 -6.000000e-01
1.500000e-01 -6.000000e-01
5.250000e-01 -8.250000e-01
6.000000e-01 -7.500000e-01
4.500000e-01 -6.000000e-01
7.500000e-01 -8.250000e-01
8.250000e-01 -8.250000e-01
6.750000e-01 -8.250000e-01
8.250000e-01 -7.500000e-01
9.000000e-01 -8.250000e-01
8.250000e-01 -6.750000e-01
7.500000e-01 -6.000000e-01
1.125000e+00 -8.250000e-01
9.750000e-01 -8.250000e-01
1.125000e+00 -6.750000e-01
1.200000e+00 -7.500000e-01
9.750000e-01 -6.750000e-01
1.050000e+00 -6.750000e-01
9.750000e-01 -6.000000e-01
1.350000e+00 -7.500000e-01
-1.050000e+00 -5.250000e-01
-9.750000e-01 -5.250000e-01
-1.125000e+00 -5.250000e-01
-9.750000e-01 -4.500000e-01
-9.000000e-01 -5.250000e-01
-9.750000e-01 -3.750000e-01
-9.000000e-01 -3.750000e-01
-1.125000e+00 -3.750000e-01
-1.125000e+00 -3.000000e-01
-6.750000e-01 -5.250000e-01
-8.250000e-01 -5.250000e-01
-6.750000e-01 -3.750000e-01
-6.000000e-01 -4.500000e-01
-8.250000e-01 -4.500000e-01
-8.250000e-01 -3.750000e-01
-7.500000e-01 -3.000000e-01
-3.000000e-01 -4.500000e-01
-4.500000e-01 -4.500000e-01
-4.500000e-01 -3.000000e-01
0.000000e+00 -4.500000e-01
-1.500000e-01 -4.500000e-01
-1.500000e-01 -3.000000e-01
3.000000e-01 -4.500000e-01
1.500000e-01 -4.500000e-01
1.500000e-01 -3.000000e-01
6.000000e-01 -4.500000e-01
4.500000e-01 -4.500000e-01
4.500000e-01 -3.000000e-01
9.750000e-01 -5.250000e-01
-1.350000e+00 0.000000e+00
-1.050000e+00 -2.250000e-01
-9.750000e-01 -2.250000e-01
-1.125000e+00 -2.250000e-01
-9.000000e-01 -2.250000e-01
-9.750000e-01 -7.500000e-02
-9.000000e-01 -7.500000e-02
-1.125000e+00 -7.500000e-02
-1.125000e+00 0.000000e+00
-9.750000e-01 0.000000e+00
-6.750000e-01 -2.250000e-01
-8.250000e-01 -2.250000e-01
-6.750000e-01 -7.500000e-02
-6.000000e-01 -1.500000e-01
-8.250000e-01 -1.500000e-01
-8.250000e-01 -7.500000e-02
-7.500000e-01 0.000000e+00
-4.500000e-01 -1.500000e-01
0.000000e+00 -1.500000e-01
-1.500000e-01 -1.500000e-01
3.000000e-01 -1.500000e-01
1.500000e-01 -1.500000e-01
1.500000e-01 0.000000e+00
6.000000e-01 -1.500000e-01
4.500000e-01 -1.500000e-01
4.500000e-01 0.000000e+00
8.250000e-01 -7.500000e-02
6.750000e-01 -7.500000e-02
7.500000e-01 0.000000e+00
1.350000e+00 0.000000e+00
-1.275000e+00 7.500000e-02
-1.425000e+00 7.500000e-02
-1.275000e+00 1.500000e-01
-1.200000e+00 7.500000e-02
-1.275000e+00 2.250000e-01
-1.200000e+00 2.250000e-01
-1.425000e+00 2.250000e-01
-1.500000e+00 1.500000e-01
-1.350000e+00 3.000000e-01
-1.050000e+00 7.500000e-02
-9.750000e-01 7.500000e-02
-1.125000e+00 7.500000e-02
-9.750000e-01 1.500000e-01
-9.000000e-01 7.500000e-02
-9.750000e-01 2.250000e-01
-9.000000e-01 2.250000e-01
-1.125000e+00 1.500000e-01
-1.125000e+00 2.250000e-01
-1.050000e+00 2.250000e-01
-1.125000e+00 3.000000e-01
-9.750000e-01 3.000000e-01
-6.750000e-01 7.500000e-02
-8.250000e-01 7.500000e-02
-6.000000e-01 1.500000e-01
-8.250000e-01 2.250000e-01
-7.500000e-01 3.000000e-01
-4.500000e-01 1.500000e-01
3.000000e-01 1.500000e-01
1.500000e-01 1.500000e-01
1.500000e-01 3.000000e-01
6.000000e-01 1.500000e-01
4.500000e-01 1.500000e-01
8.250000e-01 7.500000e-02
6.750000e-01 7.500000e-02
8.250000e-01 1.500000e-01
9.000000e-01 7.500000e-02
8.250000e-01 2.250000e-01
9.000000e-01 2.250000e-01
7.500000e-01 3.000000e-01
1.125000e+00 7.500000e-02
9.750000e-01 7.500000e-02
1.125000e+00 1.500000e-01
1.200000e+00 7.500000e-02
1.125000e+00 2.250000e-01
1.200000e+00 2.250000e-01
9.750000e-01 1.500000e-01
9.750000e-01 2.250000e-01
1.050000e+00 2.250000e-01
9.750000e-01 3.000000e-01
1.125000e+00 3.000000e-01
1.425000e+00 7.500000e-02
1.275000e+00 7.500000e-02
1.425000e+00 2.250000e-01
1.500000e+00 1.500000e-01
1.275000e+00 1.500000e-01
1.275000e+00 2.250000e-01
1.350000e+00 3.000000e-01
-1.275000e+00 3.750000e-01
-1.425000e+00 3.750000e-01
-1.275000e+00 4.500000e-01
-1.200000e+00 3.750000e-01
-1.275000e+00 5.250000e-01
-1.200000e+00 5.250000e-01
-1.425000e+00 5.250000e-01
-1.500000e+00 4.500000e-01
-1.350000e+00 6.000000e-01
-1.050000e+00 3.750000e-01
-9.750000e-01 3.750000e-01
-1.125000e+00 3.750000e-01
-9.750000e-01 4.500000e-01
-9.000000e-01 3.750000e-01
-9.750000e-01 5.250000e-01
-9.000000e-01 5.250000e-01
-1.125000e+00 4.500000e-01
-1.125000e+00 5.250000e-01
-6.750000e-01 3.750000e-01
-8.250000e-01 3.750000e-01
-6.750000e-01 5.250000e-01
-6.000000e-01 4.500000e-01
-8.250000e-01 4.500000e-01
-8.250000e-01 5.250000e-01
-7.500000e-01 6.000000e-01
-4.500000e-01 4.500000e-01
-1.500000e-01 4.500000e-01
-1.500000e-01 6.000000e-01
3.000000e-01 4.500000e-01
1.500000e-01 4.500000e-01
1.500000e-01 6.000000e-01
6.000000e-01 4.500000e-01
4.500000e-01 4.500000e-01
4.500000e-01 6.000000e-01
8.250000e-01 3.750000e-01
6.750000e-01 3.750000e-01
8.250000e-01 4.500000e-01
9.000000e-01 3.750000e-01
8.250000e-01 5.250000e-01
9.000000e-01 5.250000e-01
6.750000e-01 5.250000e-01
7.500000e-01 5.250000e-01
6.750000e-01 6.000000e-01
8.250000e-01 6.000000e-01
1.125000e+00 3.750000e-01
9.750000e-01 3.750000e-01
1.125000e+00 4.500000e-01
1.200000e+00 3.750000e-01
1.125000e+00 5.250000e-01
1.200000e+00 5.250000e-01
9.750000e-01 5.250000e-01
1.050000e+00 5.250000e-01
9.750000e-01 6.000000e-01
1.125000e+00 6.000000e-01
1.425000e+00 3.750000e-01
1.275000e+00 3.750000e-01
1.425000e+00 5.250000e-01
1.500000e+00 4.500000e-01
1.275000e+00 4.500000e-01
1.275000e+00 5.250000e-01
1.350000e+00 6.000000e-01
-1.350000e+00 7.500000e-01
-1.350000e+00 9.000000e-01
-1.500000e+00 7.500000e-01
-9.750000e-01 6.750000e-01
-9.750000e-01 7.500000e-01
-9.750000e-01 8.250000e-01
-9.000000e-01 8.250000e-01
-1.050000e+00 9.000000e-01
-6.750000e-01 6.750000e-01
-6.750000e-01 8.250000e-01
-6.000000e-01 7.500000e-01
-8.250000e-01 8.250000e-01
-7.500000e-01 8.250000e-01
-8.250000e-01 9.000000e-01
-6.750000e-01 9.000000e-01
-3.750000e-01 8.250000e-01
-3.000000e-01 7.500000e-01
-5.250000e-01 8.250000e-01
-4.500000e-01 8.250000e-01
-5.250000e-01 9.000000e-01
-3.750000e-01 9.000000e-01
-2.250000e-01 6.750000e-01
-7.500000e-02 8.250000e-01
0.000000e+00 7.500000e-01
-2.250000e-01 8.250000e-01
-1.500000e-01 8.250000e-01
-2.250000e-01 9.000000e-01
2.250000e-01 6.750000e-01
2.250000e-01 8.250000e-01
3.000000e-01 7.500000e-01
2.250000e-01 9.000000e-01
5.250000e-01 6.750000e-01
3.750000e-01 6.750000e-01
5.250000e-01 7.500000e-01
6.000000e-01 6.750000e-01
5.250000e-01 8.250000e-01
6.000000e-01 8.250000e-01
3.750000e-01 8.250000e-01
4.500000e-01 8.250000e-01
3.750000e-01 9.000000e-01
5.250000e-01 9.000000e-01
7.500000e-01 6.750000e-01
8.250000e-01 6.750000e-01
6.750000e-01 6.750000e-01
8.250000e-01 8.250000e-01
6.750000e-01 8.250000e-01
7.500000e-01 8.250000e-01
6.750000e-01 9.000000e-01
8.250000e-01 9.000000e-01
1.125000e+00 6.750000e-01
9.750000e-01 6.750000e-01
1.125000e+00 7.500000e-01
1.200000e+00 6.750000e-01
1.125000e+00 8.250000e-01
1.200000e+00 8.250000e-01
9.750000e-01 8.250000e-01
1.050000e+00 8.250000e-01
9.750000e-01 9.000000e-01
1.275000e+00 6.750000e-01
1.275000e+00 7.500000e-01
1.275000e+00 8.250000e-01
1.350000e+00 9.000000e-01
-1.350000e+00 1.050000e+00
-1.350000e+00 1.200000e+00
-1.500000e+00 1.050000e+00
-9.000000e-01 1.050000e+00
-1.050000e+00 1.050000e+00
-7.500000e-01 9.750000e-01
-6.750000e-01 9.750000e-01
-8.250000e-01 9.750000e-01
-6.750000e-01 1.125000e+00
-8.250000e-01 1.125000e+00
-7.500000e-01 1.200000e+00
-3.750000e-01 9.750000e-01
-5.250000e-01 9.750000e-01
-3.750000e-01 1.050000e+00
-3.750000e-01 1.125000e+00
-3.000000e-01 1.125000e+00
-5.250000e-01 1.125000e+00
-4.500000e-01 1.125000e+00
-5.250000e-01 1.200000e+00
-3.750000e-01 1.200000e+00
-7.500000e-02 9.750000e-01
-2.250000e-01 9.750000e-01
-7.500000e-02 1.050000e+00
-7.500000e-02 1.125000e+00
0.000000e+00 1.125000e+00
-2.250000e-01 1.050000e+00
-2.250000e-01 1.125000e+00
-1.500000e-01 1.125000e+00
-2.250000e-01 1.200000e+00
-7.500000e-02 1.200000e+00
1.500000e-01 9.750000e-01
2.250000e-01 9.750000e-01
7.500000e-02 9.750000e-01
2.250000e-01 1.050000e+00
2.250000e-01 1.125000e+00
3.000000e-01 1.125000e+00
7.500000e-02 1.125000e+00
1.500000e-01 1.125000e+00
2.250000e-01 1.200000e+00
4.500000e-01 9.750000e-01
5.250000e-01 9.750000e-01
3.750000e-01 9.750000e-01
5.250000e-01 1.050000e+00
5.250000e-01 1.125000e+00
6.000000e-01 1.125000e+00
3.750000e-01 1.050000e+00
3.750000e-01 1.125000e+00
4.500000e-01 1.125000e+00
5.250000e-01 1.200000e+00
8.250000e-01 9.750000e-01
6.750000e-01 9.750000e-01
8.250000e-01 1.050000e+00
8.250000e-01 1.125000e+00
9.000000e-01 1.125000e+00
6.750000e-01 1.125000e+00
7.500000e-01 1.125000e+00
6.750000e-01 1.200000e+00
8.250000e-01 1.200000e+00
9.750000e-01 9.750000e-01
1.200000e+00 1.050000e+00
9.750000e-01 1.050000e+00
9.750000e-01 1.125000e+00
1.050000e+00 1.200000e+00
1.350000e+00 1.050000e+00
1.350000e+00 1.200000e+00
-1.200000e+00 1.350000e+00
-1.350000e+00 1.350000e+00
-1.050000e+00 1.350000e+00
-1.050000e+00 1.500000e+00
-6.000000e-01 1.350000e+00
-7.500000e-01 1.350000e+00
-4.500000e-01 1.275000e+00
-3.750000e-01 1.275000e+00
-5.250000e-01 1.275000e+00
-3.000000e-01 1.350000e+00
-1.500000e-01 1.275000e+00
-7.500000e-02 1.275000e+00
-2.250000e-01 1.275000e+00
-7.500000e-02 1.425000e+00
0.000000e+00 1.350000e+00
-2.250000e-01 1.425000e+00
-1.500000e-01 1.500000e+00
1.500000e-01 1.275000e+00
2.250000e-01 1.275000e+00
7.500000e-02 1.275000e+00
3.000000e-01 1.350000e+00
7.500000e-02 1.425000e+00
1.500000e-01 1.500000e+00
5.250000e-01 1.275000e+00
3.750000e-01 1.275000e+00
5.250000e-01 1.425000e+00
6.000000e-01 1.350000e+00
3.750000e-01 1.425000e+00
4.500000e-01 1.500000e+00
7.500000e-01 1.275000e+00
8.250000e-01 1.275000e+00
6.750000e-01 1.275000e+00
8.250000e-01 1.425000e+00
9.000000e-01 1.350000e+00
7.500000e-01 1.500000e+00
1.200000e+00 1.350000e+00
1.050000e+00 1.350000e+00
1.350000e+00 1.350000e+00
-1.275000e+00 -1.275000e+00
-1.200000e+00 -1.350000e+00
-1.275000e+00 -1.200000e+00
-1.050000e+00 -1.200000e+00
-6.750000e-01 -1.425000e+00
-7.500000e-01 -1.500000e+00
-6.000000e-01 -1.275000e+00
-6.000000e-01 -1.425000e+00
-3.750000e-01 -1.425000e+00
-5.250000e-01 -1.425000e+00
-4.500000e-01 -1.500000e+00
-3.750000e-01 -1.275000e+00
-3.000000e-01 -1.350000e+00
-5.250000e-01 -1.350000e+00
-5.250000e-01 -1.275000e+00
-4.500000e-01 -1.275000e+00
-5.250000e-01 -1.200000e+00
-3.750000e-01 -1.200000e+00
-7.500000e-02 -1.425000e+00
-2.250000e-01 -1.425000e+00
-1.500000e-01 -1.500000e+00
-7.500000e-02 -1.275000e+00
0.000000e+00 -1.350000e+00
-2.250000e-01 -1.275000e+00
-1.500000e-01 -1.275000e+00
-2.250000e-01 -1.200000e+00
-7.500000e-02 -1.200000e+00
2.250000e-01 -1.425000e+00
1.500000e-01 -1.500000e+00
2.250000e-01 -1.350000e+00
3.000000e-01 -1.275000e+00
2.250000e-01 -1.275000e+00
3.000000e-01 -1.425000e+00
7.500000e-02 -1.275000e+00
7.500000e-02 -1.200000e+00
2.250000e-01 -1.200000e+00
4.500000e-01 -1.425000e+00
4.125000e-01 -1.462500e+00
4.125000e-01 -1.387500e+00
3.750000e-01 -1.500000e+00
3.375000e-01 -1.462500e+00
5.625000e-01 -1.312500e+00
5.250000e-01 -1.350000e+00
4.875000e-01 -1.312500e+00
6.000000e-01 -1.275000e+00
5.625000e-01 -1.237500e+00
4.125000e-01 -1.312500e+00
3.750000e-01 -1.350000e+00
3.375000e-01 -1.237500e+00
4.125000e-01 -1.237500e+00
4.500000e-01 -1.312500e+00
3.750000e-01 -1.237500e+00
4.125000e-01 -1.200000e+00
4.875000e-01 -1.275000e+00
4.875000e-01 -1.237500e+00
8.250000e-01 -1.425000e+00
8.250000e-01 -1.350000e+00
9.000000e-01 -1.425000e+00
8.250000e-01 -1.275000e+00
9.000000e-01 -1.275000e+00
6.750000e-01 -1.275000e+00
6.750000e-01 -1.200000e+00
8.250000e-01 -1.200000e+00
9.750000e-01 -1.425000e+00
9.750000e-01 -1.275000e+00
1.350000e+00 -1.425000e+00
1.425000e+00 -1.500000e+00
1.425000e+00 -1.425000e+00
1.275000e+00 -1.500000e+00
1.275000e+00 -1.425000e+00
1.425000e+00 -1.275000e+00
1.275000e+00 -1.275000e+00
1.350000e+00 -1.200000e+00
-1.350000e+00 -1.125000e+00
-1.275000e+00 -1.125000e+00
-1.425000e+00 -1.125000e+00
-1.200000e+00 -1.125000e+00
-1.275000e+00 -9.750000e-01
-1.500000e+00 -1.050000e+00
-1.275000e+00 -9.000000e-01
-1.125000e+00 -1.125000e+00
-9.375000e-01 -9.375000e-01
-9.000000e-01 -9.750000e-01
-1.087500e+00 -1.012500e+00
-1.125000e+00 -1.050000e+00
-1.087500e+00 -9.750000e-01
-1.050000e+00 -9.375000e-01
-1.087500e+00 -9.375000e-01
-1.125000e+00 -9.000000e-01
-1.012500e+00 -9.375000e-01
-9.750000e-01 -9.375000e-01
-1.012500e+00 -9.000000e-01
-9.375000e-01 -9.000000e-01
-6.375000e-01 -1.087500e+00
-6.375000e-01 -1.050000e+00
-6.375000e-01 -1.012500e+00
-6.375000e-01 -9.375000e-01
-6.000000e-01 -9.750000e-01
-6.750000e-01 -1.012500e+00
-7.125000e-01 -1.012500e+00
-8.250000e-01 -9.750000e-01
-7.500000e-01 -9.750000e-01
-8.250000e-01 -9.000000e-01
-7.125000e-01 -9.375000e-01
-6.750000e-01 -9.000000e-01
-3.000000e-01 -1.125000e+00
-4.125000e-01 -1.012500e+00
-5.625000e-01 -1.012500e+00
-5.625000e-01 -9.375000e-01
-4.875000e-01 -1.012500e+00
-5.250000e-01 -1.050000e+00
-4.875000e-01 -9.750000e-01
-4.500000e-01 -9.375000e-01
-4.875000e-01 -9.375000e-01
-4.500000e-01 -1.012500e+00
-4.125000e-01 -9.750000e-01
-4.125000e-01 -9.375000e-01
-3.750000e-01 -9.000000e-01
-1.125000e-01 -1.087500e+00
-1.500000e-01 -1.125000e+00
-1.875000e-01 -1.087500e+00
-3.750000e-02 -1.087500e+00
0.000000e+00 -1.125000e+00
-7.500000e-02 -1.087500e+00
-3.750000e-02 -1.050000e+00
-1.125000e-01 -1.050000e+00
-3.750000e-02 -9.750000e-01
0.000000e+00 -1.012500e+00
-3.750000e-02 -1.012500e+00
0.000000e+00 -9.375000e-01
-3.750000e-02 -9.375000e-01
-7.500000e-02 -1.012500e+00
-1.125000e-01 -1.012500e+00
-2.625000e-01 -1.012500e+00
-2.625000e-01 -9.375000e-01
-2.625000e-01 -1.050000e+00
-1.875000e-01 -1.012500e+00
-2.625000e-01 -1.087500e+00
-2.250000e-01 -1.087500e+00
-1.875000e-01 -9.375000e-01
-1.500000e-01 -9.750000e-01
-2.250000e-01 -9.000000e-01
-1.125000e-01 -9.375000e-01
-7.500000e-02 -9.000000e-01
1.500000e-01 -1.125000e+00
2.250000e-01 -1.125000e+00
7.500000e-02 -1.125000e+00
2.250000e-01 -1.050000e+00
3.000000e-01 -1.125000e+00
2.250000e-01 -9.750000e-01
3.000000e-01 -9.750000e-01
3.750000e-02 -9.750000e-01
3.750000e-02 -1.012500e+00
3.750000e-02 -9.375000e-01
7.500000e-02 -1.050000e+00
7.500000e-02 -9.000000e-01
2.250000e-01 -9.000000e-01
5.625000e-01 -1.162500e+00
4.125000e-01 -1.162500e+00
6.000000e-01 -1.087500e+00
5.625000e-01 -1.087500e+00
6.000000e-01 -1.162500e+00
5.625000e-01 -9.375000e-01
6.000000e-01 -9.750000e-01
4.125000e-01 -1.012500e+00
3.750000e-01 -1.050000e+00
4.125000e-01 -9.750000e-01
4.500000e-01 -9.375000e-01
4.125000e-01 -9.375000e-01
3.750000e-01 -9.000000e-01
4.875000e-01 -9.375000e-01
5.625000e-01 -9.000000e-01
7.875000e-01 -1.162500e+00
7.875000e-01 -1.087500e+00
7.500000e-01 -1.125000e+00
8.625000e-01 -1.162500e+00
7.125000e-01 -1.162500e+00
7.125000e-01 -1.087500e+00
6.375000e-01 -1.162500e+00
8.250000e-01 -1.050000e+00
9.000000e-01 -9.750000e-01
8.250000e-01 -9.750000e-01
8.625000e-01 -1.087500e+00
9.000000e-01 -1.125000e+00
7.125000e-01 -1.012500e+00
6.750000e-01 -1.050000e+00
6.375000e-01 -1.125000e+00
6.375000e-01 -1.087500e+00
7.125000e-01 -9.375000e-01
7.500000e-01 -9.750000e-01
8.250000e-01 -9.000000e-01
9.750000e-01 -1.125000e+00
1.125000e+00 -9.750000e-01
1.200000e+00 -1.050000e+00
9.750000e-01 -9.750000e-01
9.750000e-01 -9.000000e-01
1.125000e+00 -9.000000e-01
1.350000e+00 -1.050000e+00
1.350000e+00 -9.000000e-01
-1.237500e+00 -8.625000e-01
-1.200000e+00 -8.625000e-01
-1.275000e+00 -7.500000e-01
-1.237500e+00 -6.750000e-01
-1.237500e+00 -7.125000e-01
-1.200000e+00 -6.375000e-01
-1.237500e+00 -6.375000e-01
-1.275000e+00 -6.000000e-01
-1.012500e+00 -8.625000e-01
-9.375000e-01 -8.625000e-01
-1.012500e+00 -7.875000e-01
-1.050000e+00 -8.250000e-01
-1.162500e+00 -8.625000e-01
-9.375000e-01 -7.875000e-01
-9.000000e-01 -8.250000e-01
-9.750000e-01 -7.500000e-01
-1.162500e+00 -6.375000e-01
-1.162500e+00 -8.250000e-01
-1.162500e+00 -7.875000e-01
-6.750000e-01 -8.250000e-01
-8.250000e-01 -8.250000e-01
-6.000000e-01 -8.250000e-01
-8.250000e-01 -7.500000e-01
-8.250000e-01 -6.750000e-01
-8.250000e-01 -6.000000e-01
-4.500000e-01 -8.250000e-01
-4.875000e-01 -8.625000e-01
-5.625000e-01 -8.625000e-01
-4.875000e-01 -7.875000e-01
-3.000000e-01 -6.750000e-01
-5.625000e-01 -7.125000e-01
-5.250000e-01 -7.125000e-01
-5.625000e-01 -7.500000e-01
-4.875000e-01 -7.125000e-01
-4.875000e-01 -7.500000e-01
-5.625000e-01 -7.875000e-01
-5.250000e-01 -7.875000e-01
-4.500000e-01 -6.750000e-01
-3.750000e-01 -6.000000e-01
-5.250000e-01 -6.000000e-01
-1.125000e-01 -8.625000e-01
-3.750000e-02 -8.625000e-01
-1.500000e-01 -8.250000e-01
-3.750000e-02 -7.125000e-01
-7.500000e-02 -7.500000e-01
-1.125000e-01 -7.125000e-01
0.000000e+00 -6.750000e-01
0.000000e+00 -8.250000e-01
-2.625000e-01 -7.125000e-01
-1.875000e-01 -7.125000e-01
-2.250000e-01 -7.500000e-01
-1.125000e-01 -6.375000e-01
-1.500000e-01 -6.750000e-01
-7.500000e-02 -6.000000e-01
-2.250000e-01 -6.000000e-01
1.500000e-01 -8.250000e-01
2.250000e-01 -8.250000e-01
7.500000e-02 -8.250000e-01
2.250000e-01 -6.750000e-01
3.000000e-01 -7.500000e-01
7.500000e-02 -7.500000e-01
7.500000e-02 -6.750000e-01
2.250000e-01 -6.000000e-01
7.500000e-02 -6.000000e-01
5.250000e-01 -8.625000e-01
4.875000e-01 -8.625000e-01
5.625000e-01 -8.625000e-01
4.875000e-01 -7.875000e-01
4.500000e-01 -8.250000e-01
3.750000e-01 -8.250000e-01
5.250000e-01 -7.500000e-01
5.250000e-01 -6.750000e-01
5.625000e-01 -7.875000e-01
6.000000e-01 -8.250000e-01
8.625000e-01 -8.625000e-01
6.375000e-01 -8.625000e-01
7.125000e-01 -7.875000e-01
8.625000e-01 -8.250000e-01
9.000000e-01 -7.875000e-01
8.625000e-01 -7.875000e-01
8.625000e-01 -6.375000e-01
9.000000e-01 -6.750000e-01
7.875000e-01 -7.125000e-01
6.750000e-01 -7.500000e-01
6.750000e-01 -6.750000e-01
6.375000e-01 -7.875000e-01
7.875000e-01 -6.375000e-01
7.500000e-01 -6.750000e-01
8.250000e-01 -6.000000e-01
6.750000e-01 -6.000000e-01
1.087500e+00 -8.625000e-01
1.087500e+00 -7.875000e-01
1.050000e+00 -8.250000e-01
1.012500e+00 -8.625000e-01
9.375000e-01 -8.625000e-01
1.162500e+00 -7.125000e-01
1.125000e+00 -7.500000e-01
1.087500e+00 -7.125000e-01
1.200000e+00 -6.750000e-01
1.162500e+00 -6.375000e-01
1.162500e+00 -7.875000e-01
1.200000e+00 -8.250000e-01
9.375000e-01 -6.375000e-01
9.750000e-01 -7.500000e-01
9.375000e-01 -7.875000e-01
1.012500e+00 -6.375000e-01
1.012500e+00 -6.000000e-01
9.375000e-01 -6.000000e-01
1.125000e+00 -6.000000e-01
1.275000e+00 -8.250000e-01
1.275000e+00 -6.750000e-01
1.350000e+00 -6.000000e-01
-1.275000e+00 -5.250000e-01
-1.275000e+00 -4.500000e-01
-1.200000e+00 -5.250000e-01
-1.275000e+00 -3.750000e-01
-1.350000e+00 -3.000000e-01
-1.012500e+00 -4.875000e-01
-9.000000e-01 -4.875000e-01
-9.375000e-01 -4.875000e-01
-9.375000e-01 -4.500000e-01
-1.012500e+00 -4.500000e-01
-9.375000e-01 -3.750000e-01
-9.000000e-01 -4.125000e-01
-9.375000e-01 -4.125000e-01
-9.000000e-01 -3.375000e-01
-9.375000e-01 -3.375000e-01
-9.750000e-01 -4.125000e-01
-1.012500e+00 -4.125000e-01
-1.050000e+00 -3.750000e-01
-9.750000e-01 -3.000000e-01
-7.500000e-01 -5.250000e-01
-8.625000e-01 -5.625000e-01
-7.875000e-01 -4.875000e-01
-6.000000e-01 -3.750000e-01
-8.625000e-01 -4.125000e-01
-8.625000e-01 -3.375000e-01
-8.250000e-01 -4.125000e-01
-7.875000e-01 -4.125000e-01
-7.875000e-01 -4.500000e-01
-8.625000e-01 -5.250000e-01
-8.625000e-01 -4.875000e-01
-7.500000e-01 -3.750000e-01
-7.875000e-01 -3.375000e-01
-8.250000e-01 -3.000000e-01
-4.500000e-01 -5.250000e-01
-3.750000e-01 -5.250000e-01
-5.250000e-01 -5.250000e-01
-3.750000e-01 -4.500000e-01
-3.000000e-01 -5.250000e-01
-3.750000e-01 -3.750000e-01
-3.000000e-01 -3.750000e-01
-5.250000e-01 -4.500000e-01
-5.250000e-01 -3.750000e-01
-4.500000e-01 -3.750000e-01
-3.750000e-01 -3.000000e-01
-1.500000e-01 -5.250000e-01
-7.500000e-02 -5.250000e-01
-2.250000e-01 -5.250000e-01
-7.500000e-02 -4.500000e-01
0.000000e+00 -5.250000e-01
-7.500000e-02 -3.750000e-01
0.000000e+00 -3.750000e-01
-2.250000e-01 -4.500000e-01
-2.250000e-01 -3.750000e-01
-1.500000e-01 -3.750000e-01
-7.500000e-02 -3.000000e-01
1.500000e-01 -5.250000e-01
2.250000e-01 -5.250000e-01
7.500000e-02 -5.250000e-01
2.250000e-01 -4.500000e-01
3.000000e-01 -5.250000e-01
2.250000e-01 -3.750000e-01
7.500000e-02 -3.750000e-01
3.750000e-01 -5.250000e-01
5.250000e-01 -3.750000e-01
3.750000e-01 -3.750000e-01
4.500000e-01 -3.750000e-01
5.250000e-01 -3.000000e-01
7.500000e-01 -5.250000e-01
8.250000e-01 -5.250000e-01
6.750000e-01 -5.250000e-01
8.250000e-01 -4.500000e-01
9.000000e-01 -5.250000e-01
8.250000e-01 -3.750000e-01
7.500000e-01 -3.000000e-01
1.050000e+00 -5.250000e-01
1.125000e+00 -5.250000e-01
9.750000e-01 -5.625000e-01
1.012500e+00 -5.625000e-01
9.375000e-01 -5.625000e-01
1.012500e+00 -4.875000e-01
1.125000e+00 -3.750000e-01
1.200000e+00 -3.750000e-01
9.750000e-01 -4.500000e-01
9.750000e-01 -3.750000e-01
9.375000e-01 -4.875000e-01
1.050000e+00 -3.750000e-01
9.750000e-01 -3.000000e-01
1.125000e+00 -3.000000e-01
1.425000e+00 -5.250000e-01
1.275000e+00 -5.250000e-01
1.425000e+00 -3.750000e-01
1.500000e+00 -4.500000e-01
1.275000e+00 -4.500000e-01
1.275000e+00 -3.750000e-01
1.350000e+00 -3.000000e-01
-1.275000e+00 -2.250000e-01
-1.425000e+00 -2.250000e-01
-1.275000e+00 -1.500000e-01
-1.200000e+00 -2.250000e-01
-1.275000e+00 -7.500000e-02
-1.200000e+00 -7.500000e-02
-1.425000e+00 -7.500000e-02
-1.500000e+00 -1.500000e-01
-1.275000e+00 0.000000e+00
-1.425000e+00 0.000000e+00
-9.375000e-01 -3.750000e-02
-1.162500e+00 -3.750000e-02
-1.087500e+00 -3.750000e-02
-1.050000e+00 -7.500000e-02
-1.125000e+00 -3.750000e-02
-1.087500e+00 0.000000e+00
-1.012500e+00 -3.750000e-02
-9.750000e-01 -3.750000e-02
-9.375000e-01 0.000000e+00
-7.125000e-01 -1.875000e-01
-7.500000e-01 -2.250000e-01
-7.875000e-01 -2.625000e-01
-8.625000e-01 -2.625000e-01
-6.375000e-01 -1.125000e-01
-6.750000e-01 -1.500000e-01
-7.125000e-01 -1.125000e-01
-6.000000e-01 -7.500000e-02
-6.375000e-01 -3.750000e-02
-6.375000e-01 -1.875000e-01
-6.000000e-01 -2.250000e-01
-7.500000e-01 -7.500000e-02
-6.750000e-01 0.000000e+00
-8.250000e-01 0.000000e+00
-3.750000e-01 -2.250000e-01
-5.250000e-01 -2.250000e-01
-3.000000e-01 -1.500000e-01
-5.250000e-01 -7.500000e-02
-4.500000e-01 0.000000e+00
-7.500000e-02 -2.250000e-01
2.250000e-01 -7.500000e-02
7.500000e-02 -7.500000e-02
7.500000e-02 0.000000e+00
2.250000e-01 0.000000e+00
5.250000e-01 -2.250000e-01
5.250000e-01 -1.500000e-01
5.250000e-01 -7.500000e-02
6.000000e-01 -7.500000e-02
8.250000e-01 -2.250000e-01
8.250000e-01 -1.500000e-01
8.625000e-01 -1.125000e-01
9.000000e-01 -7.500000e-02
7.875000e-01 -1.125000e-01
7.500000e-01 -7.500000e-02
1.125000e+00 -2.250000e-01
9.750000e-01 -2.250000e-01
1.125000e+00 -7.500000e-02
9.750000e-01 -7.500000e-02
1.125000e+00 0.000000e+00
1.275000e+00 -7.500000e-02
1.275000e+00 0.000000e+00
-1.350000e+00 7.500000e-02
-1.237500e+00 3.750000e-02
-1.387500e+00 3.750000e-02
-1.387500e+00 1.125000e-01
-1.462500e+00 3.750000e-02
-1.237500e+00 7.500000e-02
-1.200000e+00 1.125000e-01
-1.237500e+00 1.125000e-01
-1.200000e+00 3.750000e-02
-1.200000e+00 1.875000e-01
-1.237500e+00 1.875000e-01
-1.200000e+00 2.625000e-01
-1.237500e+00 2.625000e-01
-1.425000e+00 1.500000e-01
-1.500000e+00 7.500000e-02
-1.275000e+00 3.000000e-01
-1.425000e+00 3.000000e-01
-1.012500e+00 3.750000e-02
-9.375000e-01 3.750000e-02
-1.050000e+00 3.750000e-02
-1.012500e+00 1.125000e-01
-1.050000e+00 1.125000e-01
-1.087500e+00 3.750000e-02
-1.162500e+00 3.750000e-02
-1.087500e+00 7.500000e-02
-1.087500e+00 1.125000e-01
-9.375000e-01 7.500000e-02
-9.000000e-01 1.125000e-01
-9.375000e-01 1.125000e-01
-9.000000e-01 3.750000e-02
-9.375000e-01 1.500000e-01
-1.012500e+00 1.500000e-01
-9.375000e-01 1.875000e-01
-9.750000e-01 1.875000e-01
-1.012500e+00 1.875000e-01
-1.162500e+00 2.250000e-01
-1.162500e+00 1.875000e-01
-1.162500e+00 2.625000e-01
-1.125000e+00 1.875000e-01
-1.162500e+00 1.500000e-01
-1.087500e+00 1.875000e-01
-1.087500e+00 1.500000e-01
-1.162500e+00 1.125000e-01
-1.125000e+00 1.125000e-01
-1.087500e+00 2.250000e-01
-1.050000e+00 2.625000e-01
-1.087500e+00 2.625000e-01
-1.050000e+00 1.875000e-01
-1.087500e+00 3.000000e-01
-1.162500e+00 3.000000e-01
-1.012500e+00 2.625000e-01
-8.625000e-01 3.750000e-02
-6.000000e-01 2.250000e-01
-6.750000e-01 2.250000e-01
-7.875000e-01 1.875000e-01
-8.250000e-01 1.500000e-01
-8.625000e-01 1.125000e-01
-7.500000e-01 2.250000e-01
-7.875000e-01 2.625000e-01
-8.250000e-01 3.000000e-01
-3.750000e-01 7.500000e-02
-5.250000e-01 7.500000e-02
-3.000000e-01 1.500000e-01
-5.250000e-01 1.500000e-01
-5.250000e-01 2.250000e-01
-4.500000e-01 3.000000e-01
0.000000e+00 1.500000e-01
-1.500000e-01 1.500000e-01
-1.500000e-01 3.000000e-01
1.500000e-01 7.500000e-02
2.250000e-01 7.500000e-02
7.500000e-02 7.500000e-02
2.250000e-01 1.500000e-01
3.000000e-01 7.500000e-02
2.250000e-01 2.250000e-01
7.500000e-02 2.250000e-01
7.500000e-02 3.000000e-01
3.750000e-01 7.500000e-02
4.500000e-01 3.000000e-01
6.750000e-01 2.250000e-01
8.250000e-01 3.000000e-01
6.750000e-01 3.000000e-01
1.162500e+00 3.750000e-02
1.087500e+00 1.125000e-01
1.050000e+00 7.500000e-02
1.012500e+00 1.125000e-01
1.200000e+00 1.125000e-01
1.162500e+00 1.125000e-01
1.200000e+00 3.750000e-02
1.125000e+00 1.125000e-01
1.087500e+00 1.500000e-01
1.162500e+00 2.250000e-01
1.200000e+00 1.875000e-01
1.162500e+00 1.875000e-01
1.162500e+00 2.625000e-01
1.087500e+00 1.875000e-01
9.375000e-01 1.875000e-01
9.375000e-01 2.625000e-01
9.750000e-01 1.875000e-01
1.012500e+00 1.875000e-01
1.012500e+00 1.500000e-01
1.050000e+00 2.625000e-01
1.012500e+00 2.625000e-01
1.050000e+00 1.875000e-01
9.750000e-01 2.625000e-01
1.012500e+00 3.000000e-01
9.375000e-01 3.000000e-01
1.087500e+00 2.250000e-01
1.087500e+00 2.625000e-01
1.125000e+00 2.625000e-01
1.087500e+00 3.000000e-01
1.387500e+00 1.125000e-01
1.350000e+00 7.500000e-02
1.312500e+00 3.750000e-02
1.312500e+00 1.125000e-01
1.237500e+00 3.750000e-02
1.462500e+00 1.875000e-01
1.425000e+00 1.500000e-01
1.387500e+00 1.875000e-01
1.500000e+00 2.250000e-01
1.462500e+00 2.625000e-01
1.462500e+00 1.125000e-01
1.500000e+00 7.500000e-02
1.237500e+00 1.875000e-01
1.237500e+00 2.625000e-01
1.275000e+00 1.875000e-01
1.237500e+00 1.500000e-01
1.312500e+00 1.875000e-01
1.312500e+00 1.500000e-01
1.237500e+00 7.500000e-02
1.237500e+00 1.125000e-01
1.275000e+00 1.125000e-01
1.350000e+00 2.250000e-01
1.425000e+00 3.000000e-01
1.312500e+00 2.625000e-01
1.275000e+00 3.000000e-01
-1.312500e+00 3.375000e-01
-1.312500e+00 4.125000e-01
-1.350000e+00 3.750000e-01
-1.237500e+00 3.375000e-01
-1.387500e+00 3.375000e-01
-1.387500e+00 4.125000e-01
-1.462500e+00 3.375000e-01
-1.237500e+00 3.750000e-01
-1.200000e+00 4.125000e-01
-1.237500e+00 4.125000e-01
-1.200000e+00 3.375000e-01
-1.275000e+00 4.125000e-01
-1.237500e+00 4.500000e-01
-1.312500e+00 4.500000e-01
-1.237500e+00 5.250000e-01
-1.200000e+00 4.875000e-01
-1.237500e+00 4.875000e-01
-1.200000e+00 5.625000e-01
-1.237500e+00 5.625000e-01
-1.275000e+00 4.875000e-01
-1.312500e+00 4.875000e-01
-1.425000e+00 4.500000e-01
-1.500000e+00 3.750000e-01
-1.350000e+00 5.250000e-01
-1.275000e+00 6.000000e-01
-1.012500e+00 3.375000e-01
-1.012500e+00 3.750000e-01
-1.050000e+00 3.375000e-01
-1.012500e+00 4.125000e-01
-1.050000e+00 4.125000e-01
-1.125000e+00 3.375000e-01
-1.087500e+00 3.375000e-01
-1.162500e+00 3.375000e-01
-1.087500e+00 3.750000e-01
-1.087500e+00 4.125000e-01
-9.375000e-01 4.125000e-01
-9.750000e-01 4.125000e-01
-1.012500e+00 4.500000e-01
-9.375000e-01 4.875000e-01
-9.750000e-01 4.875000e-01
-1.012500e+00 4.875000e-01
-1.162500e+00 4.875000e-01
-1.162500e+00 5.625000e-01
-1.125000e+00 4.875000e-01
-1.162500e+00 4.500000e-01
-1.087500e+00 4.875000e-01
-1.087500e+00 4.500000e-01
-1.162500e+00 3.750000e-01
-1.162500e+00 4.125000e-01
-1.125000e+00 4.125000e-01
-1.050000e+00 5.250000e-01
-1.125000e+00 6.000000e-01
-9.750000e-01 6.000000e-01
-6.000000e-01 3.750000e-01
-6.750000e-01 6.000000e-01
-8.250000e-01 6.000000e-01
-5.250000e-01 3.750000e-01
-3.750000e-01 5.250000e-01
-3.000000e-01 4.500000e-01
-5.250000e-01 4.500000e-01
-5.250000e-01 5.250000e-01
-4.500000e-01 6.000000e-01
0.000000e+00 4.500000e-01
1.500000e-01 3.750000e-01
2.250000e-01 3.750000e-01
7.500000e-02 3.750000e-01
3.000000e-01 3.750000e-01
2.250000e-01 5.250000e-01
3.000000e-01 5.250000e-01
2.250000e-01 6.000000e-01
5.250000e-01 3.750000e-01
3.750000e-01 3.750000e-01
5.250000e-01 4.500000e-01
6.000000e-01 3.750000e-01
5.250000e-01 5.250000e-01
6.000000e-01 5.250000e-01
3.750000e-01 4.500000e-01
3.750000e-01 5.250000e-01
4.500000e-01 5.250000e-01
3.750000e-01 6.000000e-01
5.250000e-01 6.000000e-01
7.875000e-01 3.375000e-01
7.875000e-01 4.125000e-01
7.500000e-01 3.750000e-01
8.625000e-01 3.375000e-01
7.125000e-01 3.375000e-01
6.375000e-01 3.375000e-01
8.625000e-01 3.750000e-01
9.000000e-01 4.125000e-01
8.625000e-01 4.125000e-01
9.000000e-01 3.375000e-01
8.250000e-01 4.125000e-01
8.625000e-01 4.500000e-01
8.625000e-01 4.875000e-01
8.625000e-01 5.625000e-01
7.875000e-01 5.625000e-01
7.875000e-01 6.000000e-01
8.625000e-01 6.000000e-01
1.087500e+00 3.375000e-01
1.050000e+00 3.750000e-01
9.750000e-01 3.375000e-01
1.012500e+00 3.375000e-01
9.375000e-01 3.375000e-01
1.012500e+00 4.125000e-01
1.162500e+00 5.625000e-01
1.087500e+00 4.875000e-01
9.375000e-01 5.625000e-01
9.750000e-01 4.500000e-01
9.375000e-01 4.125000e-01
1.050000e+00 5.625000e-01
1.012500e+00 5.625000e-01
9.750000e-01 5.625000e-01
9.375000e-01 6.000000e-01
1.087500e+00 5.250000e-01
1.087500e+00 5.625000e-01
1.125000e+00 5.625000e-01
1.162500e+00 6.000000e-01
1.387500e+00 3.375000e-01
1.387500e+00 4.125000e-01
1.350000e+00 3.750000e-01
1.462500e+00 3.375000e-01
1.312500e+00 3.375000e-01
1.312500e+00 4.125000e-01
1.425000e+00 4.500000e-01
1.387500e+00 4.875000e-01
1.500000e+00 3.750000e-01
1.312500e+00 4.875000e-01
1.312500e+00 4.500000e-01
1.237500e+00 4.125000e-01
1.275000e+00 4.125000e-01
1.387500e+00 5.625000e-01
1.350000e+00 5.250000e-01
1.425000e+00 6.000000e-01
-1.275000e+00 6.750000e-01
-1.425000e+00 6.750000e-01
-1.275000e+00 8.250000e-01
-1.200000e+00 7.500000e-01
-1.425000e+00 7.500000e-01
-1.500000e+00 8.250000e-01
-1.425000e+00 8.250000e-01
-1.500000e+00 6.750000e-01
-1.350000e+00 8.250000e-01
-1.425000e+00 9.000000e-01
-1.275000e+00 9.000000e-01
-1.012500e+00 6.375000e-01
-9.375000e-01 6.375000e-01
-1.012500e+00 7.125000e-01
-1.050000e+00 6.750000e-01
-1.125000e+00 6.750000e-01
-9.375000e-01 7.125000e-01
-9.000000e-01 6.750000e-01
-9.750000e-01 7.125000e-01
-9.375000e-01 7.500000e-01
-1.012500e+00 7.500000e-01
-9.375000e-01 8.250000e-01
-9.000000e-01 7.875000e-01
-9.375000e-01 7.875000e-01
-9.000000e-01 8.625000e-01
-9.375000e-01 8.625000e-01
-1.012500e+00 7.875000e-01
-1.125000e+00 8.250000e-01
-1.012500e+00 8.625000e-01
-1.050000e+00 8.250000e-01
-9.750000e-01 9.000000e-01
-1.125000e+00 9.000000e-01
-7.125000e-01 6.375000e-01
-7.125000e-01 7.125000e-01
-7.500000e-01 6.750000e-01
-6.375000e-01 6.375000e-01
-8.250000e-01 6.750000e-01
-6.375000e-01 7.875000e-01
-6.750000e-01 7.500000e-01
-7.125000e-01 7.875000e-01
-6.000000e-01 8.250000e-01
-6.375000e-01 8.625000e-01
-6.375000e-01 7.125000e-01
-6.000000e-01 6.750000e-01
-8.625000e-01 8.250000e-01
-8.625000e-01 7.875000e-01
-8.625000e-01 8.625000e-01
-8.250000e-01 7.500000e-01
-3.750000e-01 6.750000e-01
-5.250000e-01 6.750000e-01
-3.750000e-01 7.500000e-01
-4.125000e-01 7.875000e-01
-3.000000e-01 8.250000e-01
-3.000000e-01 6.750000e-01
-4.875000e-01 7.875000e-01
-5.250000e-01 7.500000e-01
-4.875000e-01 8.250000e-01
-4.500000e-01 8.625000e-01
-4.875000e-01 8.625000e-01
-4.125000e-01 8.250000e-01
-4.125000e-01 8.625000e-01
-7.500000e-02 6.750000e-01
-3.750000e-02 7.875000e-01
-7.500000e-02 7.500000e-01
-1.125000e-01 7.875000e-01
0.000000e+00 8.250000e-01
-3.750000e-02 8.625000e-01
0.000000e+00 6.750000e-01
-1.875000e-01 7.875000e-01
-2.250000e-01 7.500000e-01
-2.625000e-01 8.625000e-01
-1.500000e-01 8.625000e-01
-1.875000e-01 8.625000e-01
-1.500000e-01 7.875000e-01
-2.250000e-01 8.625000e-01
-1.875000e-01 9.000000e-01
-2.625000e-01 9.000000e-01
-1.125000e-01 8.250000e-01
-1.125000e-01 8.625000e-01
-7.500000e-02 9.000000e-01
1.875000e-01 7.125000e-01
1.500000e-01 6.750000e-01
2.625000e-01 6.375000e-01
7.500000e-02 6.750000e-01
2.625000e-01 7.875000e-01
2.250000e-01 7.500000e-01
1.875000e-01 7.875000e-01
3.000000e-01 8.250000e-01
2.625000e-01 8.625000e-01
2.625000e-01 7.125000e-01
3.000000e-01 6.750000e-01
7.500000e-02 8.250000e-01
1.500000e-01 8.250000e-01
7.500000e-02 9.000000e-01
1.875000e-01 8.625000e-01
2.250000e-01 8.625000e-01
1.875000e-01 9.000000e-01
2.625000e-01 9.000000e-01
4.875000e-01 6.375000e-01
4.875000e-01 7.125000e-01
4.500000e-01 6.750000e-01
5.625000e-01 6.375000e-01
6.000000e-01 7.125000e-01
5.625000e-01 7.125000e-01
6.000000e-01 6.375000e-01
5.625000e-01 8.625000e-01
3.375000e-01 8.625000e-01
3.375000e-01 9.000000e-01
4.875000e-01 8.625000e-01
5.250000e-01 8.625000e-01
4.875000e-01 9.000000e-01
5.625000e-01 9.000000e-01
8.250000e-01 6.375000e-01
7.875000e-01 6.375000e-01
8.625000e-01 6.375000e-01
7.500000e-01 6.375000e-01
7.875000e-01 7.125000e-01
7.500000e-01 7.125000e-01
7.125000e-01 6.375000e-01
6.375000e-01 6.375000e-01
7.125000e-01 6.750000e-01
7.125000e-01 7.125000e-01
8.625000e-01 7.125000e-01
9.000000e-01 6.750000e-01
8.250000e-01 7.500000e-01
8.625000e-01 7.875000e-01
8.625000e-01 8.625000e-01
9.000000e-01 8.250000e-01
7.875000e-01 7.875000e-01
6.375000e-01 7.875000e-01
7.125000e-01 7.875000e-01
6.750000e-01 7.500000e-01
6.375000e-01 6.750000e-01
6.375000e-01 7.125000e-01
1.162500e+00 6.375000e-01
9.375000e-01 6.375000e-01
1.162500e+00 7.125000e-01
1.162500e+00 7.500000e-01
1.162500e+00 7.875000e-01
1.125000e+00 7.875000e-01
1.087500e+00 7.875000e-01
9.375000e-01 8.625000e-01
1.012500e+00 7.875000e-01
9.750000e-01 7.500000e-01
9.375000e-01 7.125000e-01
1.050000e+00 8.625000e-01
1.012500e+00 8.625000e-01
1.050000e+00 7.875000e-01
9.750000e-01 8.625000e-01
1.012500e+00 9.000000e-01
9.375000e-01 9.000000e-01
1.087500e+00 8.250000e-01
1.087500e+00 8.625000e-01
1.125000e+00 9.000000e-01
1.425000e+00 6.750000e-01
1.425000e+00 8.250000e-01
1.500000e+00 7.500000e-01
1.425000e+00 9.000000e-01
1.275000e+00 9.000000e-01
-1.275000e+00 9.750000e-01
-1.425000e+00 9.750000e-01
-1.275000e+00 1.125000e+00
-1.200000e+00 1.050000e+00
-1.425000e+00 1.125000e+00
-1.425000e+00 1.200000e+00
-1.275000e+00 1.200000e+00
-9.750000e-01 9.750000e-01
-1.125000e+00 9.750000e-01
-9.000000e-01 9.750000e-01
-1.050000e+00 1.200000e+00
-7.125000e-01 1.012500e+00
-7.500000e-01 1.012500e+00
-7.875000e-01 9.375000e-01
-8.625000e-01 9.375000e-01
-7.875000e-01 9.750000e-01
-7.875000e-01 1.012500e+00
-6.750000e-01 1.050000e+00
-6.000000e-01 1.125000e+00
-8.250000e-01 1.050000e+00
-8.625000e-01 1.012500e+00
-3.000000e-01 9.750000e-01
-3.000000e-01 1.087500e+00
-3.375000e-01 1.087500e+00
-3.000000e-01 1.162500e+00
-3.375000e-01 1.162500e+00
-4.125000e-01 1.087500e+00
-5.625000e-01 1.162500e+00
-4.875000e-01 1.087500e+00
-5.250000e-01 1.050000e+00
-4.500000e-01 1.162500e+00
-4.875000e-01 1.162500e+00
-4.500000e-01 1.087500e+00
-5.250000e-01 1.162500e+00
-4.875000e-01 1.200000e+00
-5.625000e-01 1.200000e+00
-4.125000e-01 1.125000e+00
-4.125000e-01 1.162500e+00
-1.125000e-01 1.012500e+00
-1.500000e-01 9.750000e-01
-1.875000e-01 9.375000e-01
-2.625000e-01 9.375000e-01
-1.875000e-01 1.012500e+00
-3.750000e-02 1.012500e+00
0.000000e+00 9.750000e-01
-3.750000e-02 1.050000e+00
-1.125000e-01 1.050000e+00
-3.750000e-02 1.087500e+00
-3.750000e-02 1.162500e+00
-7.500000e-02 1.087500e+00
-1.125000e-01 1.087500e+00
-2.625000e-01 1.125000e+00
-2.625000e-01 1.087500e+00
-2.625000e-01 1.162500e+00
-1.875000e-01 1.087500e+00
-1.875000e-01 1.050000e+00
-2.625000e-01 1.012500e+00
-2.250000e-01 1.012500e+00
-1.875000e-01 1.125000e+00
-1.500000e-01 1.162500e+00
-1.875000e-01 1.162500e+00
-1.500000e-01 1.087500e+00
-2.250000e-01 1.162500e+00
-1.875000e-01 1.200000e+00
-1.125000e-01 1.162500e+00
-7.500000e-02 1.162500e+00
-3.750000e-02 1.200000e+00
2.250000e-01 9.375000e-01
1.875000e-01 9.375000e-01
2.625000e-01 9.375000e-01
1.875000e-01 9.750000e-01
1.500000e-01 9.375000e-01
1.875000e-01 1.012500e+00
1.500000e-01 1.012500e+00
1.125000e-01 9.375000e-01
3.750000e-02 9.375000e-01
1.125000e-01 1.012500e+00
2.625000e-01 1.012500e+00
3.000000e-01 9.750000e-01
2.250000e-01 1.012500e+00
2.625000e-01 1.050000e+00
1.875000e-01 1.050000e+00
2.625000e-01 1.125000e+00
3.000000e-01 1.087500e+00
2.625000e-01 1.087500e+00
3.000000e-01 1.162500e+00
2.625000e-01 1.162500e+00
1.875000e-01 1.087500e+00
7.500000e-02 1.050000e+00
7.500000e-02 1.200000e+00
4.875000e-01 9.375000e-01
5.625000e-01 9.375000e-01
4.875000e-01 1.012500e+00
4.500000e-01 1.012500e+00
3.750000e-01 9.375000e-01
4.125000e-01 9.375000e-01
3.375000e-01 9.375000e-01
4.125000e-01 9.750000e-01
4.125000e-01 1.012500e+00
5.625000e-01 1.012500e+00
6.000000e-01 9.750000e-01
5.250000e-01 1.012500e+00
5.625000e-01 1.050000e+00
4.875000e-01 1.050000e+00
5.625000e-01 1.087500e+00
5.625000e-01 1.162500e+00
5.250000e-01 1.087500e+00
4.875000e-01 1.087500e+00
3.375000e-01 1.125000e+00
3.375000e-01 1.087500e+00
3.375000e-01 1.162500e+00
3.750000e-01 1.200000e+00
5.625000e-01 1.200000e+00
9.000000e-01 9.750000e-01
9.000000e-01 1.087500e+00
8.625000e-01 1.087500e+00
8.625000e-01 1.162500e+00
7.875000e-01 1.162500e+00
8.250000e-01 1.162500e+00
7.875000e-01 1.200000e+00
8.625000e-01 1.200000e+00
1.050000e+00 9.750000e-01
1.125000e+00 9.750000e-01
1.012500e+00 9.375000e-01
9.375000e-01 9.375000e-01
1.200000e+00 1.125000e+00
1.125000e+00 1.125000e+00
9.375000e-01 1.125000e+00
9.375000e-01 1.087500e+00
9.375000e-01 1.162500e+00
1.012500e+00 1.087500e+00
1.050000e+00 1.125000e+00
1.125000e+00 1.200000e+00
1.012500e+00 1.162500e+00
9.750000e-01 1.200000e+00
1.350000e+00 9.750000e-01
1.425000e+00 9.750000e-01
1.275000e+00 9.750000e-01
1.425000e+00 1.125000e+00
1.500000e+00 1.050000e+00
1.275000e+00 1.050000e+00
1.275000e+00 1.125000e+00
1.350000e+00 1.125000e+00
1.275000e+00 1.200000e+00
1.425000e+00 1.200000e+00
-1.350000e+00 1.275000e+00
-1.275000e+00 1.275000e+00
-1.425000e+00 1.275000e+00
-1.275000e+00 1.350000e+00
-1.200000e+00 1.275000e+00
-1.275000e+00 1.425000e+00
-1.500000e+00 1.350000e+00
-1.350000e+00 1.500000e+00
-1.125000e+00 1.275000e+00
-6.750000e-01 1.275000e+00
-6.000000e-01 1.275000e+00
-5.250000e-01 1.237500e+00
-4.875000e-01 1.237500e+00
-5.625000e-01 1.237500e+00
-3.000000e-01 1.275000e+00
-1.125000e-01 1.237500e+00
-3.750000e-02 1.237500e+00
-1.500000e-01 1.237500e+00
-1.875000e-01 1.237500e+00
-2.625000e-01 1.237500e+00
-1.875000e-01 1.275000e+00
-1.875000e-01 1.312500e+00
-7.500000e-02 1.350000e+00
-1.125000e-01 1.387500e+00
0.000000e+00 1.425000e+00
-3.750000e-02 1.462500e+00
0.000000e+00 1.275000e+00
-2.250000e-01 1.350000e+00
-2.625000e-01 1.312500e+00
-1.125000e-01 1.462500e+00
-1.500000e-01 1.425000e+00
-7.500000e-02 1.500000e+00
1.875000e-01 1.237500e+00
1.875000e-01 1.275000e+00
1.500000e-01 1.237500e+00
1.875000e-01 1.312500e+00
1.500000e-01 1.312500e+00
1.125000e-01 1.237500e+00
3.750000e-02 1.237500e+00
1.125000e-01 1.275000e+00
1.125000e-01 1.312500e+00
2.250000e-01 1.350000e+00
3.000000e-01 1.425000e+00
2.250000e-01 1.425000e+00
3.000000e-01 1.275000e+00
3.750000e-02 1.387500e+00
1.125000e-01 1.387500e+00
7.500000e-02 1.350000e+00
1.500000e-01 1.425000e+00
5.250000e-01 1.237500e+00
4.875000e-01 1.237500e+00
5.625000e-01 1.237500e+00
4.875000e-01 1.312500e+00
4.500000e-01 1.275000e+00
4.125000e-01 1.237500e+00
3.375000e-01 1.237500e+00
4.125000e-01 1.312500e+00
5.250000e-01 1.350000e+00
6.000000e-01 1.275000e+00
3.375000e-01 1.387500e+00
4.125000e-01 1.387500e+00
3.750000e-01 1.350000e+00
3.375000e-01 1.462500e+00
3.375000e-01 1.312500e+00
4.500000e-01 1.425000e+00
3.750000e-01 1.500000e+00
8.250000e-01 1.237500e+00
7.875000e-01 1.237500e+00
8.625000e-01 1.237500e+00
8.625000e-01 1.387500e+00
8.250000e-01 1.350000e+00
7.875000e-01 1.387500e+00
9.000000e-01 1.425000e+00
8.625000e-01 1.462500e+00
9.000000e-01 1.275000e+00
6.750000e-01 1.425000e+00
7.875000e-01 1.462500e+00
7.500000e-01 1.425000e+00
8.250000e-01 1.500000e+00
6.750000e-01 1.500000e+00
1.050000e+00 1.275000e+00
1.125000e+00 1.275000e+00
9.750000e-01 1.275000e+00
1.125000e+00 1.350000e+00
1.200000e+00 1.275000e+00
1.125000e+00 1.425000e+00
1.200000e+00 1.425000e+00
9.750000e-01 1.425000e+00
1.050000e+00 1.500000e+00
1.350000e+00 1.275000e+00
1.425000e+00 1.275000e+00
1.275000e+00 1.275000e+00
1.425000e+00 1.425000e+00
1.500000e+00 1.350000e+00
1.275000e+00 1.425000e+00
1.350000e+00 1.500000e+00
simplices
0 1 259
259 725 726
12 725 726
1 259 726
0 11 259
11 259 260
259 260 725
260 725 727
12 725 727
1 2 262
2 261 262
13 261 262
12 262 726
1 262 726
13 262 728
12 262 728
121 729 730
3 729 730
2 121 730
121 263 264
14 263 731
263 264 731
121 264 729
264 729 732
3 729 732
121 261 265
13 261 265
2 121 261
121 122 265
122 265 266
13 265 266
121 122 263
122 263 267
14 263 267
123 733 735
4 733 735
123 734 735
3 734 735
123 736 737
15 736 737
123 733 737
4 733 737
264 738 739
123 738 739
264 731 739
14 731 739
264 734 738
123 734 738
264 732 734
3 732 734
124 739 740
123 739 740
124 739 741
14 739 741
124 736 740
123 736 740
124 736 742
15 736 742
125 743 745
5 743 745
125 744 745
4 744 745
125 746 747
16 746 747
125 743 747
5 743 747
125 737 748
15 737 748
125 737 744
4 737 744
126 748 749
125 748 749
126 748 750
15 748 750
126 746 749
125 746 749
126 746 751
16 746 751
127 752 753
6 752 753
5 127 753
268 754 756
127 754 756
268 755 756
17 755 756
268 752 754
127 752 754
268 752 757
6 752 757
127 747 758
16 747 758
5 127 747
127 128 758
128 758 759
16 758 759
127 128 756
128 756 760
17 756 760
129 269 761
269 271 761
7 269 271
270 761 763
129 761 763
270 761 762
271 761 762
270 764 765
6 764 765
270 762 764
271 762 764
272 767 768
129 767 768
272 766 767
273 766 767
272 769 770
18 769 770
272 766 769
273 766 769
129 269 767
269 273 767
7 269 273
268 274 772
274 771 772
129 771 772
268 274 755
274 755 773
17 755 773
268 270 772
270 763 772
129 763 772
268 270 757
270 757 765
6 757 765
274 275 774
130 275 774
274 275 771
275 771 775
129 771 775
276 774 776
274 774 776
276 774 777
130 774 777
276 773 776
274 773 776
17 276 773
275 778 779
272 778 779
130 275 779
275 768 778
272 768 778
275 768 775
129 768 775
272 277 779
130 277 779
272 277 770
18 277 770
279 280 780
8 280 780
7 279 280
278 780 782
8 780 782
278 780 781
279 780 781
278 783 784
19 783 784
278 781 783
279 781 783
273 769 785
18 769 785
273 279 785
7 273 279
279 281 785
281 785 786
18 785 786
279 281 783
281 783 787
19 783 787
9 283 284
283 284 788
8 284 788
9 282 283
20 282 283
278 784 789
19 784 789
278 283 789
278 782 788
8 782 788
278 283 788
283 285 789
19 285 789
20 283 285
288 790 792
287 790 792
288 791 792
10 791 792
288 790 794
287 790 794
288 793 794
9 793 794
10 286 792
286 287 792
21 286 795
286 287 795
20 282 796
282 287 796
9 282 794
282 287 794
287 795 797
21 795 797
287 796 797
20 796 797
260 727 799
12 727 799
260 798 799
290 798 799
11 260 800
260 798 800
290 798 800
289 799 801
12 799 801
289 290 799
23 289 802
289 290 802
22 290 803
290 800 803
11 800 803
22 290 291
290 291 802
291 802 804
23 802 804
13 132 728
132 728 805
12 728 805
13 131 132
131 292 807
292 806 807
24 806 807
131 132 292
289 293 809
293 808 809
132 808 809
23 289 293
289 805 809
132 805 809
289 801 805
12 801 805
294 810 812
293 810 812
294 811 812
133 811 812
294 808 810
293 808 810
132 294 808
293 812 813
133 812 813
23 293 813
292 294 814
294 811 814
133 811 814
132 292 294
295 814 815
292 814 815
295 814 816
133 814 816
295 806 815
292 806 815
295 806 817
24 806 817
122 267 297
14 267 297
122 296 297
135 296 297
122 266 298
13 266 298
122 296 298
135 296 298
297 300 818
134 300 818
14 297 300
297 299 818
299 818 819
134 818 819
135 297 299
301 820 822
134 820 822
301 821 822
25 821 822
299 819 820
134 819 820
299 820 823
301 820 823
135 299 824
299 823 824
301 823 824
131 807 825
24 807 825
131 135 825
13 131 298
131 135 298
136 825 826
135 825 826
136 825 827
24 825 827
301 826 828
136 826 828
301 824 826
135 824 826
301 828 829
136 828 829
301 821 829
25 821 829
124 302 742
15 302 742
124 138 302
124 303 741
14 303 741
124 138 303
137 302 830
15 302 830
137 302 304
138 302 304
137 305 306
26 305 306
137 304 305
138 304 831
304 305 831
307 822 832
134 822 832
307 822 833
25 822 833
307 834 835
138 834 835
307 832 835
134 832 835
134 300 303
14 300 303
138 303 835
134 303 835
308 836 838
307 836 838
308 837 838
139 837 838
308 834 836
307 834 836
308 834 839
138 834 839
307 309 838
139 309 838
307 309 833
25 309 833
308 840 841
305 840 841
308 837 841
139 837 841
308 831 840
305 831 840
308 831 839
138 831 839
305 841 842
139 841 842
26 305 842
126 310 751
16 310 751
310 843 844
141 843 844
126 310 844
126 311 750
15 311 750
311 844 845
141 844 845
126 311 844
310 846 847
140 846 847
16 310 847
312 846 848
310 846 848
312 846 849
140 846 849
312 843 848
310 843 848
312 843 850
141 843 850
314 851 853
313 851 853
314 852 853
140 852 853
314 851 855
313 851 855
314 854 855
27 854 855
312 849 853
140 849 853
312 853 856
313 853 856
312 850 857
141 850 857
312 856 857
313 856 857
137 306 858
306 316 858
26 306 859
306 316 859
315 858 860
137 858 860
315 316 858
141 315 861
315 316 861
311 830 862
137 830 862
15 311 830
315 862 863
311 862 863
315 860 862
137 860 862
315 845 863
311 845 863
141 315 845
316 864 865
142 864 865
316 861 865
141 861 865
316 864 866
142 864 866
316 859 866
26 859 866
313 865 867
142 865 867
313 857 865
141 857 865
313 867 868
142 867 868
313 855 868
27 855 868
128 760 870
17 760 870
128 869 870
144 869 870
128 759 871
16 759 871
128 869 871
144 869 871
143 870 873
17 870 873
143 870 872
144 870 872
143 874 875
28 874 875
143 872 874
144 872 874
314 852 877
140 852 877
314 876 877
317 876 877
314 854 878
27 854 878
314 876 878
317 876 878
144 317 879
317 877 879
140 877 879
140 847 871
16 847 871
140 871 879
144 871 879
144 145 317
145 317 880
317 878 880
27 878 880
144 145 874
145 874 881
28 874 881
130 277 319
18 277 882
277 319 882
130 318 319
147 318 319
276 777 883
130 777 883
276 320 883
17 276 320
130 318 883
318 320 883
147 318 320
319 322 885
322 884 885
146 884 885
319 322 882
322 882 886
18 882 886
319 321 885
146 321 885
147 319 321
146 323 888
323 887 888
29 887 888
146 321 323
147 321 323
143 324 875
28 324 875
324 889 890
147 889 890
143 324 890
143 320 873
17 320 873
147 320 890
143 320 890
325 891 893
324 891 893
325 892 893
148 892 893
325 889 891
324 889 891
147 325 889
324 893 894
148 893 894
28 324 894
323 325 895
325 892 895
148 892 895
147 323 325
323 326 895
148 326 895
323 326 887
326 887 896
29 887 896
327 897 899
281 897 899
327 898 899
149 898 899
327 787 897
281 787 897
327 787 900
19 787 900
328 899 901
281 899 901
328 899 902
149 899 902
328 786 901
281 786 901
328 786 903
18 786 903
329 904 906
149 904 906
329 905 906
30 905 906
327 898 904
149 898 904
327 904 907
329 904 907
327 900 908
19 900 908
327 907 908
329 907 908
146 330 888
29 330 888
330 909 910
149 909 910
146 330 910
322 884 912
146 884 912
322 911 912
328 911 912
322 886 903
18 886 903
322 903 911
328 903 911
328 902 910
149 902 910
328 910 912
146 910 912
330 913 914
150 913 914
330 909 914
149 909 914
330 331 913
150 331 913
29 330 331
150 906 914
149 906 914
150 906 915
30 906 915
20 285 332
19 285 916
285 332 916
332 917 918
31 917 918
20 332 918
329 905 919
30 905 919
329 332 919
329 908 916
19 908 916
329 332 916
332 333 919
333 919 920
30 919 920
332 333 917
333 917 921
31 917 921
21 797 922
20 797 922
21 32 922
31 918 922
20 918 922
31 922 923
32 922 923
152 291 334
291 334 804
334 804 924
23 804 924
152 291 335
22 291 335
151 334 336
334 336 924
336 924 925
23 924 925
152 334 926
151 334 926
338 927 928
337 927 928
151 338 928
338 927 930
337 927 930
338 929 930
34 929 930
152 337 926
337 926 928
151 926 928
152 339 340
33 339 340
152 335 340
22 335 340
152 337 341
337 930 931
34 930 931
337 341 931
152 339 341
33 339 341
295 816 932
133 816 932
295 342 932
295 817 933
24 817 933
295 342 933
342 934 935
154 934 935
342 932 935
133 932 935
133 343 813
343 813 936
23 813 936
154 343 935
133 343 935
342 937 938
153 937 938
342 933 938
24 933 938
342 934 939
154 934 939
342 937 939
153 937 939
35 153 344
154 344 939
153 344 939
151 338 346
338 929 940
34 929 940
338 346 940
151 345 346
154 345 346
151 336 942
336 941 942
343 941 942
336 925 936
23 925 936
336 936 941
343 936 941
343 345 942
151 345 942
154 343 345
154 155 346
155 346 347
346 347 940
34 347 940
154 155 344
155 344 348
35 344 348
136 829 943
25 829 943
136 157 943
136 827 944
24 827 944
136 157 944
156 943 945
25 943 945
156 157 943
156 349 350
36 349 350
156 157 349
35 153 947
153 946 947
157 946 947
153 938 944
24 938 944
153 944 946
157 944 946
157 158 947
158 947 948
35 947 948
157 158 349
36 158 349
139 351 842
26 351 842
159 351 949
139 351 949
139 309 950
309 352 950
25 309 951
309 352 951
352 949 952
159 949 952
352 949 950
139 949 950
159 353 354
37 353 953
353 354 953
159 351 354
26 351 354
156 350 954
350 356 954
36 350 356
355 954 956
156 954 956
355 954 955
356 954 955
355 957 958
159 957 958
355 955 957
356 955 957
352 945 959
156 945 959
352 945 951
25 945 951
355 959 960
352 959 960
355 956 959
156 956 959
355 952 960
352 952 960
355 952 958
159 952 958
159 353 961
353 357 961
37 353 962
353 357 962
356 957 961
159 957 961
356 357 961
36 356 963
356 357 963
358 868 964
142 868 964
358 868 965
27 868 965
160 358 966
358 964 966
142 964 966
142 359 866
26 359 866
160 359 966
142 359 966
360 968 969
160 968 969
360 967 968
361 967 968
38 360 970
360 967 970
361 967 970
160 358 968
358 361 968
358 965 971
27 965 971
358 361 971
362 972 974
354 972 974
362 973 974
160 973 974
362 953 972
354 953 972
37 362 953
354 359 974
160 359 974
26 354 359
360 969 976
160 969 976
360 975 976
363 975 976
38 360 977
360 975 977
363 975 977
362 973 976
160 973 976
362 363 976
37 362 978
362 363 978
145 881 980
28 881 980
145 979 980
161 979 980
145 880 981
27 880 981
145 979 981
161 979 981
161 982 983
39 982 983
161 980 983
28 980 983
361 984 985
161 984 985
361 970 985
38 970 985
361 981 984
161 981 984
361 971 981
27 971 981
161 364 982
364 982 986
39 982 986
161 364 985
364 985 987
38 985 987
148 326 989
326 988 989
365 988 989
326 896 990
29 896 990
326 988 990
365 988 990
365 991 992
162 991 992
365 989 992
148 989 992
148 894 993
28 894 993
148 992 993
162 992 993
366 994 995
162 994 995
40 366 995
365 991 994
162 991 994
365 994 996
366 994 996
365 990 997
29 990 997
365 996 997
366 996 997
39 162 983
162 983 993
28 983 993
162 367 995
40 367 995
39 162 367
150 369 915
369 915 998
30 915 998
150 368 369
164 368 369
150 331 370
29 331 999
331 370 999
150 368 370
164 368 1000
368 370 1000
372 1001 1003
369 1001 1003
372 1002 1003
163 1002 1003
372 998 1001
369 998 1001
30 372 998
369 371 1003
163 371 1003
164 369 371
163 373 1005
373 1004 1005
41 1004 1005
163 371 373
164 371 1006
371 373 1006
366 1007 1008
164 1007 1008
40 366 1008
370 1007 1009
366 1007 1009
370 1000 1007
164 1000 1007
370 997 1009
366 997 1009
370 997 999
29 997 999
373 1006 1011
164 1006 1011
373 1010 1011
374 1010 1011
373 1004 1012
41 1004 1012
373 1010 1012
374 1010 1012
374 1008 1011
164 1008 1011
374 1008 1013
40 1008 1013
375 1014 1016
333 1014 1016
375 1015 1016
165 1015 1016
375 921 1014
333 921 1014
31 375 921
376 1016 1017
333 1016 1017
165 376 1016
376 920 1017
333 920 1017
376 920 1018
30 920 1018
377 1020 1021
165 1020 1021
377 1019 1020
378 1019 1020
377 1022 1023
42 1022 1023
377 1019 1022
378 1019 1022
375 1015 1020
165 1015 1020
375 1020 1024
378 1020 1024
31 375 1025
375 1024 1025
378 1024 1025
163 379 1005
379 1005 1026
41 1005 1026
165 379 1027
163 379 1027
372 1002 1028
163 1002 1028
372 376 1028
30 372 1018
372 376 1018
165 376 1027
376 1027 1028
163 1027 1028
379 380 1029
166 380 1029
165 379 380
379 381 1029
381 1029 1030
166 1029 1030
379 381 1026
381 1026 1031
41 1026 1031
166 377 380
377 380 1021
165 380 1021
166 377 1032
377 1023 1032
42 1023 1032
32 382 923
382 923 1033
31 923 1033
32 43 382
378 1022 1034
42 1022 1034
378 382 1034
378 1025 1033
31 1025 1033
378 382 1033
43 382 1035
382 1034 1035
42 1034 1035
168 341 1036
341 931 1036
34 931 1036
33 168 341
167 1036 1038
34 1036 1038
167 1036 1037
168 1036 1037
45 167 1039
167 1037 1039
168 1037 1039
33 44 168
168 1039 1040
45 1039 1040
44 168 1040
155 348 384
35 348 384
155 383 384
170 383 1041
383 384 1041
155 347 385
34 347 385
155 383 385
170 383 385
384 387 1043
387 1042 1043
169 1042 1043
35 384 387
384 386 1043
386 1043 1044
169 1043 1044
384 386 1041
386 1041 1045
170 1041 1045
389 1046 1048
388 1046 1048
389 1047 1048
169 1047 1048
389 1046 1050
388 1046 1050
389 1049 1050
46 1049 1050
386 1044 1048
169 1044 1048
386 1048 1051
388 1048 1051
386 1045 1052
170 1045 1052
386 1051 1052
388 1051 1052
45 167 390
167 170 390
167 385 1038
34 385 1038
167 170 385
171 390 1053
170 390 1053
171 390 391
45 390 391
171 388 1053
388 1052 1053
170 1052 1053
171 388 1054
388 1050 1054
46 1050 1054
36 158 392
172 392 1055
158 392 1055
158 393 948
393 948 1056
35 948 1056
393 1055 1057
172 1055 1057
158 393 1055
172 394 395
47 394 1058
394 395 1058
172 392 395
36 392 395
389 1047 1059
169 1047 1059
389 397 1059
389 1049 1060
46 1049 1060
389 397 1060
169 396 1059
396 1059 1061
397 1059 1061
396 1062 1063
172 1062 1063
396 1061 1062
397 1061 1062
387 1042 1065
169 1042 1065
387 1064 1065
393 1064 1065
35 387 1056
387 1056 1064
393 1056 1064
393 396 1065
169 396 1065
393 396 1057
396 1057 1063
172 1057 1063
172 394 1066
394 398 1066
47 394 398
397 1062 1066
172 1062 1066
397 1066 1067
398 1066 1067
397 1060 1068
46 1060 1068
397 1067 1068
398 1067 1068
357 962 1070
37 962 1070
357 1069 1070
400 1069 1070
357 963 1071
36 963 1071
357 1069 1071
400 1069 1071
399 1070 1073
37 1070 1073
399 1070 1072
400 1070 1072
399 1074 1075
48 1074 1075
399 1072 1074
400 1072 1074
395 1058 1077
47 1058 1077
395 1076 1077
400 1076 1077
36 395 1071
395 1071 1076
400 1071 1076
401 1077 1078
400 1077 1078
47 401 1077
401 1074 1078
400 1074 1078
401 1074 1079
48 1074 1079
363 977 1081
38 977 1081
363 1080 1081
403 1080 1081
363 978 1082
37 978 1082
363 1080 1082
403 1080 1082
402 1081 1084
38 1081 1084
402 1081 1083
403 1081 1083
402 1085 1086
49 1085 1086
402 1083 1085
403 1083 1085
399 1075 1088
48 1075 1088
399 1087 1088
403 1087 1088
399 1073 1082
37 1073 1082
399 1082 1087
403 1082 1087
404 1088 1089
403 1088 1089
48 404 1088
404 1085 1089
403 1085 1089
404 1085 1090
49 1085 1090
364 986 1092
39 986 1092
364 1091 1092
406 1091 1092
364 987 1093
38 987 1093
364 1091 1093
406 1091 1093
405 1092 1095
39 1092 1095
405 1092 1094
406 1092 1094
50 405 1096
405 1094 1096
406 1094 1096
402 1086 1097
49 1086 1097
402 406 1097
402 1084 1093
38 1084 1093
402 406 1093
406 407 1097
49 407 1097
406 407 1096
50 407 1096
40 367 409
39 367 1098
367 409 1098
40 408 409
51 408 1099
408 409 1099
50 405 1100
405 409 1100
405 1095 1098
39 1095 1098
405 409 1098
410 1100 1101
409 1100 1101
50 410 1100
410 1099 1101
409 1099 1101
410 1099 1102
51 1099 1102
374 1103 1104
174 1103 1104
374 1012 1104
41 1012 1104
374 1103 1105
174 1103 1105
374 1013 1105
40 1013 1105
173 1104 1107
41 1104 1107
173 1104 1106
174 1104 1106
52 173 1108
173 1106 1108
174 1106 1108
51 174 408
174 408 1105
40 408 1105
174 1108 1109
52 1108 1109
51 174 1109
166 1032 1111
42 1032 1111
166 1110 1111
176 1110 1111
381 1030 1113
166 1030 1113
381 1112 1113
411 1112 1113
381 1031 1114
41 1031 1114
381 1112 1114
411 1112 1114
411 1110 1115
176 1110 1115
411 1110 1113
166 1110 1113
42 175 1111
175 176 1111
175 1116 1117
53 1116 1117
175 176 1116
52 173 1119
173 1118 1119
176 1118 1119
411 1107 1120
173 1107 1120
411 1107 1114
41 1107 1114
411 1115 1118
176 1115 1118
411 1118 1120
173 1118 1120
177 1119 1121
176 1119 1121
177 1119 1122
52 1119 1122
177 1116 1121
176 1116 1121
177 1116 1123
53 1116 1123
178 1035 1124
43 1035 1124
178 1035 1125
42 1035 1125
178 1126 1127
54 1126 1127
178 1124 1127
43 1124 1127
175 1117 1129
53 1117 1129
175 1128 1129
178 1128 1129
42 175 1125
175 1125 1128
178 1125 1128
178 1126 1130
54 1126 1130
178 1129 1130
53 1129 1130
180 1040 1131
45 1040 1131
180 1040 1132
44 1040 1132
179 1131 1134
45 1131 1134
179 1131 1133
180 1131 1133
179 1135 1136
56 1135 1136
179 1133 1135
180 1133 1135
180 1137 1138
55 1137 1138
180 1132 1138
44 1132 1138
180 412 1135
412 1135 1139
56 1135 1139
180 412 1137
412 1137 1140
55 1137 1140
171 414 1054
46 414 1054
171 413 414
182 413 414
171 391 415
45 391 415
171 413 415
182 413 415
181 414 416
46 414 416
181 182 414
181 417 418
417 418 1141
57 418 1141
181 182 417
179 419 1136
419 1136 1142
56 1136 1142
179 182 419
179 415 1134
45 415 1134
179 182 415
419 1143 1144
183 1143 1144
182 419 1144
420 1143 1145
419 1143 1145
420 1143 1146
183 1143 1146
420 1142 1145
419 1142 1145
56 420 1142
417 1144 1147
183 1144 1147
182 417 1144
421 1147 1148
417 1147 1148
183 421 1147
421 1141 1148
417 1141 1148
421 1141 1149
57 1141 1149
398 422 1151
422 1150 1151
184 1150 1151
47 398 422
423 1151 1152
398 1151 1152
184 423 1151
423 1068 1152
398 1068 1152
423 1068 1153
46 1068 1153
424 1155 1156
184 1155 1156
424 1154 1155
425 1154 1155
424 1157 1158
58 1157 1158
424 1154 1157
425 1154 1157
422 1150 1155
184 1150 1155
422 1155 1159
425 1155 1159
47 422 1160
422 1159 1160
425 1159 1160
181 418 427
57 418 427
181 426 427
184 426 427
181 416 423
46 416 1153
416 423 1153
181 423 426
184 423 426
424 1156 1161
184 1156 1161
424 428 1161
424 1158 1162
58 1158 1162
424 428 1162
184 427 1161
427 428 1161
57 427 1163
427 428 1163
401 1079 1164
48 1079 1164
401 429 1164
47 401 1165
401 429 1165
59 429 1166
429 1164 1166
48 1164 1166
425 1157 1167
58 1157 1167
425 429 1167
425 1160 1165
47 1160 1165
425 429 1165
59 429 1168
429 1167 1168
58 1167 1168
404 1090 1169
49 1090 1169
404 431 1169
48 404 431
49 430 1169
430 431 1169
60 430 431
59 431 1166
48 431 1166
59 60 431
50 407 433
49 407 433
50 432 433
61 432 1170
432 433 1170
60 430 1171
430 433 1171
49 430 433
433 434 1171
434 1171 1172
60 1171 1172
433 434 1170
434 1170 1173
61 1170 1173
410 1102 1174
51 1102 1174
410 436 1174
50 410 436
51 435 1174
435 1174 1175
436 1174 1175
435 1176 1177
62 1176 1177
435 1175 1176
436 1175 1176
61 432 436
50 432 436
61 436 437
436 437 1176
62 437 1176
186 1109 1178
52 1109 1178
51 186 1109
52 185 1178
185 1178 1179
186 1178 1179
438 1180 1181
185 1180 1181
63 438 1181
438 1179 1182
186 1179 1182
438 1179 1180
185 1179 1180
186 435 439
435 439 1177
62 439 1177
51 186 435
438 1182 1183
186 1182 1183
438 440 1183
63 438 440
186 439 1183
439 440 1183
62 439 440
177 1123 1184
53 1123 1184
177 188 1184
177 1122 1185
52 1122 1185
177 188 1185
53 187 1184
187 188 1184
64 187 1186
187 188 1186
185 1181 1187
63 1181 1187
185 188 1187
52 185 1185
185 188 1185
188 189 1187
63 189 1187
188 189 1186
189 1186 1188
64 1186 1188
54 190 1130
53 190 1130
54 65 190
64 187 1189
187 190 1189
53 187 190
65 190 441
190 441 1189
441 1189 1190
64 1189 1190
412 442 1191
192 442 1191
412 442 1139
442 1139 1192
56 1139 1192
443 1191 1193
412 1191 1193
443 1191 1194
192 1191 1194
443 1140 1193
412 1140 1193
443 1140 1195
55 1140 1195
445 1196 1198
442 1196 1198
445 1197 1198
191 1197 1198
445 1192 1196
442 1192 1196
445 1192 1199
56 1192 1199
442 444 1198
191 444 1198
192 442 444
446 447 1201
447 1200 1201
191 1200 1201
446 447 1203
447 1202 1203
67 1202 1203
191 444 1201
444 446 1201
192 444 446
192 448 1204
448 449 1204
66 448 449
443 1194 1204
192 1194 1204
443 449 1204
443 1195 1205
55 1195 1205
443 449 1205
192 446 450
446 1203 1206
67 1203 1206
446 450 1206
192 448 450
66 448 1207
448 450 1207
183 421 1208
421 452 1208
421 1149 1209
57 1149 1209
421 452 1209
451 1208 1210
183 1208 1210
451 452 1208
451 1211 1212
194 1211 1212
451 452 1211
420 1146 1213
183 1146 1213
420 453 1213
56 420 1214
420 453 1214
451 1210 1213
183 1210 1213
451 1213 1215
453 1213 1215
451 1212 1216
194 1212 1216
451 1215 1216
453 1215 1216
455 1217 1219
452 1217 1219
455 1218 1219
193 1218 1219
455 1209 1217
452 1209 1217
455 1209 1220
57 1209 1220
452 454 1219
454 1219 1221
193 1219 1221
452 454 1211
454 1211 1222
194 1211 1222
456 457 1223
193 457 1223
68 456 457
454 1221 1223
193 1221 1223
454 1223 1224
456 1223 1224
454 1222 1225
194 1222 1225
454 1224 1225
456 1224 1225
447 1200 1227
191 1200 1227
447 1226 1227
459 1226 1227
447 1202 1228
67 1202 1228
447 1226 1228
459 1226 1228
458 1227 1230
191 1227 1230
458 1227 1229
459 1227 1229
458 1231 1232
194 1231 1232
458 1229 1231
459 1229 1231
445 1197 1233
191 1197 1233
445 453 1233
445 1199 1214
56 1199 1214
445 453 1214
458 1233 1234
453 1233 1234
458 1230 1233
191 1230 1233
458 1216 1234
453 1216 1234
458 1216 1232
194 1216 1232
460 1235 1237
459 1235 1237
460 1236 1237
195 1236 1237
460 1231 1235
459 1231 1235
460 1231 1238
194 1231 1238
459 461 1237
461 1237 1239
195 1237 1239
459 461 1228
461 1228 1240
67 1228 1240
456 460 1241
460 1236 1241
195 1236 1241
456 460 1225
460 1225 1238
194 1225 1238
456 462 1241
195 462 1241
68 456 462
196 428 463
428 463 1162
58 463 1162
196 428 464
428 464 1163
464 1163 1242
57 1163 1242
196 465 1244
465 1243 1244
69 1243 1244
196 463 465
58 463 465
193 457 466
68 457 466
466 1245 1246
196 1245 1246
193 466 1246
455 1218 1247
193 1218 1247
455 464 1247
455 1220 1242
57 1220 1242
455 464 1242
196 464 1246
464 1246 1247
193 1246 1247
467 1244 1248
196 1244 1248
69 467 1244
466 1245 1248
196 1245 1248
466 1248 1249
467 1248 1249
68 466 1250
466 1249 1250
467 1249 1250
468 1168 1251
59 1168 1251
468 1168 1252
58 1168 1252
70 468 1253
468 1251 1253
59 1251 1253
465 1243 1255
69 1243 1255
465 1254 1255
468 1254 1255
58 465 1252
465 1252 1254
468 1252 1254
70 468 1256
468 1255 1256
69 1255 1256
59 60 1258
60 1257 1258
71 1257 1258
70 1253 1258
59 1253 1258
70 1258 1259
71 1258 1259
434 1173 1261
61 1173 1261
434 1260 1261
470 1260 1261
434 1172 1262
60 1172 1262
434 1260 1262
470 1260 1262
469 1261 1264
61 1261 1264
469 1261 1263
470 1261 1263
72 469 1265
469 1263 1265
470 1263 1265
470 1257 1266
71 1257 1266
470 1257 1262
60 1257 1262
470 471 1266
471 1266 1267
71 1266 1267
470 471 1265
72 471 1265
62 437 473
61 437 1268
437 473 1268
62 472 473
73 472 473
72 469 473
469 1264 1268
61 1264 1268
469 473 1268
73 473 1269
72 473 1269
198 440 474
63 440 474
198 440 475
62 440 475
197 474 477
63 474 477
197 474 476
198 474 476
197 478 479
74 478 479
197 476 478
198 476 478
198 472 1270
73 472 1270
198 472 475
62 472 475
198 478 480
74 478 1271
478 480 1271
198 480 1270
480 1270 1272
73 1270 1272
189 481 1188
481 1188 1273
64 1188 1273
481 1274 1275
200 1274 1275
189 481 1275
63 189 482
482 1275 1276
200 1275 1276
189 482 1275
481 484 1278
484 1277 1278
199 1277 1278
481 484 1273
484 1273 1279
64 1273 1279
483 1278 1280
481 1278 1280
199 483 1278
483 1274 1280
481 1274 1280
483 1274 1281
200 1274 1281
486 1282 1284
485 1282 1284
486 1283 1284
199 1283 1284
486 1282 1285
485 1282 1285
75 486 1285
199 483 1284
483 485 1284
483 1281 1286
200 1281 1286
483 485 1286
197 479 1287
479 488 1287
74 479 1288
479 488 1288
197 487 1287
487 1287 1289
488 1287 1289
487 1290 1291
200 1290 1291
487 1289 1290
488 1289 1290
197 477 482
63 477 482
197 482 487
482 487 1276
487 1276 1291
200 1276 1291
488 489 1293
489 1292 1293
201 1292 1293
488 489 1290
489 1290 1294
200 1290 1294
490 1293 1295
488 1293 1295
490 1293 1296
201 1293 1296
490 1288 1295
488 1288 1295
490 1288 1297
74 1288 1297
489 1298 1299
485 1298 1299
489 1292 1299
201 1292 1299
489 1286 1298
485 1286 1298
489 1286 1294
200 1286 1294
491 1299 1300
485 1299 1300
491 1299 1301
201 1299 1301
491 1285 1300
485 1285 1300
75 491 1285
441 492 1303
492 1302 1303
202 1302 1303
65 441 492
493 1303 1304
441 1303 1304
493 1303 1305
202 1303 1305
493 1190 1304
441 1190 1304
493 1190 1306
64 1190 1306
494 1308 1309
202 1308 1309
494 1307 1308
495 1307 1308
494 1310 1311
76 1310 1311
494 1307 1310
495 1307 1310
492 1302 1308
202 1302 1308
492 1308 1312
495 1308 1312
65 492 1313
492 1312 1313
495 1312 1313
486 1283 1314
199 1283 1314
486 497 1314
75 486 1315
486 497 1315
496 1314 1317
199 1314 1317
496 1314 1316
497 1314 1316
496 1318 1319
202 1318 1319
496 1316 1318
497 1316 1318
484 1277 1321
199 1277 1321
484 1320 1321
493 1320 1321
484 1279 1306
64 1279 1306
484 1306 1320
493 1306 1320
496 1321 1322
493 1321 1322
496 1317 1321
199 1317 1321
496 1305 1322
493 1305 1322
496 1305 1319
202 1305 1319
494 1309 1323
202 1309 1323
494 498 1323
494 1311 1324
76 1311 1324
494 498 1324
497 1318 1323
202 1318 1323
497 1323 1325
498 1323 1325
497 1315 1326
75 1315 1326
497 1325 1326
498 1325 1326
499 1327 1329
450 1327 1329
499 1328 1329
204 1328 1329
499 1206 1327
450 1206 1327
499 1206 1330
67 1206 1330
500 1329 1331
450 1329 1331
500 1329 1332
204 1329 1332
500 1207 1331
450 1207 1331
500 1207 1333
66 1207 1333
502 1334 1336
499 1334 1336
502 1335 1336
203 1335 1336
502 1330 1334
499 1330 1334
502 1330 1337
67 1330 1337
501 1336 1338
499 1336 1338
501 1336 1339
203 1336 1339
501 1328 1338
499 1328 1338
501 1328 1340
204 1328 1340
504 1341 1343
503 1341 1343
504 1342 1343
203 1342 1343
504 1341 1345
503 1341 1345
504 1344 1345
78 1344 1345
501 1339 1343
203 1339 1343
501 1343 1346
503 1343 1346
501 1340 1347
204 1340 1347
501 1346 1347
503 1346 1347
204 505 1348
505 506 1348
77 505 506
500 1332 1348
204 1332 1348
500 506 1348
500 1333 1349
66 1333 1349
500 506 1349
503 1347 1350
204 1347 1350
503 507 1350
503 1345 1351
78 1345 1351
503 507 1351
204 505 1350
505 507 1350
77 505 507
195 462 1352
462 509 1352
68 462 509
508 1352 1354
195 1352 1354
508 1352 1353
509 1352 1353
508 1355 1356
206 1355 1356
508 1353 1355
509 1353 1355
461 1239 1358
195 1239 1358
461 1357 1358
510 1357 1358
461 1240 1359
67 1240 1359
461 1357 1359
510 1357 1359
508 1354 1358
195 1354 1358
508 1358 1360
510 1358 1360
508 1356 1361
206 1356 1361
508 1360 1361
510 1360 1361
509 512 1362
205 512 1362
68 509 512
511 1362 1363
509 1362 1363
205 511 1362
511 1355 1363
509 1355 1363
511 1355 1364
206 1355 1364
513 514 1365
205 514 1365
79 513 514
205 511 1365
511 1365 1366
513 1365 1366
511 1364 1367
206 1364 1367
511 1366 1367
513 1366 1367
504 1342 1368
203 1342 1368
504 516 1368
504 1344 1369
78 1344 1369
504 516 1369
515 1368 1371
203 1368 1371
515 1368 1370
516 1368 1370
515 1372 1373
206 1372 1373
515 1370 1372
516 1370 1372
502 1335 1375
203 1335 1375
502 1374 1375
510 1374 1375
502 1337 1359
67 1337 1359
502 1359 1374
510 1359 1374
515 1375 1376
510 1375 1376
515 1371 1375
203 1371 1375
515 1361 1376
510 1361 1376
515 1361 1373
206 1361 1373
207 516 1377
516 1372 1377
206 1372 1377
207 516 1378
516 1369 1378
78 1369 1378
207 513 1377
513 1367 1377
206 1367 1377
207 513 1379
79 513 1379
208 467 517
69 467 517
208 467 518
467 518 1250
68 518 1250
208 519 520
80 519 520
208 517 520
69 517 1380
517 520 1380
205 514 522
79 514 522
205 521 522
208 521 522
205 512 518
68 512 518
205 518 521
208 518 521
208 519 523
80 519 1381
519 523 1381
208 522 523
79 522 1382
522 523 1382
70 524 1256
524 1256 1383
69 1256 1383
524 1384 1385
81 1384 1385
70 524 1385
80 520 1387
520 1386 1387
524 1386 1387
520 1380 1383
69 1380 1383
520 1383 1386
524 1383 1386
524 1384 1388
81 1384 1388
524 1387 1388
80 1387 1388
71 525 1259
70 525 1259
82 525 1389
71 525 1389
81 525 1385
70 525 1385
81 525 526
82 525 526
72 471 1391
471 1390 1391
528 1390 1391
471 1267 1392
71 1267 1392
471 1390 1392
528 1390 1392
527 1391 1393
72 1391 1393
527 528 1391
527 1394 1395
83 1394 1395
527 528 1394
82 528 1389
528 1389 1392
71 1389 1392
82 528 529
528 529 1394
529 1394 1396
83 1394 1396
531 1269 1397
73 1269 1397
531 1269 1398
72 1269 1398
530 1397 1400
73 1397 1400
530 1397 1399
531 1397 1399
530 1401 1402
84 1401 1402
530 1399 1401
531 1399 1401
527 1395 1404
83 1395 1404
527 1403 1404
531 1403 1404
527 1393 1398
72 1393 1398
527 1398 1403
531 1398 1403
532 1404 1405
531 1404 1405
532 1404 1406
83 1404 1406
532 1401 1405
531 1401 1405
532 1401 1407
84 1401 1407
533 1408 1410
480 1408 1410
533 1409 1410
210 1409 1410
533 1271 1408
480 1271 1408
533 1271 1411
74 1271 1411
534 1410 1412
480 1410 1412
210 534 1410
534 1272 1412
480 1272 1412
534 1272 1413
73 1272 1413
536 1414 1416
533 1414 1416
536 1415 1416
209 1415 1416
536 1411 1414
533 1411 1414
536 1411 1417
74 1411 1417
535 1416 1418
533 1416 1418
535 1416 1419
209 1416 1419
535 1409 1418
533 1409 1418
210 535 1409
537 538 1420
209 538 1420
537 538 1421
85 538 1421
535 1419 1420
209 1419 1420
535 537 1420
210 535 537
210 530 539
530 539 1402
84 539 1402
210 530 534
530 534 1400
534 1400 1413
73 1400 1413
211 539 540
210 539 540
211 539 541
84 539 541
537 540 1422
211 540 1422
210 537 540
537 542 1422
542 1422 1423
211 1422 1423
537 542 1421
542 1421 1424
85 1421 1424
491 1301 1425
201 1301 1425
491 543 1425
75 491 543
213 543 1426
543 1425 1426
201 1425 1426
490 1296 1428
201 1296 1428
490 1427 1428
544 1427 1428
490 1297 1429
74 1297 1429
490 1427 1429
544 1427 1429
544 1426 1430
213 1426 1430
544 1426 1428
201 1426 1428
212 543 546
75 543 546
212 543 545
213 543 545
212 547 548
547 548 1431
86 548 1431
212 545 547
213 545 1432
545 547 1432
209 538 549
85 538 1433
538 549 1433
213 549 1434
209 549 1434
536 1415 1435
209 1415 1435
536 544 1435
536 1417 1429
74 1417 1429
536 544 1429
544 1430 1434
213 1430 1434
544 1434 1435
209 1434 1435
549 550 1437
550 1436 1437
214 1436 1437
213 549 550
551 1437 1438
549 1437 1438
214 551 1437
551 1433 1438
549 1433 1438
551 1433 1439
85 1433 1439
550 1440 1441
547 1440 1441
550 1436 1441
214 1436 1441
550 1432 1440
547 1432 1440
213 550 1432
552 1441 1442
547 1441 1442
214 552 1441
552 1431 1442
547 1431 1442
552 1431 1443
86 1431 1443
553 1444 1446
498 1444 1446
553 1445 1446
215 1445 1446
553 1324 1444
498 1324 1444
553 1324 1447
76 1324 1447
554 1446 1448
498 1446 1448
554 1446 1449
215 1446 1449
554 1326 1448
498 1326 1448
75 554 1326
555 1450 1451
215 1450 1451
555 556 1450
87 555 556
553 1445 1450
215 1445 1450
553 556 1450
553 1447 1452
76 1447 1452
553 556 1452
212 548 558
86 548 558
212 557 558
557 1453 1454
215 1453 1454
557 558 1453
212 546 1455
546 554 1455
75 546 554
557 1455 1456
554 1455 1456
212 557 1455
557 1449 1456
554 1449 1456
557 1449 1454
215 1449 1454
555 1451 1458
215 1451 1458
555 1457 1458
559 1457 1458
87 555 1459
555 1457 1459
559 1457 1459
558 1453 1458
215 1453 1458
558 559 1458
86 558 559
507 1351 1460
78 1351 1460
507 560 1460
77 507 1461
507 560 1461
560 1462 1463
89 1462 1463
560 1460 1463
78 1460 1463
562 1464 1466
560 1464 1466
562 1465 1466
88 1465 1466
562 1461 1464
560 1461 1464
562 1461 1467
77 1461 1467
561 1466 1468
560 1466 1468
561 1466 1469
88 1466 1469
561 1462 1468
560 1462 1468
561 1462 1470
89 1462 1470
563 1379 1471
207 1379 1471
563 1379 1472
79 1379 1472
563 1473 1474
217 1473 1474
563 1471 1474
207 1471 1474
207 1378 1475
78 1378 1475
207 1474 1475
217 1474 1475
563 1476 1477
216 1476 1477
563 1472 1477
79 1472 1477
564 1476 1478
563 1476 1478
564 1476 1479
216 1476 1479
564 1473 1478
563 1473 1478
564 1473 1480
217 1473 1480
566 1481 1483
565 1481 1483
566 1482 1483
216 1482 1483
566 1481 1485
565 1481 1485
566 1484 1485
90 1484 1485
564 1479 1483
216 1479 1483
564 565 1483
564 1480 1486
217 1480 1486
564 565 1486
217 1463 1487
89 1463 1487
217 1463 1475
78 1463 1475
565 1486 1489
217 1486 1489
565 1488 1489
567 1488 1489
565 1485 1490
90 1485 1490
565 1488 1490
567 1488 1490
567 1487 1489
217 1487 1489
567 1487 1491
89 1487 1491
568 1492 1494
523 1492 1494
568 1493 1494
218 1493 1494
568 1381 1492
523 1381 1492
568 1381 1495
80 1381 1495
523 1494 1496
218 1494 1496
523 1382 1496
79 1382 1496
569 1498 1499
218 1498 1499
569 1497 1498
570 1497 1498
569 1500 1501
91 1500 1501
569 1497 1500
570 1497 1500
568 1493 1498
218 1493 1498
568 1498 1502
570 1498 1502
568 1495 1503
80 1495 1503
568 1502 1503
570 1502 1503
566 1482 1505
216 1482 1505
566 1504 1505
571 1504 1505
566 1484 1506
90 1484 1506
566 1504 1506
571 1504 1506
218 571 1507
571 1505 1507
216 1505 1507
216 1477 1496
79 1477 1496
216 1496 1507
218 1496 1507
219 571 572
218 571 572
219 571 573
571 573 1506
90 573 1506
219 569 572
569 572 1499
218 572 1499
219 569 574
569 574 1501
91 574 1501
220 1388 1508
81 1388 1508
220 1388 1509
80 1388 1509
575 1510 1511
220 1510 1511
575 576 1510
92 575 1512
575 576 1512
576 1508 1510
220 1508 1510
576 1508 1513
81 1508 1513
570 577 1515
577 1514 1515
220 1514 1515
570 577 1500
91 577 1500
570 1509 1515
220 1509 1515
570 1503 1509
80 1503 1509
578 1516 1518
577 1516 1518
578 1517 1518
221 1517 1518
578 1514 1516
577 1514 1516
220 578 1514
577 579 1518
221 579 1518
91 577 579
578 1519 1520
575 1519 1520
578 1517 1520
221 1517 1520
578 1511 1519
575 1511 1519
220 578 1511
575 580 1520
221 580 1520
92 575 580
222 526 1521
82 526 1521
222 526 581
81 526 581
582 1523 1524
222 1523 1524
582 1522 1523
583 1522 1523
582 1525 1526
93 1525 1526
582 1522 1525
583 1522 1525
583 1521 1523
222 1521 1523
583 1521 1527
82 1521 1527
576 584 1529
584 1528 1529
222 1528 1529
576 584 1512
584 1512 1530
92 1512 1530
576 581 1529
222 581 1529
576 581 1513
81 581 1513
584 585 1532
585 1531 1532
223 1531 1532
584 585 1528
585 1528 1533
222 1528 1533
586 1532 1534
584 1532 1534
586 1532 1535
223 1532 1535
586 1530 1534
584 1530 1534
586 1530 1536
92 1530 1536
585 1537 1538
582 1537 1538
585 1531 1538
223 1531 1538
585 1524 1537
582 1524 1537
585 1524 1533
222 1524 1533
582 1538 1539
223 1538 1539
582 1526 1539
93 1526 1539
529 587 1541
587 1540 1541
224 1540 1541
529 587 1396
587 1396 1542
83 1396 1542
529 1541 1543
224 1541 1543
82 529 1543
588 1545 1546
224 1545 1546
588 1544 1545
589 1544 1545
588 1547 1548
94 1547 1548
588 1544 1547
589 1544 1547
587 1540 1545
224 1540 1545
587 1545 1549
589 1545 1549
587 1542 1550
83 1542 1550
587 1549 1550
589 1549 1550
224 583 1551
583 1525 1551
93 1525 1551
224 583 1543
583 1527 1543
82 1527 1543
225 1551 1552
224 1551 1552
225 1551 1553
93 1551 1553
588 1552 1554
225 1552 1554
588 1546 1552
224 1546 1552
590 1554 1555
588 1554 1555
590 1554 1556
225 1554 1556
590 1548 1555
588 1548 1555
590 1548 1557
94 1548 1557
591 1558 1560
532 1558 1560
591 1559 1560
227 1559 1560
591 1407 1558
532 1407 1558
591 1407 1561
84 1407 1561
532 592 1560
227 592 1560
532 592 1406
83 592 1406
591 594 1563
594 1562 1563
226 1562 1563
591 594 1561
594 1561 1564
84 1561 1564
591 593 1563
226 593 1563
591 593 1559
227 593 1559
226 595 596
595 596 1565
95 596 1565
226 593 595
227 593 595
227 589 597
589 597 1547
597 1547 1566
94 1547 1566
227 589 592
589 592 1550
83 592 1550
228 597 598
227 597 598
228 597 599
597 599 1566
599 1566 1567
94 1566 1567
595 598 1568
228 598 1568
227 595 598
600 1568 1569
595 1568 1569
600 1568 1570
228 1568 1570
600 1565 1569
595 1565 1569
600 1565 1571
95 1565 1571
542 1423 1573
211 1423 1573
542 1572 1573
602 1572 1573
542 1424 1574
85 1424 1574
542 1572 1574
602 1572 1574
601 1573 1575
211 1573 1575
601 602 1573
601 1576 1577
230 1576 1577
601 602 1576
211 541 1578
541 603 1578
84 541 1579
541 603 1579
601 1575 1578
211 1575 1578
601 1578 1580
603 1578 1580
601 1577 1581
230 1577 1581
601 1580 1581
603 1580 1581
602 1582 1583
229 1582 1583
602 1574 1583
85 1574 1583
602 1576 1584
230 1576 1584
602 1582 1584
229 1582 1584
604 1585 1587
229 1585 1587
604 1586 1587
96 1586 1587
604 1584 1588
230 1584 1588
604 1584 1585
229 1584 1585
226 596 1589
596 605 1589
95 596 605
605 1590 1591
230 1590 1591
605 1589 1591
226 1589 1591
594 1562 1593
226 1562 1593
594 1592 1593
603 1592 1593
594 1564 1579
84 1564 1579
594 1579 1592
603 1579 1592
603 1581 1591
230 1581 1591
603 1591 1593
226 1591 1593
231 605 606
605 606 1590
230 606 1590
231 605 607
95 605 607
231 604 606
604 606 1588
230 606 1588
231 604 608
604 608 1586
96 608 1586
214 552 609
552 1443 1594
86 1443 1594
552 609 1594
214 233 609
214 551 610
551 1439 1595
85 1439 1595
551 610 1595
214 233 610
609 612 1596
232 612 1596
609 612 1594
86 612 1594
609 611 1596
611 1596 1597
232 1596 1597
233 609 611
613 614 1598
232 614 1598
97 613 614
611 1597 1598
232 1597 1598
611 1598 1599
613 1598 1599
233 611 1600
611 1599 1600
613 1599 1600
229 615 1587
615 1587 1601
96 1587 1601
615 1602 1603
233 1602 1603
229 615 1603
610 1583 1604
229 1583 1604
610 1583 1595
85 1583 1595
233 610 1603
610 1603 1604
229 1603 1604
615 616 1606
616 1605 1606
234 1605 1606
615 616 1602
616 1602 1607
233 1602 1607
617 1606 1608
615 1606 1608
617 1606 1609
234 1606 1609
617 1601 1608
615 1601 1608
617 1601 1610
96 1601 1610
616 1611 1612
613 1611 1612
616 1605 1612
234 1605 1612
616 1600 1611
613 1600 1611
616 1600 1607
233 1600 1607
613 1612 1613
234 1612 1613
97 613 1613
235 559 1614
559 1459 1614
87 1459 1614
235 559 618
86 559 618
235 1615 1616
98 1615 1616
235 1614 1616
87 1614 1616
232 614 620
97 614 620
232 619 620
235 619 620
232 612 618
86 612 618
232 618 619
235 618 619
235 621 1615
621 1615 1617
98 1615 1617
235 620 621
97 620 1618
620 621 1618
561 1470 1619
89 1470 1619
561 622 1619
561 1469 1620
88 1469 1620
561 622 1620
622 1621 1622
100 1621 1622
622 1619 1622
89 1619 1622
622 624 1623
99 624 1623
622 624 1620
88 624 1620
622 623 1623
623 1623 1624
99 1623 1624
622 623 1621
623 1621 1625
100 1621 1625
567 1490 1626
90 1490 1626
567 626 1626
567 1491 1627
89 1491 1627
567 626 1627
625 1626 1628
90 1626 1628
625 626 1626
101 625 626
100 626 1622
626 1622 1627
89 1622 1627
101 626 1629
100 626 1629
219 574 628
91 574 628
219 627 628
627 1630 1631
237 1630 1631
627 628 1630
219 573 1632
573 629 1632
90 573 1633
573 629 1633
219 627 1632
627 1632 1634
629 1632 1634
627 1631 1635
237 1631 1635
627 1634 1635
629 1634 1635
91 236 628
628 1630 1636
237 1630 1636
236 628 1636
236 630 1637
102 630 1637
237 630 1636
236 630 1636
625 631 1638
237 631 1638
101 625 631
629 1638 1639
625 1638 1639
629 1635 1638
237 1635 1638
629 1628 1639
625 1628 1639
629 1628 1633
90 1628 1633
237 630 632
102 630 632
237 631 632
101 631 632
221 580 633
92 580 633
221 239 633
221 579 634
91 579 634
221 239 634
238 633 1640
92 633 1640
238 633 635
239 633 635
636 637 1642
637 1641 1642
238 1641 1642
636 637 1644
637 1643 1644
103 1643 1644
238 635 1642
635 636 1642
239 635 1645
635 636 1645
236 638 1637
638 1637 1646
102 1637 1646
638 1647 1648
239 1647 1648
236 638 1648
91 236 634
239 634 1648
236 634 1648
638 639 1650
639 1649 1650
240 1649 1650
638 639 1647
639 1647 1651
239 1647 1651
640 1650 1652
638 1650 1652
640 1650 1653
240 1650 1653
640 1646 1652
638 1646 1652
640 1646 1654
102 1646 1654
639 1655 1656
636 1655 1656
639 1649 1656
240 1649 1656
639 1645 1655
636 1645 1655
639 1645 1651
239 1645 1651
636 641 1656
240 641 1656
636 641 1644
103 641 1644
223 642 1539
93 642 1539
642 1657 1658
242 1657 1658
223 642 1658
586 1535 1659
223 1535 1659
586 643 1659
586 1536 1660
92 1536 1660
586 643 1660
643 1658 1661
242 1658 1661
643 1658 1659
223 1658 1659
642 1662 1663
241 1662 1663
93 642 1663
642 644 1662
644 1662 1664
241 1662 1664
642 644 1657
644 1657 1665
242 1657 1665
645 646 1666
241 646 1666
645 646 1667
104 646 1667
644 1664 1666
241 1664 1666
644 1666 1668
645 1666 1668
644 1665 1669
242 1665 1669
644 1668 1669
645 1668 1669
637 1641 1671
238 1641 1671
637 1670 1671
648 1670 1671
637 1643 1672
103 1643 1672
637 1670 1672
648 1670 1672
238 647 1671
647 648 1671
647 1673 1674
242 1673 1674
647 648 1673
643 1640 1675
238 1640 1675
643 1640 1660
92 1640 1660
647 1675 1676
643 1675 1676
238 647 1675
647 1661 1676
643 1661 1676
647 1661 1674
242 1661 1674
649 1677 1679
648 1677 1679
649 1678 1679
243 1678 1679
649 1673 1677
648 1673 1677
649 1673 1680
242 1673 1680
650 1679 1681
648 1679 1681
650 1679 1682
243 1679 1682
650 1672 1681
648 1672 1681
103 650 1672
645 649 1683
649 1678 1683
243 1678 1683
645 649 1669
649 1669 1680
242 1669 1680
651 1683 1684
645 1683 1684
243 651 1683
651 1667 1684
645 1667 1684
651 1667 1685
104 1667 1685
590 1556 1687
225 1556 1687
590 1686 1687
653 1686 1687
590 1557 1688
94 1557 1688
590 1686 1688
653 1686 1688
652 1687 1690
225 1687 1690
652 1687 1689
653 1687 1689
652 1691 1692
245 1691 1692
652 1689 1691
653 1689 1691
654 1553 1693
225 1553 1693
654 1553 1694
93 1553 1694
652 1690 1693
225 1690 1693
652 654 1693
652 1692 1695
245 1692 1695
652 654 1695
653 1696 1697
244 1696 1697
653 1688 1697
94 1688 1697
655 1696 1698
653 1696 1698
655 1696 1699
244 1696 1699
655 1691 1698
653 1691 1698
655 1691 1700
245 1691 1700
657 1701 1703
656 1701 1703
657 1702 1703
244 1702 1703
657 1701 1705
656 1701 1705
657 1704 1705
105 1704 1705
655 1699 1703
244 1699 1703
655 656 1703
655 1700 1706
245 1700 1706
655 656 1706
241 646 658
104 646 658
245 658 1707
241 658 1707
241 654 1663
654 1663 1694
93 1663 1694
654 1695 1707
245 1695 1707
241 654 1707
246 658 659
245 658 659
246 658 1708
104 658 1708
246 656 659
656 659 1706
245 659 1706
246 656 660
656 660 1705
105 660 1705
600 1570 1709
228 1570 1709
600 662 1709
600 1571 1710
95 1571 1710
600 662 1710
228 661 1709
661 662 1709
661 1711 1712
248 1711 1712
661 662 1711
228 599 1714
599 1713 1714
663 1713 1714
599 1567 1715
94 1567 1715
599 1713 1715
663 1713 1715
228 661 1714
661 1714 1716
663 1714 1716
661 1712 1717
248 1712 1717
661 1716 1717
663 1716 1717
662 1718 1719
247 1718 1719
662 1710 1719
95 1710 1719
664 1718 1720
662 1718 1720
664 1718 1721
247 1718 1721
664 1711 1720
662 1711 1720
664 1711 1722
248 1711 1722
665 666 1723
247 666 1723
665 666 1724
106 666 1724
664 1721 1723
247 1721 1723
664 1723 1725
665 1723 1725
664 1722 1726
248 1722 1726
664 1725 1726
665 1725 1726
657 1702 1728
244 1702 1728
657 1727 1728
668 1727 1728
657 1704 1729
105 1704 1729
657 1727 1729
668 1727 1729
244 667 1728
667 668 1728
248 667 668
244 663 1697
663 1697 1715
94 1697 1715
244 663 667
663 667 1717
248 667 1717
249 668 669
248 668 669
249 668 1730
668 1729 1730
105 1729 1730
249 665 669
665 669 1726
248 669 1726
249 665 670
665 670 1724
670 1724 1731
106 1724 1731
231 608 671
96 608 671
231 251 671
231 607 672
95 607 672
231 251 672
250 671 1732
96 671 1732
250 671 673
251 671 673
674 675 1734
675 1733 1734
250 1733 1734
674 675 1735
107 675 1735
250 673 1734
673 674 1734
251 673 674
247 666 676
106 666 676
247 251 676
247 672 1719
95 672 1719
247 251 672
252 676 677
251 676 677
252 676 678
106 676 678
674 677 1736
252 677 1736
251 674 677
679 1736 1737
674 1736 1737
679 1736 1738
252 1736 1738
679 1735 1737
674 1735 1737
679 1735 1739
107 1735 1739
234 1613 1741
97 1613 1741
234 1740 1741
253 1740 1741
617 1609 1742
234 1609 1742
617 680 1742
617 1610 1743
96 1610 1743
617 680 1743
253 680 1740
680 1740 1742
234 1740 1742
253 681 1745
681 1744 1745
108 1744 1745
253 681 1741
97 681 1741
675 1733 1747
250 1733 1747
675 1746 1747
683 1746 1747
107 675 1748
675 1746 1748
683 1746 1748
250 682 1747
682 683 1747
253 682 1749
682 683 1749
250 680 1732
680 1732 1743
96 1732 1743
250 680 682
253 680 682
684 1745 1750
253 1745 1750
684 1745 1751
108 1745 1751
683 1749 1750
253 1749 1750
683 1750 1752
684 1750 1752
683 1748 1753
107 1748 1753
683 1752 1753
684 1752 1753
621 1617 1755
98 1617 1755
621 1754 1755
685 1754 1755
621 1618 1756
97 1618 1756
621 1754 1756
685 1754 1756
685 1757 1758
109 1757 1758
685 1755 1758
98 1755 1758
681 1744 1760
108 1744 1760
681 1759 1760
685 1759 1760
97 681 1756
681 1756 1759
685 1756 1759
686 1760 1761
685 1760 1761
686 1760 1762
108 1760 1762
686 1757 1761
685 1757 1761
686 1757 1763
109 1757 1763
623 1625 1765
100 1625 1765
623 1764 1765
688 1764 1765
623 1624 1766
99 1624 1766
623 1764 1766
688 1764 1766
687 1765 1768
100 1765 1768
687 1765 1767
688 1765 1767
111 687 1769
687 1767 1769
688 1767 1769
110 688 1770
688 1766 1770
99 1766 1770
688 1769 1771
111 1769 1771
110 688 1771
101 689 1629
689 1629 1772
100 1629 1772
101 112 689
111 687 689
687 1768 1772
100 1768 1772
687 689 1772
111 689 690
112 689 690
102 632 1773
632 692 1773
101 632 692
691 1773 1774
102 1773 1774
691 692 1773
113 691 692
101 112 692
112 113 692
240 641 694
103 641 694
240 693 694
254 693 694
640 1653 1776
240 1653 1776
640 1775 1776
695 1775 1776
640 1654 1777
102 1654 1777
640 1775 1777
695 1775 1777
240 693 1776
693 695 1776
254 693 695
114 254 696
254 694 696
103 694 1778
694 696 1778
113 254 691
254 691 695
691 695 1774
695 1774 1777
102 1774 1777
113 114 254
243 651 1779
651 698 1779
651 1685 1780
104 1685 1780
651 698 1780
697 1779 1781
243 1779 1781
697 698 1779
255 697 698
650 1682 1782
243 1682 1782
650 699 1782
103 650 1783
650 699 1783
697 1781 1782
243 1781 1782
697 1782 1784
699 1782 1784
255 697 1785
697 1784 1785
699 1784 1785
700 1786 1787
255 1786 1787
700 701 1786
700 1788 1789
115 1788 1789
700 701 1788
255 698 1786
698 701 1786
698 1780 1790
104 1780 1790
698 701 1790
696 702 1791
255 702 1791
114 696 702
699 1791 1792
696 1791 1792
699 1785 1791
255 1785 1791
699 1778 1792
696 1778 1792
699 1778 1783
103 1778 1783
700 1787 1794
255 1787 1794
700 1793 1794
703 1793 1794
700 1789 1795
115 1789 1795
700 1793 1795
703 1793 1795
255 702 1794
702 703 1794
114 702 703
246 660 1796
660 705 1796
105 660 705
704 1796 1798
246 1796 1798
704 1796 1797
705 1796 1797
704 1799 1800
256 1799 1800
704 1797 1799
705 1797 1799
706 1708 1801
246 1708 1801
706 1708 1802
104 1708 1802
704 1798 1801
246 1798 1801
704 1801 1803
706 1801 1803
704 1800 1804
256 1800 1804
704 1803 1804
706 1803 1804
707 1805 1807
256 1805 1807
707 1806 1807
116 1806 1807
705 1799 1805
256 1799 1805
705 707 1805
105 705 1808
705 707 1808
708 1809 1811
701 1809 1811
708 1810 1811
256 1810 1811
708 1788 1809
701 1788 1809
115 708 1788
701 706 1811
706 1804 1811
256 1804 1811
701 706 1790
706 1790 1802
104 1790 1802
709 1807 1812
256 1807 1812
116 709 1807
708 1810 1812
256 1810 1812
708 709 1812
115 708 709
249 670 1814
670 1813 1814
710 1813 1814
670 1731 1815
106 1731 1815
670 1813 1815
710 1813 1815
710 1816 1817
257 1816 1817
710 1814 1817
249 1814 1817
711 1730 1818
249 1730 1818
711 1730 1819
105 1730 1819
711 1817 1820
257 1817 1820
711 1817 1818
249 1817 1818
257 712 1821
712 713 1821
117 712 713
710 1816 1821
257 1816 1821
710 713 1821
710 1815 1822
106 1815 1822
710 713 1822
714 1823 1825
707 1823 1825
714 1824 1825
257 1824 1825
714 1806 1823
707 1806 1823
714 1806 1826
116 1806 1826
711 1825 1827
707 1825 1827
711 1820 1825
257 1820 1825
711 1808 1827
707 1808 1827
711 1808 1819
105 1808 1819
257 712 1828
712 715 1828
117 712 715
714 1824 1828
257 1824 1828
714 715 1828
714 1826 1829
116 1826 1829
714 715 1829
679 1738 1831
252 1738 1831
679 1830 1831
717 1830 1831
679 1739 1832
107 1739 1832
679 1830 1832
717 1830 1832
252 716 1831
716 717 1831
258 716 717
252 678 718
106 678 718
252 716 718
258 716 718
719 1834 1835
258 1834 1835
719 1833 1834
720 1833 1834
719 1836 1837
118 1836 1837
719 1833 1836
720 1833 1836
258 717 1834
717 720 1834
717 1832 1838
107 1832 1838
717 720 1838
258 713 1839
117 713 1839
258 713 718
713 718 1822
106 718 1822
719 1835 1841
258 1835 1841
719 1840 1841
721 1840 1841
719 1837 1842
118 1837 1842
719 1840 1842
721 1840 1842
721 1839 1841
258 1839 1841
721 1839 1843
117 1839 1843
684 1751 1845
108 1751 1845
684 1844 1845
723 1844 1845
684 1753 1846
107 1753 1846
684 1844 1846
723 1844 1846
722 1845 1848
108 1845 1848
722 1845 1847
723 1845 1847
722 1849 1850
119 1849 1850
722 1847 1849
723 1847 1849
720 1836 1851
118 1836 1851
720 723 1851
720 1838 1846
107 1838 1846
720 723 1846
723 1849 1852
119 1849 1852
723 1851 1852
118 1851 1852
686 1763 1854
109 1763 1854
686 1853 1854
724 1853 1854
686 1762 1855
108 1762 1855
686 1853 1855
724 1853 1855
724 1856 1857
120 1856 1857
724 1854 1857
109 1854 1857
722 1850 1858
119 1850 1858
722 724 1858
722 1848 1855
108 1848 1855
722 724 1855
724 1856 1859
120 1856 1859
724 1858 1859
119 1858 1859
