ID=3833818
numvertices=1649
numsimplices=3214
vertices
-1.500000e+00 -1.500000e+00
-1.200000e+00 -1.500000e+00
-9.000000e-01 -1.500000e+00
-6.000000e-01 -1.500000e+00
-3.000000e-01 -1.500000e+00
0.000000e+00 -1.500000e+00
3.000000e-01 -1.500000e+00
6.000000e-01 -1.500000e+00
9.000000e-01 -1.500000e+00
1.200000e+00 -1.500000e+00
1.500000e+00 -1.500000e+00
-1.500000e+00 -1.200000e+00
-1.200000e+00 -1.200000e+00
-9.000000e-01 -1.200000e+00
-6.000000e-01 -1.200000e+00
-3.000000e-01 -1.200000e+00
0.000000e+00 -1.200000e+00
3.000000e-01 -1.200000e+00
6.000000e-01 -1.200000e+00
9.000000e-01 -1.200000e+00
1.200000e+00 -1.200000e+00
1.500000e+00 -1.200000e+00
-1.500000e+00 -9.000000e-01
-1.200000e+00 -9.000000e-01
-9.000000e-01 -9.000000e-01
-6.000000e-01 -9.000000e-01
-3.000000e-01 -9.000000e-01
0.000000e+00 -9.000000e-01
3.000000e-01 -9.000000e-01
6.000000e-01 -9.000000e-01
9.000000e-01 -9.000000e-01
1.200000e+00 -9.000000e-01
1.500000e+00 -9.000000e-01
-1.500000e+00 -6.000000e-01
-1.200000e+00 -6.000000e-01
-9.000000e-01 -6.000000e-01
-6.000000e-01 -6.000000e-01
-3.000000e-01 -6.000000e-01
0.000000e+00 -6.000000e-01
3.000000e-01 -6.000000e-01
6.000000e-01 -6.000000e-01
9.000000e-01 -6.000000e-01
1.200000e+00 -6.000000e-01
1.500000e+00 -6.000000e-01
-1.500000e+00 -3.000000e-01
-1.200000e+00 -3.000000e-01
-9.000000e-01 -3.000000e-01
-6.000000e-01 -3.000000e-01
-3.000000e-01 -3.000000e-01
0.000000e+00 -3.000000e-01
3.000000e-01 -3.000000e-01
6.000000e-01 -3.000000e-01
9.000000e-01 -3.000000e-01
1.200000e+00 -3.000000e-01
1.500000e+00 -3.000000e-01
-1.500000e+00 0.000000e+00
-1.200000e+00 0.000000e+00
-9.000000e-01 0.000000e+00
-6.000000e-01 0.000000e+00
-3.000000e-01 0.000000e+00
0.000000e+00 0.000000e+00
3.000000e-01 0.000000e+00
6.000000e-01 0.000000e+00
9.000000e-01 0.000000e+00
1.200000e+00 0.000000e+00
1.500000e+00 0.000000e+00
-1.500000e+00 3.000000e-01
-1.200000e+00 3.000000e-01
-9.000000e-01 3.000000e-01
-6.000000e-01 3.000000e-01
-3.000000e-01 3.000000e-01
0.000000e+00 3.000000e-01
3.000000e-01 3.000000e-01
6.000000e-01 3.000000e-01
9.000000e-01 3.000000e-01
1.200000e+00 3.000000e-01
1.500000e+00 3.000000e-01
-1.500000e+00 6.000000e-01
-1.200000e+00 6.000000e-01
-9.000000e-01 6.000000e-01
-6.000000e-01 6.000000e-01
-3.000000e-01 6.000000e-01
0.000000e+00 6.000000e-01
3.000000e-01 6.000000e-01
6.000000e-01 6.000000e-01
9.000000e-01 6.000000e-01
1.200000e+00 6.000000e-01
1.500000e+00 6.000000e-01
-1.500000e+00 9.000000e-01
-1.200000e+00 9.000000e-01
-9.000000e-01 9.000000e-01
-6.000000e-01 9.000000e-01
-3.000000e-01 9.000000e-01
0.000000e+00 9.000000e-01
3.000000e-01 9.000000e-01
6.000000e-01 9.000000e-01
9.000000e-01 9.000000e-01
1.200000e+00 9.000000e-01
1.500000e+00 9.000000e-01
-1.500000e+00 1.200000e+00
-1.200000e+00 1.200000e+00
-9.000000e-01 1.200000e+00
-6.000000e-01 1.200000e+00
-3.000000e-01 1.200000e+00
0.000000e+00 1.200000e+00
3.000000e-01 1.200000e+00
6.000000e-01 1.200000e+00
9.000000e-01 1.200000e+00
1.200000e+00 1.200000e+00
1.500000e+00 1.200000e+00
-1.500000e+00 1.500000e+00
-1.200000e+00 1.500000e+00
-9.000000e-01 1.500000e+00
-6.000000e-01 1.500000e+00
-3.000000e-01 1.500000e+00
0.000000e+00 1.500000e+00
3.000000e-01 1.500000e+00
6.000000e-01 1.500000e+00
9.000000e-01 1.500000e+00
1.200000e+00 1.500000e+00
1.500000e+00 1.500000e+00
-7.500000e-01 -1.350000e+00
-7.500000e-01 -1.200000e+00
-4.500000e-01 -1.350000e+00
-4.500000e-01 -1.200000e+00
-1.500000e-01 -1.350000e+00
-1.500000e-01 -1.200000e+00
1.500000e-01 -1.350000e+00
1.500000e-01 -1.200000e+00
4.500000e-01 -1.350000e+00
4.500000e-01 -1.200000e+00
-9.000000e-01 -1.050000e+00
-1.050000e+00 -1.050000e+00
-1.050000e+00 -9.000000e-01
-6.000000e-01 -1.050000e+00
-7.500000e-01 -1.050000e+00
-7.500000e-01 -9.000000e-01
-3.000000e-01 -1.050000e+00
-4.500000e-01 -1.050000e+00
-4.500000e-01 -9.000000e-01
0.000000e+00 -1.050000e+00
-1.500000e-01 -1.050000e+00
-1.500000e-01 -9.000000e-01
3.000000e-01 -1.050000e+00
1.500000e-01 -1.050000e+00
1.500000e-01 -9.000000e-01
6.000000e-01 -1.050000e+00
4.500000e-01 -1.050000e+00
4.500000e-01 -9.000000e-01
7.500000e-01 -1.050000e+00
7.500000e-01 -9.000000e-01
-1.200000e+00 -7.500000e-01
-1.350000e+00 -7.500000e-01
-9.000000e-01 -7.500000e-01
-1.050000e+00 -7.500000e-01
-1.050000e+00 -6.000000e-01
-6.000000e-01 -7.500000e-01
-7.500000e-01 -7.500000e-01
-7.500000e-01 -6.000000e-01
-4.500000e-01 -7.500000e-01
-1.500000e-01 -7.500000e-01
1.500000e-01 -7.500000e-01
4.500000e-01 -7.500000e-01
9.000000e-01 -7.500000e-01
7.500000e-01 -7.500000e-01
1.050000e+00 -7.500000e-01
1.050000e+00 -6.000000e-01
-1.200000e+00 -4.500000e-01
-1.350000e+00 -4.500000e-01
-9.000000e-01 -4.500000e-01
-1.050000e+00 -4.500000e-01
-1.050000e+00 -3.000000e-01
-7.500000e-01 -4.500000e-01
9.000000e-01 -4.500000e-01
7.500000e-01 -4.500000e-01
1.200000e+00 -4.500000e-01
1.050000e+00 -4.500000e-01
1.050000e+00 -3.000000e-01
1.350000e+00 -4.500000e-01
-1.200000e+00 -1.500000e-01
-1.350000e+00 -1.500000e-01
-9.000000e-01 -1.500000e-01
-1.050000e+00 -1.500000e-01
-1.050000e+00 0.000000e+00
-7.500000e-01 -1.500000e-01
9.000000e-01 -1.500000e-01
7.500000e-01 -1.500000e-01
1.200000e+00 -1.500000e-01
1.050000e+00 -1.500000e-01
1.050000e+00 0.000000e+00
1.350000e+00 -1.500000e-01
-1.200000e+00 1.500000e-01
-1.350000e+00 1.500000e-01
-9.000000e-01 1.500000e-01
-1.050000e+00 1.500000e-01
-1.050000e+00 3.000000e-01
-7.500000e-01 1.500000e-01
9.000000e-01 1.500000e-01
7.500000e-01 1.500000e-01
1.200000e+00 1.500000e-01
1.050000e+00 1.500000e-01
1.050000e+00 3.000000e-01
1.350000e+00 1.500000e-01
-1.200000e+00 4.500000e-01
-1.350000e+00 4.500000e-01
-9.000000e-01 4.500000e-01
-1.050000e+00 4.500000e-01
-1.050000e+00 6.000000e-01
-7.500000e-01 4.500000e-01
9.000000e-01 4.500000e-01
7.500000e-01 4.500000e-01
7.500000e-01 6.000000e-01
1.200000e+00 4.500000e-01
1.050000e+00 4.500000e-01
1.050000e+00 6.000000e-01
1.350000e+00 4.500000e-01
-9.000000e-01 7.500000e-01
-1.050000e+00 7.500000e-01
-7.500000e-01 7.500000e-01
-7.500000e-01 9.000000e-01
-4.500000e-01 7.500000e-01
-4.500000e-01 9.000000e-01
-1.500000e-01 7.500000e-01
-1.500000e-01 9.000000e-01
1.500000e-01 7.500000e-01
1.500000e-01 9.000000e-01
6.000000e-01 7.500000e-01
4.500000e-01 7.500000e-01
4.500000e-01 9.000000e-01
9.000000e-01 7.500000e-01
7.500000e-01 7.500000e-01
7.500000e-01 9.000000e-01
1.200000e+00 7.500000e-01
1.050000e+00 7.500000e-01
1.050000e+00 9.000000e-01
1.350000e+00 7.500000e-01
-6.000000e-01 1.050000e+00
-7.500000e-01 1.050000e+00
-3.000000e-01 1.050000e+00
-4.500000e-01 1.050000e+00
-4.500000e-01 1.200000e+00
0.000000e+00 1.050000e+00
-1.500000e-01 1.050000e+00
-1.500000e-01 1.200000e+00
3.000000e-01 1.050000e+00
1.500000e-01 1.050000e+00
1.500000e-01 1.200000e+00
6.000000e-01 1.050000e+00
4.500000e-01 1.050000e+00
4.500000e-01 1.200000e+00
9.000000e-01 1.050000e+00
7.500000e-01 1.050000e+00
7.500000e-01 1.200000e+00
1.050000e+00 1.050000e+00
-4.500000e-01 1.350000e+00
-1.500000e-01 1.350000e+00
1.500000e-01 1.350000e+00
4.500000e-01 1.350000e+00
7.500000e-01 1.350000e+00
-1.350000e+00 -1.350000e+00
-1.350000e+00 -1.200000e+00
-9.000000e-01 -1.350000e+00
-1.050000e+00 -1.350000e+00
-6.750000e-01 -1.275000e+00
-6.000000e-01 -1.350000e+00
-8.250000e-01 -1.275000e+00
-8.250000e-01 -1.200000e+00
-6.750000e-01 -1.200000e+00
3.000000e-01 -1.350000e+00
5.250000e-01 -1.425000e+00
3.750000e-01 -1.425000e+00
4.500000e-01 -1.500000e+00
5.250000e-01 -1.275000e+00
6.000000e-01 -1.350000e+00
3.750000e-01 -1.275000e+00
4.500000e-01 -1.275000e+00
3.750000e-01 -1.200000e+00
5.250000e-01 -1.200000e+00
9.000000e-01 -1.350000e+00
7.500000e-01 -1.350000e+00
7.500000e-01 -1.500000e+00
7.500000e-01 -1.200000e+00
1.200000e+00 -1.350000e+00
1.050000e+00 -1.350000e+00
1.050000e+00 -1.500000e+00
1.050000e+00 -1.200000e+00
1.500000e+00 -1.350000e+00
1.350000e+00 -1.350000e+00
1.350000e+00 -1.500000e+00
-1.200000e+00 -1.050000e+00
-1.350000e+00 -1.050000e+00
-1.350000e+00 -9.000000e-01
-9.750000e-01 -9.750000e-01
-1.125000e+00 -9.750000e-01
-1.050000e+00 -9.750000e-01
-9.750000e-01 -9.000000e-01
-7.500000e-01 -1.125000e+00
-6.750000e-01 -1.125000e+00
-8.250000e-01 -1.125000e+00
-6.750000e-01 -1.050000e+00
-6.000000e-01 -1.125000e+00
-6.750000e-01 -9.750000e-01
-3.750000e-01 -1.125000e+00
-5.250000e-01 -1.125000e+00
-3.750000e-01 -1.050000e+00
-3.750000e-01 -9.750000e-01
-3.000000e-01 -9.750000e-01
-5.250000e-01 -9.750000e-01
-4.500000e-01 -9.750000e-01
-5.250000e-01 -9.000000e-01
-7.500000e-02 -1.125000e+00
-2.250000e-01 -1.125000e+00
-7.500000e-02 -1.050000e+00
-7.500000e-02 -9.750000e-01
0.000000e+00 -9.750000e-01
-2.250000e-01 -1.050000e+00
-2.250000e-01 -9.750000e-01
7.500000e-02 -9.750000e-01
4.500000e-01 -1.125000e+00
5.250000e-01 -1.125000e+00
3.750000e-01 -1.125000e+00
5.250000e-01 -1.050000e+00
6.000000e-01 -1.125000e+00
5.250000e-01 -9.750000e-01
3.750000e-01 -9.750000e-01
4.500000e-01 -9.750000e-01
5.250000e-01 -9.000000e-01
8.250000e-01 -1.125000e+00
6.750000e-01 -1.125000e+00
9.000000e-01 -1.050000e+00
6.750000e-01 -9.750000e-01
6.750000e-01 -9.000000e-01
1.050000e+00 -1.050000e+00
1.050000e+00 -9.000000e-01
-1.275000e+00 -8.250000e-01
-1.425000e+00 -8.250000e-01
-1.200000e+00 -8.250000e-01
-1.275000e+00 -6.750000e-01
-1.200000e+00 -6.750000e-01
-1.425000e+00 -6.750000e-01
-1.500000e+00 -7.500000e-01
-1.350000e+00 -6.000000e-01
-9.750000e-01 -8.250000e-01
-1.125000e+00 -8.250000e-01
-9.750000e-01 -6.750000e-01
-1.125000e+00 -7.500000e-01
-1.125000e+00 -6.750000e-01
-1.125000e+00 -6.000000e-01
-9.750000e-01 -6.000000e-01
-6.750000e-01 -6.750000e-01
-6.000000e-01 -6.750000e-01
-3.750000e-01 -8.250000e-01
-5.250000e-01 -8.250000e-01
-3.750000e-01 -6.750000e-01
-3.000000e-01 -7.500000e-01
-5.250000e-01 -7.500000e-01
-5.250000e-01 -6.750000e-01
-4.500000e-01 -6.000000e-01
-7.500000e-02 -8.250000e-01
-2.250000e-01 -8.250000e-01
-7.500000e-02 -6.750000e-01
0.000000e+00 -7.500000e-01
-2.250000e-01 -6.750000e-01
-1.500000e-01 -6.000000e-01
1.500000e-01 -6.000000e-01
5.250000e-01 -8.250000e-01
6.000000e-01 -7.500000e-01
4.500000e-01 -6.000000e-01
7.500000e-01 -8.250000e-01
8.250000e-01 -8.250000e-01
6.750000e-01 -8.250000e-01
8.250000e-01 -7.500000e-01
9.000000e-01 -8.250000e-01
8.250000e-01 -6.750000e-01
7.500000e-01 -6.000000e-01
1.125000e+00 -8.250000e-01
9.750000e-01 -8.250000e-01
1.125000e+00 -6.750000e-01
1.200000e+00 -7.500000e-01
9.750000e-01 -6.750000e-01
1.050000e+00 -6.750000e-01
9.750000e-01 -6.000000e-01
1.350000e+00 -7.500000e-01
-1.050000e+00 -5.250000e-01
-9.750000e-01 -5.250000e-01
-1.125000e+00 -5.250000e-01
-9.750000e-01 -4.500000e-01
-9.000000e-01 -5.250000e-01
-9.750000e-01 -3.750000e-01
-9.000000e-01 -3.750000e-01
-1.125000e+00 -3.750000e-01
-1.125000e+00 -3.000000e-01
-6.750000e-01 -5.250000e-01
-8.250000e-01 -5.250000e-01
-6.750000e-01 -3.750000e-01
-6.000000e-01 -4.500000e-01
-8.250000e-01 -4.500000e-01
-8.250000e-01 -3.750000e-01
-7.500000e-01 -3.000000e-01
-3.000000e-01 -4.500000e-01
-4.500000e-01 -4.500000e-01
-4.500000e-01 -3.000000e-01
0.000000e+00 -4.500000e-01
-1.500000e-01 -4.500000e-01
-1.500000e-01 -3.000000e-01
3.000000e-01 -4.500000e-01
1.500000e-01 -4.500000e-01
1.500000e-01 -3.000000e-01
6.000000e-01 -4.500000e-01
4.500000e-01 -4.500000e-01
4.500000e-01 -3.000000e-01
7.500000e-01 -3.000000e-01
9.750000e-01 -5.250000e-01
1.125000e+00 -3.750000e-01
9.750000e-01 -3.750000e-01
9.750000e-01 -3.000000e-01
1.125000e+00 -3.000000e-01
1.350000e+00 -3.000000e-01
-1.350000e+00 0.000000e+00
-1.050000e+00 -2.250000e-01
-9.750000e-01 -2.250000e-01
-1.125000e+00 -2.250000e-01
-9.750000e-01 -1.500000e-01
-9.000000e-01 -2.250000e-01
-9.750000e-01 -7.500000e-02
-9.000000e-01 -7.500000e-02
-1.125000e+00 -7.500000e-02
-1.125000e+00 0.000000e+00
-9.750000e-01 0.000000e+00
-6.750000e-01 -2.250000e-01
-8.250000e-01 -2.250000e-01
-6.750000e-01 -7.500000e-02
-6.000000e-01 -1.500000e-01
-8.250000e-01 -1.500000e-01
-8.250000e-01 -7.500000e-02
-7.500000e-01 0.000000e+00
-3.000000e-01 -1.500000e-01
-4.500000e-01 -1.500000e-01
-4.500000e-01 0.000000e+00
0.000000e+00 -1.500000e-01
-1.500000e-01 -1.500000e-01
-1.500000e-01 0.000000e+00
3.000000e-01 -1.500000e-01
1.500000e-01 -1.500000e-01
1.500000e-01 0.000000e+00
6.000000e-01 -1.500000e-01
4.500000e-01 -1.500000e-01
4.500000e-01 0.000000e+00
8.250000e-01 -2.250000e-01
6.750000e-01 -2.250000e-01
8.250000e-01 -1.500000e-01
9.000000e-01 -2.250000e-01
8.250000e-01 -7.500000e-02
9.000000e-01 -7.500000e-02
6.750000e-01 -7.500000e-02
7.500000e-01 0.000000e+00
1.050000e+00 -2.250000e-01
1.125000e+00 -2.250000e-01
9.750000e-01 -2.250000e-01
1.125000e+00 -1.500000e-01
1.200000e+00 -2.250000e-01
1.125000e+00 -7.500000e-02
1.200000e+00 -7.500000e-02
9.750000e-01 -1.500000e-01
9.750000e-01 -7.500000e-02
1.050000e+00 -7.500000e-02
9.750000e-01 0.000000e+00
1.125000e+00 0.000000e+00
1.425000e+00 -2.250000e-01
1.275000e+00 -2.250000e-01
1.425000e+00 -7.500000e-02
1.500000e+00 -1.500000e-01
1.275000e+00 -1.500000e-01
1.275000e+00 -7.500000e-02
1.350000e+00 0.000000e+00
-1.275000e+00 7.500000e-02
-1.425000e+00 7.500000e-02
-1.275000e+00 1.500000e-01
-1.200000e+00 7.500000e-02
-1.275000e+00 2.250000e-01
-1.200000e+00 2.250000e-01
-1.425000e+00 2.250000e-01
-1.500000e+00 1.500000e-01
-1.350000e+00 3.000000e-01
-1.050000e+00 7.500000e-02
-9.750000e-01 7.500000e-02
-1.125000e+00 7.500000e-02
-9.750000e-01 1.500000e-01
-9.000000e-01 7.500000e-02
-9.750000e-01 2.250000e-01
-9.000000e-01 2.250000e-01
-1.125000e+00 1.500000e-01
-1.125000e+00 2.250000e-01
-1.050000e+00 2.250000e-01
-1.125000e+00 3.000000e-01
-8.250000e-01 7.500000e-02
-6.000000e-01 1.500000e-01
-8.250000e-01 2.250000e-01
-7.500000e-01 3.000000e-01
-3.000000e-01 1.500000e-01
-4.500000e-01 1.500000e-01
-4.500000e-01 3.000000e-01
0.000000e+00 1.500000e-01
-1.500000e-01 1.500000e-01
-1.500000e-01 3.000000e-01
3.000000e-01 1.500000e-01
1.500000e-01 1.500000e-01
1.500000e-01 3.000000e-01
6.000000e-01 1.500000e-01
4.500000e-01 1.500000e-01
4.500000e-01 3.000000e-01
8.250000e-01 7.500000e-02
9.000000e-01 7.500000e-02
8.250000e-01 2.250000e-01
9.000000e-01 2.250000e-01
7.500000e-01 3.000000e-01
1.125000e+00 7.500000e-02
9.750000e-01 7.500000e-02
1.125000e+00 1.500000e-01
1.125000e+00 2.250000e-01
1.200000e+00 2.250000e-01
9.750000e-01 1.500000e-01
9.750000e-01 2.250000e-01
1.050000e+00 2.250000e-01
9.750000e-01 3.000000e-01
1.125000e+00 3.000000e-01
1.425000e+00 7.500000e-02
1.275000e+00 7.500000e-02
1.425000e+00 2.250000e-01
1.500000e+00 1.500000e-01
1.275000e+00 1.500000e-01
1.275000e+00 2.250000e-01
1.350000e+00 3.000000e-01
-1.275000e+00 3.750000e-01
-1.200000e+00 3.750000e-01
-1.275000e+00 5.250000e-01
-1.200000e+00 5.250000e-01
-1.350000e+00 6.000000e-01
-1.050000e+00 3.750000e-01
-9.750000e-01 3.750000e-01
-1.125000e+00 3.750000e-01
-9.750000e-01 4.500000e-01
-9.000000e-01 3.750000e-01
-9.750000e-01 5.250000e-01
-9.000000e-01 5.250000e-01
-1.125000e+00 4.500000e-01
-1.125000e+00 5.250000e-01
-1.050000e+00 5.250000e-01
-1.125000e+00 6.000000e-01
-9.750000e-01 6.000000e-01
-6.750000e-01 3.750000e-01
-8.250000e-01 3.750000e-01
-6.000000e-01 4.500000e-01
-8.250000e-01 5.250000e-01
-7.500000e-01 6.000000e-01
-4.500000e-01 4.500000e-01
-4.500000e-01 6.000000e-01
0.000000e+00 4.500000e-01
-1.500000e-01 4.500000e-01
3.000000e-01 4.500000e-01
1.500000e-01 4.500000e-01
1.500000e-01 6.000000e-01
6.000000e-01 4.500000e-01
4.500000e-01 4.500000e-01
4.500000e-01 6.000000e-01
8.250000e-01 3.750000e-01
6.750000e-01 3.750000e-01
8.250000e-01 4.500000e-01
9.000000e-01 3.750000e-01
8.250000e-01 5.250000e-01
9.000000e-01 5.250000e-01
6.750000e-01 5.250000e-01
1.125000e+00 3.750000e-01
9.750000e-01 3.750000e-01
1.200000e+00 3.750000e-01
1.125000e+00 5.250000e-01
1.200000e+00 5.250000e-01
9.750000e-01 5.250000e-01
1.050000e+00 5.250000e-01
9.750000e-01 6.000000e-01
1.125000e+00 6.000000e-01
1.425000e+00 3.750000e-01
1.275000e+00 3.750000e-01
1.425000e+00 5.250000e-01
1.500000e+00 4.500000e-01
1.275000e+00 4.500000e-01
1.275000e+00 5.250000e-01
1.350000e+00 6.000000e-01
-1.200000e+00 7.500000e-01
-1.350000e+00 7.500000e-01
-9.750000e-01 6.750000e-01
-1.125000e+00 6.750000e-01
-9.000000e-01 6.750000e-01
-9.750000e-01 8.250000e-01
-9.000000e-01 8.250000e-01
-1.050000e+00 9.000000e-01
-6.750000e-01 6.750000e-01
-8.250000e-01 6.750000e-01
-6.750000e-01 8.250000e-01
-6.000000e-01 7.500000e-01
-8.250000e-01 7.500000e-01
-8.250000e-01 8.250000e-01
-7.500000e-01 8.250000e-01
-8.250000e-01 9.000000e-01
-6.750000e-01 9.000000e-01
-3.750000e-01 6.750000e-01
-5.250000e-01 6.750000e-01
-3.750000e-01 8.250000e-01
-3.000000e-01 7.500000e-01
-5.250000e-01 8.250000e-01
-7.500000e-02 8.250000e-01
0.000000e+00 7.500000e-01
-2.250000e-01 8.250000e-01
-2.250000e-01 9.000000e-01
-7.500000e-02 9.000000e-01
2.250000e-01 6.750000e-01
7.500000e-02 6.750000e-01
2.250000e-01 8.250000e-01
3.000000e-01 7.500000e-01
7.500000e-02 8.250000e-01
1.500000e-01 8.250000e-01
7.500000e-02 9.000000e-01
2.250000e-01 9.000000e-01
5.250000e-01 6.750000e-01
3.750000e-01 6.750000e-01
5.250000e-01 7.500000e-01
6.000000e-01 6.750000e-01
5.250000e-01 8.250000e-01
6.000000e-01 8.250000e-01
3.750000e-01 8.250000e-01
3.750000e-01 9.000000e-01
5.250000e-01 9.000000e-01
8.250000e-01 6.750000e-01
6.750000e-01 6.750000e-01
9.000000e-01 6.750000e-01
8.250000e-01 8.250000e-01
9.000000e-01 8.250000e-01
6.750000e-01 8.250000e-01
7.500000e-01 8.250000e-01
6.750000e-01 9.000000e-01
8.250000e-01 9.000000e-01
1.050000e+00 6.750000e-01
1.125000e+00 6.750000e-01
9.750000e-01 6.750000e-01
1.125000e+00 7.500000e-01
1.200000e+00 6.750000e-01
1.125000e+00 8.250000e-01
1.200000e+00 8.250000e-01
9.750000e-01 7.500000e-01
9.750000e-01 8.250000e-01
9.750000e-01 9.000000e-01
1.125000e+00 9.000000e-01
1.275000e+00 6.750000e-01
1.275000e+00 8.250000e-01
1.350000e+00 9.000000e-01
-1.200000e+00 1.050000e+00
-1.350000e+00 1.050000e+00
-1.350000e+00 1.200000e+00
-1.500000e+00 1.050000e+00
-9.000000e-01 1.050000e+00
-1.050000e+00 1.050000e+00
-1.050000e+00 1.200000e+00
-7.500000e-01 9.750000e-01
-6.750000e-01 9.750000e-01
-8.250000e-01 9.750000e-01
-6.750000e-01 1.050000e+00
-6.000000e-01 9.750000e-01
-6.750000e-01 1.125000e+00
-6.000000e-01 1.125000e+00
-8.250000e-01 1.125000e+00
-7.500000e-01 1.200000e+00
-3.750000e-01 9.750000e-01
-5.250000e-01 9.750000e-01
-3.000000e-01 9.750000e-01
-3.750000e-01 1.125000e+00
-3.000000e-01 1.125000e+00
-5.250000e-01 1.125000e+00
-4.500000e-01 1.125000e+00
-5.250000e-01 1.200000e+00
-3.750000e-01 1.200000e+00
-1.500000e-01 9.750000e-01
-7.500000e-02 9.750000e-01
-2.250000e-01 9.750000e-01
-7.500000e-02 1.050000e+00
0.000000e+00 9.750000e-01
-7.500000e-02 1.125000e+00
0.000000e+00 1.125000e+00
-2.250000e-01 1.050000e+00
-2.250000e-01 1.125000e+00
-1.500000e-01 1.125000e+00
-2.250000e-01 1.200000e+00
-7.500000e-02 1.200000e+00
2.250000e-01 9.750000e-01
7.500000e-02 9.750000e-01
3.000000e-01 9.750000e-01
2.250000e-01 1.125000e+00
3.000000e-01 1.125000e+00
7.500000e-02 1.125000e+00
1.500000e-01 1.125000e+00
7.500000e-02 1.200000e+00
2.250000e-01 1.200000e+00
4.500000e-01 9.750000e-01
5.250000e-01 9.750000e-01
3.750000e-01 9.750000e-01
5.250000e-01 1.050000e+00
6.000000e-01 9.750000e-01
5.250000e-01 1.125000e+00
6.000000e-01 1.125000e+00
3.750000e-01 1.050000e+00
3.750000e-01 1.125000e+00
4.500000e-01 1.125000e+00
3.750000e-01 1.200000e+00
8.250000e-01 9.750000e-01
6.750000e-01 9.750000e-01
9.000000e-01 9.750000e-01
8.250000e-01 1.125000e+00
9.000000e-01 1.125000e+00
6.750000e-01 1.125000e+00
7.500000e-01 1.125000e+00
6.750000e-01 1.200000e+00
8.250000e-01 1.200000e+00
1.050000e+00 9.750000e-01
1.125000e+00 9.750000e-01
9.750000e-01 9.750000e-01
1.125000e+00 1.125000e+00
1.200000e+00 1.050000e+00
9.750000e-01 1.050000e+00
9.750000e-01 1.125000e+00
1.050000e+00 1.200000e+00
1.500000e+00 1.050000e+00
1.350000e+00 1.050000e+00
-1.200000e+00 1.350000e+00
-1.350000e+00 1.350000e+00
-1.050000e+00 1.350000e+00
-6.000000e-01 1.350000e+00
-7.500000e-01 1.350000e+00
-4.500000e-01 1.275000e+00
-3.750000e-01 1.275000e+00
-5.250000e-01 1.275000e+00
-3.750000e-01 1.425000e+00
-3.000000e-01 1.350000e+00
-5.250000e-01 1.425000e+00
-4.500000e-01 1.500000e+00
-1.500000e-01 1.275000e+00
-7.500000e-02 1.275000e+00
-2.250000e-01 1.275000e+00
-7.500000e-02 1.425000e+00
0.000000e+00 1.350000e+00
-2.250000e-01 1.425000e+00
-1.500000e-01 1.500000e+00
1.500000e-01 1.275000e+00
2.250000e-01 1.275000e+00
7.500000e-02 1.275000e+00
2.250000e-01 1.425000e+00
3.000000e-01 1.350000e+00
7.500000e-02 1.425000e+00
1.500000e-01 1.500000e+00
5.250000e-01 1.275000e+00
3.750000e-01 1.275000e+00
5.250000e-01 1.425000e+00
6.000000e-01 1.350000e+00
3.750000e-01 1.425000e+00
4.500000e-01 1.500000e+00
7.500000e-01 1.275000e+00
8.250000e-01 1.275000e+00
6.750000e-01 1.275000e+00
8.250000e-01 1.425000e+00
9.000000e-01 1.350000e+00
6.750000e-01 1.425000e+00
7.500000e-01 1.500000e+00
1.050000e+00 1.350000e+00
-1.275000e+00 -1.275000e+00
-1.200000e+00 -1.350000e+00
-1.275000e+00 -1.200000e+00
-1.050000e+00 -1.200000e+00
-6.750000e-01 -1.425000e+00
-7.500000e-01 -1.500000e+00
-6.000000e-01 -1.275000e+00
-6.000000e-01 -1.425000e+00
-3.750000e-01 -1.425000e+00
-5.250000e-01 -1.425000e+00
-4.500000e-01 -1.500000e+00
-3.750000e-01 -1.275000e+00
-3.000000e-01 -1.350000e+00
-5.250000e-01 -1.350000e+00
-5.250000e-01 -1.275000e+00
-4.500000e-01 -1.275000e+00
-5.250000e-01 -1.200000e+00
-3.750000e-01 -1.200000e+00
-7.500000e-02 -1.425000e+00
-2.250000e-01 -1.425000e+00
-1.500000e-01 -1.500000e+00
-7.500000e-02 -1.275000e+00
0.000000e+00 -1.350000e+00
-2.250000e-01 -1.275000e+00
-1.500000e-01 -1.275000e+00
-2.250000e-01 -1.200000e+00
-7.500000e-02 -1.200000e+00
2.250000e-01 -1.425000e+00
1.500000e-01 -1.500000e+00
2.250000e-01 -1.350000e+00
3.000000e-01 -1.275000e+00
2.250000e-01 -1.275000e+00
3.000000e-01 -1.425000e+00
7.500000e-02 -1.275000e+00
7.500000e-02 -1.200000e+00
2.250000e-01 -1.200000e+00
4.500000e-01 -1.425000e+00
4.125000e-01 -1.462500e+00
4.125000e-01 -1.387500e+00
3.750000e-01 -1.500000e+00
3.375000e-01 -1.462500e+00
5.625000e-01 -1.312500e+00
5.250000e-01 -1.350000e+00
4.875000e-01 -1.312500e+00
6.000000e-01 -1.275000e+00
5.625000e-01 -1.237500e+00
4.125000e-01 -1.312500e+00
3.750000e-01 -1.350000e+00
3.375000e-01 -1.237500e+00
4.125000e-01 -1.237500e+00
4.500000e-01 -1.312500e+00
3.750000e-01 -1.237500e+00
4.125000e-01 -1.200000e+00
4.875000e-01 -1.275000e+00
4.875000e-01 -1.237500e+00
8.250000e-01 -1.425000e+00
8.250000e-01 -1.350000e+00
9.000000e-01 -1.425000e+00
8.250000e-01 -1.275000e+00
9.000000e-01 -1.275000e+00
6.750000e-01 -1.275000e+00
6.750000e-01 -1.200000e+00
8.250000e-01 -1.200000e+00
9.750000e-01 -1.425000e+00
9.750000e-01 -1.275000e+00
1.350000e+00 -1.425000e+00
1.425000e+00 -1.500000e+00
1.425000e+00 -1.425000e+00
1.275000e+00 -1.500000e+00
1.275000e+00 -1.425000e+00
1.425000e+00 -1.275000e+00
1.275000e+00 -1.275000e+00
1.350000e+00 -1.200000e+00
-1.350000e+00 -1.125000e+00
-1.275000e+00 -1.125000e+00
-1.425000e+00 -1.125000e+00
-1.200000e+00 -1.125000e+00
-1.275000e+00 -9.750000e-01
-1.500000e+00 -1.050000e+00
-1.275000e+00 -9.000000e-01
-1.125000e+00 -1.125000e+00
-9.375000e-01 -9.375000e-01
-9.000000e-01 -9.750000e-01
-1.087500e+00 -1.012500e+00
-1.125000e+00 -1.050000e+00
-1.087500e+00 -9.750000e-01
-1.050000e+00 -9.375000e-01
-1.087500e+00 -9.375000e-01
-1.125000e+00 -9.000000e-01
-1.012500e+00 -9.375000e-01
-9.750000e-01 -9.375000e-01
-1.012500e+00 -9.000000e-01
-9.375000e-01 -9.000000e-01
-6.375000e-01 -1.087500e+00
-6.375000e-01 -1.050000e+00
-6.375000e-01 -1.012500e+00
-6.375000e-01 -9.375000e-01
-6.000000e-01 -9.750000e-01
-6.750000e-01 -1.012500e+00
-7.125000e-01 -1.012500e+00
-8.250000e-01 -9.750000e-01
-7.500000e-01 -9.750000e-01
-8.250000e-01 -9.000000e-01
-7.125000e-01 -9.375000e-01
-6.750000e-01 -9.000000e-01
-3.000000e-01 -1.125000e+00
-4.125000e-01 -1.012500e+00
-5.625000e-01 -1.012500e+00
-5.625000e-01 -9.375000e-01
-4.875000e-01 -1.012500e+00
-5.250000e-01 -1.050000e+00
-4.875000e-01 -9.750000e-01
-4.500000e-01 -9.375000e-01
-4.875000e-01 -9.375000e-01
-4.500000e-01 -1.012500e+00
-4.125000e-01 -9.750000e-01
-4.125000e-01 -9.375000e-01
-3.750000e-01 -9.000000e-01
-1.125000e-01 -1.087500e+00
-1.500000e-01 -1.125000e+00
-1.875000e-01 -1.087500e+00
-3.750000e-02 -1.087500e+00
0.000000e+00 -1.125000e+00
-7.500000e-02 -1.087500e+00
-3.750000e-02 -1.050000e+00
-1.125000e-01 -1.050000e+00
-3.750000e-02 -9.750000e-01
0.000000e+00 -1.012500e+00
-3.750000e-02 -1.012500e+00
0.000000e+00 -9.375000e-01
-3.750000e-02 -9.375000e-01
-7.500000e-02 -1.012500e+00
-1.125000e-01 -1.012500e+00
-2.625000e-01 -1.012500e+00
-2.625000e-01 -9.375000e-01
-2.625000e-01 -1.050000e+00
-1.875000e-01 -1.012500e+00
-2.625000e-01 -1.087500e+00
-2.250000e-01 -1.087500e+00
-1.875000e-01 -9.375000e-01
-1.500000e-01 -9.750000e-01
-2.250000e-01 -9.000000e-01
-1.125000e-01 -9.375000e-01
-7.500000e-02 -9.000000e-01
1.500000e-01 -1.125000e+00
2.250000e-01 -1.125000e+00
7.500000e-02 -1.125000e+00
2.250000e-01 -1.050000e+00
3.000000e-01 -1.125000e+00
2.250000e-01 -9.750000e-01
3.000000e-01 -9.750000e-01
3.750000e-02 -9.750000e-01
3.750000e-02 -1.012500e+00
3.750000e-02 -9.375000e-01
7.500000e-02 -1.050000e+00
7.500000e-02 -9.000000e-01
2.250000e-01 -9.000000e-01
5.625000e-01 -1.162500e+00
4.125000e-01 -1.162500e+00
6.000000e-01 -1.087500e+00
5.625000e-01 -1.087500e+00
6.000000e-01 -1.162500e+00
5.625000e-01 -9.375000e-01
6.000000e-01 -9.750000e-01
4.125000e-01 -1.012500e+00
3.750000e-01 -1.050000e+00
4.125000e-01 -9.750000e-01
4.500000e-01 -9.375000e-01
4.125000e-01 -9.375000e-01
3.750000e-01 -9.000000e-01
4.875000e-01 -9.375000e-01
5.625000e-01 -9.000000e-01
7.875000e-01 -1.162500e+00
7.875000e-01 -1.087500e+00
7.500000e-01 -1.125000e+00
8.625000e-01 -1.162500e+00
7.125000e-01 -1.162500e+00
7.125000e-01 -1.087500e+00
6.375000e-01 -1.162500e+00
8.250000e-01 -1.050000e+00
9.000000e-01 -9.750000e-01
8.250000e-01 -9.750000e-01
8.625000e-01 -1.087500e+00
9.000000e-01 -1.125000e+00
7.125000e-01 -1.012500e+00
6.750000e-01 -1.050000e+00
6.375000e-01 -1.125000e+00
6.375000e-01 -1.087500e+00
7.125000e-01 -9.375000e-01
7.500000e-01 -9.750000e-01
8.250000e-01 -9.000000e-01
9.750000e-01 -1.125000e+00
1.125000e+00 -9.750000e-01
1.200000e+00 -1.050000e+00
9.750000e-01 -9.750000e-01
9.750000e-01 -9.000000e-01
1.125000e+00 -9.000000e-01
1.350000e+00 -1.050000e+00
1.350000e+00 -9.000000e-01
-1.237500e+00 -8.625000e-01
-1.200000e+00 -8.625000e-01
-1.275000e+00 -7.500000e-01
-1.237500e+00 -6.750000e-01
-1.237500e+00 -7.125000e-01
-1.200000e+00 -6.375000e-01
-1.237500e+00 -6.375000e-01
-1.275000e+00 -6.000000e-01
-1.012500e+00 -8.625000e-01
-9.375000e-01 -8.625000e-01
-1.012500e+00 -7.875000e-01
-1.050000e+00 -8.250000e-01
-1.162500e+00 -8.625000e-01
-9.375000e-01 -7.875000e-01
-9.000000e-01 -8.250000e-01
-9.750000e-01 -7.500000e-01
-1.162500e+00 -6.375000e-01
-1.162500e+00 -8.250000e-01
-1.162500e+00 -7.875000e-01
-6.750000e-01 -8.250000e-01
-8.250000e-01 -8.250000e-01
-6.750000e-01 -7.500000e-01
-6.000000e-01 -8.250000e-01
-6.000000e-01 -7.125000e-01
-6.375000e-01 -7.125000e-01
-8.250000e-01 -7.500000e-01
-8.250000e-01 -6.750000e-01
-3.375000e-01 -8.625000e-01
-4.500000e-01 -8.250000e-01
-4.875000e-01 -8.625000e-01
-5.625000e-01 -8.625000e-01
-4.875000e-01 -7.875000e-01
-3.750000e-01 -7.500000e-01
-3.000000e-01 -6.750000e-01
-3.375000e-01 -7.875000e-01
-3.000000e-01 -8.250000e-01
-5.625000e-01 -6.750000e-01
-5.625000e-01 -7.125000e-01
-5.625000e-01 -6.375000e-01
-5.250000e-01 -7.125000e-01
-5.625000e-01 -7.500000e-01
-4.875000e-01 -7.125000e-01
-4.875000e-01 -7.500000e-01
-5.625000e-01 -7.875000e-01
-5.250000e-01 -7.875000e-01
-4.500000e-01 -6.750000e-01
-3.750000e-01 -6.000000e-01
-5.250000e-01 -6.000000e-01
-1.125000e-01 -8.625000e-01
-3.750000e-02 -8.625000e-01
-1.500000e-01 -8.250000e-01
-3.750000e-02 -7.125000e-01
-7.500000e-02 -7.500000e-01
-1.125000e-01 -7.125000e-01
0.000000e+00 -6.750000e-01
0.000000e+00 -8.250000e-01
-2.625000e-01 -7.125000e-01
-1.875000e-01 -7.125000e-01
-2.250000e-01 -7.500000e-01
-1.125000e-01 -6.375000e-01
-1.500000e-01 -6.750000e-01
-7.500000e-02 -6.000000e-01
1.500000e-01 -8.250000e-01
2.250000e-01 -8.250000e-01
7.500000e-02 -8.250000e-01
3.000000e-01 -7.500000e-01
7.500000e-02 -7.500000e-01
7.500000e-02 -6.750000e-01
5.250000e-01 -8.625000e-01
4.875000e-01 -8.625000e-01
5.625000e-01 -8.625000e-01
4.875000e-01 -7.875000e-01
4.500000e-01 -8.250000e-01
3.750000e-01 -8.250000e-01
5.250000e-01 -7.500000e-01
5.250000e-01 -6.750000e-01
5.625000e-01 -7.875000e-01
6.000000e-01 -8.250000e-01
7.875000e-01 -8.625000e-01
8.625000e-01 -8.625000e-01
7.875000e-01 -8.250000e-01
7.500000e-01 -8.625000e-01
7.875000e-01 -7.875000e-01
7.500000e-01 -7.875000e-01
7.125000e-01 -8.625000e-01
6.375000e-01 -8.625000e-01
7.125000e-01 -7.875000e-01
8.625000e-01 -8.250000e-01
9.000000e-01 -7.875000e-01
8.625000e-01 -7.875000e-01
8.625000e-01 -6.375000e-01
9.000000e-01 -6.750000e-01
7.875000e-01 -7.125000e-01
6.750000e-01 -7.500000e-01
6.750000e-01 -6.750000e-01
6.375000e-01 -7.875000e-01
7.875000e-01 -6.375000e-01
7.500000e-01 -6.750000e-01
8.250000e-01 -6.000000e-01
6.750000e-01 -6.000000e-01
1.087500e+00 -8.625000e-01
1.087500e+00 -7.875000e-01
1.050000e+00 -8.250000e-01
1.012500e+00 -8.625000e-01
9.375000e-01 -8.625000e-01
1.162500e+00 -7.125000e-01
1.125000e+00 -7.500000e-01
1.087500e+00 -7.125000e-01
1.200000e+00 -6.750000e-01
1.162500e+00 -6.375000e-01
1.162500e+00 -7.875000e-01
1.200000e+00 -8.250000e-01
9.750000e-01 -7.500000e-01
9.375000e-01 -7.875000e-01
1.125000e+00 -6.000000e-01
1.275000e+00 -8.250000e-01
1.275000e+00 -6.750000e-01
1.350000e+00 -6.000000e-01
-1.275000e+00 -5.250000e-01
-1.275000e+00 -4.500000e-01
-1.200000e+00 -5.250000e-01
-1.275000e+00 -3.750000e-01
-1.350000e+00 -3.000000e-01
-1.012500e+00 -4.875000e-01
-9.375000e-01 -4.875000e-01
-9.375000e-01 -4.500000e-01
-1.012500e+00 -4.500000e-01
-9.375000e-01 -3.750000e-01
-9.000000e-01 -4.125000e-01
-9.375000e-01 -4.125000e-01
-9.000000e-01 -3.375000e-01
-9.375000e-01 -3.375000e-01
-9.750000e-01 -4.125000e-01
-1.012500e+00 -4.125000e-01
-1.050000e+00 -3.750000e-01
-9.750000e-01 -3.000000e-01
-7.500000e-01 -5.250000e-01
-7.875000e-01 -4.875000e-01
-6.000000e-01 -3.750000e-01
-8.625000e-01 -4.125000e-01
-8.625000e-01 -3.375000e-01
-8.250000e-01 -4.125000e-01
-7.875000e-01 -4.125000e-01
-7.875000e-01 -4.500000e-01
-7.500000e-01 -3.750000e-01
-7.875000e-01 -3.375000e-01
-8.250000e-01 -3.000000e-01
-4.500000e-01 -5.250000e-01
-3.750000e-01 -5.250000e-01
-5.250000e-01 -5.250000e-01
-3.750000e-01 -4.500000e-01
-3.000000e-01 -5.250000e-01
-3.750000e-01 -3.750000e-01
-3.000000e-01 -3.750000e-01
-5.250000e-01 -4.500000e-01
-5.250000e-01 -3.750000e-01
-4.500000e-01 -3.750000e-01
-3.750000e-01 -3.000000e-01
-7.500000e-02 -5.250000e-01
-2.250000e-01 -5.250000e-01
-2.250000e-01 -3.750000e-01
7.500000e-02 -3.750000e-01
7.500000e-02 -3.000000e-01
5.250000e-01 -3.750000e-01
3.750000e-01 -3.750000e-01
4.500000e-01 -3.750000e-01
5.250000e-01 -3.000000e-01
7.500000e-01 -5.250000e-01
8.250000e-01 -5.250000e-01
6.750000e-01 -5.250000e-01
9.000000e-01 -5.250000e-01
8.250000e-01 -3.750000e-01
9.000000e-01 -3.750000e-01
6.750000e-01 -3.750000e-01
8.250000e-01 -3.000000e-01
6.750000e-01 -3.000000e-01
1.050000e+00 -5.250000e-01
1.125000e+00 -5.250000e-01
9.375000e-01 -5.625000e-01
1.012500e+00 -4.875000e-01
1.125000e+00 -4.500000e-01
1.200000e+00 -5.250000e-01
1.162500e+00 -3.375000e-01
1.200000e+00 -3.750000e-01
1.087500e+00 -4.125000e-01
9.375000e-01 -4.125000e-01
9.375000e-01 -3.375000e-01
1.012500e+00 -4.125000e-01
9.750000e-01 -4.500000e-01
9.375000e-01 -4.875000e-01
1.012500e+00 -3.375000e-01
1.050000e+00 -3.750000e-01
9.750000e-01 -3.375000e-01
1.012500e+00 -3.000000e-01
9.375000e-01 -3.000000e-01
1.087500e+00 -3.375000e-01
1.125000e+00 -3.375000e-01
1.087500e+00 -3.000000e-01
1.162500e+00 -3.000000e-01
1.425000e+00 -5.250000e-01
1.275000e+00 -5.250000e-01
1.425000e+00 -3.750000e-01
1.500000e+00 -4.500000e-01
1.275000e+00 -4.500000e-01
1.275000e+00 -3.750000e-01
1.350000e+00 -3.750000e-01
1.425000e+00 -3.000000e-01
1.275000e+00 -3.000000e-01
-1.275000e+00 -7.500000e-02
-1.425000e+00 -7.500000e-02
-1.500000e+00 -1.500000e-01
-1.275000e+00 0.000000e+00
-1.425000e+00 0.000000e+00
-1.012500e+00 -2.625000e-01
-1.012500e+00 -2.250000e-01
-1.012500e+00 -1.875000e-01
-1.050000e+00 -1.875000e-01
-1.087500e+00 -1.875000e-01
-1.125000e+00 -1.500000e-01
-8.250000e-01 0.000000e+00
-3.750000e-01 -2.250000e-01
-3.000000e-01 -2.250000e-01
-2.250000e-01 -2.250000e-01
-7.500000e-02 -7.500000e-02
-2.250000e-01 -1.500000e-01
-2.250000e-01 -7.500000e-02
-1.500000e-01 -7.500000e-02
-2.250000e-01 0.000000e+00
-7.500000e-02 0.000000e+00
1.500000e-01 -2.250000e-01
2.250000e-01 -2.250000e-01
7.500000e-02 -2.250000e-01
3.000000e-01 -2.250000e-01
5.250000e-01 -2.250000e-01
3.750000e-01 -2.250000e-01
6.000000e-01 -2.250000e-01
5.250000e-01 -7.500000e-02
6.000000e-01 -7.500000e-02
3.750000e-01 -1.500000e-01
3.750000e-01 -7.500000e-02
4.500000e-01 -7.500000e-02
3.750000e-01 0.000000e+00
5.250000e-01 0.000000e+00
7.875000e-01 -2.625000e-01
7.875000e-01 -1.875000e-01
7.500000e-01 -2.250000e-01
8.625000e-01 -2.625000e-01
7.125000e-01 -2.625000e-01
7.125000e-01 -1.875000e-01
6.375000e-01 -2.625000e-01
8.625000e-01 -2.250000e-01
9.000000e-01 -1.875000e-01
8.625000e-01 -1.875000e-01
9.000000e-01 -2.625000e-01
8.250000e-01 -1.875000e-01
8.625000e-01 -1.500000e-01
7.875000e-01 -1.500000e-01
8.625000e-01 -7.500000e-02
9.000000e-01 -1.125000e-01
8.625000e-01 -1.125000e-01
9.000000e-01 -3.750000e-02
8.625000e-01 -3.750000e-02
8.250000e-01 -1.125000e-01
7.875000e-01 -1.125000e-01
6.375000e-01 -1.125000e-01
7.125000e-01 -1.125000e-01
6.750000e-01 -1.500000e-01
6.375000e-01 -3.750000e-02
6.375000e-01 -1.875000e-01
7.875000e-01 -3.750000e-02
7.500000e-01 -7.500000e-02
8.250000e-01 0.000000e+00
7.125000e-01 -3.750000e-02
6.750000e-01 0.000000e+00
1.125000e+00 -2.625000e-01
1.087500e+00 -2.625000e-01
1.162500e+00 -2.625000e-01
1.087500e+00 -2.250000e-01
1.050000e+00 -2.625000e-01
1.087500e+00 -1.875000e-01
1.050000e+00 -1.875000e-01
9.750000e-01 -2.625000e-01
1.012500e+00 -2.625000e-01
9.375000e-01 -2.625000e-01
1.012500e+00 -2.250000e-01
1.012500e+00 -1.875000e-01
1.162500e+00 -2.250000e-01
1.200000e+00 -1.875000e-01
1.162500e+00 -1.875000e-01
1.200000e+00 -3.750000e-02
1.162500e+00 -3.750000e-02
1.087500e+00 -1.125000e-01
9.375000e-01 -7.500000e-02
9.375000e-01 -1.125000e-01
9.375000e-01 -3.750000e-02
9.750000e-01 -1.125000e-01
9.375000e-01 -1.500000e-01
1.012500e+00 -1.125000e-01
1.012500e+00 -1.500000e-01
9.375000e-01 -2.250000e-01
9.375000e-01 -1.875000e-01
1.012500e+00 -7.500000e-02
1.050000e+00 -3.750000e-02
1.012500e+00 -3.750000e-02
1.050000e+00 -1.125000e-01
9.750000e-01 -3.750000e-02
1.012500e+00 0.000000e+00
9.375000e-01 0.000000e+00
1.087500e+00 -7.500000e-02
1.087500e+00 -3.750000e-02
1.125000e+00 -3.750000e-02
1.087500e+00 0.000000e+00
1.387500e+00 -2.625000e-01
1.350000e+00 -2.250000e-01
1.462500e+00 -2.625000e-01
1.312500e+00 -1.875000e-01
1.237500e+00 -2.625000e-01
1.500000e+00 -7.500000e-02
1.462500e+00 -3.750000e-02
1.500000e+00 -2.250000e-01
1.237500e+00 -7.500000e-02
1.237500e+00 -1.125000e-01
1.237500e+00 -3.750000e-02
1.275000e+00 -1.125000e-01
1.237500e+00 -1.500000e-01
1.312500e+00 -1.125000e-01
1.312500e+00 -1.500000e-01
1.237500e+00 -2.250000e-01
1.237500e+00 -1.875000e-01
1.387500e+00 -3.750000e-02
1.350000e+00 -7.500000e-02
1.425000e+00 0.000000e+00
1.312500e+00 -3.750000e-02
1.275000e+00 0.000000e+00
-1.312500e+00 3.750000e-02
-1.312500e+00 1.125000e-01
-1.350000e+00 7.500000e-02
-1.237500e+00 3.750000e-02
-1.387500e+00 3.750000e-02
-1.387500e+00 1.125000e-01
-1.237500e+00 7.500000e-02
-1.200000e+00 1.125000e-01
-1.237500e+00 1.125000e-01
-1.200000e+00 3.750000e-02
-1.275000e+00 1.125000e-01
-1.312500e+00 1.500000e-01
-1.237500e+00 2.250000e-01
-1.237500e+00 1.875000e-01
-1.200000e+00 2.625000e-01
-1.237500e+00 2.625000e-01
-1.312500e+00 1.875000e-01
-1.462500e+00 1.875000e-01
-1.425000e+00 1.500000e-01
-1.500000e+00 2.250000e-01
-1.462500e+00 2.625000e-01
-1.350000e+00 2.250000e-01
-1.275000e+00 3.000000e-01
-1.425000e+00 3.000000e-01
-9.375000e-01 3.750000e-02
-1.012500e+00 1.125000e-01
-1.162500e+00 3.750000e-02
-1.087500e+00 1.125000e-01
-9.375000e-01 7.500000e-02
-9.375000e-01 1.125000e-01
-9.000000e-01 3.750000e-02
-9.750000e-01 1.125000e-01
-9.375000e-01 1.500000e-01
-1.012500e+00 1.500000e-01
-9.375000e-01 2.250000e-01
-9.000000e-01 1.875000e-01
-9.375000e-01 1.875000e-01
-9.375000e-01 2.625000e-01
-1.012500e+00 1.875000e-01
-1.162500e+00 2.250000e-01
-1.162500e+00 1.875000e-01
-1.162500e+00 2.625000e-01
-1.125000e+00 1.875000e-01
-1.162500e+00 1.500000e-01
-1.087500e+00 1.875000e-01
-1.087500e+00 1.500000e-01
-1.162500e+00 7.500000e-02
-1.162500e+00 1.125000e-01
-1.087500e+00 2.250000e-01
-1.050000e+00 2.625000e-01
-1.087500e+00 2.625000e-01
-1.050000e+00 1.875000e-01
-1.125000e+00 2.625000e-01
-1.087500e+00 3.000000e-01
-1.162500e+00 3.000000e-01
-1.012500e+00 2.250000e-01
-1.012500e+00 2.625000e-01
-9.750000e-01 3.000000e-01
-7.500000e-01 7.500000e-02
-6.750000e-01 7.500000e-02
-7.875000e-01 3.750000e-02
-7.875000e-01 1.125000e-01
-8.625000e-01 3.750000e-02
-6.000000e-01 2.250000e-01
-6.750000e-01 2.250000e-01
-6.000000e-01 7.500000e-02
-8.625000e-01 1.875000e-01
-8.250000e-01 1.500000e-01
-8.625000e-01 1.125000e-01
-8.250000e-01 3.000000e-01
-5.250000e-01 7.500000e-02
-3.750000e-01 2.250000e-01
-3.000000e-01 2.250000e-01
-5.250000e-01 1.500000e-01
-5.250000e-01 2.250000e-01
-4.500000e-01 2.250000e-01
-5.250000e-01 3.000000e-01
-3.750000e-01 3.000000e-01
-1.500000e-01 7.500000e-02
-7.500000e-02 7.500000e-02
-2.250000e-01 7.500000e-02
-2.250000e-01 1.500000e-01
-2.250000e-01 2.250000e-01
2.250000e-01 7.500000e-02
3.000000e-01 7.500000e-02
2.250000e-01 2.250000e-01
2.250000e-01 3.000000e-01
5.250000e-01 7.500000e-02
3.750000e-01 7.500000e-02
5.250000e-01 2.250000e-01
3.750000e-01 1.500000e-01
3.750000e-01 2.250000e-01
4.500000e-01 2.250000e-01
3.750000e-01 3.000000e-01
5.250000e-01 3.000000e-01
7.875000e-01 3.750000e-02
7.875000e-01 1.125000e-01
7.500000e-01 7.500000e-02
8.625000e-01 3.750000e-02
6.750000e-01 7.500000e-02
8.625000e-01 7.500000e-02
8.625000e-01 1.125000e-01
9.000000e-01 3.750000e-02
8.250000e-01 1.500000e-01
8.625000e-01 2.250000e-01
9.000000e-01 1.875000e-01
8.625000e-01 1.875000e-01
8.625000e-01 2.625000e-01
8.250000e-01 3.000000e-01
1.087500e+00 3.750000e-02
1.050000e+00 7.500000e-02
1.012500e+00 3.750000e-02
9.375000e-01 3.750000e-02
9.375000e-01 1.875000e-01
1.462500e+00 1.875000e-01
1.425000e+00 1.500000e-01
1.500000e+00 2.250000e-01
1.462500e+00 2.625000e-01
1.425000e+00 3.000000e-01
-1.237500e+00 3.375000e-01
-1.425000e+00 3.750000e-01
-1.200000e+00 4.125000e-01
-1.237500e+00 4.125000e-01
-1.200000e+00 3.375000e-01
-1.275000e+00 4.500000e-01
-1.237500e+00 5.250000e-01
-1.200000e+00 4.875000e-01
-1.237500e+00 4.875000e-01
-1.237500e+00 5.625000e-01
-1.500000e+00 4.500000e-01
-1.275000e+00 6.000000e-01
-1.012500e+00 3.375000e-01
-1.012500e+00 3.750000e-01
-1.050000e+00 3.375000e-01
-1.012500e+00 4.125000e-01
-1.087500e+00 3.375000e-01
-1.162500e+00 3.375000e-01
-1.087500e+00 4.125000e-01
-9.000000e-01 4.125000e-01
-9.375000e-01 4.125000e-01
-9.750000e-01 4.125000e-01
-9.375000e-01 4.500000e-01
-1.012500e+00 4.500000e-01
-9.375000e-01 5.250000e-01
-9.000000e-01 4.875000e-01
-9.375000e-01 4.875000e-01
-9.000000e-01 5.625000e-01
-9.375000e-01 5.625000e-01
-9.750000e-01 4.875000e-01
-1.012500e+00 4.875000e-01
-1.162500e+00 4.875000e-01
-1.125000e+00 4.875000e-01
-1.162500e+00 4.500000e-01
-1.087500e+00 4.875000e-01
-1.087500e+00 4.500000e-01
-1.162500e+00 3.750000e-01
-1.162500e+00 4.125000e-01
-8.625000e-01 3.375000e-01
-8.625000e-01 4.875000e-01
-8.625000e-01 5.625000e-01
-8.250000e-01 4.500000e-01
-8.625000e-01 3.750000e-01
-8.625000e-01 4.125000e-01
-8.250000e-01 6.000000e-01
-3.750000e-01 3.750000e-01
-5.250000e-01 3.750000e-01
-3.000000e-01 4.500000e-01
-7.500000e-02 3.750000e-01
-2.250000e-01 3.750000e-01
-7.500000e-02 4.500000e-01
-7.500000e-02 5.250000e-01
0.000000e+00 5.250000e-01
-2.250000e-01 5.250000e-01
-1.500000e-01 6.000000e-01
1.500000e-01 3.750000e-01
2.250000e-01 3.750000e-01
7.500000e-02 3.750000e-01
7.500000e-02 5.250000e-01
5.250000e-01 3.750000e-01
3.750000e-01 3.750000e-01
7.875000e-01 4.125000e-01
7.500000e-01 3.750000e-01
8.625000e-01 3.375000e-01
8.625000e-01 3.750000e-01
8.625000e-01 4.125000e-01
9.000000e-01 3.375000e-01
8.250000e-01 4.125000e-01
8.625000e-01 4.500000e-01
8.625000e-01 4.875000e-01
9.375000e-01 3.375000e-01
-1.275000e+00 6.750000e-01
8.625000e-01 8.625000e-01
6.375000e-01 8.625000e-01
7.125000e-01 8.625000e-01
7.125000e-01 9.000000e-01
6.375000e-01 9.000000e-01
8.625000e-01 9.000000e-01
1.425000e+00 8.250000e-01
1.500000e+00 7.500000e-01
1.425000e+00 9.000000e-01
1.275000e+00 9.000000e-01
-1.275000e+00 1.125000e+00
-1.275000e+00 1.200000e+00
-3.375000e-01 1.162500e+00
-4.125000e-01 1.162500e+00
-4.125000e-01 1.200000e+00
-3.375000e-01 1.200000e+00
4.875000e-01 1.087500e+00
3.375000e-01 1.162500e+00
4.125000e-01 1.087500e+00
4.125000e-01 1.125000e+00
4.125000e-01 1.162500e+00
4.500000e-01 1.087500e+00
3.750000e-01 1.162500e+00
4.125000e-01 1.200000e+00
3.375000e-01 1.200000e+00
8.250000e-01 9.375000e-01
7.875000e-01 9.375000e-01
8.625000e-01 9.375000e-01
7.875000e-01 1.012500e+00
7.500000e-01 9.750000e-01
6.750000e-01 9.375000e-01
7.125000e-01 9.375000e-01
6.375000e-01 9.375000e-01
9.000000e-01 1.012500e+00
8.625000e-01 1.012500e+00
9.000000e-01 9.375000e-01
8.250000e-01 1.050000e+00
8.625000e-01 1.162500e+00
6.375000e-01 1.162500e+00
6.375000e-01 1.200000e+00
8.625000e-01 1.200000e+00
1.087500e+00 1.012500e+00
1.050000e+00 1.012500e+00
1.012500e+00 9.375000e-01
9.375000e-01 9.375000e-01
1.012500e+00 9.750000e-01
1.012500e+00 1.012500e+00
1.125000e+00 1.050000e+00
1.200000e+00 1.125000e+00
9.375000e-01 1.087500e+00
9.375000e-01 1.162500e+00
9.750000e-01 1.087500e+00
9.375000e-01 1.050000e+00
1.012500e+00 1.087500e+00
1.012500e+00 1.050000e+00
9.375000e-01 9.750000e-01
9.375000e-01 1.012500e+00
9.750000e-01 1.012500e+00
1.050000e+00 1.125000e+00
1.012500e+00 1.162500e+00
9.750000e-01 1.200000e+00
1.350000e+00 9.750000e-01
1.425000e+00 9.750000e-01
1.275000e+00 9.750000e-01
1.425000e+00 1.050000e+00
1.500000e+00 9.750000e-01
1.425000e+00 1.125000e+00
1.500000e+00 1.125000e+00
1.275000e+00 1.050000e+00
1.275000e+00 1.125000e+00
1.350000e+00 1.200000e+00
-1.350000e+00 1.275000e+00
-1.275000e+00 1.275000e+00
-1.425000e+00 1.275000e+00
-1.500000e+00 1.350000e+00
-9.750000e-01 1.275000e+00
-9.750000e-01 1.425000e+00
-9.000000e-01 1.350000e+00
-1.050000e+00 1.500000e+00
-8.250000e-01 1.275000e+00
-6.750000e-01 1.425000e+00
-8.250000e-01 1.425000e+00
-7.500000e-01 1.500000e+00
-3.750000e-01 1.237500e+00
-4.125000e-01 1.237500e+00
-3.375000e-01 1.237500e+00
-4.125000e-01 1.275000e+00
-4.500000e-01 1.237500e+00
-4.125000e-01 1.312500e+00
-4.500000e-01 1.312500e+00
-4.875000e-01 1.237500e+00
-4.875000e-01 1.275000e+00
-4.875000e-01 1.312500e+00
-3.375000e-01 1.387500e+00
-3.750000e-01 1.350000e+00
-4.125000e-01 1.387500e+00
-3.000000e-01 1.425000e+00
-3.375000e-01 1.462500e+00
-3.000000e-01 1.275000e+00
-5.250000e-01 1.350000e+00
-4.500000e-01 1.425000e+00
-3.750000e-01 1.500000e+00
-1.125000e-01 1.312500e+00
-7.500000e-02 1.350000e+00
-3.750000e-02 1.312500e+00
0.000000e+00 1.275000e+00
1.875000e-01 1.237500e+00
1.500000e-01 1.237500e+00
1.125000e-01 1.237500e+00
1.125000e-01 1.275000e+00
1.125000e-01 1.312500e+00
3.000000e-01 1.425000e+00
3.000000e-01 1.275000e+00
7.500000e-02 1.350000e+00
3.750000e-02 1.312500e+00
4.500000e-01 1.275000e+00
4.125000e-01 1.237500e+00
3.375000e-01 1.237500e+00
6.000000e-01 1.425000e+00
6.000000e-01 1.275000e+00
3.375000e-01 1.387500e+00
3.750000e-01 1.350000e+00
3.375000e-01 1.462500e+00
3.750000e-01 1.500000e+00
8.250000e-01 1.237500e+00
7.875000e-01 1.237500e+00
8.625000e-01 1.237500e+00
7.500000e-01 1.237500e+00
7.875000e-01 1.312500e+00
6.750000e-01 1.237500e+00
7.125000e-01 1.237500e+00
6.375000e-01 1.237500e+00
7.125000e-01 1.275000e+00
7.125000e-01 1.312500e+00
8.625000e-01 1.387500e+00
8.250000e-01 1.350000e+00
9.000000e-01 1.425000e+00
8.625000e-01 1.462500e+00
8.625000e-01 1.312500e+00
9.000000e-01 1.275000e+00
6.375000e-01 1.387500e+00
7.125000e-01 1.387500e+00
6.750000e-01 1.350000e+00
7.875000e-01 1.462500e+00
7.500000e-01 1.425000e+00
8.250000e-01 1.500000e+00
1.050000e+00 1.275000e+00
1.125000e+00 1.275000e+00
9.750000e-01 1.275000e+00
1.125000e+00 1.425000e+00
1.200000e+00 1.350000e+00
9.750000e-01 1.425000e+00
1.050000e+00 1.500000e+00
1.350000e+00 1.350000e+00
simplices
0 1 259
259 771 772
12 771 772
1 259 772
0 11 259
11 259 260
259 260 771
260 771 773
12 771 773
1 2 262
2 261 262
13 261 262
12 262 772
1 262 772
13 262 774
12 262 774
121 775 776
3 775 776
2 121 776
121 263 264
14 263 777
263 264 777
121 264 775
264 775 778
3 775 778
121 261 265
13 261 265
2 121 261
121 122 265
122 265 266
13 265 266
121 122 263
122 263 267
14 263 267
123 779 781
4 779 781
123 780 781
3 780 781
123 782 783
15 782 783
123 779 783
4 779 783
264 784 785
123 784 785
264 777 785
14 777 785
264 780 784
123 780 784
264 778 780
3 778 780
124 785 786
123 785 786
124 785 787
14 785 787
124 782 786
123 782 786
124 782 788
15 782 788
125 789 791
5 789 791
125 790 791
4 790 791
125 792 793
16 792 793
125 789 793
5 789 793
125 783 794
15 783 794
125 783 790
4 783 790
126 794 795
125 794 795
126 794 796
15 794 796
126 792 795
125 792 795
126 792 797
16 792 797
127 798 799
6 798 799
5 127 799
268 800 802
127 800 802
268 801 802
17 801 802
268 798 800
127 798 800
268 798 803
6 798 803
127 793 804
16 793 804
5 127 793
127 128 804
128 804 805
16 804 805
127 128 802
128 802 806
17 802 806
129 269 807
269 271 807
7 269 271
270 807 809
129 807 809
270 807 808
271 807 808
270 810 811
6 810 811
270 808 810
271 808 810
272 813 814
129 813 814
272 812 813
273 812 813
272 815 816
18 815 816
272 812 815
273 812 815
129 269 813
269 273 813
7 269 273
268 274 818
274 817 818
129 817 818
268 274 801
274 801 819
17 801 819
268 270 818
270 809 818
129 809 818
268 270 803
270 803 811
6 803 811
274 275 820
130 275 820
274 275 817
275 817 821
129 817 821
276 820 822
274 820 822
276 820 823
130 820 823
276 819 822
274 819 822
17 276 819
275 824 825
272 824 825
130 275 825
275 814 824
272 814 824
275 814 821
129 814 821
272 277 825
130 277 825
272 277 816
18 277 816
279 280 826
8 280 826
7 279 280
278 826 828
8 826 828
278 826 827
279 826 827
278 829 830
19 829 830
278 827 829
279 827 829
273 815 831
18 815 831
273 279 831
7 273 279
279 281 831
281 831 832
18 831 832
279 281 829
281 829 833
19 829 833
9 283 284
283 284 834
8 284 834
9 282 283
20 282 283
278 830 835
19 830 835
278 283 835
278 828 834
8 828 834
278 283 834
283 285 835
19 285 835
20 283 285
288 836 838
287 836 838
288 837 838
10 837 838
288 836 840
287 836 840
288 839 840
9 839 840
10 286 838
286 287 838
21 286 841
286 287 841
20 282 842
282 287 842
9 282 840
282 287 840
287 841 843
21 841 843
287 842 843
20 842 843
260 773 845
12 773 845
260 844 845
290 844 845
11 260 846
260 844 846
290 844 846
289 845 847
12 845 847
289 290 845
23 289 848
289 290 848
22 290 849
290 846 849
11 846 849
22 290 291
290 291 848
291 848 850
23 848 850
13 132 774
132 774 851
12 774 851
13 131 132
131 292 853
292 852 853
24 852 853
131 132 292
289 293 855
293 854 855
132 854 855
23 289 293
289 851 855
132 851 855
289 847 851
12 847 851
294 856 858
293 856 858
294 857 858
133 857 858
294 854 856
293 854 856
132 294 854
293 858 859
133 858 859
23 293 859
292 294 860
294 857 860
133 857 860
132 292 294
295 860 861
292 860 861
295 860 862
133 860 862
295 852 861
292 852 861
295 852 863
24 852 863
122 267 297
14 267 297
122 296 297
135 296 297
122 266 298
13 266 298
122 296 298
135 296 298
297 300 864
134 300 864
14 297 300
297 299 864
299 864 865
134 864 865
135 297 299
301 866 868
134 866 868
301 867 868
25 867 868
299 865 866
134 865 866
299 866 869
301 866 869
135 299 870
299 869 870
301 869 870
131 853 871
24 853 871
131 135 871
13 131 298
131 135 298
136 871 872
135 871 872
136 871 873
24 871 873
301 872 874
136 872 874
301 870 872
135 870 872
301 874 875
136 874 875
301 867 875
25 867 875
124 302 788
15 302 788
124 138 302
124 303 787
14 303 787
124 138 303
137 302 876
15 302 876
137 302 304
138 302 304
137 305 306
26 305 306
137 304 305
138 304 877
304 305 877
307 868 878
134 868 878
307 868 879
25 868 879
307 880 881
138 880 881
307 878 881
134 878 881
134 300 303
14 300 303
138 303 881
134 303 881
308 882 884
307 882 884
308 883 884
139 883 884
308 880 882
307 880 882
308 880 885
138 880 885
307 309 884
139 309 884
307 309 879
25 309 879
308 886 887
305 886 887
308 883 887
139 883 887
308 877 886
305 877 886
308 877 885
138 877 885
305 887 888
139 887 888
26 305 888
126 310 797
16 310 797
310 889 890
141 889 890
126 310 890
126 311 796
15 311 796
311 890 891
141 890 891
126 311 890
310 892 893
140 892 893
16 310 893
312 892 894
310 892 894
312 892 895
140 892 895
312 889 894
310 889 894
312 889 896
141 889 896
314 897 899
313 897 899
314 898 899
140 898 899
314 897 901
313 897 901
314 900 901
27 900 901
312 895 899
140 895 899
312 899 902
313 899 902
312 896 903
141 896 903
312 902 903
313 902 903
137 306 904
306 316 904
26 306 905
306 316 905
315 904 906
137 904 906
315 316 904
141 315 907
315 316 907
311 876 908
137 876 908
15 311 876
315 908 909
311 908 909
315 906 908
137 906 908
315 891 909
311 891 909
141 315 891
316 910 911
142 910 911
316 907 911
141 907 911
316 910 912
142 910 912
316 905 912
26 905 912
313 911 913
142 911 913
313 903 911
141 903 911
313 913 914
142 913 914
313 901 914
27 901 914
128 806 916
17 806 916
128 915 916
144 915 916
128 805 917
16 805 917
128 915 917
144 915 917
143 916 919
17 916 919
143 916 918
144 916 918
143 920 921
28 920 921
143 918 920
144 918 920
314 898 923
140 898 923
314 922 923
317 922 923
314 900 924
27 900 924
314 922 924
317 922 924
144 317 925
317 923 925
140 923 925
140 893 917
16 893 917
140 917 925
144 917 925
144 145 317
145 317 926
317 924 926
27 924 926
144 145 920
145 920 927
28 920 927
130 277 319
18 277 928
277 319 928
130 318 319
147 318 319
276 823 929
130 823 929
276 320 929
17 276 320
130 318 929
318 320 929
147 318 320
319 322 931
322 930 931
146 930 931
319 322 928
322 928 932
18 928 932
319 321 931
146 321 931
147 319 321
146 323 934
323 933 934
29 933 934
146 321 323
147 321 323
143 324 921
28 324 921
324 935 936
147 935 936
143 324 936
143 320 919
17 320 919
147 320 936
143 320 936
325 937 939
324 937 939
325 938 939
148 938 939
325 935 937
324 935 937
147 325 935
324 939 940
148 939 940
28 324 940
323 325 941
325 938 941
148 938 941
147 323 325
323 326 941
148 326 941
323 326 933
326 933 942
29 933 942
327 943 945
281 943 945
327 944 945
149 944 945
327 833 943
281 833 943
327 833 946
19 833 946
328 945 947
281 945 947
328 945 948
149 945 948
328 832 947
281 832 947
328 832 949
18 832 949
329 950 952
149 950 952
329 951 952
30 951 952
327 944 950
149 944 950
327 950 953
329 950 953
327 946 954
19 946 954
327 953 954
329 953 954
146 330 934
29 330 934
330 955 956
149 955 956
146 330 956
322 930 958
146 930 958
322 957 958
328 957 958
322 932 949
18 932 949
322 949 957
328 949 957
328 948 956
149 948 956
328 956 958
146 956 958
330 959 960
150 959 960
330 955 960
149 955 960
330 331 959
150 331 959
29 330 331
150 952 960
149 952 960
150 952 961
30 952 961
20 285 332
19 285 962
285 332 962
332 963 964
31 963 964
20 332 964
329 951 965
30 951 965
329 332 965
329 954 962
19 954 962
329 332 962
332 333 965
333 965 966
30 965 966
332 333 963
333 963 967
31 963 967
21 843 968
20 843 968
21 32 968
31 964 968
20 964 968
31 968 969
32 968 969
152 291 334
291 334 850
334 850 970
23 850 970
152 291 335
22 291 335
151 334 336
334 336 970
336 970 971
23 970 971
152 334 972
151 334 972
338 973 974
337 973 974
151 338 974
338 973 976
337 973 976
338 975 976
34 975 976
152 337 972
337 972 974
151 972 974
152 339 340
33 339 340
152 335 340
22 335 340
152 337 341
337 976 977
34 976 977
337 341 977
152 339 341
33 339 341
295 862 978
133 862 978
295 342 978
295 863 979
24 863 979
295 342 979
342 980 981
154 980 981
342 978 981
133 978 981
133 343 859
343 859 982
23 859 982
154 343 981
133 343 981
342 983 984
153 983 984
342 979 984
24 979 984
342 980 985
154 980 985
342 983 985
153 983 985
35 153 344
154 344 985
153 344 985
151 338 346
338 975 986
34 975 986
338 346 986
151 345 346
154 345 346
151 336 988
336 987 988
343 987 988
336 971 982
23 971 982
336 982 987
343 982 987
343 345 988
151 345 988
154 343 345
154 155 346
155 346 347
346 347 986
34 347 986
154 155 344
155 344 348
35 344 348
136 875 989
25 875 989
136 157 989
136 873 990
24 873 990
136 157 990
156 989 992
25 989 992
156 989 991
157 989 991
349 350 994
350 993 994
156 993 994
36 349 350
157 349 991
349 991 994
156 991 994
35 153 996
153 995 996
157 995 996
153 984 990
24 984 990
153 990 995
157 990 995
157 158 996
35 158 996
157 158 349
36 158 349
139 351 888
351 888 997
26 888 997
159 351 998
139 351 998
139 309 999
309 352 999
25 309 1000
309 352 1000
352 998 1001
159 998 1001
352 998 999
139 998 999
159 353 1002
353 354 1002
37 353 1003
353 354 1003
159 351 1002
351 1002 1004
354 1002 1004
351 997 1005
26 997 1005
351 1004 1005
354 1004 1005
350 993 1007
156 993 1007
350 1006 1007
356 1006 1007
36 350 1008
350 1006 1008
356 1006 1008
355 1007 1010
156 1007 1010
355 1007 1009
356 1007 1009
355 1011 1012
159 1011 1012
355 1009 1011
356 1009 1011
352 992 1013
156 992 1013
352 992 1000
25 992 1000
355 1013 1014
352 1013 1014
355 1010 1013
156 1010 1013
355 1001 1014
352 1001 1014
355 1001 1012
159 1001 1012
159 353 1015
353 357 1015
37 353 1016
353 357 1016
356 1011 1015
159 1011 1015
356 357 1015
356 1008 1017
36 1008 1017
356 357 1017
358 914 1018
142 914 1018
358 914 1019
27 914 1019
160 358 1020
358 1018 1020
142 1018 1020
142 359 912
26 359 912
160 359 1020
142 359 1020
360 1022 1023
160 1022 1023
360 1021 1022
361 1021 1022
38 360 1024
360 1021 1024
361 1021 1024
160 358 1022
358 361 1022
358 1019 1025
27 1019 1025
358 361 1025
362 1026 1028
354 1026 1028
362 1027 1028
160 1027 1028
362 1003 1026
354 1003 1026
37 362 1003
354 359 1028
160 359 1028
354 359 1005
26 359 1005
360 1023 1030
160 1023 1030
360 1029 1030
363 1029 1030
38 360 1031
360 1029 1031
363 1029 1031
362 1027 1030
160 1027 1030
362 363 1030
37 362 363
145 927 1033
28 927 1033
145 1032 1033
161 1032 1033
145 926 1034
27 926 1034
145 1032 1034
161 1032 1034
39 161 1035
161 1033 1035
28 1033 1035
361 1036 1037
161 1036 1037
361 1024 1037
38 1024 1037
361 1034 1036
161 1034 1036
361 1025 1034
27 1025 1034
39 161 364
161 364 1037
38 364 1037
148 326 1039
326 1038 1039
365 1038 1039
326 942 1040
29 942 1040
326 1038 1040
365 1038 1040
365 1041 1042
162 1041 1042
365 1039 1042
148 1039 1042
148 940 1043
28 940 1043
148 1042 1043
162 1042 1043
366 1044 1045
162 1044 1045
40 366 1045
365 1041 1044
162 1041 1044
365 1044 1046
366 1044 1046
365 1040 1047
29 1040 1047
365 1046 1047
366 1046 1047
39 162 1035
162 1035 1043
28 1035 1043
162 367 1045
40 367 1045
39 162 367
369 961 1048
150 961 1048
369 961 1049
30 961 1049
368 1048 1051
150 1048 1051
368 1048 1050
369 1048 1050
368 1052 1053
164 1052 1053
368 1050 1052
369 1050 1052
150 331 1054
331 370 1054
29 331 1055
331 370 1055
368 1051 1054
150 1051 1054
368 370 1054
368 1053 1056
164 1053 1056
368 370 1056
372 1057 1059
369 1057 1059
372 1058 1059
163 1058 1059
372 1049 1057
369 1049 1057
30 372 1049
369 371 1059
163 371 1059
369 371 1052
164 371 1052
163 373 1061
373 1060 1061
41 1060 1061
163 371 373
164 371 1062
371 373 1062
366 1063 1064
164 1063 1064
40 366 1064
370 1063 1065
366 1063 1065
370 1056 1063
164 1056 1063
370 1047 1065
366 1047 1065
370 1047 1055
29 1047 1055
373 1062 1067
164 1062 1067
373 1066 1067
374 1066 1067
373 1060 1068
41 1060 1068
373 1066 1068
374 1066 1068
374 1064 1067
164 1064 1067
374 1064 1069
40 1064 1069
375 1070 1072
333 1070 1072
375 1071 1072
165 1071 1072
375 967 1070
333 967 1070
31 375 967
376 1072 1073
333 1072 1073
165 376 1072
376 966 1073
333 966 1073
376 966 1074
30 966 1074
377 1076 1077
165 1076 1077
377 1075 1076
378 1075 1076
377 1078 1079
42 1078 1079
377 1075 1078
378 1075 1078
375 1071 1076
165 1071 1076
375 1076 1080
378 1076 1080
31 375 1081
375 1080 1081
378 1080 1081
163 379 1061
41 379 1061
165 379 1082
163 379 1082
372 1058 1083
163 1058 1083
372 376 1083
30 372 1074
372 376 1074
165 376 1082
376 1082 1083
163 1082 1083
166 379 380
165 379 380
166 379 381
41 379 381
166 377 380
377 380 1077
165 380 1077
166 377 1084
377 1079 1084
42 1079 1084
32 382 969
382 969 1085
31 969 1085
32 43 382
378 1078 1086
42 1078 1086
378 382 1086
378 1081 1085
31 1081 1085
378 382 1085
43 382 1087
382 1086 1087
42 1086 1087
168 341 1088
341 977 1088
34 977 1088
33 168 341
167 1088 1090
34 1088 1090
167 1088 1089
168 1088 1089
45 167 1091
167 1089 1091
168 1089 1091
33 44 168
168 1091 1092
45 1091 1092
44 168 1092
155 348 384
35 348 384
155 383 384
170 383 1093
383 384 1093
155 347 385
34 347 385
155 383 385
170 383 385
384 387 1094
169 387 1094
35 384 387
384 386 1094
386 1094 1095
169 1094 1095
384 386 1093
386 1093 1096
170 1093 1096
389 1097 1099
388 1097 1099
389 1098 1099
169 1098 1099
389 1097 1101
388 1097 1101
389 1100 1101
46 1100 1101
386 1095 1099
169 1095 1099
386 1099 1102
388 1099 1102
386 1096 1103
170 1096 1103
386 1102 1103
388 1102 1103
45 167 390
167 170 390
167 385 1090
34 385 1090
167 170 385
171 390 1104
170 390 1104
171 390 391
45 390 391
171 388 1104
388 1103 1104
170 1103 1104
171 388 1105
388 1101 1105
46 1101 1105
36 158 392
172 392 1106
158 392 1106
35 158 393
393 1106 1107
172 1106 1107
158 393 1106
172 394 395
47 394 1108
394 395 1108
172 392 395
36 392 395
389 1098 1109
169 1098 1109
389 397 1109
389 1100 1110
46 1100 1110
389 397 1110
169 396 1109
396 1109 1111
397 1109 1111
396 1112 1113
172 1112 1113
396 1111 1112
397 1111 1112
169 387 393
35 387 393
169 393 396
393 396 1107
396 1107 1113
172 1107 1113
172 394 1114
394 398 1114
47 394 398
397 1112 1114
172 1112 1114
397 1114 1115
398 1114 1115
397 1110 1116
46 1110 1116
397 1115 1116
398 1115 1116
357 1016 1118
37 1016 1118
357 1117 1118
400 1117 1118
357 1017 1119
36 1017 1119
357 1117 1119
400 1117 1119
399 1118 1121
37 1118 1121
399 1118 1120
400 1118 1120
399 1122 1123
48 1122 1123
399 1120 1122
400 1120 1122
395 1108 1125
47 1108 1125
395 1124 1125
400 1124 1125
36 395 1119
395 1119 1124
400 1119 1124
401 1125 1126
400 1125 1126
47 401 1125
401 1122 1126
400 1122 1126
401 1122 1127
48 1122 1127
363 1031 1128
38 1031 1128
363 403 1128
37 363 1129
363 403 1129
38 402 1128
402 403 1128
49 402 403
399 1123 1130
48 1123 1130
399 403 1130
399 1121 1129
37 1121 1129
399 403 1129
403 404 1130
48 404 1130
49 403 404
39 364 406
38 364 406
39 405 406
50 405 406
49 402 1131
402 406 1131
38 402 406
406 407 1131
407 1131 1132
49 1131 1132
50 406 407
40 367 409
39 367 409
40 408 409
51 408 1133
408 409 1133
50 405 1134
405 409 1134
39 405 409
410 1134 1135
409 1134 1135
50 410 1134
410 1133 1135
409 1133 1135
410 1133 1136
51 1133 1136
374 1137 1138
174 1137 1138
374 1068 1138
41 1068 1138
374 1137 1139
174 1137 1139
374 1069 1139
40 1069 1139
173 1138 1140
41 1138 1140
173 174 1138
173 1141 1142
52 1141 1142
173 174 1141
174 408 1143
51 408 1143
174 408 1139
40 408 1139
174 411 1141
411 1141 1144
52 1141 1144
174 411 1143
411 1143 1145
51 1143 1145
166 1084 1147
42 1084 1147
166 1146 1147
176 1146 1147
166 381 412
41 381 1148
381 412 1148
412 1146 1149
176 1146 1149
166 412 1146
175 1147 1151
42 1147 1151
175 1147 1150
176 1147 1150
175 413 1153
413 1152 1153
53 1152 1153
413 1150 1154
176 1150 1154
175 413 1150
414 1142 1155
173 1142 1155
414 1142 1156
52 1142 1156
414 1157 1158
176 1157 1158
414 1155 1158
173 1155 1158
412 1140 1159
173 1140 1159
412 1140 1148
41 1140 1148
412 1149 1158
176 1149 1158
412 1158 1159
173 1158 1159
414 1160 1161
177 1160 1161
414 1157 1161
176 1157 1161
415 1160 1162
414 1160 1162
415 1160 1163
177 1160 1163
415 1156 1162
414 1156 1162
415 1156 1164
52 1156 1164
413 1161 1165
177 1161 1165
413 1154 1161
176 1154 1161
416 1165 1166
413 1165 1166
416 1165 1167
177 1165 1167
416 1152 1166
413 1152 1166
416 1152 1168
53 1152 1168
178 1087 1169
43 1087 1169
178 1087 1170
42 1087 1170
178 1171 1172
54 1171 1172
178 1169 1172
43 1169 1172
175 1153 1174
53 1153 1174
175 1173 1174
178 1173 1174
175 1151 1170
42 1151 1170
175 1170 1173
178 1170 1173
417 1171 1175
178 1171 1175
417 1171 1176
54 1171 1176
417 1174 1175
178 1174 1175
417 1174 1177
53 1174 1177
45 180 1092
44 180 1092
45 179 180
56 179 1178
179 180 1178
180 1179 1180
55 1179 1180
44 180 1180
180 418 1178
418 1178 1181
56 1178 1181
180 418 1179
418 1179 1182
55 1179 1182
420 1105 1183
171 1105 1183
46 420 1105
171 419 1183
419 1183 1184
420 1183 1184
419 1185 1186
182 1185 1186
419 1184 1185
420 1184 1185
171 391 421
45 391 421
171 419 421
419 1186 1187
182 1186 1187
419 421 1187
181 420 423
46 420 423
181 420 422
420 422 1185
182 422 1185
181 424 425
57 424 425
181 422 424
182 422 424
56 179 426
182 426 1188
179 426 1188
45 179 421
421 1187 1188
182 1187 1188
179 421 1188
182 183 426
183 426 427
56 426 427
182 183 424
183 424 428
57 424 428
184 398 429
47 398 429
184 398 430
398 430 1116
46 430 1116
184 431 432
58 431 432
184 429 432
47 429 432
181 425 434
57 425 434
181 433 434
184 433 434
181 423 430
46 423 430
181 430 433
184 430 433
184 431 435
58 431 435
184 434 435
57 434 1189
434 435 1189
401 1127 1190
48 1127 1190
401 437 1190
47 401 437
436 1190 1191
48 1190 1191
436 437 1190
59 436 437
58 432 437
47 432 437
58 437 438
59 437 438
49 404 440
48 404 1192
404 440 1192
49 439 440
60 439 1193
439 440 1193
59 436 1195
436 1194 1195
440 1194 1195
436 1191 1192
48 1191 1192
436 1192 1194
440 1192 1194
441 1195 1196
440 1195 1196
441 1195 1197
59 1195 1197
441 1193 1196
440 1193 1196
441 1193 1198
60 1193 1198
50 407 1200
407 1199 1200
443 1199 1200
407 1132 1201
49 1132 1201
407 1199 1201
443 1199 1201
442 1200 1202
50 1200 1202
442 443 1200
61 442 443
60 439 443
49 439 1201
439 443 1201
60 443 444
61 443 444
410 1136 1203
51 1136 1203
410 446 1203
50 410 1204
410 446 1204
445 1203 1205
51 1203 1205
445 446 1203
445 1206 1207
62 1206 1207
445 446 1206
61 442 1209
442 1208 1209
446 1208 1209
442 1202 1204
50 1202 1204
442 1204 1208
446 1204 1208
447 1209 1210
446 1209 1210
447 1209 1211
61 1209 1211
447 1206 1210
446 1206 1210
447 1206 1212
62 1206 1212
448 1213 1215
411 1213 1215
448 1214 1215
186 1214 1215
448 1144 1213
411 1144 1213
448 1144 1216
52 1144 1216
449 1215 1217
411 1215 1217
449 1215 1218
186 1215 1218
449 1145 1217
411 1145 1217
449 1145 1219
51 1145 1219
451 1220 1222
448 1220 1222
451 1221 1222
185 1221 1222
451 1216 1220
448 1216 1220
451 1216 1223
52 1216 1223
450 1222 1224
448 1222 1224
450 1222 1225
185 1222 1225
450 1214 1224
448 1214 1224
450 1214 1226
186 1214 1226
453 1227 1229
452 1227 1229
453 1228 1229
185 1228 1229
453 1227 1231
452 1227 1231
453 1230 1231
63 1230 1231
450 1225 1229
185 1225 1229
450 1229 1232
452 1229 1232
450 1226 1233
186 1226 1233
450 1232 1233
452 1232 1233
454 1234 1236
445 1234 1236
454 1235 1236
186 1235 1236
454 1207 1234
445 1207 1234
454 1207 1237
62 1207 1237
449 1236 1238
445 1236 1238
449 1218 1236
186 1218 1236
449 1205 1238
445 1205 1238
449 1205 1219
51 1205 1219
452 1233 1240
186 1233 1240
452 1239 1240
455 1239 1240
452 1231 1241
63 1231 1241
452 1239 1241
455 1239 1241
454 1235 1240
186 1235 1240
454 1240 1242
455 1240 1242
454 1237 1243
62 1237 1243
454 1242 1243
455 1242 1243
416 1167 1245
177 1167 1245
416 1244 1245
457 1244 1245
416 1168 1246
53 1168 1246
416 1244 1246
457 1244 1246
456 1245 1248
177 1245 1248
456 1245 1247
457 1245 1247
456 1249 1250
188 1249 1250
456 1247 1249
457 1247 1249
415 1163 1252
177 1163 1252
415 1251 1252
458 1251 1252
415 1164 1253
52 1164 1253
415 1251 1253
458 1251 1253
456 1248 1252
177 1248 1252
456 1252 1254
458 1252 1254
456 1250 1255
188 1250 1255
456 1254 1255
458 1254 1255
460 1256 1258
457 1256 1258
460 1257 1258
187 1257 1258
460 1246 1256
457 1246 1256
53 460 1246
457 459 1258
187 459 1258
457 459 1249
188 459 1249
187 461 462
461 462 1260
462 1259 1260
64 1259 1260
187 459 461
188 459 1261
459 461 1261
453 1228 1263
185 1228 1263
453 1262 1263
464 1262 1263
453 1230 1264
63 1230 1264
453 1262 1264
464 1262 1264
463 1263 1266
185 1263 1266
463 1263 1265
464 1263 1265
463 1267 1268
188 1267 1268
463 1265 1267
464 1265 1267
451 1221 1270
185 1221 1270
451 1269 1270
458 1269 1270
451 1223 1253
52 1223 1253
451 1253 1269
458 1253 1269
458 463 1270
463 1266 1270
185 1266 1270
458 463 1255
463 1255 1268
188 1255 1268
465 1271 1273
464 1271 1273
465 1272 1273
189 1272 1273
465 1267 1271
464 1267 1271
465 1267 1274
188 1267 1274
466 1273 1275
464 1273 1275
466 1273 1276
189 1273 1276
466 1264 1275
464 1264 1275
466 1264 1277
63 1264 1277
465 1278 1279
461 1278 1279
465 1272 1279
189 1272 1279
465 1261 1278
461 1261 1278
465 1261 1274
188 1261 1274
467 1279 1280
461 1279 1280
467 1279 1281
189 1279 1281
467 1260 1280
461 1260 1280
64 467 1260
468 1282 1283
417 1282 1283
190 468 1283
468 1176 1282
417 1176 1282
468 1176 1284
54 1176 1284
417 469 1283
469 1283 1285
190 1283 1285
417 469 1177
469 1177 1286
53 1177 1286
190 470 471
470 1287 1288
65 1287 1288
470 471 1287
190 468 471
468 1284 1289
54 1284 1289
468 471 1289
187 462 1291
462 1290 1291
473 1290 1291
462 1259 1292
64 1259 1292
462 1290 1292
473 1290 1292
472 1291 1294
187 1291 1294
472 1291 1293
473 1291 1293
472 1295 1296
190 1295 1296
472 1293 1295
473 1293 1295
460 1257 1298
187 1257 1298
460 1297 1298
469 1297 1298
53 460 1286
460 1286 1297
469 1286 1297
469 472 1298
472 1294 1298
187 1294 1298
469 472 1285
472 1285 1296
190 1285 1296
190 470 1300
470 1299 1300
474 1299 1300
470 1288 1301
65 1288 1301
470 1299 1301
474 1299 1301
473 1295 1300
190 1295 1300
473 1300 1302
474 1300 1302
473 1292 1303
64 1292 1303
473 1302 1303
474 1302 1303
475 1304 1306
418 1304 1306
475 1305 1306
192 1305 1306
475 1181 1304
418 1181 1304
475 1181 1307
56 1181 1307
476 1306 1308
418 1306 1308
476 1306 1309
192 1306 1309
476 1182 1308
418 1182 1308
55 476 1182
478 1310 1312
475 1310 1312
478 1311 1312
191 1311 1312
478 1307 1310
475 1307 1310
478 1307 1313
56 1307 1313
477 1312 1314
475 1312 1314
191 477 1312
477 1305 1314
475 1305 1314
477 1305 1315
192 1305 1315
480 1316 1317
479 1316 1317
191 480 1317
480 1316 1319
479 1316 1319
480 1318 1319
67 1318 1319
191 477 1317
477 479 1317
477 1315 1320
192 1315 1320
477 479 1320
192 481 1322
481 1321 1322
482 1321 1322
481 1323 1324
66 1323 1324
481 1321 1323
482 1321 1323
476 1309 1322
192 1309 1322
476 482 1322
55 476 482
479 1320 1325
192 1320 1325
479 483 1325
479 1319 1326
67 1319 1326
479 483 1326
192 481 1325
481 483 1325
481 1324 1327
66 1324 1327
481 483 1327
183 428 485
57 428 1328
428 485 1328
183 484 485
194 484 1329
484 485 1329
183 427 486
56 427 1330
427 486 1330
183 484 486
194 484 1331
484 486 1331
488 1332 1333
485 1332 1333
193 488 1333
488 1328 1332
485 1328 1332
488 1328 1334
57 1328 1334
487 1333 1335
485 1333 1335
487 1333 1336
193 1333 1336
487 1329 1335
485 1329 1335
487 1329 1337
194 1329 1337
490 1338 1340
489 1338 1340
490 1339 1340
193 1339 1340
490 1338 1341
489 1338 1341
68 490 1341
487 1336 1340
193 1336 1340
487 489 1340
487 1337 1342
194 1337 1342
487 489 1342
191 480 1344
480 1343 1344
492 1343 1344
480 1318 1345
67 1318 1345
480 1343 1345
492 1343 1345
491 1344 1347
191 1344 1347
491 1344 1346
492 1344 1346
491 1348 1349
194 1348 1349
491 1346 1348
492 1346 1348
478 1311 1351
191 1311 1351
478 1350 1351
486 1350 1351
478 1313 1330
56 1313 1330
478 1330 1350
486 1330 1350
486 491 1351
491 1347 1351
191 1347 1351
486 491 1331
491 1331 1349
194 1331 1349
493 1352 1354
492 1352 1354
493 1353 1354
195 1353 1354
493 1348 1352
492 1348 1352
493 1348 1355
194 1348 1355
494 1354 1356
492 1354 1356
494 1354 1357
195 1354 1357
494 1345 1356
492 1345 1356
494 1345 1358
67 1345 1358
493 1359 1360
489 1359 1360
493 1353 1360
195 1353 1360
493 1342 1359
489 1342 1359
493 1342 1355
194 1342 1355
489 1360 1361
195 1360 1361
489 1341 1361
68 1341 1361
435 1362 1363
196 1362 1363
58 435 1363
495 1362 1364
435 1362 1364
495 1362 1365
196 1362 1365
495 1189 1364
435 1189 1364
495 1189 1366
57 1189 1366
196 496 1368
496 1367 1368
69 1367 1368
196 496 1363
496 1363 1369
58 1363 1369
490 1339 1370
193 1339 1370
490 497 1370
68 490 497
196 497 1371
497 1370 1371
193 1370 1371
193 488 1372
488 495 1372
488 1334 1366
57 1334 1366
488 495 1366
495 1365 1371
196 1365 1371
495 1371 1372
193 1371 1372
196 498 1368
69 498 1368
196 497 498
68 497 1373
497 498 1373
59 438 500
58 438 1374
438 500 1374
59 499 500
499 1375 1376
70 1375 1376
499 500 1375
496 1367 1378
69 1367 1378
496 1377 1378
500 1377 1378
496 1369 1374
58 1369 1374
496 1374 1377
500 1374 1377
501 1378 1379
500 1378 1379
501 1378 1380
69 1378 1380
501 1375 1379
500 1375 1379
501 1375 1381
70 1375 1381
441 1198 1383
60 1198 1383
441 1382 1383
503 1382 1383
441 1197 1384
59 1197 1384
441 1382 1384
503 1382 1384
60 502 1383
502 503 1383
71 502 503
499 1376 1386
70 1376 1386
499 1385 1386
503 1385 1386
59 499 1384
499 1384 1385
503 1384 1385
503 504 1386
70 504 1386
71 503 504
61 444 1387
444 506 1387
60 444 506
505 1387 1388
61 1387 1388
505 506 1387
72 505 1389
505 506 1389
71 502 506
60 502 506
71 506 507
506 507 1389
507 1389 1390
72 1389 1390
447 1212 1391
62 1212 1391
447 509 1391
447 1211 1392
61 1211 1392
447 509 1392
62 508 1391
508 509 1391
73 508 1393
508 509 1393
72 505 1395
505 1394 1395
509 1394 1395
505 1388 1392
61 1388 1392
505 1392 1394
509 1392 1394
510 1395 1396
509 1395 1396
510 1395 1397
72 1395 1397
510 1393 1396
509 1393 1396
510 1393 1398
73 1393 1398
511 1399 1401
455 1399 1401
511 1400 1401
198 1400 1401
511 1241 1399
455 1241 1399
511 1241 1402
63 1241 1402
455 1401 1403
198 1401 1403
455 1243 1403
62 1243 1403
512 1404 1405
511 1404 1405
197 512 1405
512 1402 1404
511 1402 1404
512 1402 1406
63 1402 1406
511 1400 1407
198 1400 1407
511 1405 1407
197 1405 1407
514 1408 1410
513 1408 1410
514 1409 1410
197 1409 1410
514 1408 1411
513 1408 1411
74 514 1411
198 513 1407
513 1407 1410
197 1407 1410
73 198 508
198 508 1403
62 508 1403
198 513 515
513 1411 1412
74 1411 1412
513 515 1412
73 198 515
467 1281 1413
189 1281 1413
467 516 1413
64 467 516
200 516 1414
516 1413 1414
189 1413 1414
466 1276 1415
189 1276 1415
466 517 1415
466 1277 1416
63 1277 1416
466 517 1416
200 517 1414
517 1414 1415
189 1414 1415
64 199 516
199 516 518
200 516 518
199 519 520
75 519 520
199 518 519
200 518 519
514 1409 1417
197 1409 1417
514 522 1417
74 514 522
197 521 1417
521 522 1417
200 521 522
197 512 517
512 1406 1416
63 1406 1416
512 517 1416
197 517 521
200 517 521
201 522 523
200 522 523
201 522 524
74 522 524
201 519 523
200 519 523
201 519 525
75 519 525
202 474 526
474 526 1301
65 526 1301
202 474 527
474 527 1303
64 527 1303
202 528 1419
528 1418 1419
529 1418 1419
528 1420 1421
76 1420 1421
528 1418 1420
529 1418 1420
202 526 1419
526 529 1419
65 526 529
199 520 531
75 520 531
199 530 531
202 530 531
64 199 527
199 527 530
202 527 530
202 528 532
528 1421 1422
76 1421 1422
528 532 1422
202 531 532
75 531 532
204 483 533
483 533 1326
533 1326 1423
67 1326 1423
204 483 1424
483 1327 1424
66 1327 1424
533 534 1426
534 1425 1426
203 1425 1426
533 534 1423
534 1423 1427
67 1423 1427
204 533 1428
533 1426 1428
203 1426 1428
536 1429 1431
535 1429 1431
536 1430 1431
203 1430 1431
536 1429 1432
535 1429 1432
78 536 1432
204 535 1428
535 1428 1431
203 1428 1431
77 204 1433
204 1424 1433
66 1424 1433
204 535 537
535 1432 1434
78 1432 1434
535 537 1434
77 204 537
539 1361 1435
195 1361 1435
68 539 1361
538 1435 1437
195 1435 1437
538 1435 1436
539 1435 1436
206 538 1438
538 1436 1438
539 1436 1438
494 1357 1439
195 1357 1439
494 540 1439
494 1358 1440
67 1358 1440
494 540 1440
538 1437 1439
195 1437 1439
538 540 1439
206 538 1441
538 540 1441
539 542 1443
542 1442 1443
205 1442 1443
68 539 542
541 1443 1444
539 1443 1444
541 1443 1445
205 1443 1445
541 1438 1444
539 1438 1444
541 1438 1446
206 1438 1446
544 1447 1449
543 1447 1449
544 1448 1449
205 1448 1449
544 1447 1451
543 1447 1451
544 1450 1451
79 1450 1451
541 1445 1449
205 1445 1449
541 1449 1452
543 1449 1452
541 1446 1453
206 1446 1453
541 1452 1453
543 1452 1453
536 1430 1454
203 1430 1454
536 546 1454
78 536 546
545 1454 1456
203 1454 1456
545 1454 1455
546 1454 1455
545 1457 1458
206 1457 1458
545 1455 1457
546 1455 1457
534 1425 1460
203 1425 1460
534 1459 1460
540 1459 1460
534 1427 1440
67 1427 1440
534 1440 1459
540 1440 1459
540 545 1460
545 1456 1460
203 1456 1460
540 545 1441
545 1441 1458
206 1441 1458
207 546 547
546 547 1457
206 547 1457
207 546 548
78 546 548
207 543 547
543 547 1453
206 547 1453
207 543 549
543 549 1451
79 549 1451
208 498 550
69 498 550
208 498 551
498 551 1373
551 1373 1461
68 1373 1461
80 208 552
208 550 552
69 550 552
544 1448 1462
205 1448 1462
544 553 1462
544 1450 1463
79 1450 1463
544 553 1463
208 553 1464
553 1462 1464
205 1462 1464
542 1442 1466
205 1442 1466
542 1465 1466
551 1465 1466
68 542 1461
542 1461 1465
551 1461 1465
208 551 1464
551 1464 1466
205 1464 1466
80 208 554
208 553 554
553 1463 1467
79 1463 1467
553 554 1467
501 1381 1468
70 1381 1468
501 555 1468
501 1380 1469
69 1380 1469
501 555 1469
81 555 1470
555 1468 1470
70 1468 1470
80 552 555
69 552 1469
552 555 1469
80 555 556
81 555 556
71 504 1471
504 558 1471
70 504 1472
504 558 1472
71 557 1471
557 1471 1473
558 1471 1473
557 1474 1475
82 1474 1475
557 1473 1474
558 1473 1474
558 1470 1476
81 1470 1476
558 1470 1472
70 1470 1472
558 1474 1477
82 1474 1477
558 1476 1477
81 1476 1477
507 1390 1479
72 1390 1479
507 1478 1479
560 1478 1479
71 507 1480
507 1478 1480
560 1478 1480
72 559 1479
559 560 1479
83 559 560
557 1475 1481
82 1475 1481
557 560 1481
71 557 1480
557 560 1480
560 561 1481
82 561 1481
83 560 561
510 1398 1482
73 1398 1482
510 563 1482
510 1397 1483
72 1397 1483
510 563 1483
73 562 1482
562 563 1482
84 562 563
83 559 563
72 559 1483
559 563 1483
83 563 564
84 563 564
515 565 1485
565 1484 1485
210 1484 1485
515 565 1412
565 1412 1486
74 1412 1486
515 566 1485
210 566 1485
73 515 566
568 1487 1488
565 1487 1488
209 568 1488
568 1486 1487
565 1486 1487
568 1486 1489
74 1486 1489
567 1488 1490
565 1488 1490
567 1488 1491
209 1488 1491
567 1484 1490
565 1484 1490
210 567 1484
569 570 1492
209 570 1492
85 569 570
567 1491 1492
209 1491 1492
567 569 1492
210 567 569
210 562 571
84 562 571
210 562 566
73 562 566
210 211 571
84 211 571
210 211 569
85 211 569
201 525 572
75 525 572
201 213 572
201 524 573
74 524 1493
524 573 1493
201 213 573
212 572 574
75 572 574
212 213 572
212 575 576
86 575 576
212 213 575
209 570 577
85 570 577
209 213 577
209 568 573
568 1489 1493
74 1489 1493
568 573 1493
209 213 573
214 577 578
213 577 578
214 577 579
85 577 579
214 575 578
213 575 578
214 575 580
86 575 580
215 532 581
532 581 1422
76 581 1422
215 532 582
75 532 582
215 583 584
87 583 584
215 581 584
76 581 584
212 576 586
86 576 586
212 585 586
215 585 586
212 574 582
75 574 582
212 582 585
215 582 585
215 583 587
87 583 587
215 586 587
86 586 587
537 1434 1494
78 1434 1494
537 589 1494
77 537 589
78 588 1494
588 589 1494
89 588 589
77 88 589
88 89 589
207 549 590
79 549 590
207 217 590
207 548 591
78 548 591
207 217 591
216 590 592
79 590 592
216 217 590
216 593 594
90 593 594
216 217 593
89 217 588
217 588 591
78 588 591
217 593 595
90 593 595
89 217 595
218 554 596
80 554 596
218 554 597
554 597 1467
79 597 1467
218 598 599
91 598 599
218 596 599
80 596 599
216 594 601
90 594 601
216 600 601
218 600 601
216 592 597
79 592 597
216 597 600
218 597 600
219 601 602
218 601 602
219 601 603
90 601 603
219 598 602
218 598 602
219 598 604
91 598 604
220 556 605
81 556 605
220 556 606
80 556 606
220 607 608
92 607 608
220 605 608
81 605 608
220 599 609
91 599 609
220 599 606
80 599 606
220 221 609
91 221 609
220 221 607
92 221 607
82 222 1477
81 222 1477
222 610 611
93 610 611
82 222 611
222 608 612
92 608 612
81 222 608
222 223 612
223 612 613
92 612 613
222 223 610
223 610 614
93 610 614
224 561 615
83 561 615
224 561 616
82 561 616
224 617 618
94 617 618
224 615 618
83 615 618
224 611 619
93 611 619
224 611 616
82 611 616
225 619 620
224 619 620
225 619 621
93 619 621
225 617 620
224 617 620
225 617 622
94 617 622
227 564 623
84 564 623
227 564 624
83 564 624
226 623 626
84 623 626
226 623 625
227 623 625
226 627 628
95 627 628
226 625 627
227 625 627
227 618 629
94 618 629
227 618 624
83 618 624
227 228 629
228 629 630
94 629 630
227 228 627
228 627 631
95 627 631
85 211 632
211 230 632
84 211 633
211 230 633
229 632 634
85 632 634
229 230 632
229 635 636
635 636 1495
96 636 1495
229 230 635
226 628 637
95 628 1496
628 637 1496
226 230 637
226 626 633
84 626 633
226 230 633
637 638 1497
231 638 1497
230 637 638
637 639 1497
639 1497 1498
231 1497 1498
637 639 1496
639 1496 1499
95 1496 1499
231 635 638
230 635 638
231 635 640
635 640 1495
640 1495 1500
96 1495 1500
214 580 642
86 580 642
214 641 642
233 641 642
214 579 643
85 579 643
214 641 643
233 641 643
232 642 645
86 642 645
232 642 644
233 642 644
232 646 647
97 646 647
232 644 646
233 644 646
229 636 649
96 636 649
229 648 649
233 648 649
229 634 643
85 634 643
229 643 648
233 643 648
233 234 649
234 649 650
96 649 650
233 234 646
234 646 651
97 646 651
87 235 587
235 587 652
86 587 652
235 1501 1502
98 1501 1502
87 235 1502
232 647 653
97 647 653
232 235 653
232 645 652
86 645 652
232 235 652
235 654 1501
654 1501 1503
98 1501 1503
235 653 654
97 653 1504
653 654 1504
88 89 656
89 655 656
100 655 1505
655 656 1505
99 656 658
88 656 658
99 656 657
656 657 1505
657 1505 1506
100 1505 1506
90 595 660
89 595 660
90 659 660
101 659 660
100 655 660
89 655 660
100 660 661
101 660 661
219 604 663
91 604 663
219 662 663
237 662 663
219 603 664
90 603 664
219 662 664
237 662 664
236 663 666
91 663 666
236 663 665
237 663 665
236 667 668
102 667 668
236 665 667
237 665 667
237 659 669
101 659 669
237 659 664
90 659 664
237 667 670
102 667 670
237 669 670
101 669 670
92 221 671
221 239 671
91 221 672
221 239 672
238 671 673
92 671 673
238 239 671
238 674 675
674 675 1507
103 675 1507
238 239 674
236 668 676
102 668 676
236 239 676
236 666 672
91 666 672
236 239 672
240 676 677
239 676 677
240 676 678
102 676 678
674 677 1508
240 677 1508
239 674 677
674 679 1508
679 1508 1509
240 1508 1509
674 679 1507
679 1507 1510
103 1507 1510
223 614 681
93 614 681
223 680 681
242 680 681
223 613 682
92 613 682
223 680 682
242 680 682
241 681 684
93 681 684
241 681 683
242 681 683
241 685 686
104 685 686
241 683 685
242 683 685
238 675 688
103 675 688
238 687 688
242 687 688
238 673 682
92 673 682
238 682 687
242 682 687
243 688 689
242 688 689
243 688 690
103 688 690
243 685 689
242 685 689
243 685 691
104 685 691
225 622 692
94 622 692
225 245 692
225 621 693
93 621 693
225 245 693
244 692 694
94 692 694
244 245 692
244 695 696
105 695 696
244 245 695
241 686 697
104 686 697
241 245 697
241 684 693
93 684 693
241 245 693
246 697 698
245 697 698
246 697 699
104 697 699
246 695 698
245 695 698
246 695 700
105 695 700
228 631 702
95 631 702
228 701 702
248 701 702
228 630 703
94 630 703
228 701 703
248 701 703
247 702 705
95 702 705
247 702 704
248 702 704
247 706 707
106 706 707
247 704 706
248 704 1511
704 706 1511
244 696 709
105 696 1512
696 709 1512
244 708 709
248 708 1513
708 709 1513
244 694 703
94 694 703
244 703 708
248 703 708
710 1514 1515
709 1514 1515
249 710 1515
710 1513 1514
709 1513 1514
710 1513 1516
248 1513 1516
711 1515 1517
709 1515 1517
711 1515 1518
249 1515 1518
711 1512 1517
709 1512 1517
711 1512 1519
105 1512 1519
249 706 710
706 710 1511
710 1511 1516
248 1511 1516
106 249 706
231 640 1521
640 1520 1521
712 1520 1521
640 1500 1522
96 1500 1522
640 1520 1522
712 1520 1522
712 1523 1524
251 1523 1524
712 1521 1524
231 1521 1524
639 1498 1526
231 1498 1526
639 1525 1526
713 1525 1526
639 1499 1527
95 1499 1527
639 1525 1527
713 1525 1527
251 713 1524
713 1524 1526
231 1524 1526
712 714 1529
714 1528 1529
250 1528 1529
712 714 1522
714 1522 1530
96 1522 1530
712 1523 1531
251 1523 1531
712 1529 1531
250 1529 1531
250 715 716
715 716 1532
107 716 1532
251 715 1531
250 715 1531
247 707 717
106 707 1533
707 717 1533
247 251 717
247 705 713
95 705 1527
705 713 1527
247 251 713
252 717 718
251 717 718
252 717 719
717 719 1533
719 1533 1534
106 1533 1534
252 715 718
251 715 718
252 715 720
715 720 1532
720 1532 1535
107 1532 1535
234 651 722
97 651 722
234 721 722
721 1536 1537
253 1536 1537
721 722 1536
234 650 1538
650 723 1538
96 650 1539
650 723 1539
234 721 1538
721 1538 1540
723 1538 1540
721 1537 1541
253 1537 1541
721 1540 1541
723 1540 1541
253 724 1542
724 725 1542
108 724 1543
724 725 1543
722 1536 1542
253 1536 1542
722 725 1542
97 722 725
250 716 1544
716 727 1544
107 716 1545
716 727 1545
726 1544 1547
250 1544 1547
726 1544 1546
727 1544 1546
726 1548 1549
253 1548 1549
726 1546 1548
727 1546 1548
714 1528 1551
250 1528 1551
714 1550 1551
723 1550 1551
714 1530 1539
96 1530 1539
714 1539 1550
723 1539 1550
726 1551 1552
723 1551 1552
726 1547 1551
250 1547 1551
726 1541 1552
723 1541 1552
726 1541 1549
253 1541 1549
253 724 1553
724 728 1553
108 724 728
727 1548 1553
253 1548 1553
727 1553 1554
728 1553 1554
727 1545 1555
107 1545 1555
727 1554 1555
728 1554 1555
654 1503 1557
98 1503 1557
654 1556 1557
730 1556 1557
654 1504 1558
97 1504 1558
654 1556 1558
730 1556 1558
729 1557 1560
98 1557 1560
729 1557 1559
730 1557 1559
729 1561 1562
109 1561 1562
729 1559 1561
730 1559 1561
725 1543 1564
108 1543 1564
725 1563 1564
730 1563 1564
97 725 1558
725 1558 1563
730 1558 1563
730 1561 1565
109 1561 1565
730 1564 1565
108 1564 1565
657 1506 1567
100 1506 1567
657 1566 1567
732 1566 1567
99 657 1568
657 1566 1568
732 1566 1568
100 731 1567
731 732 1567
111 731 732
110 732 1569
732 1568 1569
99 1568 1569
110 111 732
101 661 1570
661 733 1570
100 661 733
733 1571 1572
112 1571 1572
733 1570 1572
101 1570 1572
111 731 733
100 731 733
733 1571 1573
112 1571 1573
111 733 1573
102 670 735
101 670 1574
670 735 1574
102 734 735
113 734 1575
734 735 1575
735 1572 1576
112 1572 1576
735 1572 1574
101 1572 1574
735 1575 1577
113 1575 1577
735 1576 1577
112 1576 1577
679 1509 1579
240 1509 1579
679 1578 1579
737 1578 1579
679 1510 1580
103 1510 1580
679 1578 1580
737 1578 1580
736 1579 1582
240 1579 1582
736 1579 1581
737 1579 1581
736 1583 1584
254 1583 1584
736 1581 1583
737 1581 1583
240 678 1585
678 738 1585
102 678 738
736 1582 1585
240 1582 1585
736 1585 1586
738 1585 1586
736 1584 1587
254 1584 1587
736 1586 1587
738 1586 1587
739 1589 1590
254 1589 1590
739 1588 1589
740 1588 1589
739 1591 1592
114 1591 1592
739 1588 1591
740 1588 1591
737 1583 1589
254 1583 1589
737 740 1589
737 1580 1593
103 1580 1593
737 740 1593
734 741 1594
254 741 1594
113 734 741
734 738 1594
738 1587 1594
254 1587 1594
102 734 738
739 1590 1595
254 1590 1595
739 742 1595
739 1592 1596
114 1592 1596
739 742 1596
254 741 1595
741 742 1595
113 741 742
243 691 744
104 691 744
243 743 744
255 743 1597
743 744 1597
243 690 745
103 690 745
243 743 745
255 743 745
255 746 1598
746 747 1598
115 746 747
744 1597 1598
255 1597 1598
744 1598 1599
747 1598 1599
104 744 1600
744 1599 1600
747 1599 1600
255 740 748
740 748 1591
114 748 1591
255 740 745
740 745 1593
103 745 1593
255 746 749
115 746 749
255 748 749
114 748 749
246 700 1601
700 751 1601
105 700 751
750 1601 1602
246 1601 1602
750 751 1601
256 750 751
246 699 1603
699 752 1603
104 699 752
750 1602 1603
246 1602 1603
750 1603 1604
752 1603 1604
256 750 1605
750 1604 1605
752 1604 1605
256 753 754
116 753 1606
753 754 1606
256 751 754
105 751 1607
751 754 1607
747 755 1608
256 755 1608
115 747 755
752 1608 1609
747 1608 1609
752 1605 1608
256 1605 1608
752 1600 1609
747 1600 1609
104 752 1600
256 753 756
116 753 756
256 755 756
115 755 756
106 249 757
257 757 1610
249 757 1610
711 1518 1611
249 1518 1611
711 758 1611
711 1519 1612
105 1519 1612
711 758 1612
257 758 1610
758 1610 1611
249 1610 1611
257 759 760
117 759 1613
759 760 1613
257 757 760
106 757 1614
757 760 1614
761 1615 1616
754 1615 1616
257 761 1616
761 1606 1615
754 1606 1615
761 1606 1617
116 1606 1617
754 758 1616
257 758 1616
754 758 1607
758 1607 1612
105 1607 1612
257 759 762
117 759 762
257 761 762
761 1617 1618
116 1617 1618
761 762 1618
252 720 1620
720 1619 1620
764 1619 1620
720 1535 1621
107 1535 1621
720 1619 1621
764 1619 1621
763 1620 1622
252 1620 1622
763 764 1620
258 763 1623
763 764 1623
252 719 1625
719 1624 1625
765 1624 1625
719 1534 1626
106 1534 1626
719 1624 1626
765 1624 1626
763 1622 1625
252 1622 1625
763 1625 1627
765 1625 1627
258 763 1628
763 1627 1628
765 1627 1628
258 766 1630
766 1629 1630
767 1629 1630
766 1631 1632
118 1631 1632
766 1629 1631
767 1629 1631
764 1623 1630
258 1623 1630
764 1630 1633
767 1630 1633
764 1621 1634
107 1621 1634
764 1633 1634
767 1633 1634
768 1635 1637
760 1635 1637
768 1636 1637
258 1636 1637
768 1613 1635
760 1613 1635
117 768 1613
760 765 1637
765 1628 1637
258 1628 1637
760 765 1614
765 1614 1626
106 1614 1626
258 766 1639
766 1638 1639
769 1638 1639
766 1632 1640
118 1632 1640
766 1638 1640
769 1638 1640
768 1636 1639
258 1636 1639
768 769 1639
117 768 769
108 728 1642
728 1641 1642
770 1641 1642
728 1555 1643
107 1555 1643
728 1641 1643
770 1641 1643
770 1644 1645
119 1644 1645
770 1642 1645
108 1642 1645
767 1631 1646
118 1631 1646
767 770 1646
767 1634 1643
107 1634 1643
767 770 1643
770 1644 1647
119 1644 1647
770 1646 1647
118 1646 1647
109 1565 1648
108 1565 1648
109 120 1648
119 1645 1648
108 1645 1648
119 120 1648
