ID=9753134
numvertices=1653
numsimplices=3223
vertices
-1.500000e+00 -1.500000e+00
-1.200000e+00 -1.500000e+00
-9.000000e-01 -1.500000e+00
-6.000000e-01 -1.500000e+00
-3.000000e-01 -1.500000e+00
0.000000e+00 -1.500000e+00
3.000000e-01 -1.500000e+00
6.000000e-01 -1.500000e+00
9.000000e-01 -1.500000e+00
1.200000e+00 -1.500000e+00
1.500000e+00 -1.500000e+00
-1.500000e+00 -1.200000e+00
-1.200000e+00 -1.200000e+00
-9.000000e-01 -1.200000e+00
-6.000000e-01 -1.200000e+00
-3.000000e-01 -1.200000e+00
0.000000e+00 -1.200000e+00
3.000000e-01 -1.200000e+00
6.000000e-01 -1.200000e+00
9.000000e-01 -1.200000e+00
1.200000e+00 -1.200000e+00
1.500000e+00 -1.200000e+00
-1.500000e+00 -9.000000e-01
-1.200000e+00 -9.000000e-01
-9.000000e-01 -9.000000e-01
-6.000000e-01 -9.000000e-01
-3.000000e-01 -9.000000e-01
0.000000e+00 -9.000000e-01
3.000000e-01 -9.000000e-01
6.000000e-01 -9.000000e-01
9.000000e-01 -9.000000e-01
1.200000e+00 -9.000000e-01
1.500000e+00 -9.000000e-01
-1.500000e+00 -6.000000e-01
-1.200000e+00 -6.000000e-01
-9.000000e-01 -6.000000e-01
-6.000000e-01 -6.000000e-01
-3.000000e-01 -6.000000e-01
0.000000e+00 -6.000000e-01
3.000000e-01 -6.000000e-01
6.000000e-01 -6.000000e-01
9.000000e-01 -6.000000e-01
1.200000e+00 -6.000000e-01
1.500000e+00 -6.000000e-01
-1.500000e+00 -3.000000e-01
-1.200000e+00 -3.000000e-01
-9.000000e-01 -3.000000e-01
-6.000000e-01 -3.000000e-01
-3.000000e-01 -3.000000e-01
0.000000e+00 -3.000000e-01
3.000000e-01 -3.000000e-01
6.000000e-01 -3.000000e-01
9.000000e-01 -3.000000e-01
1.200000e+00 -3.000000e-01
1.500000e+00 -3.000000e-01
-1.500000e+00 0.000000e+00
-1.200000e+00 0.000000e+00
-9.000000e-01 0.000000e+00
-6.000000e-01 0.000000e+00
-3.000000e-01 0.000000e+00
0.000000e+00 0.000000e+00
3.000000e-01 0.000000e+00
6.000000e-01 0.000000e+00
9.000000e-01 0.000000e+00
1.200000e+00 0.000000e+00
1.500000e+00 0.000000e+00
-1.500000e+00 3.000000e-01
-1.200000e+00 3.000000e-01
-9.000000e-01 3.000000e-01
-6.000000e-01 3.000000e-01
-3.000000e-01 3.000000e-01
0.000000e+00 3.000000e-01
3.000000e-01 3.000000e-01
6.000000e-01 3.000000e-01
9.000000e-01 3.000000e-01
1.200000e+00 3.000000e-01
1.500000e+00 3.000000e-01
-1.500000e+00 6.000000e-01
-1.200000e+00 6.000000e-01
-9.000000e-01 6.000000e-01
-6.000000e-01 6.000000e-01
-3.000000e-01 6.000000e-01
0.000000e+00 6.000000e-01
3.000000e-01 6.000000e-01
6.000000e-01 6.000000e-01
9.000000e-01 6.000000e-01
1.200000e+00 6.000000e-01
1.500000e+00 6.000000e-01
-1.500000e+00 9.000000e-01
-1.200000e+00 9.000000e-01
-9.000000e-01 9.000000e-01
-6.000000e-01 9.000000e-01
-3.000000e-01 9.000000e-01
0.000000e+00 9.000000e-01
3.000000e-01 9.000000e-01
6.000000e-01 9.000000e-01
9.000000e-01 9.000000e-01
1.200000e+00 9.000000e-01
1.500000e+00 9.000000e-01
-1.500000e+00 1.200000e+00
-1.200000e+00 1.200000e+00
-9.000000e-01 1.200000e+00
-6.000000e-01 1.200000e+00
-3.000000e-01 1.200000e+00
0.000000e+00 1.200000e+00
3.000000e-01 1.200000e+00
6.000000e-01 1.200000e+00
9.000000e-01 1.200000e+00
1.200000e+00 1.200000e+00
1.500000e+00 1.200000e+00
-1.500000e+00 1.500000e+00
-1.200000e+00 1.500000e+00
-9.000000e-01 1.500000e+00
-6.000000e-01 1.500000e+00
-3.000000e-01 1.500000e+00
0.000000e+00 1.500000e+00
3.000000e-01 1.500000e+00
6.000000e-01 1.500000e+00
9.000000e-01 1.500000e+00
1.200000e+00 1.500000e+00
1.500000e+00 1.500000e+00
-7.500000e-01 -1.350000e+00
-7.500000e-01 -1.200000e+00
-4.500000e-01 -1.350000e+00
-4.500000e-01 -1.200000e+00
-1.500000e-01 -1.350000e+00
-1.500000e-01 -1.200000e+00
1.500000e-01 -1.350000e+00
1.500000e-01 -1.200000e+00
4.500000e-01 -1.350000e+00
4.500000e-01 -1.200000e+00
-9.000000e-01 -1.050000e+00
-1.050000e+00 -1.050000e+00
-1.050000e+00 -9.000000e-01
-6.000000e-01 -1.050000e+00
-7.500000e-01 -1.050000e+00
-7.500000e-01 -9.000000e-01
-3.000000e-01 -1.050000e+00
-4.500000e-01 -1.050000e+00
-4.500000e-01 -9.000000e-01
0.000000e+00 -1.050000e+00
-1.500000e-01 -1.050000e+00
-1.500000e-01 -9.000000e-01
3.000000e-01 -1.050000e+00
1.500000e-01 -1.050000e+00
1.500000e-01 -9.000000e-01
6.000000e-01 -1.050000e+00
4.500000e-01 -1.050000e+00
4.500000e-01 -9.000000e-01
7.500000e-01 -1.050000e+00
7.500000e-01 -9.000000e-01
-1.200000e+00 -7.500000e-01
-1.350000e+00 -7.500000e-01
-9.000000e-01 -7.500000e-01
-1.050000e+00 -7.500000e-01
-1.050000e+00 -6.000000e-01
-6.000000e-01 -7.500000e-01
-7.500000e-01 -7.500000e-01
-7.500000e-01 -6.000000e-01
-4.500000e-01 -7.500000e-01
-1.500000e-01 -7.500000e-01
1.500000e-01 -7.500000e-01
4.500000e-01 -7.500000e-01
9.000000e-01 -7.500000e-01
7.500000e-01 -7.500000e-01
1.050000e+00 -7.500000e-01
1.050000e+00 -6.000000e-01
-1.200000e+00 -4.500000e-01
-1.350000e+00 -4.500000e-01
-9.000000e-01 -4.500000e-01
-1.050000e+00 -4.500000e-01
-1.050000e+00 -3.000000e-01
-7.500000e-01 -4.500000e-01
9.000000e-01 -4.500000e-01
7.500000e-01 -4.500000e-01
1.200000e+00 -4.500000e-01
1.050000e+00 -4.500000e-01
1.050000e+00 -3.000000e-01
1.350000e+00 -4.500000e-01
-1.200000e+00 -1.500000e-01
-1.350000e+00 -1.500000e-01
-9.000000e-01 -1.500000e-01
-1.050000e+00 -1.500000e-01
-1.050000e+00 0.000000e+00
-7.500000e-01 -1.500000e-01
9.000000e-01 -1.500000e-01
7.500000e-01 -1.500000e-01
1.200000e+00 -1.500000e-01
1.050000e+00 -1.500000e-01
1.050000e+00 0.000000e+00
1.350000e+00 -1.500000e-01
-1.200000e+00 1.500000e-01
-1.350000e+00 1.500000e-01
-9.000000e-01 1.500000e-01
-1.050000e+00 1.500000e-01
-1.050000e+00 3.000000e-01
-7.500000e-01 1.500000e-01
9.000000e-01 1.500000e-01
7.500000e-01 1.500000e-01
1.200000e+00 1.500000e-01
1.050000e+00 1.500000e-01
1.050000e+00 3.000000e-01
1.350000e+00 1.500000e-01
-1.200000e+00 4.500000e-01
-1.350000e+00 4.500000e-01
-9.000000e-01 4.500000e-01
-1.050000e+00 4.500000e-01
-1.050000e+00 6.000000e-01
-7.500000e-01 4.500000e-01
9.000000e-01 4.500000e-01
7.500000e-01 4.500000e-01
7.500000e-01 6.000000e-01
1.200000e+00 4.500000e-01
1.050000e+00 4.500000e-01
1.050000e+00 6.000000e-01
1.350000e+00 4.500000e-01
-9.000000e-01 7.500000e-01
-1.050000e+00 7.500000e-01
-7.500000e-01 7.500000e-01
-7.500000e-01 9.000000e-01
-4.500000e-01 7.500000e-01
-4.500000e-01 9.000000e-01
-1.500000e-01 7.500000e-01
-1.500000e-01 9.000000e-01
1.500000e-01 7.500000e-01
1.500000e-01 9.000000e-01
6.000000e-01 7.500000e-01
4.500000e-01 7.500000e-01
4.500000e-01 9.000000e-01
9.000000e-01 7.500000e-01
7.500000e-01 7.500000e-01
7.500000e-01 9.000000e-01
1.200000e+00 7.500000e-01
1.050000e+00 7.500000e-01
1.050000e+00 9.000000e-01
1.350000e+00 7.500000e-01
-6.000000e-01 1.050000e+00
-7.500000e-01 1.050000e+00
-3.000000e-01 1.050000e+00
-4.500000e-01 1.050000e+00
-4.500000e-01 1.200000e+00
0.000000e+00 1.050000e+00
-1.500000e-01 1.050000e+00
-1.500000e-01 1.200000e+00
3.000000e-01 1.050000e+00
1.500000e-01 1.050000e+00
1.500000e-01 1.200000e+00
6.000000e-01 1.050000e+00
4.500000e-01 1.050000e+00
4.500000e-01 1.200000e+00
9.000000e-01 1.050000e+00
7.500000e-01 1.050000e+00
7.500000e-01 1.200000e+00
1.050000e+00 1.050000e+00
-4.500000e-01 1.350000e+00
-1.500000e-01 1.350000e+00
1.500000e-01 1.350000e+00
4.500000e-01 1.350000e+00
7.500000e-01 1.350000e+00
-1.350000e+00 -1.350000e+00
-1.350000e+00 -1.200000e+00
-9.000000e-01 -1.350000e+00
-1.050000e+00 -1.350000e+00
-6.750000e-01 -1.275000e+00
-6.000000e-01 -1.350000e+00
-8.250000e-01 -1.275000e+00
-8.250000e-01 -1.200000e+00
-6.750000e-01 -1.200000e+00
3.000000e-01 -1.350000e+00
5.250000e-01 -1.425000e+00
3.750000e-01 -1.425000e+00
4.500000e-01 -1.500000e+00
5.250000e-01 -1.275000e+00
6.000000e-01 -1.350000e+00
3.750000e-01 -1.275000e+00
4.500000e-01 -1.275000e+00
3.750000e-01 -1.200000e+00
5.250000e-01 -1.200000e+00
9.000000e-01 -1.350000e+00
7.500000e-01 -1.350000e+00
7.500000e-01 -1.500000e+00
7.500000e-01 -1.200000e+00
1.200000e+00 -1.350000e+00
1.050000e+00 -1.350000e+00
1.050000e+00 -1.500000e+00
1.050000e+00 -1.200000e+00
1.500000e+00 -1.350000e+00
1.350000e+00 -1.350000e+00
1.350000e+00 -1.500000e+00
-1.200000e+00 -1.050000e+00
-1.350000e+00 -1.050000e+00
-1.350000e+00 -9.000000e-01
-9.750000e-01 -9.750000e-01
-1.125000e+00 -9.750000e-01
-1.050000e+00 -9.750000e-01
-9.750000e-01 -9.000000e-01
-7.500000e-01 -1.125000e+00
-6.750000e-01 -1.125000e+00
-8.250000e-01 -1.125000e+00
-6.750000e-01 -1.050000e+00
-6.000000e-01 -1.125000e+00
-6.750000e-01 -9.750000e-01
-3.750000e-01 -1.125000e+00
-5.250000e-01 -1.125000e+00
-3.750000e-01 -1.050000e+00
-3.750000e-01 -9.750000e-01
-3.000000e-01 -9.750000e-01
-5.250000e-01 -9.750000e-01
-4.500000e-01 -9.750000e-01
-5.250000e-01 -9.000000e-01
-7.500000e-02 -1.125000e+00
-2.250000e-01 -1.125000e+00
-7.500000e-02 -1.050000e+00
-7.500000e-02 -9.750000e-01
0.000000e+00 -9.750000e-01
-2.250000e-01 -1.050000e+00
-2.250000e-01 -9.750000e-01
7.500000e-02 -9.750000e-01
4.500000e-01 -1.125000e+00
5.250000e-01 -1.125000e+00
3.750000e-01 -1.125000e+00
5.250000e-01 -1.050000e+00
6.000000e-01 -1.125000e+00
5.250000e-01 -9.750000e-01
3.750000e-01 -9.750000e-01
4.500000e-01 -9.750000e-01
5.250000e-01 -9.000000e-01
8.250000e-01 -1.125000e+00
6.750000e-01 -1.125000e+00
9.000000e-01 -1.050000e+00
6.750000e-01 -9.750000e-01
6.750000e-01 -9.000000e-01
1.050000e+00 -1.050000e+00
1.050000e+00 -9.000000e-01
-1.275000e+00 -8.250000e-01
-1.425000e+00 -8.250000e-01
-1.200000e+00 -8.250000e-01
-1.275000e+00 -6.750000e-01
-1.200000e+00 -6.750000e-01
-1.425000e+00 -6.750000e-01
-1.500000e+00 -7.500000e-01
-1.350000e+00 -6.000000e-01
-9.750000e-01 -8.250000e-01
-1.125000e+00 -8.250000e-01
-9.750000e-01 -6.750000e-01
-1.125000e+00 -7.500000e-01
-1.125000e+00 -6.750000e-01
-1.125000e+00 -6.000000e-01
-9.750000e-01 -6.000000e-01
-6.750000e-01 -6.750000e-01
-6.000000e-01 -6.750000e-01
-3.750000e-01 -8.250000e-01
-5.250000e-01 -8.250000e-01
-3.750000e-01 -6.750000e-01
-3.000000e-01 -7.500000e-01
-5.250000e-01 -7.500000e-01
-5.250000e-01 -6.750000e-01
-4.500000e-01 -6.000000e-01
-7.500000e-02 -8.250000e-01
-2.250000e-01 -8.250000e-01
-7.500000e-02 -6.750000e-01
0.000000e+00 -7.500000e-01
-2.250000e-01 -6.750000e-01
-1.500000e-01 -6.000000e-01
1.500000e-01 -6.000000e-01
5.250000e-01 -8.250000e-01
6.000000e-01 -7.500000e-01
4.500000e-01 -6.000000e-01
7.500000e-01 -8.250000e-01
8.250000e-01 -8.250000e-01
6.750000e-01 -8.250000e-01
8.250000e-01 -7.500000e-01
9.000000e-01 -8.250000e-01
8.250000e-01 -6.750000e-01
7.500000e-01 -6.000000e-01
1.125000e+00 -8.250000e-01
9.750000e-01 -8.250000e-01
1.125000e+00 -6.750000e-01
1.200000e+00 -7.500000e-01
9.750000e-01 -6.750000e-01
1.050000e+00 -6.750000e-01
9.750000e-01 -6.000000e-01
1.350000e+00 -7.500000e-01
-1.050000e+00 -5.250000e-01
-9.750000e-01 -5.250000e-01
-1.125000e+00 -5.250000e-01
-9.750000e-01 -4.500000e-01
-9.000000e-01 -5.250000e-01
-9.750000e-01 -3.750000e-01
-9.000000e-01 -3.750000e-01
-1.125000e+00 -3.750000e-01
-1.125000e+00 -3.000000e-01
-6.750000e-01 -5.250000e-01
-8.250000e-01 -5.250000e-01
-6.750000e-01 -3.750000e-01
-6.000000e-01 -4.500000e-01
-8.250000e-01 -4.500000e-01
-8.250000e-01 -3.750000e-01
-7.500000e-01 -3.000000e-01
-3.000000e-01 -4.500000e-01
-4.500000e-01 -4.500000e-01
-4.500000e-01 -3.000000e-01
0.000000e+00 -4.500000e-01
-1.500000e-01 -4.500000e-01
-1.500000e-01 -3.000000e-01
3.000000e-01 -4.500000e-01
1.500000e-01 -4.500000e-01
1.500000e-01 -3.000000e-01
6.000000e-01 -4.500000e-01
4.500000e-01 -4.500000e-01
4.500000e-01 -3.000000e-01
9.750000e-01 -5.250000e-01
1.125000e+00 -3.750000e-01
9.750000e-01 -3.750000e-01
9.750000e-01 -3.000000e-01
1.125000e+00 -3.000000e-01
1.350000e+00 -3.000000e-01
-1.350000e+00 0.000000e+00
-1.050000e+00 -2.250000e-01
-9.750000e-01 -2.250000e-01
-1.125000e+00 -2.250000e-01
-9.000000e-01 -2.250000e-01
-9.750000e-01 -7.500000e-02
-9.000000e-01 -7.500000e-02
-9.750000e-01 0.000000e+00
-6.750000e-01 -2.250000e-01
-8.250000e-01 -2.250000e-01
-6.750000e-01 -7.500000e-02
-6.000000e-01 -1.500000e-01
-8.250000e-01 -1.500000e-01
-8.250000e-01 -7.500000e-02
-7.500000e-01 0.000000e+00
-3.000000e-01 -1.500000e-01
-4.500000e-01 -1.500000e-01
-4.500000e-01 0.000000e+00
0.000000e+00 -1.500000e-01
-1.500000e-01 -1.500000e-01
3.000000e-01 -1.500000e-01
1.500000e-01 -1.500000e-01
1.500000e-01 0.000000e+00
6.000000e-01 -1.500000e-01
4.500000e-01 -1.500000e-01
4.500000e-01 0.000000e+00
8.250000e-01 -7.500000e-02
6.750000e-01 -7.500000e-02
7.500000e-01 0.000000e+00
1.050000e+00 -2.250000e-01
1.125000e+00 -2.250000e-01
9.750000e-01 -2.250000e-01
1.125000e+00 -1.500000e-01
1.200000e+00 -2.250000e-01
1.125000e+00 -7.500000e-02
1.200000e+00 -7.500000e-02
9.750000e-01 -7.500000e-02
1.050000e+00 -7.500000e-02
1.125000e+00 0.000000e+00
1.425000e+00 -2.250000e-01
1.275000e+00 -2.250000e-01
1.425000e+00 -7.500000e-02
1.500000e+00 -1.500000e-01
1.275000e+00 -1.500000e-01
1.275000e+00 -7.500000e-02
1.350000e+00 0.000000e+00
-1.275000e+00 7.500000e-02
-1.425000e+00 7.500000e-02
-1.275000e+00 1.500000e-01
-1.200000e+00 7.500000e-02
-1.275000e+00 2.250000e-01
-1.200000e+00 2.250000e-01
-1.425000e+00 2.250000e-01
-1.500000e+00 1.500000e-01
-1.350000e+00 3.000000e-01
-1.050000e+00 7.500000e-02
-9.750000e-01 7.500000e-02
-1.125000e+00 7.500000e-02
-9.750000e-01 2.250000e-01
-1.125000e+00 1.500000e-01
-1.125000e+00 2.250000e-01
-1.050000e+00 2.250000e-01
-1.125000e+00 3.000000e-01
-9.750000e-01 3.000000e-01
-6.750000e-01 7.500000e-02
-8.250000e-01 7.500000e-02
-6.000000e-01 1.500000e-01
-7.500000e-01 3.000000e-01
-4.500000e-01 1.500000e-01
1.500000e-01 1.500000e-01
1.500000e-01 3.000000e-01
4.500000e-01 1.500000e-01
4.500000e-01 3.000000e-01
1.125000e+00 7.500000e-02
1.350000e+00 3.000000e-01
-1.050000e+00 3.750000e-01
-9.750000e-01 3.750000e-01
-1.125000e+00 3.750000e-01
-9.000000e-01 3.750000e-01
-9.750000e-01 5.250000e-01
-9.000000e-01 5.250000e-01
-6.750000e-01 3.750000e-01
-8.250000e-01 3.750000e-01
-6.750000e-01 5.250000e-01
-6.000000e-01 4.500000e-01
-8.250000e-01 4.500000e-01
-8.250000e-01 5.250000e-01
-7.500000e-01 6.000000e-01
-4.500000e-01 4.500000e-01
0.000000e+00 4.500000e-01
-1.500000e-01 4.500000e-01
3.000000e-01 4.500000e-01
1.500000e-01 4.500000e-01
1.500000e-01 6.000000e-01
6.000000e-01 4.500000e-01
4.500000e-01 4.500000e-01
4.500000e-01 6.000000e-01
8.250000e-01 5.250000e-01
6.750000e-01 5.250000e-01
7.500000e-01 5.250000e-01
6.750000e-01 6.000000e-01
8.250000e-01 6.000000e-01
1.125000e+00 3.750000e-01
1.200000e+00 3.750000e-01
1.125000e+00 5.250000e-01
1.200000e+00 5.250000e-01
9.750000e-01 5.250000e-01
1.050000e+00 5.250000e-01
9.750000e-01 6.000000e-01
1.125000e+00 6.000000e-01
1.425000e+00 3.750000e-01
1.275000e+00 3.750000e-01
1.425000e+00 5.250000e-01
1.500000e+00 4.500000e-01
1.275000e+00 4.500000e-01
1.275000e+00 5.250000e-01
1.350000e+00 6.000000e-01
-1.200000e+00 7.500000e-01
-1.350000e+00 7.500000e-01
-1.350000e+00 9.000000e-01
-1.500000e+00 7.500000e-01
-9.750000e-01 6.750000e-01
-1.125000e+00 6.750000e-01
-9.750000e-01 7.500000e-01
-9.750000e-01 8.250000e-01
-9.000000e-01 8.250000e-01
-1.125000e+00 8.250000e-01
-1.050000e+00 9.000000e-01
-8.250000e-01 8.250000e-01
-8.250000e-01 9.000000e-01
-3.750000e-01 8.250000e-01
-3.000000e-01 7.500000e-01
-3.750000e-01 9.000000e-01
-7.500000e-02 8.250000e-01
0.000000e+00 7.500000e-01
-2.250000e-01 8.250000e-01
-2.250000e-01 9.000000e-01
-7.500000e-02 9.000000e-01
2.250000e-01 6.750000e-01
7.500000e-02 6.750000e-01
2.250000e-01 8.250000e-01
3.000000e-01 7.500000e-01
7.500000e-02 8.250000e-01
7.500000e-02 9.000000e-01
2.250000e-01 9.000000e-01
5.250000e-01 8.250000e-01
3.750000e-01 8.250000e-01
3.750000e-01 9.000000e-01
5.250000e-01 9.000000e-01
8.250000e-01 6.750000e-01
6.750000e-01 6.750000e-01
8.250000e-01 8.250000e-01
6.750000e-01 8.250000e-01
7.500000e-01 8.250000e-01
6.750000e-01 9.000000e-01
8.250000e-01 9.000000e-01
1.050000e+00 6.750000e-01
1.125000e+00 6.750000e-01
9.750000e-01 6.750000e-01
-1.350000e+00 1.050000e+00
-9.000000e-01 1.050000e+00
-1.050000e+00 1.050000e+00
-7.500000e-01 9.750000e-01
-6.750000e-01 9.750000e-01
-8.250000e-01 9.750000e-01
-6.750000e-01 1.050000e+00
-6.000000e-01 9.750000e-01
-6.750000e-01 1.125000e+00
-8.250000e-01 1.125000e+00
-7.500000e-01 1.200000e+00
-4.500000e-01 9.750000e-01
-3.750000e-01 9.750000e-01
-5.250000e-01 9.750000e-01
-3.750000e-01 1.125000e+00
-5.250000e-01 1.125000e+00
-4.500000e-01 1.125000e+00
-3.750000e-01 1.200000e+00
-1.500000e-01 9.750000e-01
-7.500000e-02 9.750000e-01
-2.250000e-01 9.750000e-01
-7.500000e-02 1.050000e+00
0.000000e+00 9.750000e-01
-7.500000e-02 1.125000e+00
-2.250000e-01 1.125000e+00
-1.500000e-01 1.125000e+00
-7.500000e-02 1.200000e+00
1.500000e-01 9.750000e-01
2.250000e-01 9.750000e-01
7.500000e-02 9.750000e-01
2.250000e-01 1.050000e+00
3.000000e-01 9.750000e-01
2.250000e-01 1.125000e+00
4.500000e-01 9.750000e-01
5.250000e-01 9.750000e-01
3.750000e-01 9.750000e-01
5.250000e-01 1.050000e+00
6.000000e-01 9.750000e-01
5.250000e-01 1.125000e+00
3.750000e-01 1.125000e+00
4.500000e-01 1.125000e+00
3.750000e-01 1.200000e+00
5.250000e-01 1.200000e+00
7.500000e-01 9.750000e-01
8.250000e-01 9.750000e-01
6.750000e-01 9.750000e-01
8.250000e-01 1.050000e+00
9.000000e-01 9.750000e-01
8.250000e-01 1.125000e+00
9.750000e-01 9.750000e-01
-9.000000e-01 1.350000e+00
-1.050000e+00 1.350000e+00
-6.000000e-01 1.350000e+00
-7.500000e-01 1.350000e+00
-7.500000e-01 1.500000e+00
-4.500000e-01 1.275000e+00
-3.750000e-01 1.275000e+00
-5.250000e-01 1.275000e+00
-3.000000e-01 1.350000e+00
-7.500000e-02 1.275000e+00
-2.250000e-01 1.275000e+00
-7.500000e-02 1.425000e+00
0.000000e+00 1.350000e+00
-2.250000e-01 1.425000e+00
-1.500000e-01 1.500000e+00
3.000000e-01 1.350000e+00
4.500000e-01 1.275000e+00
5.250000e-01 1.275000e+00
3.750000e-01 1.275000e+00
6.000000e-01 1.350000e+00
6.750000e-01 1.275000e+00
8.250000e-01 1.425000e+00
9.000000e-01 1.350000e+00
6.750000e-01 1.425000e+00
7.500000e-01 1.500000e+00
1.050000e+00 1.350000e+00
-1.275000e+00 -1.275000e+00
-1.200000e+00 -1.350000e+00
-1.275000e+00 -1.200000e+00
-1.050000e+00 -1.200000e+00
-6.750000e-01 -1.425000e+00
-7.500000e-01 -1.500000e+00
-6.000000e-01 -1.275000e+00
-6.000000e-01 -1.425000e+00
-3.750000e-01 -1.425000e+00
-5.250000e-01 -1.425000e+00
-4.500000e-01 -1.500000e+00
-3.750000e-01 -1.275000e+00
-3.000000e-01 -1.350000e+00
-5.250000e-01 -1.350000e+00
-5.250000e-01 -1.275000e+00
-4.500000e-01 -1.275000e+00
-5.250000e-01 -1.200000e+00
-3.750000e-01 -1.200000e+00
-7.500000e-02 -1.425000e+00
-2.250000e-01 -1.425000e+00
-1.500000e-01 -1.500000e+00
-7.500000e-02 -1.275000e+00
0.000000e+00 -1.350000e+00
-2.250000e-01 -1.275000e+00
-1.500000e-01 -1.275000e+00
-2.250000e-01 -1.200000e+00
-7.500000e-02 -1.200000e+00
2.250000e-01 -1.425000e+00
1.500000e-01 -1.500000e+00
2.250000e-01 -1.350000e+00
3.000000e-01 -1.275000e+00
2.250000e-01 -1.275000e+00
3.000000e-01 -1.425000e+00
7.500000e-02 -1.275000e+00
7.500000e-02 -1.200000e+00
2.250000e-01 -1.200000e+00
4.500000e-01 -1.425000e+00
4.125000e-01 -1.462500e+00
4.125000e-01 -1.387500e+00
3.750000e-01 -1.500000e+00
3.375000e-01 -1.462500e+00
5.625000e-01 -1.312500e+00
5.250000e-01 -1.350000e+00
4.875000e-01 -1.312500e+00
6.000000e-01 -1.275000e+00
5.625000e-01 -1.237500e+00
4.125000e-01 -1.312500e+00
3.750000e-01 -1.350000e+00
3.375000e-01 -1.237500e+00
4.125000e-01 -1.237500e+00
4.500000e-01 -1.312500e+00
3.750000e-01 -1.237500e+00
4.125000e-01 -1.200000e+00
4.875000e-01 -1.275000e+00
4.875000e-01 -1.237500e+00
8.250000e-01 -1.425000e+00
8.250000e-01 -1.350000e+00
9.000000e-01 -1.425000e+00
8.250000e-01 -1.275000e+00
9.000000e-01 -1.275000e+00
6.750000e-01 -1.275000e+00
9.750000e-01 -1.425000e+00
9.750000e-01 -1.275000e+00
1.350000e+00 -1.425000e+00
1.425000e+00 -1.500000e+00
1.425000e+00 -1.425000e+00
1.275000e+00 -1.500000e+00
1.275000e+00 -1.425000e+00
1.425000e+00 -1.275000e+00
1.275000e+00 -1.275000e+00
1.350000e+00 -1.200000e+00
-1.350000e+00 -1.125000e+00
-1.275000e+00 -1.125000e+00
-1.425000e+00 -1.125000e+00
-1.200000e+00 -1.125000e+00
-1.500000e+00 -1.050000e+00
-1.125000e+00 -1.125000e+00
-9.375000e-01 -9.375000e-01
-9.000000e-01 -9.750000e-01
-1.087500e+00 -1.012500e+00
-1.125000e+00 -1.050000e+00
-1.087500e+00 -9.750000e-01
-1.050000e+00 -9.375000e-01
-1.087500e+00 -9.375000e-01
-1.125000e+00 -9.000000e-01
-1.012500e+00 -9.375000e-01
-9.750000e-01 -9.375000e-01
-1.012500e+00 -9.000000e-01
-9.375000e-01 -9.000000e-01
-6.375000e-01 -1.087500e+00
-6.375000e-01 -1.050000e+00
-6.375000e-01 -1.012500e+00
-6.375000e-01 -9.375000e-01
-6.000000e-01 -9.750000e-01
-6.750000e-01 -1.012500e+00
-7.125000e-01 -1.012500e+00
-8.250000e-01 -9.750000e-01
-7.500000e-01 -9.750000e-01
-8.250000e-01 -9.000000e-01
-7.125000e-01 -9.375000e-01
-6.750000e-01 -9.000000e-01
-3.000000e-01 -1.125000e+00
-4.125000e-01 -1.012500e+00
-5.625000e-01 -1.012500e+00
-5.625000e-01 -9.375000e-01
-4.875000e-01 -1.012500e+00
-5.250000e-01 -1.050000e+00
-4.875000e-01 -9.750000e-01
-4.500000e-01 -9.375000e-01
-4.875000e-01 -9.375000e-01
-4.500000e-01 -1.012500e+00
-4.125000e-01 -9.750000e-01
-4.125000e-01 -9.375000e-01
-3.750000e-01 -9.000000e-01
-1.125000e-01 -1.087500e+00
-1.500000e-01 -1.125000e+00
-1.875000e-01 -1.087500e+00
-3.750000e-02 -1.087500e+00
0.000000e+00 -1.125000e+00
-7.500000e-02 -1.087500e+00
-3.750000e-02 -1.050000e+00
-1.125000e-01 -1.050000e+00
-3.750000e-02 -9.750000e-01
0.000000e+00 -1.012500e+00
-3.750000e-02 -1.012500e+00
0.000000e+00 -9.375000e-01
-3.750000e-02 -9.375000e-01
-7.500000e-02 -1.012500e+00
-1.125000e-01 -1.012500e+00
-2.625000e-01 -1.012500e+00
-2.625000e-01 -9.375000e-01
-2.625000e-01 -1.050000e+00
-1.875000e-01 -1.012500e+00
-2.625000e-01 -1.087500e+00
-2.250000e-01 -1.087500e+00
-1.875000e-01 -9.375000e-01
-1.500000e-01 -9.750000e-01
-2.250000e-01 -9.000000e-01
-1.125000e-01 -9.375000e-01
-7.500000e-02 -9.000000e-01
1.500000e-01 -1.125000e+00
2.250000e-01 -1.125000e+00
7.500000e-02 -1.125000e+00
2.250000e-01 -1.050000e+00
3.000000e-01 -1.125000e+00
2.250000e-01 -9.750000e-01
3.000000e-01 -9.750000e-01
3.750000e-02 -9.750000e-01
3.750000e-02 -1.012500e+00
3.750000e-02 -9.375000e-01
7.500000e-02 -1.050000e+00
7.500000e-02 -9.000000e-01
4.125000e-01 -1.162500e+00
4.125000e-01 -1.012500e+00
3.750000e-01 -1.050000e+00
4.125000e-01 -9.750000e-01
4.500000e-01 -9.375000e-01
4.125000e-01 -9.375000e-01
3.750000e-01 -9.000000e-01
4.875000e-01 -9.375000e-01
8.250000e-01 -9.750000e-01
8.250000e-01 -9.000000e-01
9.750000e-01 -9.750000e-01
9.750000e-01 -9.000000e-01
1.350000e+00 -1.050000e+00
-1.012500e+00 -8.625000e-01
-9.375000e-01 -8.625000e-01
-1.050000e+00 -8.250000e-01
-9.000000e-01 -8.250000e-01
-9.375000e-01 -6.375000e-01
-9.000000e-01 -6.750000e-01
-1.087500e+00 -6.375000e-01
-1.050000e+00 -6.750000e-01
-1.087500e+00 -6.000000e-01
-1.012500e+00 -6.375000e-01
-1.012500e+00 -6.000000e-01
-9.375000e-01 -6.000000e-01
-6.750000e-01 -8.250000e-01
-8.250000e-01 -8.250000e-01
-8.250000e-01 -6.750000e-01
-8.250000e-01 -6.000000e-01
-4.500000e-01 -8.250000e-01
-4.875000e-01 -8.625000e-01
-4.875000e-01 -7.875000e-01
-3.000000e-01 -6.750000e-01
-3.000000e-01 -8.250000e-01
-5.625000e-01 -7.125000e-01
-5.250000e-01 -7.125000e-01
-4.875000e-01 -7.125000e-01
-4.875000e-01 -7.500000e-01
-4.500000e-01 -6.750000e-01
-3.750000e-01 -6.000000e-01
-1.125000e-01 -8.625000e-01
-3.750000e-02 -8.625000e-01
-1.125000e-01 -7.875000e-01
-1.500000e-01 -8.250000e-01
-1.875000e-01 -8.625000e-01
-2.625000e-01 -8.625000e-01
-1.875000e-01 -7.875000e-01
-3.750000e-02 -7.125000e-01
-7.500000e-02 -7.500000e-01
-1.125000e-01 -7.125000e-01
0.000000e+00 -6.750000e-01
-3.750000e-02 -6.375000e-01
0.000000e+00 -8.250000e-01
-2.625000e-01 -7.125000e-01
-1.875000e-01 -7.125000e-01
-2.250000e-01 -7.500000e-01
-1.500000e-01 -6.750000e-01
-7.500000e-02 -6.000000e-01
-2.250000e-01 -6.000000e-01
7.500000e-02 -8.250000e-01
2.250000e-01 -6.750000e-01
3.000000e-01 -7.500000e-01
7.500000e-02 -6.750000e-01
2.250000e-01 -6.000000e-01
7.500000e-02 -6.000000e-01
4.875000e-01 -8.625000e-01
5.625000e-01 -8.625000e-01
4.875000e-01 -7.875000e-01
4.500000e-01 -8.250000e-01
3.750000e-01 -8.250000e-01
5.250000e-01 -7.500000e-01
6.000000e-01 -6.750000e-01
5.250000e-01 -6.750000e-01
5.625000e-01 -7.875000e-01
6.000000e-01 -8.250000e-01
3.750000e-01 -6.750000e-01
4.500000e-01 -6.750000e-01
5.250000e-01 -6.000000e-01
3.750000e-01 -6.000000e-01
7.875000e-01 -8.625000e-01
8.625000e-01 -8.625000e-01
7.875000e-01 -8.250000e-01
7.500000e-01 -8.625000e-01
7.875000e-01 -7.875000e-01
7.125000e-01 -8.625000e-01
6.375000e-01 -8.625000e-01
7.125000e-01 -7.875000e-01
9.000000e-01 -8.625000e-01
8.625000e-01 -6.375000e-01
9.000000e-01 -6.750000e-01
7.875000e-01 -7.125000e-01
6.750000e-01 -7.500000e-01
6.750000e-01 -6.750000e-01
6.375000e-01 -7.875000e-01
7.875000e-01 -6.375000e-01
7.500000e-01 -6.750000e-01
8.250000e-01 -6.000000e-01
9.375000e-01 -8.625000e-01
1.200000e+00 -6.750000e-01
1.162500e+00 -6.375000e-01
9.750000e-01 -7.500000e-01
9.375000e-01 -8.250000e-01
9.375000e-01 -7.875000e-01
1.087500e+00 -6.375000e-01
1.125000e+00 -6.000000e-01
1.275000e+00 -6.750000e-01
1.350000e+00 -6.000000e-01
-1.275000e+00 -5.250000e-01
-1.425000e+00 -5.250000e-01
-1.275000e+00 -4.500000e-01
-1.200000e+00 -5.250000e-01
-1.275000e+00 -3.750000e-01
-1.200000e+00 -3.750000e-01
-1.425000e+00 -3.750000e-01
-1.500000e+00 -4.500000e-01
-1.350000e+00 -3.000000e-01
-9.750000e-01 -5.625000e-01
-1.012500e+00 -5.625000e-01
-9.375000e-01 -5.625000e-01
-1.125000e+00 -5.625000e-01
-1.087500e+00 -5.625000e-01
-1.162500e+00 -5.625000e-01
-9.000000e-01 -4.875000e-01
-9.375000e-01 -4.875000e-01
-9.000000e-01 -5.625000e-01
-7.500000e-01 -5.250000e-01
-7.875000e-01 -5.625000e-01
-8.625000e-01 -5.625000e-01
-7.875000e-01 -4.875000e-01
-6.375000e-01 -4.125000e-01
-6.750000e-01 -4.500000e-01
-7.125000e-01 -4.125000e-01
-6.000000e-01 -3.750000e-01
-8.625000e-01 -4.125000e-01
-8.625000e-01 -3.375000e-01
-8.250000e-01 -4.125000e-01
-8.625000e-01 -4.500000e-01
-7.875000e-01 -4.125000e-01
-7.875000e-01 -4.500000e-01
-8.625000e-01 -5.250000e-01
-8.625000e-01 -4.875000e-01
-8.250000e-01 -4.875000e-01
-7.500000e-01 -3.750000e-01
-7.875000e-01 -3.375000e-01
-8.250000e-01 -3.000000e-01
-4.500000e-01 -5.250000e-01
-3.750000e-01 -5.250000e-01
-5.250000e-01 -5.250000e-01
-5.250000e-01 -3.750000e-01
-1.500000e-01 -5.250000e-01
-7.500000e-02 -5.250000e-01
-2.250000e-01 -5.250000e-01
-7.500000e-02 -4.500000e-01
0.000000e+00 -5.250000e-01
-7.500000e-02 -3.750000e-01
-2.250000e-01 -3.750000e-01
-1.500000e-01 -3.750000e-01
-7.500000e-02 -3.000000e-01
1.500000e-01 -5.250000e-01
2.250000e-01 -5.250000e-01
7.500000e-02 -5.250000e-01
2.250000e-01 -4.500000e-01
3.000000e-01 -5.250000e-01
2.250000e-01 -3.750000e-01
5.250000e-01 -5.250000e-01
3.750000e-01 -5.250000e-01
5.250000e-01 -3.750000e-01
3.750000e-01 -3.750000e-01
3.750000e-01 -3.000000e-01
5.250000e-01 -3.000000e-01
8.250000e-01 -5.250000e-01
8.250000e-01 -3.750000e-01
9.000000e-01 -3.750000e-01
7.500000e-01 -3.000000e-01
1.125000e+00 -5.250000e-01
1.125000e+00 -4.500000e-01
1.162500e+00 -3.375000e-01
1.200000e+00 -3.750000e-01
1.087500e+00 -4.125000e-01
9.375000e-01 -3.375000e-01
1.012500e+00 -3.375000e-01
1.050000e+00 -3.750000e-01
1.012500e+00 -3.000000e-01
9.375000e-01 -3.000000e-01
1.087500e+00 -3.375000e-01
1.125000e+00 -3.375000e-01
1.087500e+00 -3.000000e-01
1.162500e+00 -3.000000e-01
1.425000e+00 -3.750000e-01
1.500000e+00 -4.500000e-01
1.275000e+00 -3.750000e-01
1.425000e+00 -3.000000e-01
1.275000e+00 -3.000000e-01
-1.275000e+00 -2.250000e-01
-1.425000e+00 -2.250000e-01
-1.275000e+00 -1.500000e-01
-1.200000e+00 -2.250000e-01
-1.275000e+00 -7.500000e-02
-1.200000e+00 -7.500000e-02
-1.425000e+00 -7.500000e-02
-1.500000e+00 -1.500000e-01
-1.350000e+00 -7.500000e-02
-1.275000e+00 0.000000e+00
-1.425000e+00 0.000000e+00
-1.162500e+00 -2.625000e-01
-9.750000e-01 -1.500000e-01
-9.375000e-01 -7.500000e-02
-9.375000e-01 -1.125000e-01
-9.000000e-01 -3.750000e-02
-9.375000e-01 -3.750000e-02
-1.012500e+00 -1.125000e-01
-1.125000e+00 -1.500000e-01
-1.125000e+00 -7.500000e-02
-1.162500e+00 -1.875000e-01
-1.050000e+00 -7.500000e-02
-1.125000e+00 0.000000e+00
-1.012500e+00 -3.750000e-02
-9.750000e-01 -3.750000e-02
-9.375000e-01 0.000000e+00
-7.500000e-01 -2.250000e-01
-7.875000e-01 -1.875000e-01
-6.750000e-01 -1.500000e-01
-7.125000e-01 -1.125000e-01
-6.000000e-01 -7.500000e-02
-6.375000e-01 -3.750000e-02
-8.625000e-01 -3.750000e-02
-7.875000e-01 -1.125000e-01
-7.875000e-01 -1.500000e-01
-8.625000e-01 -1.875000e-01
-8.250000e-01 -1.875000e-01
-7.125000e-01 -3.750000e-02
-7.500000e-01 -7.500000e-02
-6.750000e-01 0.000000e+00
-7.875000e-01 -3.750000e-02
-8.250000e-01 0.000000e+00
-3.750000e-01 -7.500000e-02
-5.250000e-01 -7.500000e-02
-3.750000e-01 0.000000e+00
-7.500000e-02 -2.250000e-01
-7.500000e-02 -1.500000e-01
0.000000e+00 -2.250000e-01
-7.500000e-02 -7.500000e-02
0.000000e+00 -7.500000e-02
-1.500000e-01 0.000000e+00
2.250000e-01 -2.250000e-01
7.500000e-02 -2.250000e-01
3.000000e-01 -2.250000e-01
2.250000e-01 -7.500000e-02
3.000000e-01 -7.500000e-02
7.500000e-02 -1.500000e-01
7.500000e-02 -7.500000e-02
1.500000e-01 -7.500000e-02
7.500000e-02 0.000000e+00
2.250000e-01 0.000000e+00
4.500000e-01 -2.250000e-01
5.250000e-01 -2.250000e-01
3.750000e-01 -2.250000e-01
5.250000e-01 -1.500000e-01
6.000000e-01 -2.250000e-01
5.250000e-01 -7.500000e-02
6.000000e-01 -7.500000e-02
3.750000e-01 -1.500000e-01
3.750000e-01 -7.500000e-02
4.500000e-01 -7.500000e-02
3.750000e-01 0.000000e+00
5.250000e-01 0.000000e+00
8.250000e-01 -2.250000e-01
6.750000e-01 -2.250000e-01
8.250000e-01 -1.500000e-01
9.000000e-01 -2.250000e-01
8.625000e-01 -1.125000e-01
8.625000e-01 -3.750000e-02
9.000000e-01 -7.500000e-02
7.875000e-01 -1.125000e-01
6.375000e-01 -1.125000e-01
7.125000e-01 -1.125000e-01
6.750000e-01 -1.500000e-01
6.375000e-01 -3.750000e-02
7.875000e-01 -3.750000e-02
7.500000e-01 -7.500000e-02
8.250000e-01 0.000000e+00
7.125000e-01 -3.750000e-02
6.750000e-01 0.000000e+00
1.125000e+00 -2.625000e-01
1.087500e+00 -2.625000e-01
1.162500e+00 -2.625000e-01
1.087500e+00 -2.250000e-01
1.050000e+00 -2.625000e-01
1.087500e+00 -1.875000e-01
1.050000e+00 -1.875000e-01
9.750000e-01 -2.625000e-01
1.012500e+00 -2.625000e-01
9.375000e-01 -2.625000e-01
1.012500e+00 -2.250000e-01
1.012500e+00 -1.875000e-01
1.162500e+00 -2.250000e-01
1.200000e+00 -1.875000e-01
1.162500e+00 -1.875000e-01
1.200000e+00 -2.625000e-01
1.125000e+00 -1.875000e-01
1.162500e+00 -1.500000e-01
1.087500e+00 -1.500000e-01
1.162500e+00 -7.500000e-02
1.200000e+00 -1.125000e-01
1.162500e+00 -1.125000e-01
1.200000e+00 -3.750000e-02
1.162500e+00 -3.750000e-02
1.087500e+00 -1.125000e-01
9.375000e-01 -1.125000e-01
1.012500e+00 -1.125000e-01
9.750000e-01 -1.500000e-01
1.087500e+00 -3.750000e-02
1.125000e+00 -3.750000e-02
1.087500e+00 0.000000e+00
1.162500e+00 0.000000e+00
1.387500e+00 -2.625000e-01
1.387500e+00 -1.875000e-01
1.350000e+00 -2.250000e-01
1.462500e+00 -2.625000e-01
1.312500e+00 -2.625000e-01
1.312500e+00 -1.875000e-01
1.237500e+00 -2.625000e-01
1.462500e+00 -1.125000e-01
1.425000e+00 -1.500000e-01
1.387500e+00 -1.125000e-01
1.500000e+00 -7.500000e-02
1.462500e+00 -3.750000e-02
1.462500e+00 -1.875000e-01
1.500000e+00 -2.250000e-01
1.237500e+00 -7.500000e-02
1.237500e+00 -1.125000e-01
1.237500e+00 -3.750000e-02
1.275000e+00 -1.125000e-01
1.237500e+00 -1.500000e-01
1.312500e+00 -1.125000e-01
1.312500e+00 -1.500000e-01
1.237500e+00 -2.250000e-01
1.237500e+00 -1.875000e-01
1.275000e+00 -1.875000e-01
1.387500e+00 -3.750000e-02
1.350000e+00 -7.500000e-02
1.425000e+00 0.000000e+00
1.312500e+00 -3.750000e-02
1.275000e+00 0.000000e+00
-1.312500e+00 3.750000e-02
-1.312500e+00 1.125000e-01
-1.350000e+00 7.500000e-02
-1.237500e+00 3.750000e-02
-1.387500e+00 3.750000e-02
-1.387500e+00 1.125000e-01
-1.462500e+00 3.750000e-02
-1.237500e+00 7.500000e-02
-1.200000e+00 1.125000e-01
-1.237500e+00 1.125000e-01
-1.200000e+00 3.750000e-02
-1.275000e+00 1.125000e-01
-1.237500e+00 1.500000e-01
-1.312500e+00 1.500000e-01
-1.237500e+00 2.250000e-01
-1.200000e+00 1.875000e-01
-1.237500e+00 1.875000e-01
-1.200000e+00 2.625000e-01
-1.237500e+00 2.625000e-01
-1.275000e+00 1.875000e-01
-1.312500e+00 1.875000e-01
-1.425000e+00 1.500000e-01
-1.387500e+00 1.875000e-01
-1.500000e+00 7.500000e-02
-1.350000e+00 2.250000e-01
-1.275000e+00 3.000000e-01
-1.387500e+00 2.625000e-01
-1.425000e+00 3.000000e-01
-9.375000e-01 3.750000e-02
-1.012500e+00 1.125000e-01
-1.050000e+00 1.125000e-01
-1.087500e+00 3.750000e-02
-1.162500e+00 3.750000e-02
-1.087500e+00 7.500000e-02
-1.087500e+00 1.125000e-01
-9.375000e-01 1.125000e-01
-9.000000e-01 7.500000e-02
-9.750000e-01 1.500000e-01
-9.375000e-01 1.875000e-01
-9.375000e-01 2.625000e-01
-9.000000e-01 2.250000e-01
-1.012500e+00 1.875000e-01
-1.162500e+00 2.250000e-01
-1.162500e+00 1.875000e-01
-1.162500e+00 2.625000e-01
-1.125000e+00 1.875000e-01
-1.087500e+00 1.875000e-01
-1.087500e+00 1.500000e-01
-1.162500e+00 1.125000e-01
-1.125000e+00 1.125000e-01
-1.087500e+00 2.250000e-01
-1.050000e+00 2.625000e-01
-1.087500e+00 2.625000e-01
-1.012500e+00 2.625000e-01
-6.750000e-01 2.250000e-01
-8.250000e-01 2.250000e-01
-7.500000e-01 2.250000e-01
-6.750000e-01 3.000000e-01
-8.250000e-01 3.000000e-01
-4.500000e-01 7.500000e-02
-3.750000e-01 7.500000e-02
-5.250000e-01 7.500000e-02
-3.000000e-01 1.500000e-01
0.000000e+00 1.500000e-01
-1.500000e-01 1.500000e-01
-1.500000e-01 3.000000e-01
1.500000e-01 7.500000e-02
2.250000e-01 7.500000e-02
7.500000e-02 7.500000e-02
2.250000e-01 2.250000e-01
3.000000e-01 1.500000e-01
5.250000e-01 7.500000e-02
3.750000e-01 7.500000e-02
6.000000e-01 1.500000e-01
8.250000e-01 7.500000e-02
6.750000e-01 7.500000e-02
8.250000e-01 1.500000e-01
9.000000e-01 7.500000e-02
8.250000e-01 2.250000e-01
9.000000e-01 2.250000e-01
6.750000e-01 2.250000e-01
7.500000e-01 3.000000e-01
1.125000e+00 3.750000e-02
1.087500e+00 3.750000e-02
1.162500e+00 3.750000e-02
1.087500e+00 1.125000e-01
1.050000e+00 7.500000e-02
9.750000e-01 7.500000e-02
1.162500e+00 1.125000e-01
1.200000e+00 7.500000e-02
1.125000e+00 1.500000e-01
1.125000e+00 2.250000e-01
1.200000e+00 2.250000e-01
9.750000e-01 1.500000e-01
9.750000e-01 2.250000e-01
1.425000e+00 7.500000e-02
1.275000e+00 7.500000e-02
1.425000e+00 2.250000e-01
1.500000e+00 1.500000e-01
1.275000e+00 1.500000e-01
1.275000e+00 2.250000e-01
1.350000e+00 2.250000e-01
1.425000e+00 3.000000e-01
1.275000e+00 3.000000e-01
-1.275000e+00 3.750000e-01
-1.425000e+00 3.750000e-01
-1.500000e+00 4.500000e-01
-1.350000e+00 6.000000e-01
-9.000000e-01 4.125000e-01
-9.375000e-01 4.125000e-01
-9.750000e-01 4.500000e-01
-9.000000e-01 5.625000e-01
-9.375000e-01 5.625000e-01
-1.125000e+00 5.250000e-01
-1.050000e+00 5.250000e-01
-1.012500e+00 5.625000e-01
-9.750000e-01 6.000000e-01
-7.125000e-01 3.375000e-01
-7.125000e-01 4.125000e-01
-7.500000e-01 3.750000e-01
-7.875000e-01 4.125000e-01
-8.625000e-01 3.375000e-01
-6.750000e-01 4.500000e-01
-8.625000e-01 5.250000e-01
-8.625000e-01 4.875000e-01
-8.625000e-01 5.625000e-01
-8.250000e-01 4.875000e-01
-8.625000e-01 4.500000e-01
-7.875000e-01 4.875000e-01
-7.875000e-01 4.500000e-01
-8.625000e-01 3.750000e-01
-8.625000e-01 4.125000e-01
-7.500000e-01 5.250000e-01
-8.250000e-01 6.000000e-01
-3.000000e-01 4.500000e-01
-7.500000e-02 3.750000e-01
-2.250000e-01 3.750000e-01
-7.500000e-02 4.500000e-01
0.000000e+00 3.750000e-01
-7.500000e-02 5.250000e-01
0.000000e+00 5.250000e-01
-2.250000e-01 5.250000e-01
-1.500000e-01 6.000000e-01
2.250000e-01 3.750000e-01
7.500000e-02 3.750000e-01
2.250000e-01 4.500000e-01
2.250000e-01 5.250000e-01
3.000000e-01 5.250000e-01
7.500000e-02 5.250000e-01
1.500000e-01 5.250000e-01
7.500000e-02 6.000000e-01
2.250000e-01 6.000000e-01
5.250000e-01 3.750000e-01
6.000000e-01 3.750000e-01
5.250000e-01 5.250000e-01
6.000000e-01 5.250000e-01
3.750000e-01 5.250000e-01
8.250000e-01 3.750000e-01
6.750000e-01 3.750000e-01
8.250000e-01 4.500000e-01
8.625000e-01 4.875000e-01
8.625000e-01 5.625000e-01
9.000000e-01 5.250000e-01
7.875000e-01 4.875000e-01
6.375000e-01 4.875000e-01
7.125000e-01 4.875000e-01
6.750000e-01 4.500000e-01
6.375000e-01 5.625000e-01
8.625000e-01 6.000000e-01
1.200000e+00 4.125000e-01
1.162500e+00 4.125000e-01
1.125000e+00 4.500000e-01
1.200000e+00 5.625000e-01
1.162500e+00 5.625000e-01
1.012500e+00 5.625000e-01
1.012500e+00 6.000000e-01
1.087500e+00 5.625000e-01
1.087500e+00 6.000000e-01
1.162500e+00 6.000000e-01
1.387500e+00 3.375000e-01
1.387500e+00 4.125000e-01
1.350000e+00 3.750000e-01
1.237500e+00 3.375000e-01
1.425000e+00 4.500000e-01
1.387500e+00 4.875000e-01
1.237500e+00 5.250000e-01
1.237500e+00 4.875000e-01
1.237500e+00 5.625000e-01
1.275000e+00 4.875000e-01
1.237500e+00 4.500000e-01
1.312500e+00 4.875000e-01
1.237500e+00 3.750000e-01
1.237500e+00 4.125000e-01
1.387500e+00 5.625000e-01
1.350000e+00 5.250000e-01
1.425000e+00 6.000000e-01
1.275000e+00 6.000000e-01
-1.425000e+00 6.750000e-01
-1.275000e+00 8.250000e-01
-1.425000e+00 7.500000e-01
-1.425000e+00 8.250000e-01
-1.500000e+00 6.750000e-01
-1.275000e+00 9.000000e-01
-8.250000e-01 6.750000e-01
-6.750000e-01 8.250000e-01
-6.000000e-01 7.500000e-01
-7.500000e-01 8.250000e-01
-6.750000e-01 9.000000e-01
-3.000000e-01 8.250000e-01
-3.375000e-01 8.625000e-01
-5.250000e-01 8.250000e-01
-4.500000e-01 8.250000e-01
-5.250000e-01 9.000000e-01
-4.125000e-01 8.625000e-01
-3.750000e-01 8.625000e-01
-4.125000e-01 9.000000e-01
-7.500000e-02 6.750000e-01
0.000000e+00 8.250000e-01
0.000000e+00 6.750000e-01
1.875000e-01 6.375000e-01
1.500000e-01 6.750000e-01
2.625000e-01 6.375000e-01
1.125000e-01 6.375000e-01
1.125000e-01 7.125000e-01
3.750000e-02 6.375000e-01
2.625000e-01 7.875000e-01
2.250000e-01 7.500000e-01
1.875000e-01 7.875000e-01
3.000000e-01 8.250000e-01
2.625000e-01 8.625000e-01
3.000000e-01 6.750000e-01
7.500000e-02 7.500000e-01
3.750000e-02 8.625000e-01
1.125000e-01 8.625000e-01
1.500000e-01 8.250000e-01
7.500000e-02 8.625000e-01
1.125000e-01 9.000000e-01
3.750000e-02 9.000000e-01
1.875000e-01 8.625000e-01
2.250000e-01 8.625000e-01
2.625000e-01 9.000000e-01
5.250000e-01 6.750000e-01
3.750000e-01 6.750000e-01
5.250000e-01 7.500000e-01
5.625000e-01 8.625000e-01
6.000000e-01 8.250000e-01
4.875000e-01 7.875000e-01
4.125000e-01 7.875000e-01
3.750000e-01 7.500000e-01
3.375000e-01 8.625000e-01
4.125000e-01 8.625000e-01
4.500000e-01 8.250000e-01
3.750000e-01 8.625000e-01
4.125000e-01 9.000000e-01
3.375000e-01 9.000000e-01
4.875000e-01 8.625000e-01
5.250000e-01 8.625000e-01
4.875000e-01 9.000000e-01
8.250000e-01 6.375000e-01
7.875000e-01 6.375000e-01
8.625000e-01 6.375000e-01
7.500000e-01 6.750000e-01
7.125000e-01 6.375000e-01
7.125000e-01 7.125000e-01
8.625000e-01 7.125000e-01
9.000000e-01 6.750000e-01
8.250000e-01 7.500000e-01
8.625000e-01 8.625000e-01
9.000000e-01 8.250000e-01
7.875000e-01 7.875000e-01
7.125000e-01 7.875000e-01
6.750000e-01 7.500000e-01
7.500000e-01 8.625000e-01
7.125000e-01 8.625000e-01
7.500000e-01 7.875000e-01
7.125000e-01 9.000000e-01
7.875000e-01 8.250000e-01
7.875000e-01 8.625000e-01
8.250000e-01 8.625000e-01
7.875000e-01 9.000000e-01
8.625000e-01 9.000000e-01
1.125000e+00 6.375000e-01
1.087500e+00 6.375000e-01
1.162500e+00 6.375000e-01
1.087500e+00 6.750000e-01
1.050000e+00 6.375000e-01
1.087500e+00 7.125000e-01
1.050000e+00 7.125000e-01
9.750000e-01 6.375000e-01
1.012500e+00 6.375000e-01
9.375000e-01 6.375000e-01
1.012500e+00 7.125000e-01
1.200000e+00 6.750000e-01
1.125000e+00 7.500000e-01
1.125000e+00 8.250000e-01
1.200000e+00 8.250000e-01
9.750000e-01 7.500000e-01
9.750000e-01 8.250000e-01
9.750000e-01 9.000000e-01
1.425000e+00 6.750000e-01
1.275000e+00 6.750000e-01
1.425000e+00 8.250000e-01
1.500000e+00 7.500000e-01
1.275000e+00 7.500000e-01
1.275000e+00 8.250000e-01
1.350000e+00 9.000000e-01
-1.350000e+00 9.750000e-01
-1.275000e+00 9.750000e-01
-1.425000e+00 9.750000e-01
-1.200000e+00 1.050000e+00
-1.500000e+00 1.050000e+00
-9.750000e-01 1.125000e+00
-9.000000e-01 1.125000e+00
-1.050000e+00 1.200000e+00
-7.125000e-01 9.375000e-01
-7.125000e-01 9.750000e-01
-7.125000e-01 1.012500e+00
-7.500000e-01 1.012500e+00
-7.875000e-01 1.012500e+00
-6.375000e-01 1.012500e+00
-6.750000e-01 1.012500e+00
-7.125000e-01 1.050000e+00
-6.375000e-01 1.162500e+00
-6.000000e-01 1.125000e+00
-7.125000e-01 1.087500e+00
-7.875000e-01 1.087500e+00
-8.250000e-01 1.050000e+00
-8.625000e-01 1.162500e+00
-7.125000e-01 1.162500e+00
-7.500000e-01 1.125000e+00
-6.750000e-01 1.200000e+00
-7.875000e-01 1.162500e+00
-8.250000e-01 1.200000e+00
-4.125000e-01 9.375000e-01
-4.875000e-01 9.375000e-01
-5.625000e-01 9.375000e-01
-3.000000e-01 1.125000e+00
-5.625000e-01 1.087500e+00
-4.875000e-01 1.087500e+00
-5.250000e-01 1.050000e+00
-4.125000e-01 1.162500e+00
-4.125000e-01 1.200000e+00
-3.750000e-02 1.012500e+00
-3.750000e-02 1.050000e+00
-3.750000e-02 1.087500e+00
-3.750000e-02 1.162500e+00
0.000000e+00 1.125000e+00
-7.500000e-02 1.087500e+00
-1.125000e-01 1.087500e+00
-2.625000e-01 1.162500e+00
-1.875000e-01 1.087500e+00
-2.250000e-01 1.050000e+00
-1.500000e-01 1.162500e+00
-1.875000e-01 1.162500e+00
-1.500000e-01 1.087500e+00
-2.250000e-01 1.200000e+00
-1.125000e-01 1.125000e+00
-1.125000e-01 1.162500e+00
-7.500000e-02 1.162500e+00
-1.125000e-01 1.200000e+00
1.875000e-01 9.375000e-01
2.625000e-01 9.375000e-01
1.875000e-01 9.750000e-01
1.500000e-01 9.375000e-01
1.875000e-01 1.012500e+00
1.500000e-01 1.012500e+00
7.500000e-02 9.375000e-01
1.125000e-01 9.375000e-01
3.750000e-02 9.375000e-01
1.125000e-01 9.750000e-01
1.125000e-01 1.012500e+00
2.625000e-01 1.012500e+00
2.250000e-01 1.012500e+00
2.625000e-01 1.050000e+00
1.875000e-01 1.050000e+00
2.625000e-01 1.087500e+00
2.625000e-01 1.162500e+00
3.000000e-01 1.125000e+00
2.250000e-01 1.087500e+00
1.875000e-01 1.087500e+00
7.500000e-02 1.050000e+00
7.500000e-02 1.125000e+00
1.500000e-01 1.125000e+00
7.500000e-02 1.200000e+00
2.250000e-01 1.200000e+00
4.875000e-01 9.375000e-01
5.625000e-01 9.375000e-01
4.125000e-01 9.375000e-01
3.375000e-01 9.375000e-01
6.000000e-01 9.375000e-01
5.625000e-01 1.162500e+00
6.000000e-01 1.125000e+00
3.375000e-01 1.162500e+00
3.375000e-01 1.200000e+00
4.875000e-01 1.162500e+00
4.875000e-01 1.200000e+00
5.625000e-01 1.200000e+00
8.250000e-01 9.375000e-01
7.875000e-01 9.375000e-01
8.625000e-01 9.375000e-01
7.875000e-01 9.750000e-01
7.500000e-01 9.375000e-01
7.875000e-01 1.012500e+00
7.500000e-01 1.012500e+00
6.750000e-01 9.375000e-01
7.125000e-01 9.375000e-01
6.375000e-01 9.375000e-01
7.125000e-01 1.012500e+00
8.625000e-01 9.750000e-01
9.000000e-01 1.012500e+00
8.625000e-01 1.012500e+00
9.000000e-01 9.375000e-01
9.000000e-01 1.125000e+00
6.750000e-01 1.050000e+00
6.750000e-01 1.125000e+00
6.375000e-01 9.750000e-01
6.375000e-01 1.012500e+00
6.750000e-01 1.200000e+00
1.125000e+00 9.750000e-01
9.375000e-01 9.375000e-01
1.125000e+00 1.125000e+00
1.200000e+00 1.050000e+00
9.750000e-01 1.050000e+00
9.750000e-01 1.125000e+00
9.375000e-01 9.750000e-01
9.375000e-01 1.012500e+00
1.050000e+00 1.200000e+00
1.350000e+00 1.050000e+00
1.350000e+00 1.200000e+00
-9.750000e-01 1.275000e+00
-9.000000e-01 1.275000e+00
-6.750000e-01 1.275000e+00
-8.250000e-01 1.275000e+00
-6.750000e-01 1.425000e+00
-8.250000e-01 1.350000e+00
-8.250000e-01 1.425000e+00
-7.500000e-01 1.425000e+00
-8.250000e-01 1.500000e+00
-6.750000e-01 1.500000e+00
-3.750000e-01 1.237500e+00
-4.125000e-01 1.237500e+00
-3.375000e-01 1.237500e+00
-3.000000e-01 1.425000e+00
-3.750000e-01 1.425000e+00
-3.000000e-01 1.275000e+00
-4.500000e-01 1.500000e+00
-1.125000e-01 1.237500e+00
-1.500000e-01 1.275000e+00
-1.875000e-01 1.237500e+00
-2.625000e-01 1.237500e+00
-1.875000e-01 1.312500e+00
-3.750000e-02 1.387500e+00
-7.500000e-02 1.350000e+00
-1.125000e-01 1.387500e+00
0.000000e+00 1.425000e+00
-3.750000e-02 1.462500e+00
0.000000e+00 1.275000e+00
-2.625000e-01 1.387500e+00
-1.875000e-01 1.387500e+00
-2.250000e-01 1.350000e+00
-2.625000e-01 1.462500e+00
-1.500000e-01 1.425000e+00
-7.500000e-02 1.500000e+00
-2.250000e-01 1.500000e+00
2.250000e-01 1.275000e+00
7.500000e-02 1.275000e+00
2.250000e-01 1.350000e+00
2.250000e-01 1.425000e+00
3.000000e-01 1.275000e+00
7.500000e-02 1.350000e+00
7.500000e-02 1.425000e+00
1.500000e-01 1.500000e+00
5.250000e-01 1.237500e+00
4.875000e-01 1.237500e+00
5.625000e-01 1.237500e+00
4.875000e-01 1.275000e+00
4.500000e-01 1.237500e+00
4.875000e-01 1.312500e+00
3.750000e-01 1.237500e+00
4.125000e-01 1.237500e+00
3.375000e-01 1.237500e+00
4.125000e-01 1.275000e+00
4.125000e-01 1.312500e+00
5.250000e-01 1.350000e+00
5.250000e-01 1.425000e+00
6.000000e-01 1.275000e+00
3.750000e-01 1.350000e+00
3.750000e-01 1.425000e+00
4.500000e-01 1.500000e+00
7.500000e-01 1.275000e+00
8.250000e-01 1.275000e+00
7.125000e-01 1.237500e+00
7.125000e-01 1.312500e+00
8.625000e-01 1.387500e+00
8.250000e-01 1.350000e+00
7.875000e-01 1.387500e+00
9.000000e-01 1.425000e+00
6.750000e-01 1.350000e+00
7.500000e-01 1.425000e+00
1.125000e+00 1.425000e+00
1.200000e+00 1.350000e+00
9.750000e-01 1.425000e+00
1.050000e+00 1.500000e+00
1.500000e+00 1.350000e+00
1.350000e+00 1.350000e+00
simplices
0 1 259
259 652 653
12 652 653
1 259 653
0 11 259
11 259 260
259 260 652
260 652 654
12 652 654
1 2 262
2 261 262
13 261 262
12 262 653
1 262 653
13 262 655
12 262 655
121 656 657
3 656 657
2 121 657
121 263 264
14 263 658
263 264 658
121 264 656
264 656 659
3 656 659
121 261 265
13 261 265
2 121 261
121 122 265
122 265 266
13 265 266
121 122 263
122 263 267
14 263 267
123 660 662
4 660 662
123 661 662
3 661 662
123 663 664
15 663 664
123 660 664
4 660 664
264 665 666
123 665 666
264 658 666
14 658 666
264 661 665
123 661 665
264 659 661
3 659 661
124 666 667
123 666 667
124 666 668
14 666 668
124 663 667
123 663 667
124 663 669
15 663 669
125 670 672
5 670 672
125 671 672
4 671 672
125 673 674
16 673 674
125 670 674
5 670 674
125 664 675
15 664 675
125 664 671
4 664 671
126 675 676
125 675 676
126 675 677
15 675 677
126 673 676
125 673 676
126 673 678
16 673 678
127 679 680
6 679 680
5 127 680
268 681 683
127 681 683
268 682 683
17 682 683
268 679 681
127 679 681
268 679 684
6 679 684
127 674 685
16 674 685
5 127 674
127 128 685
128 685 686
16 685 686
127 128 683
128 683 687
17 683 687
129 269 688
269 271 688
7 269 271
270 688 690
129 688 690
270 688 689
271 688 689
270 691 692
6 691 692
270 689 691
271 689 691
272 694 695
129 694 695
272 693 694
273 693 694
272 696 697
18 696 697
272 693 696
273 693 696
129 269 694
269 273 694
7 269 273
268 274 699
274 698 699
129 698 699
268 274 682
274 682 700
17 682 700
268 270 699
270 690 699
129 690 699
268 270 684
270 684 692
6 684 692
274 275 701
130 275 701
274 275 698
275 698 702
129 698 702
276 701 703
274 701 703
276 701 704
130 701 704
276 700 703
274 700 703
17 276 700
275 705 706
272 705 706
130 275 706
275 695 705
272 695 705
275 695 702
129 695 702
272 277 706
130 277 706
272 277 697
18 277 697
279 280 707
8 280 707
7 279 280
278 707 709
8 707 709
278 707 708
279 707 708
278 710 711
19 710 711
278 708 710
279 708 710
273 696 712
18 696 712
273 279 712
7 273 279
279 281 712
18 281 712
279 281 710
19 281 710
9 283 284
283 284 713
8 284 713
9 282 283
20 282 283
278 711 714
19 711 714
278 283 714
278 709 713
8 709 713
278 283 713
283 285 714
19 285 714
20 283 285
288 715 717
287 715 717
288 716 717
10 716 717
288 715 719
287 715 719
288 718 719
9 718 719
10 286 717
286 287 717
21 286 720
286 287 720
20 282 721
282 287 721
9 282 719
282 287 719
287 720 722
21 720 722
287 721 722
20 721 722
260 654 724
12 654 724
260 723 724
290 723 724
11 260 725
260 723 725
290 723 725
289 724 726
12 724 726
289 290 724
23 289 290
22 290 727
290 725 727
11 725 727
22 290 291
23 290 291
13 132 655
132 655 728
12 655 728
13 131 132
131 292 730
292 729 730
24 729 730
131 132 292
289 293 732
293 731 732
132 731 732
23 289 293
289 728 732
132 728 732
289 726 728
12 726 728
294 733 735
293 733 735
294 734 735
133 734 735
294 731 733
293 731 733
132 294 731
293 735 736
133 735 736
23 293 736
292 294 737
294 734 737
133 734 737
132 292 294
295 737 738
292 737 738
295 737 739
133 737 739
295 729 738
292 729 738
295 729 740
24 729 740
122 267 297
14 267 297
122 296 297
135 296 297
122 266 298
13 266 298
122 296 298
135 296 298
297 300 741
134 300 741
14 297 300
297 299 741
299 741 742
134 741 742
135 297 299
301 743 745
134 743 745
301 744 745
25 744 745
299 742 743
134 742 743
299 743 746
301 743 746
135 299 747
299 746 747
301 746 747
131 730 748
24 730 748
131 135 748
13 131 298
131 135 298
136 748 749
135 748 749
136 748 750
24 748 750
301 749 751
136 749 751
301 747 749
135 747 749
301 751 752
136 751 752
301 744 752
25 744 752
124 302 669
15 302 669
124 138 302
124 303 668
14 303 668
124 138 303
137 302 753
15 302 753
137 302 304
138 302 304
137 305 306
26 305 306
137 304 305
138 304 754
304 305 754
307 745 755
134 745 755
307 745 756
25 745 756
307 757 758
138 757 758
307 755 758
134 755 758
134 300 303
14 300 303
138 303 758
134 303 758
308 759 761
307 759 761
308 760 761
139 760 761
308 757 759
307 757 759
308 757 762
138 757 762
307 309 761
139 309 761
307 309 756
25 309 756
308 763 764
305 763 764
308 760 764
139 760 764
308 754 763
305 754 763
308 754 762
138 754 762
305 764 765
139 764 765
26 305 765
126 310 678
16 310 678
310 766 767
141 766 767
126 310 767
126 311 677
15 311 677
311 767 768
141 767 768
126 311 767
310 769 770
140 769 770
16 310 770
312 769 771
310 769 771
312 769 772
140 769 772
312 766 771
310 766 771
312 766 773
141 766 773
314 774 776
313 774 776
314 775 776
140 775 776
314 774 778
313 774 778
314 777 778
27 777 778
312 772 776
140 772 776
312 776 779
313 776 779
312 773 780
141 773 780
312 779 780
313 779 780
137 306 781
306 316 781
26 306 782
306 316 782
315 781 783
137 781 783
315 316 781
141 315 784
315 316 784
311 753 785
137 753 785
15 311 753
315 785 786
311 785 786
315 783 785
137 783 785
315 768 786
311 768 786
141 315 768
316 787 788
142 787 788
316 784 788
141 784 788
316 787 789
142 787 789
316 782 789
26 782 789
313 788 790
142 788 790
313 780 788
141 780 788
313 790 791
142 790 791
313 778 791
27 778 791
128 687 793
17 687 793
128 792 793
144 792 793
128 686 794
16 686 794
128 792 794
144 792 794
143 793 796
17 793 796
143 793 795
144 793 795
143 797 798
28 797 798
143 795 797
144 795 797
314 775 800
140 775 800
314 799 800
317 799 800
314 777 801
27 777 801
314 799 801
317 799 801
144 317 802
317 800 802
140 800 802
140 770 794
16 770 794
140 794 802
144 794 802
144 145 317
145 317 803
317 801 803
27 801 803
144 145 797
28 145 797
130 277 319
18 277 319
130 318 319
147 318 319
276 704 804
130 704 804
276 320 804
17 276 320
130 318 804
318 320 804
147 318 320
146 319 322
18 319 322
146 319 321
147 319 321
29 146 323
146 321 323
147 321 323
143 324 798
28 324 798
324 805 806
147 805 806
143 324 806
143 320 796
17 320 796
147 320 806
143 320 806
325 807 809
324 807 809
325 808 809
148 808 809
325 805 807
324 805 807
147 325 805
324 809 810
148 809 810
28 324 810
323 325 811
325 808 811
148 808 811
147 323 325
323 326 811
148 326 811
29 323 326
149 281 327
19 281 327
149 281 328
18 281 328
149 329 812
30 329 812
149 327 329
19 327 329
29 146 330
146 149 330
146 322 328
18 322 328
146 149 328
149 150 330
150 330 331
29 330 331
149 150 812
150 812 813
30 812 813
20 285 332
19 285 332
20 31 332
30 329 814
329 332 814
19 329 332
332 333 814
333 814 815
30 814 815
31 332 333
21 722 816
20 722 816
21 32 816
20 31 816
31 32 816
152 291 334
23 291 334
152 291 335
22 291 335
151 334 336
23 334 336
151 152 334
151 337 338
34 337 338
151 152 337
152 339 340
33 339 340
152 335 340
22 335 340
152 337 341
34 337 341
152 339 341
33 339 341
295 739 817
133 739 817
295 342 817
295 740 818
24 740 818
295 342 818
154 342 819
342 817 819
133 817 819
133 343 736
23 343 736
154 343 819
133 343 819
153 342 820
342 818 820
24 818 820
153 154 342
153 344 822
344 821 822
35 821 822
153 154 344
151 338 346
34 338 346
151 345 346
154 345 346
151 336 343
23 336 343
151 343 345
154 343 345
346 823 824
155 823 824
154 346 824
346 347 823
347 823 825
155 823 825
34 346 347
344 824 826
155 824 826
154 344 824
344 348 826
348 826 827
155 826 827
344 348 821
348 821 828
35 821 828
136 752 829
25 752 829
136 157 829
136 750 830
24 750 830
136 157 830
25 156 829
156 157 829
156 349 350
36 349 350
156 157 349
153 822 831
35 822 831
153 157 831
153 820 830
24 820 830
153 157 830
157 158 831
158 831 832
35 831 832
157 158 349
36 158 349
139 351 765
26 351 765
159 351 833
139 351 833
139 309 834
309 352 834
25 309 352
352 833 835
159 833 835
352 833 834
139 833 834
159 353 354
37 353 836
353 354 836
159 351 354
26 351 837
351 354 837
156 350 838
350 356 838
36 350 356
156 355 838
355 838 839
356 838 839
355 840 841
159 840 841
355 839 840
356 839 840
25 156 352
156 352 355
352 355 835
355 835 841
159 835 841
159 353 842
353 357 842
37 353 843
353 357 843
356 840 842
159 840 842
356 357 842
36 356 357
358 791 844
142 791 844
358 791 845
27 791 845
358 846 847
160 846 847
358 844 847
142 844 847
359 789 848
142 789 848
359 789 849
26 789 849
359 847 850
160 847 850
359 847 848
142 847 848
360 852 853
160 852 853
360 851 852
361 851 852
360 854 855
38 854 855
360 851 854
361 851 854
358 846 852
160 846 852
358 361 852
358 845 856
27 845 856
358 361 856
362 857 859
354 857 859
362 858 859
160 858 859
362 836 857
354 836 857
37 362 836
354 359 859
359 850 859
160 850 859
354 359 837
359 837 849
26 837 849
360 853 860
160 853 860
360 363 860
360 855 861
38 855 861
360 363 861
362 858 860
160 858 860
362 363 860
37 362 862
362 363 862
28 145 161
145 803 863
27 803 863
145 161 863
161 864 865
39 864 865
28 161 865
161 361 866
361 854 866
38 854 866
161 361 863
361 856 863
27 856 863
161 364 864
364 864 867
39 864 867
161 364 866
364 866 868
38 866 868
148 326 869
326 365 869
29 326 870
326 365 870
365 871 872
162 871 872
365 869 872
148 869 872
148 810 873
28 810 873
148 872 873
162 872 873
366 874 876
162 874 876
366 875 876
40 875 876
365 871 874
162 871 874
365 874 877
366 874 877
365 870 878
29 870 878
365 877 878
366 877 878
162 865 879
39 865 879
162 865 873
28 865 873
367 876 880
162 876 880
367 876 881
40 876 881
367 879 880
162 879 880
367 879 882
39 879 882
369 813 883
150 813 883
369 813 884
30 813 884
368 883 886
150 883 886
368 883 885
369 883 885
164 368 887
368 885 887
369 885 887
150 331 888
331 370 888
29 331 889
331 370 889
368 886 888
150 886 888
368 370 888
164 368 890
368 370 890
163 369 372
369 372 884
372 884 891
30 884 891
163 369 371
369 371 887
164 371 887
163 373 893
373 892 893
41 892 893
163 371 373
164 371 894
371 373 894
366 895 896
164 895 896
366 875 896
40 875 896
370 895 897
366 895 897
370 890 895
164 890 895
370 878 897
366 878 897
370 878 889
29 878 889
373 894 899
164 894 899
373 898 899
374 898 899
373 892 900
41 892 900
373 898 900
374 898 900
374 896 899
164 896 899
40 374 896
165 333 375
31 333 375
165 333 376
333 376 815
376 815 901
30 815 901
165 377 378
377 902 903
42 902 903
377 378 902
165 375 378
31 375 378
163 379 893
41 379 893
165 379 904
163 379 904
163 372 906
372 905 906
376 905 906
372 891 901
30 891 901
372 901 905
376 901 905
165 376 904
376 904 906
163 904 906
166 379 380
165 379 380
166 379 381
41 379 381
377 380 907
166 380 907
165 377 380
377 907 908
166 907 908
377 903 908
42 903 908
31 32 382
32 43 382
378 902 909
42 902 909
378 382 909
31 378 382
43 382 910
382 909 910
42 909 910
168 341 911
34 341 911
168 341 912
33 341 912
167 911 914
34 911 914
167 911 913
168 911 913
167 915 916
45 915 916
167 913 915
168 913 915
168 917 918
44 917 918
168 912 918
33 912 918
168 915 919
45 915 919
168 917 919
44 917 919
348 827 921
155 827 921
348 920 921
384 920 921
348 828 922
35 828 922
348 920 922
384 920 922
155 383 921
383 384 921
170 383 384
347 825 924
155 825 924
347 923 924
385 923 924
34 347 925
347 923 925
385 923 925
155 383 924
383 385 924
170 383 385
384 387 927
387 926 927
169 926 927
384 387 922
387 922 928
35 922 928
384 386 927
169 386 927
170 384 386
169 388 389
46 388 389
169 386 388
170 386 388
167 390 916
45 390 916
167 170 390
167 385 914
385 914 925
34 914 925
167 170 385
170 171 390
171 390 391
45 390 391
170 171 388
46 171 388
36 158 392
172 392 929
158 392 929
393 832 930
158 832 930
393 832 931
35 832 931
393 929 932
172 929 932
393 929 930
158 929 930
394 934 935
172 934 935
394 933 934
395 933 934
47 394 936
394 933 936
395 933 936
172 392 934
392 395 934
36 392 395
169 389 937
389 397 937
46 389 938
389 397 938
396 937 940
169 937 940
396 937 939
397 937 939
396 941 942
172 941 942
396 939 941
397 939 941
387 926 944
169 926 944
387 943 944
393 943 944
387 928 931
35 928 931
387 931 943
393 931 943
396 944 945
393 944 945
396 940 944
169 940 944
396 932 945
393 932 945
396 932 942
172 932 942
394 935 946
172 935 946
394 398 946
47 394 398
397 941 946
172 941 946
397 946 947
398 946 947
397 938 948
46 938 948
397 947 948
398 947 948
357 843 950
37 843 950
357 949 950
400 949 950
36 357 951
357 949 951
400 949 951
37 399 950
399 400 950
48 399 400
395 936 952
47 936 952
395 400 952
36 395 951
395 400 951
400 401 952
47 401 952
48 400 401
363 861 954
38 861 954
363 953 954
403 953 954
363 862 955
37 862 955
363 953 955
403 953 955
402 954 957
38 954 957
402 954 956
403 954 956
49 402 958
402 956 958
403 956 958
48 399 959
399 403 959
37 399 955
399 403 955
404 959 960
403 959 960
48 404 959
404 958 960
403 958 960
404 958 961
49 958 961
364 867 963
39 867 963
364 962 963
406 962 963
364 868 964
38 868 964
364 962 964
406 962 964
405 963 966
39 963 966
405 963 965
406 963 965
50 405 967
405 965 967
406 965 967
49 402 406
402 957 964
38 957 964
402 406 964
49 406 407
406 407 967
50 407 967
367 881 968
40 881 968
367 409 968
367 882 969
39 882 969
367 409 969
40 408 968
408 409 968
51 408 970
408 409 970
50 405 971
405 409 971
405 966 969
39 966 969
405 409 969
409 410 971
410 971 972
50 971 972
409 410 970
410 970 973
51 970 973
174 374 974
374 900 974
41 900 974
40 174 374
41 173 974
173 174 974
173 975 976
52 975 976
173 174 975
51 174 408
40 174 408
174 975 977
52 975 977
51 174 977
166 908 978
42 908 978
166 176 978
166 381 411
41 381 411
166 176 411
42 175 978
175 978 979
176 978 979
175 412 981
412 980 981
53 980 981
412 979 982
176 979 982
175 412 979
173 413 976
413 976 983
52 976 983
173 176 413
41 173 411
173 176 411
413 984 985
177 984 985
176 413 985
413 414 984
414 984 986
177 984 986
413 414 983
414 983 987
52 983 987
412 985 988
177 985 988
412 982 985
176 982 985
415 988 989
412 988 989
415 988 990
177 988 990
415 980 989
412 980 989
415 980 991
53 980 991
43 178 910
42 178 910
178 992 993
54 992 993
43 178 993
175 981 994
53 981 994
175 178 994
42 175 178
178 416 992
416 992 995
54 992 995
178 416 994
416 994 996
53 994 996
180 919 997
45 919 997
180 919 998
44 919 998
179 997 1000
45 997 1000
179 997 999
180 997 999
179 1001 1002
56 1001 1002
179 999 1001
180 999 1001
180 1003 1004
55 1003 1004
180 998 1004
44 998 1004
417 1001 1005
180 1001 1005
417 1001 1006
56 1001 1006
417 1003 1005
180 1003 1005
417 1003 1007
55 1003 1007
46 171 419
171 418 419
182 418 419
171 391 420
45 391 1008
391 420 1008
171 418 420
182 418 420
181 419 421
46 419 421
182 419 1009
181 419 1009
423 1010 1011
422 1010 1011
181 423 1011
423 1010 1013
422 1010 1013
423 1012 1013
57 1012 1013
422 1009 1014
182 1009 1014
422 1009 1011
181 1009 1011
179 1002 1016
56 1002 1016
179 1015 1016
182 1015 1016
420 1000 1017
179 1000 1017
420 1000 1008
45 1000 1008
182 420 1015
420 1015 1017
179 1015 1017
183 1016 1018
182 1016 1018
183 1016 1019
56 1016 1019
422 1018 1020
183 1018 1020
422 1014 1018
182 1014 1018
424 1020 1021
422 1020 1021
183 424 1020
424 1013 1021
422 1013 1021
424 1013 1022
57 1013 1022
398 425 1023
184 425 1023
47 398 425
398 426 1023
426 1023 1024
184 1023 1024
398 426 948
46 426 948
427 1025 1026
184 1025 1026
427 428 1025
427 1027 1028
58 1027 1028
427 428 1027
184 425 1025
425 428 1025
47 425 428
181 423 430
423 1012 1029
57 1012 1029
423 430 1029
181 429 430
429 1030 1031
184 1030 1031
429 430 1030
181 421 1032
421 426 1032
46 421 426
429 1032 1033
426 1032 1033
181 429 1032
429 1024 1033
426 1024 1033
429 1024 1031
184 1024 1031
427 1026 1035
184 1026 1035
427 1034 1035
431 1034 1035
427 1028 1036
58 1028 1036
427 1034 1036
431 1034 1036
430 1030 1035
184 1030 1035
430 1035 1037
431 1035 1037
430 1029 1038
57 1029 1038
430 1037 1038
431 1037 1038
48 401 433
47 401 433
48 432 433
59 432 1039
432 433 1039
428 1027 1040
58 1027 1040
428 433 1040
47 428 433
433 434 1040
58 434 1040
433 434 1039
434 1039 1041
59 1039 1041
404 961 1042
49 961 1042
404 436 1042
48 404 436
435 1042 1044
49 1042 1044
435 1042 1043
436 1042 1043
435 1045 1046
60 1045 1046
435 1043 1045
436 1043 1045
59 432 436
48 432 436
436 1045 1047
60 1045 1047
59 436 1047
50 407 1048
407 438 1048
49 407 1049
407 438 1049
437 1048 1050
50 1048 1050
437 438 1048
437 1051 1052
61 1051 1052
437 438 1051
435 1046 1054
60 1046 1054
435 1053 1054
438 1053 1054
435 1044 1049
49 1044 1049
435 1049 1053
438 1049 1053
439 1054 1055
438 1054 1055
439 1054 1056
60 1054 1056
439 1051 1055
438 1051 1055
439 1051 1057
61 1051 1057
410 973 1059
51 973 1059
410 1058 1059
441 1058 1059
410 972 1060
50 972 1060
410 1058 1060
441 1058 1060
440 1059 1062
51 1059 1062
440 1059 1061
441 1059 1061
440 1063 1064
62 1063 1064
440 1061 1063
441 1061 1063
437 1052 1066
61 1052 1066
437 1065 1066
441 1065 1066
437 1050 1060
50 1050 1060
437 1060 1065
441 1060 1065
442 1066 1067
441 1066 1067
442 1066 1068
61 1066 1068
442 1063 1067
441 1063 1067
442 1063 1069
62 1063 1069
186 977 1070
52 977 1070
186 977 1071
51 977 1071
185 1070 1073
52 1070 1073
185 1070 1072
186 1070 1072
443 1074 1076
185 1074 1076
443 1075 1076
63 1075 1076
443 1072 1077
186 1072 1077
443 1072 1074
185 1072 1074
444 1078 1080
440 1078 1080
444 1079 1080
186 1079 1080
444 1064 1078
440 1064 1078
444 1064 1081
62 1064 1081
440 1071 1080
186 1071 1080
440 1062 1071
51 1062 1071
443 1077 1083
186 1077 1083
443 1082 1083
445 1082 1083
443 1075 1084
63 1075 1084
443 1082 1084
445 1082 1084
444 1079 1083
186 1079 1083
444 1083 1085
445 1083 1085
444 1081 1086
62 1081 1086
444 1085 1086
445 1085 1086
415 990 1088
177 990 1088
415 1087 1088
447 1087 1088
415 991 1089
53 991 1089
415 1087 1089
447 1087 1089
446 1088 1091
177 1088 1091
446 1088 1090
447 1088 1090
446 1092 1093
188 1092 1093
446 1090 1092
447 1090 1092
414 986 1095
177 986 1095
414 1094 1095
448 1094 1095
414 987 1096
52 987 1096
414 1094 1096
448 1094 1096
446 1091 1095
177 1091 1095
446 1095 1097
448 1095 1097
446 1093 1098
188 1093 1098
446 1097 1098
448 1097 1098
450 1099 1101
447 1099 1101
450 1100 1101
187 1100 1101
450 1089 1099
447 1089 1099
450 1089 1102
53 1089 1102
449 1101 1103
447 1101 1103
449 1101 1104
187 1101 1104
449 1092 1103
447 1092 1103
449 1092 1105
188 1092 1105
452 1106 1108
451 1106 1108
452 1107 1108
187 1107 1108
452 1106 1110
451 1106 1110
452 1109 1110
64 1109 1110
449 1104 1108
187 1104 1108
449 451 1108
449 1105 1111
188 1105 1111
449 451 1111
453 1076 1112
185 1076 1112
63 453 1076
453 1113 1114
188 1113 1114
453 1112 1114
185 1112 1114
185 448 1073
448 1073 1096
52 1073 1096
448 1098 1114
188 1098 1114
185 448 1114
189 453 454
453 454 1113
188 454 1113
63 189 453
451 454 1115
189 454 1115
451 454 1111
188 454 1111
455 1115 1116
451 1115 1116
455 1115 1117
189 1115 1117
455 1110 1116
451 1110 1116
455 1110 1118
64 1110 1118
456 1119 1121
416 1119 1121
456 1120 1121
190 1120 1121
456 995 1119
416 995 1119
456 995 1122
54 995 1122
457 1121 1123
416 1121 1123
457 1121 1124
190 1121 1124
457 996 1123
416 996 1123
457 996 1125
53 996 1125
458 1127 1128
190 1127 1128
458 1126 1127
459 1126 1127
458 1129 1130
65 1129 1130
458 1126 1129
459 1126 1129
456 1120 1127
190 1120 1127
456 1127 1131
459 1127 1131
456 1122 1132
54 1122 1132
456 1131 1132
459 1131 1132
452 1107 1134
187 1107 1134
452 1133 1134
461 1133 1134
452 1109 1135
64 1109 1135
452 1133 1135
461 1133 1135
460 1134 1137
187 1134 1137
460 1134 1136
461 1134 1136
460 1138 1139
190 1138 1139
460 1136 1138
461 1136 1138
450 1100 1141
187 1100 1141
450 1140 1141
457 1140 1141
450 1102 1125
53 1102 1125
450 1125 1140
457 1125 1140
460 1141 1142
457 1141 1142
460 1137 1141
187 1137 1141
460 1124 1142
457 1124 1142
460 1124 1139
190 1124 1139
458 1128 1144
190 1128 1144
458 1143 1144
462 1143 1144
458 1130 1145
65 1130 1145
458 1143 1145
462 1143 1145
461 1138 1144
190 1138 1144
461 1144 1146
462 1144 1146
461 1135 1147
64 1135 1147
461 1146 1147
462 1146 1147
463 1148 1150
417 1148 1150
463 1149 1150
192 1149 1150
463 1006 1148
417 1006 1148
463 1006 1151
56 1006 1151
464 1150 1152
417 1150 1152
464 1150 1153
192 1150 1153
464 1007 1152
417 1007 1152
464 1007 1154
55 1007 1154
466 1155 1157
463 1155 1157
466 1156 1157
191 1156 1157
466 1151 1155
463 1151 1155
466 1151 1158
56 1151 1158
465 1157 1159
463 1157 1159
465 1157 1160
191 1157 1160
465 1149 1159
463 1149 1159
465 1149 1161
192 1149 1161
468 1162 1164
467 1162 1164
468 1163 1164
191 1163 1164
468 1162 1166
467 1162 1166
468 1165 1166
67 1165 1166
465 1160 1164
191 1160 1164
465 1164 1167
467 1164 1167
465 1161 1168
192 1161 1168
465 1167 1168
467 1167 1168
469 1169 1170
192 1169 1170
469 470 1169
66 469 470
464 1153 1169
192 1153 1169
464 470 1169
464 1154 1171
55 1154 1171
464 470 1171
467 1168 1172
192 1168 1172
467 471 1172
467 1166 1173
67 1166 1173
467 471 1173
469 1170 1172
192 1170 1172
469 1172 1174
471 1172 1174
66 469 1175
469 1174 1175
471 1174 1175
183 424 473
424 1022 1176
57 1022 1176
424 473 1176
183 472 473
472 1177 1178
194 1177 1178
472 473 1177
474 1019 1179
183 1019 1179
474 1019 1180
56 1019 1180
183 472 1179
472 1179 1181
474 1179 1181
472 1178 1182
194 1178 1182
472 1181 1182
474 1181 1182
473 1183 1184
193 1183 1184
473 1176 1184
57 1176 1184
473 1177 1185
194 1177 1185
473 1183 1185
193 1183 1185
475 1186 1188
193 1186 1188
475 1187 1188
68 1187 1188
475 1185 1189
194 1185 1189
475 1185 1186
193 1185 1186
468 1163 1191
191 1163 1191
468 1190 1191
477 1190 1191
468 1165 1192
67 1165 1192
468 1190 1192
477 1190 1192
191 476 1191
476 1191 1193
477 1191 1193
476 1194 1195
194 1194 1195
476 1193 1194
477 1193 1194
466 1156 1196
191 1156 1196
466 474 1196
466 1158 1180
56 1158 1180
466 474 1180
476 1196 1197
474 1196 1197
191 476 1196
476 1182 1197
474 1182 1197
476 1182 1195
194 1182 1195
478 1198 1200
477 1198 1200
478 1199 1200
195 1199 1200
478 1194 1198
477 1194 1198
194 478 1194
477 479 1200
195 479 1200
477 479 1192
67 479 1192
475 478 1201
478 1199 1201
195 1199 1201
475 478 1189
194 478 1189
475 480 1201
195 480 1201
475 480 1187
68 480 1187
196 431 481
431 481 1036
58 481 1036
196 431 482
431 482 1038
57 482 1038
196 483 1202
69 483 1202
196 481 483
58 481 483
193 1188 1203
68 1188 1203
193 196 1203
193 482 1184
57 482 1184
193 196 482
484 1202 1204
196 1202 1204
484 1202 1205
69 1202 1205
484 1203 1204
196 1203 1204
484 1203 1206
68 1203 1206
434 1041 1208
59 1041 1208
434 1207 1208
485 1207 1208
58 434 1209
434 1207 1209
485 1207 1209
70 485 1210
485 1208 1210
59 1208 1210
69 483 485
58 483 1209
483 485 1209
69 70 485
60 1047 1212
59 1047 1212
60 1211 1212
71 1211 1212
70 1210 1212
59 1210 1212
70 1212 1213
71 1212 1213
439 1057 1215
61 1057 1215
439 1214 1215
486 1214 1215
439 1056 1216
60 1056 1216
439 1214 1216
486 1214 1216
486 1217 1218
72 1217 1218
486 1215 1218
61 1215 1218
71 486 1211
486 1211 1216
60 1211 1216
71 486 487
486 487 1217
72 487 1217
442 1069 1219
62 1069 1219
442 488 1219
442 1068 1220
61 1068 1220
442 488 1220
73 488 1221
488 1219 1221
62 1219 1221
72 488 1218
488 1218 1220
61 1218 1220
72 488 489
73 488 489
198 445 1222
445 1084 1222
63 1084 1222
198 445 1223
445 1086 1223
62 1086 1223
197 1222 1225
63 1222 1225
197 1222 1224
198 1222 1224
197 1226 1227
74 1226 1227
197 1224 1226
198 1224 1226
198 1221 1228
73 1221 1228
198 1221 1223
62 1221 1223
198 1226 1229
74 1226 1229
198 1228 1229
73 1228 1229
455 1117 1231
189 1117 1231
455 1230 1231
490 1230 1231
455 1118 1232
64 1118 1232
455 1230 1232
490 1230 1232
490 1233 1234
200 1233 1234
490 1231 1234
189 1231 1234
63 189 1235
189 1234 1235
200 1234 1235
490 1236 1237
199 1236 1237
490 1232 1237
64 1232 1237
490 1233 1238
200 1233 1238
490 1236 1238
199 1236 1238
199 1239 1240
75 1239 1240
199 1238 1239
200 1238 1239
197 1227 1242
74 1227 1242
197 1241 1242
200 1241 1242
197 1225 1235
63 1225 1235
197 1235 1241
200 1235 1241
200 201 1242
74 201 1242
200 201 1239
75 201 1239
202 462 1243
462 1145 1243
65 1145 1243
202 462 1244
462 1147 1244
64 1147 1244
202 1245 1246
76 1245 1246
202 1243 1246
65 1243 1246
199 1240 1248
75 1240 1248
199 1247 1248
202 1247 1248
199 1237 1244
64 1237 1244
199 1244 1247
202 1244 1247
491 1245 1249
202 1245 1249
491 1245 1250
76 1245 1250
491 1248 1249
202 1248 1249
491 1248 1251
75 1248 1251
204 471 1252
471 1173 1252
67 1173 1252
204 471 1253
471 1175 1253
66 1175 1253
67 203 1252
203 204 1252
78 203 204
77 204 1254
204 1253 1254
66 1253 1254
78 204 1255
77 204 1255
195 480 493
68 480 493
195 492 493
206 492 493
195 479 494
67 479 494
195 492 494
206 492 494
493 495 1257
495 1256 1257
205 1256 1257
68 493 495
206 493 1258
493 1257 1258
205 1257 1258
205 496 497
496 497 1260
497 1259 1260
79 1259 1260
206 496 1258
205 496 1258
78 203 1261
203 206 1261
67 203 494
203 206 494
207 1261 1262
206 1261 1262
78 207 1261
496 1262 1263
207 1262 1263
206 496 1262
496 1263 1264
207 1263 1264
496 1260 1264
79 1260 1264
498 1265 1267
484 1265 1267
498 1266 1267
208 1266 1267
498 1205 1265
484 1205 1265
69 498 1205
484 499 1267
499 1267 1268
208 1267 1268
484 499 1206
499 1206 1269
68 1206 1269
208 500 1270
500 501 1270
80 500 501
498 1266 1270
208 1266 1270
498 501 1270
69 498 501
205 497 1272
497 1271 1272
503 1271 1272
497 1259 1273
79 1259 1273
497 1271 1273
503 1271 1273
502 1272 1275
205 1272 1275
502 1272 1274
503 1272 1274
502 1276 1277
208 1276 1277
502 1274 1276
503 1274 1276
495 1256 1279
205 1256 1279
495 1278 1279
499 1278 1279
68 495 1269
495 1269 1278
499 1269 1278
499 502 1279
502 1275 1279
205 1275 1279
499 502 1268
502 1268 1277
208 1268 1277
208 500 1280
500 504 1280
80 500 504
503 1276 1280
208 1276 1280
503 504 1280
503 1273 1281
79 1273 1281
503 504 1281
69 70 505
81 505 1282
70 505 1282
80 501 505
69 501 505
80 81 505
507 1213 1283
71 1213 1283
507 1213 1284
70 1213 1284
506 1283 1286
71 1283 1286
506 1283 1285
507 1283 1285
506 1287 1288
82 1287 1288
506 1285 1287
507 1285 1287
507 1282 1289
81 1282 1289
507 1282 1284
70 1282 1284
507 1287 1290
82 1287 1290
507 1289 1290
81 1289 1290
72 487 1291
487 509 1291
71 487 1292
487 509 1292
72 508 1291
508 1291 1293
509 1291 1293
508 1294 1295
83 1294 1295
508 1293 1294
509 1293 1294
506 1288 1296
82 1288 1296
506 509 1296
506 1286 1292
71 1286 1292
506 509 1292
510 1296 1297
509 1296 1297
510 1296 1298
82 1296 1298
510 1294 1297
509 1294 1297
510 1294 1299
83 1294 1299
73 489 1300
489 512 1300
72 489 512
511 1300 1301
73 1300 1301
511 512 1300
511 1302 1303
84 1302 1303
511 512 1302
508 1295 1304
83 1295 1304
508 512 1304
72 508 512
512 513 1304
83 513 1304
512 513 1302
84 513 1302
210 1229 1305
74 1229 1305
210 1229 1306
73 1229 1306
74 209 1305
209 1305 1307
210 1305 1307
514 1308 1310
209 1308 1310
514 1309 1310
85 1309 1310
514 1307 1311
210 1307 1311
514 1307 1308
209 1307 1308
515 1312 1314
511 1312 1314
515 1313 1314
210 1313 1314
515 1303 1312
511 1303 1312
515 1303 1315
84 1303 1315
511 1306 1314
210 1306 1314
511 1301 1306
73 1301 1306
211 515 516
515 516 1313
210 516 1313
211 515 517
515 517 1315
84 517 1315
211 514 516
514 516 1311
210 516 1311
211 514 518
514 518 1309
518 1309 1316
85 1309 1316
75 201 519
201 213 519
74 201 213
519 520 1318
520 1317 1318
212 1317 1318
75 519 520
213 519 1319
519 1318 1319
212 1318 1319
212 521 522
521 522 1321
522 1320 1321
86 1320 1321
213 521 1319
212 521 1319
209 523 1310
85 523 1310
209 213 523
74 209 213
523 524 1322
214 524 1322
213 523 524
523 525 1322
525 1322 1323
214 1322 1323
85 523 525
521 524 1324
214 524 1324
213 521 524
521 526 1324
526 1324 1325
214 1324 1325
521 526 1321
526 1321 1326
86 1321 1326
527 1327 1329
491 1327 1329
527 1328 1329
215 1328 1329
527 1250 1327
491 1250 1327
76 527 1250
491 528 1329
215 528 1329
491 528 1251
528 1251 1330
75 1251 1330
529 1331 1332
215 1331 1332
529 530 1331
87 529 530
527 1328 1331
215 1328 1331
527 530 1331
76 527 530
212 522 1334
522 1333 1334
532 1333 1334
522 1320 1335
86 1320 1335
522 1333 1335
532 1333 1335
531 1334 1337
212 1334 1337
531 1334 1336
532 1334 1336
215 531 1338
531 1336 1338
532 1336 1338
520 1317 1340
212 1317 1340
520 1339 1340
528 1339 1340
75 520 1330
520 1330 1339
528 1330 1339
528 531 1340
531 1337 1340
212 1337 1340
215 528 531
529 1332 1342
215 1332 1342
529 1341 1342
533 1341 1342
87 529 1343
529 1341 1343
533 1341 1343
532 1338 1342
215 1338 1342
532 533 1342
532 1335 1344
86 1335 1344
532 533 1344
78 535 1255
535 1255 1345
77 1255 1345
78 534 535
89 534 1346
534 535 1346
537 1347 1348
535 1347 1348
88 537 1348
537 1345 1347
535 1345 1347
537 1345 1349
77 1345 1349
535 536 1348
88 536 1348
535 536 1346
536 1346 1350
89 1346 1350
207 538 1264
79 538 1264
207 217 538
78 207 539
207 217 539
79 216 538
216 538 540
217 538 540
216 541 542
90 541 542
216 540 541
217 540 541
217 534 543
89 534 543
217 534 539
78 534 539
217 541 544
90 541 544
217 543 544
89 543 544
80 218 504
218 504 1351
504 1281 1351
79 1281 1351
218 1352 1353
91 1352 1353
80 218 1353
216 542 545
90 542 545
216 218 545
79 216 1351
216 218 1351
219 545 1354
218 545 1354
219 545 546
90 545 546
219 1352 1354
218 1352 1354
219 1352 1355
91 1352 1355
80 81 220
220 547 548
547 1356 1357
92 1356 1357
547 548 1356
81 220 548
220 1353 1358
91 1353 1358
80 220 1353
221 1358 1359
220 1358 1359
221 1358 1360
91 1358 1360
547 1359 1361
221 1359 1361
220 547 1359
549 1361 1362
547 1361 1362
549 1361 1363
221 1361 1363
549 1357 1362
547 1357 1362
92 549 1357
222 1290 1364
82 1290 1364
81 222 1290
222 550 551
93 550 1365
550 551 1365
222 551 1364
551 1364 1366
82 1364 1366
222 548 552
548 552 1356
92 552 1356
81 222 548
222 223 552
223 552 553
92 552 553
222 223 550
223 550 554
93 550 554
555 1367 1368
510 1367 1368
224 555 1368
555 1299 1367
510 1299 1367
555 1299 1369
83 1299 1369
556 1368 1370
510 1368 1370
556 1368 1371
224 1368 1371
556 1298 1370
510 1298 1370
556 1298 1372
82 1298 1372
557 1374 1375
224 1374 1375
557 1373 1374
558 1373 1374
557 1376 1377
94 1376 1377
557 1373 1376
558 1373 1376
224 555 1374
555 558 1374
555 1369 1378
83 1369 1378
555 558 1378
551 559 1379
224 559 1379
551 559 1365
559 1365 1380
93 1365 1380
551 556 1379
556 1371 1379
224 1371 1379
551 556 1366
556 1366 1372
82 1366 1372
559 1381 1382
225 1381 1382
224 559 1382
560 1381 1383
559 1381 1383
560 1381 1384
225 1381 1384
560 1380 1383
559 1380 1383
560 1380 1385
93 1380 1385
557 1382 1386
225 1382 1386
557 1375 1382
224 1375 1382
561 1386 1387
557 1386 1387
225 561 1386
561 1377 1387
557 1377 1387
561 1377 1388
94 1377 1388
227 513 1389
84 513 1389
227 513 1390
83 513 1390
84 226 1389
226 1389 1391
227 1389 1391
226 562 1393
562 1392 1393
95 1392 1393
562 1391 1394
227 1391 1394
226 562 1391
558 563 1396
563 1395 1396
227 1395 1396
558 563 1376
563 1376 1397
94 1376 1397
558 1390 1396
227 1390 1396
558 1378 1390
83 1378 1390
563 1398 1399
228 1398 1399
563 1395 1399
227 1395 1399
564 1398 1400
563 1398 1400
564 1398 1401
228 1398 1401
564 1397 1400
563 1397 1400
564 1397 1402
94 1397 1402
562 1399 1403
228 1399 1403
562 1394 1399
227 1394 1399
565 1403 1404
562 1403 1404
565 1403 1405
228 1403 1405
565 1392 1404
562 1392 1404
95 565 1392
211 518 1407
518 1406 1407
566 1406 1407
518 1316 1408
85 1316 1408
518 1406 1408
566 1406 1408
230 566 1409
566 1407 1409
211 1407 1409
211 517 1410
517 567 1410
84 517 567
567 1409 1411
230 1409 1411
567 1409 1410
211 1409 1410
566 1412 1413
229 1412 1413
566 1408 1413
85 1408 1413
230 566 1414
566 1412 1414
229 1412 1414
229 568 1416
568 1415 1416
96 1415 1416
568 1414 1417
230 1414 1417
229 568 1414
226 569 1393
95 569 1393
569 1418 1419
230 1418 1419
226 569 1419
84 226 567
567 1411 1419
230 1411 1419
226 567 1419
569 570 1421
570 1420 1421
231 1420 1421
569 570 1418
570 1418 1422
230 1418 1422
569 571 1421
571 1421 1423
231 1421 1423
95 569 571
570 1424 1425
568 1424 1425
570 1420 1425
231 1420 1425
570 1417 1424
568 1417 1424
570 1417 1422
230 1417 1422
572 1425 1426
568 1425 1426
572 1425 1427
231 1425 1427
572 1415 1426
568 1415 1426
572 1415 1428
96 1415 1428
526 1325 1430
214 1325 1430
526 1429 1430
574 1429 1430
526 1326 1431
86 1326 1431
526 1429 1431
574 1429 1431
573 1430 1433
214 1430 1433
573 1430 1432
574 1430 1432
573 1434 1435
233 1434 1435
573 1432 1434
574 1432 1434
525 1323 1437
214 1323 1437
525 1436 1437
575 1436 1437
85 525 1438
525 1436 1438
575 1436 1438
573 1433 1437
214 1433 1437
573 575 1437
573 1435 1439
233 1435 1439
573 575 1439
232 574 1440
574 1431 1440
86 1431 1440
574 1434 1441
233 1434 1441
232 574 1441
232 1442 1443
97 1442 1443
232 1441 1442
233 1441 1442
229 1416 1445
96 1416 1445
229 1444 1445
233 1444 1445
229 575 1413
575 1413 1438
85 1413 1438
575 1439 1444
233 1439 1444
229 575 1444
233 234 1445
234 1445 1446
96 1445 1446
233 234 1442
97 234 1442
235 533 1447
533 1343 1447
87 1343 1447
235 533 1448
533 1344 1448
86 1344 1448
235 1449 1450
98 1449 1450
235 1447 1450
87 1447 1450
232 1443 1452
97 1443 1452
232 1451 1452
235 1451 1452
232 1440 1448
86 1440 1448
232 1448 1451
235 1448 1451
235 1449 1453
98 1449 1453
235 1452 1453
97 1452 1453
536 1350 1455
89 1350 1455
536 1454 1455
576 1454 1455
88 536 1456
536 1454 1456
576 1454 1456
100 576 1457
576 1455 1457
89 1455 1457
99 576 1458
576 1456 1458
88 1456 1458
99 100 576
90 544 578
89 544 578
90 577 578
577 1459 1460
101 1459 1460
577 578 1459
100 578 1457
89 578 1457
578 1459 1461
101 1459 1461
100 578 1461
580 1355 1462
219 1355 1462
91 580 1355
219 579 1462
579 1462 1463
580 1462 1463
579 1464 1465
237 1464 1465
579 1463 1464
580 1463 1464
219 546 581
90 546 581
219 579 581
579 1465 1466
237 1465 1466
579 581 1466
580 583 1467
236 583 1467
91 580 583
582 1467 1468
580 1467 1468
236 582 1467
582 1464 1468
580 1464 1468
582 1464 1469
237 1464 1469
236 584 1471
584 1470 1471
102 1470 1471
236 582 584
582 1469 1472
237 1469 1472
582 584 1472
577 585 1474
585 1473 1474
237 1473 1474
577 585 1460
585 1460 1475
101 1460 1475
577 581 1474
581 1466 1474
237 1466 1474
90 577 581
584 1472 1477
237 1472 1477
584 1476 1477
586 1476 1477
584 1470 1478
102 1470 1478
584 1476 1478
586 1476 1478
585 1473 1477
237 1473 1477
585 1477 1479
586 1477 1479
585 1475 1480
101 1475 1480
585 1479 1480
586 1479 1480
549 1363 1481
221 1363 1481
549 588 1481
92 549 588
221 587 1481
587 588 1481
239 587 588
589 1360 1482
221 1360 1482
589 1360 1483
91 1360 1483
221 587 1482
587 589 1482
239 587 589
92 238 588
238 239 588
238 590 1484
103 590 1484
238 239 590
591 1471 1485
236 1471 1485
102 591 1471
591 1486 1487
239 1486 1487
591 1485 1487
236 1485 1487
236 583 589
91 583 1483
583 589 1483
239 589 1487
236 589 1487
240 591 592
591 592 1486
239 592 1486
102 240 591
590 592 1488
240 592 1488
239 590 592
590 593 1488
593 1488 1489
240 1488 1489
103 590 593
223 554 595
93 554 595
223 594 595
242 594 595
223 553 596
92 553 596
223 594 596
242 594 596
595 598 1490
241 598 1490
93 595 598
595 597 1490
597 1490 1491
241 1490 1491
242 595 597
599 1492 1494
241 1492 1494
599 1493 1494
104 1493 1494
597 1491 1492
241 1491 1492
597 1492 1495
599 1492 1495
242 597 1496
597 1495 1496
599 1495 1496
238 600 1484
600 1484 1497
103 1484 1497
600 1498 1499
242 1498 1499
238 600 1499
92 238 596
242 596 1499
238 596 1499
600 601 1501
601 1500 1501
243 1500 1501
600 601 1498
601 1498 1502
242 1498 1502
600 1501 1503
243 1501 1503
600 1497 1503
103 1497 1503
601 1504 1505
599 1504 1505
601 1500 1505
243 1500 1505
601 1496 1504
599 1496 1504
601 1496 1502
242 1496 1502
602 1505 1506
599 1505 1506
602 1505 1507
243 1505 1507
602 1493 1506
599 1493 1506
104 602 1493
225 561 1508
561 604 1508
561 1388 1509
94 1388 1509
561 604 1509
603 1508 1511
225 1508 1511
603 1508 1510
604 1508 1510
603 1512 1513
245 1512 1513
603 1510 1512
604 1510 1512
560 1384 1515
225 1384 1515
560 1514 1515
605 1514 1515
560 1385 1516
93 1385 1516
560 1514 1516
605 1514 1516
603 1511 1515
225 1511 1515
603 1515 1517
605 1515 1517
603 1513 1518
245 1513 1518
603 1517 1518
605 1517 1518
604 607 1519
244 607 1519
604 607 1509
94 607 1509
606 1519 1520
604 1519 1520
606 1519 1521
244 1519 1521
606 1512 1520
604 1512 1520
606 1512 1522
245 1512 1522
608 1523 1525
244 1523 1525
608 1524 1525
105 1524 1525
606 1521 1523
244 1521 1523
606 1523 1526
608 1523 1526
606 1522 1527
245 1522 1527
606 1526 1527
608 1526 1527
241 1494 1529
104 1494 1529
241 1528 1529
245 1528 1529
241 598 605
93 598 1516
598 605 1516
605 1518 1528
245 1518 1528
241 605 1528
246 1529 1530
245 1529 1530
246 1529 1531
104 1529 1531
246 608 1530
608 1527 1530
245 1527 1530
246 608 1532
608 1524 1532
105 1524 1532
565 1405 1533
228 1405 1533
565 610 1533
95 565 1534
565 610 1534
228 609 1533
609 610 1533
248 609 610
564 1401 1535
228 1401 1535
564 611 1535
564 1402 1536
94 1402 1536
564 611 1536
228 609 1535
609 611 1535
248 609 611
247 610 613
610 613 1534
613 1534 1537
95 1534 1537
247 610 612
248 610 612
247 614 1539
614 1538 1539
106 1538 1539
247 612 614
248 612 614
244 615 1525
615 1525 1540
105 1525 1540
244 248 615
244 607 611
94 607 1536
607 611 1536
244 248 611
249 615 616
248 615 616
249 615 617
615 617 1540
617 1540 1541
105 1540 1541
614 616 1542
249 616 1542
248 614 616
614 618 1542
618 1542 1543
249 1542 1543
614 618 1538
618 1538 1544
106 1538 1544
572 1427 1546
231 1427 1546
572 1545 1546
620 1545 1546
572 1428 1547
96 1428 1547
572 1545 1547
620 1545 1547
619 1546 1549
231 1546 1549
619 1546 1548
620 1546 1548
619 1550 1551
251 1550 1551
619 1548 1550
620 1548 1550
571 1423 1553
231 1423 1553
571 1552 1553
621 1552 1553
95 571 1554
571 1552 1554
621 1552 1554
619 1549 1553
231 1549 1553
619 621 1553
619 1551 1555
251 1551 1555
619 621 1555
623 1556 1558
620 1556 1558
623 1557 1558
250 1557 1558
623 1547 1556
620 1547 1556
623 1547 1559
96 1547 1559
620 622 1558
250 622 1558
620 622 1550
251 622 1550
250 624 1560
107 624 1560
250 622 624
251 622 624
247 1539 1562
106 1539 1562
247 1561 1562
251 1561 1562
247 613 1564
613 1563 1564
621 1563 1564
613 1537 1554
95 1537 1554
613 1554 1563
621 1554 1563
621 1555 1561
251 1555 1561
621 1561 1564
247 1561 1564
251 252 1562
252 1562 1565
106 1562 1565
251 252 624
107 252 624
97 234 1566
234 253 1566
234 625 1446
625 1446 1567
96 1446 1567
234 253 625
253 1568 1569
108 1568 1569
253 1566 1569
97 1566 1569
250 1560 1571
107 1560 1571
250 1570 1571
253 1570 1571
623 1557 1573
250 1557 1573
623 1572 1573
625 1572 1573
623 1559 1567
96 1559 1567
623 1567 1572
625 1567 1572
253 625 1570
625 1570 1573
250 1570 1573
253 1568 1574
108 1568 1574
253 1571 1574
107 1571 1574
98 1453 1575
97 1453 1575
98 109 1575
108 1569 1575
97 1569 1575
108 1575 1576
109 1575 1576
99 100 111
99 110 111
627 1461 1577
101 1461 1577
100 627 1461
626 1577 1578
101 1577 1578
626 627 1577
112 626 627
100 111 627
111 112 627
586 1478 1579
102 1478 1579
586 629 1579
586 1480 1580
101 1480 1580
586 629 1580
102 628 1579
628 629 1579
113 628 1581
628 629 1581
112 626 1583
626 1582 1583
629 1582 1583
626 1578 1580
101 1578 1580
626 1580 1582
629 1580 1582
630 1583 1584
629 1583 1584
630 1583 1585
112 1583 1585
630 1581 1584
629 1581 1584
630 1581 1586
113 1581 1586
593 1489 1588
240 1489 1588
593 1587 1588
632 1587 1588
103 593 1589
593 1587 1589
632 1587 1589
240 631 1588
631 632 1588
254 631 632
102 240 633
240 631 633
254 631 633
254 634 1591
634 1590 1591
114 1590 1591
254 632 634
632 1589 1592
103 1589 1592
632 634 1592
113 254 628
254 628 633
102 628 633
254 1591 1593
114 1591 1593
113 254 1593
602 1507 1594
243 1507 1594
602 635 1594
104 602 635
255 635 1595
635 1594 1595
243 1594 1595
636 1503 1596
243 1503 1596
636 1503 1597
103 1503 1597
636 1595 1598
255 1595 1598
636 1595 1596
243 1595 1596
637 1600 1601
255 1600 1601
637 1599 1600
638 1599 1600
637 1602 1603
115 1602 1603
637 1599 1602
638 1599 1602
255 635 1600
635 638 1600
104 635 1604
635 638 1604
639 1605 1607
634 1605 1607
639 1606 1607
255 1606 1607
639 1590 1605
634 1590 1605
639 1590 1608
114 1590 1608
634 636 1607
636 1598 1607
255 1598 1607
634 636 1592
636 1592 1597
103 1592 1597
637 1601 1609
255 1601 1609
637 640 1609
637 1603 1610
115 1603 1610
637 640 1610
639 1606 1609
255 1606 1609
639 640 1609
639 1608 1611
114 1608 1611
639 640 1611
246 1532 1612
105 1532 1612
246 256 1612
246 1531 1613
104 1531 1613
246 256 1613
641 1614 1615
256 1614 1615
116 641 1615
641 1612 1614
256 1612 1614
641 1612 1616
105 1612 1616
638 1617 1618
256 1617 1618
638 1602 1618
115 1602 1618
638 1613 1617
256 1613 1617
638 1604 1613
104 1604 1613
256 1615 1619
116 1615 1619
256 1618 1619
115 1618 1619
618 1543 1621
249 1543 1621
618 1620 1621
643 1620 1621
618 1544 1622
106 1544 1622
618 1620 1622
643 1620 1622
642 1621 1624
249 1621 1624
642 1621 1623
643 1621 1623
257 642 1625
642 1623 1625
643 1623 1625
249 617 1627
617 1626 1627
644 1626 1627
617 1541 1628
105 1541 1628
617 1626 1628
644 1626 1628
642 1624 1627
249 1624 1627
642 1627 1629
644 1627 1629
257 642 1630
642 1629 1630
644 1629 1630
645 1631 1632
257 1631 1632
117 645 1632
643 1625 1631
257 1625 1631
643 645 1631
643 1622 1633
106 1622 1633
643 645 1633
641 1634 1635
257 1634 1635
116 641 1635
641 644 1634
644 1630 1634
257 1630 1634
641 644 1616
644 1616 1628
105 1616 1628
257 1632 1636
117 1632 1636
257 1635 1636
116 1635 1636
107 252 1638
252 1637 1638
258 1637 1638
646 1565 1639
252 1565 1639
106 646 1565
646 1637 1640
258 1637 1640
646 1637 1639
252 1637 1639
647 1642 1643
258 1642 1643
647 1641 1642
648 1641 1642
118 647 1644
647 1641 1644
648 1641 1644
648 1638 1642
258 1638 1642
107 648 1638
645 649 1645
258 649 1645
117 645 649
645 646 1645
646 1640 1645
258 1640 1645
645 646 1633
106 646 1633
647 1643 1646
258 1643 1646
647 650 1646
118 647 650
258 649 1646
649 650 1646
117 649 650
108 651 1574
107 651 1574
651 1647 1648
119 1647 1648
108 651 1648
648 1644 1649
118 1644 1649
648 651 1649
107 648 651
651 1647 1650
119 1647 1650
651 1649 1650
118 1649 1650
109 1576 1652
108 1576 1652
109 1651 1652
120 1651 1652
119 1648 1652
108 1648 1652
119 120 1652
