ID=1105130
numvertices=1717
numsimplices=3351
vertices
-1.500000e+00 -1.500000e+00
-1.200000e+00 -1.500000e+00
-9.000000e-01 -1.500000e+00
-6.000000e-01 -1.500000e+00
-3.000000e-01 -1.500000e+00
0.000000e+00 -1.500000e+00
3.000000e-01 -1.500000e+00
6.000000e-01 -1.500000e+00
9.000000e-01 -1.500000e+00
1.200000e+00 -1.500000e+00
1.500000e+00 -1.500000e+00
-1.500000e+00 -1.200000e+00
-1.200000e+00 -1.200000e+00
-9.000000e-01 -1.200000e+00
-6.000000e-01 -1.200000e+00
-3.000000e-01 -1.200000e+00
0.000000e+00 -1.200000e+00
3.000000e-01 -1.200000e+00
6.000000e-01 -1.200000e+00
9.000000e-01 -1.200000e+00
1.200000e+00 -1.200000e+00
1.500000e+00 -1.200000e+00
-1.500000e+00 -9.000000e-01
-1.200000e+00 -9.000000e-01
-9.000000e-01 -9.000000e-01
-6.000000e-01 -9.000000e-01
-3.000000e-01 -9.000000e-01
0.000000e+00 -9.000000e-01
3.000000e-01 -9.000000e-01
6.000000e-01 -9.000000e-01
9.000000e-01 -9.000000e-01
1.200000e+00 -9.000000e-01
1.500000e+00 -9.000000e-01
-1.500000e+00 -6.000000e-01
-1.200000e+00 -6.000000e-01
-9.000000e-01 -6.000000e-01
-6.000000e-01 -6.000000e-01
-3.000000e-01 -6.000000e-01
0.000000e+00 -6.000000e-01
3.000000e-01 -6.000000e-01
6.000000e-01 -6.000000e-01
9.000000e-01 -6.000000e-01
1.200000e+00 -6.000000e-01
1.500000e+00 -6.000000e-01
-1.500000e+00 -3.000000e-01
-1.200000e+00 -3.000000e-01
-9.000000e-01 -3.000000e-01
-6.000000e-01 -3.000000e-01
-3.000000e-01 -3.000000e-01
0.000000e+00 -3.000000e-01
3.000000e-01 -3.000000e-01
6.000000e-01 -3.000000e-01
9.000000e-01 -3.000000e-01
1.200000e+00 -3.000000e-01
1.500000e+00 -3.000000e-01
-1.500000e+00 0.000000e+00
-1.200000e+00 0.000000e+00
-9.000000e-01 0.000000e+00
-6.000000e-01 0.000000e+00
-3.000000e-01 0.000000e+00
0.000000e+00 0.000000e+00
3.000000e-01 0.000000e+00
6.000000e-01 0.000000e+00
9.000000e-01 0.000000e+00
1.200000e+00 0.000000e+00
1.500000e+00 0.000000e+00
-1.500000e+00 3.000000e-01
-1.200000e+00 3.000000e-01
-9.000000e-01 3.000000e-01
-6.000000e-01 3.000000e-01
-3.000000e-01 3.000000e-01
0.000000e+00 3.000000e-01
3.000000e-01 3.000000e-01
6.000000e-01 3.000000e-01
9.000000e-01 3.000000e-01
1.200000e+00 3.000000e-01
1.500000e+00 3.000000e-01
-1.500000e+00 6.000000e-01
-1.200000e+00 6.000000e-01
-9.000000e-01 6.000000e-01
-6.000000e-01 6.000000e-01
-3.000000e-01 6.000000e-01
0.000000e+00 6.000000e-01
3.000000e-01 6.000000e-01
6.000000e-01 6.000000e-01
9.000000e-01 6.000000e-01
1.200000e+00 6.000000e-01
1.500000e+00 6.000000e-01
-1.500000e+00 9.000000e-01
-1.200000e+00 9.000000e-01
-9.000000e-01 9.000000e-01
-6.000000e-01 9.000000e-01
-3.000000e-01 9.000000e-01
0.000000e+00 9.000000e-01
3.000000e-01 9.000000e-01
6.000000e-01 9.000000e-01
9.000000e-01 9.000000e-01
1.200000e+00 9.000000e-01
1.500000e+00 9.000000e-01
-1.500000e+00 1.200000e+00
-1.200000e+00 1.200000e+00
-9.000000e-01 1.200000e+00
-6.000000e-01 1.200000e+00
-3.000000e-01 1.200000e+00
0.000000e+00 1.200000e+00
3.000000e-01 1.200000e+00
6.000000e-01 1.200000e+00
9.000000e-01 1.200000e+00
1.200000e+00 1.200000e+00
1.500000e+00 1.200000e+00
-1.500000e+00 1.500000e+00
-1.200000e+00 1.500000e+00
-9.000000e-01 1.500000e+00
-6.000000e-01 1.500000e+00
-3.000000e-01 1.500000e+00
0.000000e+00 1.500000e+00
3.000000e-01 1.500000e+00
6.000000e-01 1.500000e+00
9.000000e-01 1.500000e+00
1.200000e+00 1.500000e+00
1.500000e+00 1.500000e+00
-7.500000e-01 -1.350000e+00
-7.500000e-01 -1.200000e+00
-4.500000e-01 -1.350000e+00
-4.500000e-01 -1.200000e+00
-1.500000e-01 -1.350000e+00
-1.500000e-01 -1.200000e+00
1.500000e-01 -1.350000e+00
1.500000e-01 -1.200000e+00
4.500000e-01 -1.350000e+00
4.500000e-01 -1.200000e+00
-9.000000e-01 -1.050000e+00
-1.050000e+00 -1.050000e+00
-1.050000e+00 -9.000000e-01
-6.000000e-01 -1.050000e+00
-7.500000e-01 -1.050000e+00
-7.500000e-01 -9.000000e-01
-3.000000e-01 -1.050000e+00
-4.500000e-01 -1.050000e+00
-4.500000e-01 -9.000000e-01
0.000000e+00 -1.050000e+00
-1.500000e-01 -1.050000e+00
-1.500000e-01 -9.000000e-01
3.000000e-01 -1.050000e+00
1.500000e-01 -1.050000e+00
1.500000e-01 -9.000000e-01
6.000000e-01 -1.050000e+00
4.500000e-01 -1.050000e+00
4.500000e-01 -9.000000e-01
7.500000e-01 -1.050000e+00
7.500000e-01 -9.000000e-01
-1.200000e+00 -7.500000e-01
-1.350000e+00 -7.500000e-01
-9.000000e-01 -7.500000e-01
-1.050000e+00 -7.500000e-01
-1.050000e+00 -6.000000e-01
-6.000000e-01 -7.500000e-01
-7.500000e-01 -7.500000e-01
-7.500000e-01 -6.000000e-01
-4.500000e-01 -7.500000e-01
-1.500000e-01 -7.500000e-01
1.500000e-01 -7.500000e-01
4.500000e-01 -7.500000e-01
9.000000e-01 -7.500000e-01
7.500000e-01 -7.500000e-01
1.050000e+00 -7.500000e-01
1.050000e+00 -6.000000e-01
-1.200000e+00 -4.500000e-01
-1.350000e+00 -4.500000e-01
-9.000000e-01 -4.500000e-01
-1.050000e+00 -4.500000e-01
-1.050000e+00 -3.000000e-01
-7.500000e-01 -4.500000e-01
9.000000e-01 -4.500000e-01
7.500000e-01 -4.500000e-01
1.200000e+00 -4.500000e-01
1.050000e+00 -4.500000e-01
1.050000e+00 -3.000000e-01
1.350000e+00 -4.500000e-01
-1.200000e+00 -1.500000e-01
-1.350000e+00 -1.500000e-01
-9.000000e-01 -1.500000e-01
-1.050000e+00 -1.500000e-01
-1.050000e+00 0.000000e+00
-7.500000e-01 -1.500000e-01
9.000000e-01 -1.500000e-01
7.500000e-01 -1.500000e-01
1.200000e+00 -1.500000e-01
1.050000e+00 -1.500000e-01
1.050000e+00 0.000000e+00
1.350000e+00 -1.500000e-01
-1.200000e+00 1.500000e-01
-1.350000e+00 1.500000e-01
-9.000000e-01 1.500000e-01
-1.050000e+00 1.500000e-01
-1.050000e+00 3.000000e-01
-7.500000e-01 1.500000e-01
9.000000e-01 1.500000e-01
7.500000e-01 1.500000e-01
1.200000e+00 1.500000e-01
1.050000e+00 1.500000e-01
1.050000e+00 3.000000e-01
1.350000e+00 1.500000e-01
-1.200000e+00 4.500000e-01
-1.350000e+00 4.500000e-01
-9.000000e-01 4.500000e-01
-1.050000e+00 4.500000e-01
-1.050000e+00 6.000000e-01
-7.500000e-01 4.500000e-01
9.000000e-01 4.500000e-01
7.500000e-01 4.500000e-01
7.500000e-01 6.000000e-01
1.200000e+00 4.500000e-01
1.050000e+00 4.500000e-01
1.050000e+00 6.000000e-01
1.350000e+00 4.500000e-01
-9.000000e-01 7.500000e-01
-1.050000e+00 7.500000e-01
-7.500000e-01 7.500000e-01
-7.500000e-01 9.000000e-01
-4.500000e-01 7.500000e-01
-4.500000e-01 9.000000e-01
-1.500000e-01 7.500000e-01
-1.500000e-01 9.000000e-01
1.500000e-01 7.500000e-01
1.500000e-01 9.000000e-01
6.000000e-01 7.500000e-01
4.500000e-01 7.500000e-01
4.500000e-01 9.000000e-01
9.000000e-01 7.500000e-01
7.500000e-01 7.500000e-01
7.500000e-01 9.000000e-01
1.200000e+00 7.500000e-01
1.050000e+00 7.500000e-01
1.050000e+00 9.000000e-01
1.350000e+00 7.500000e-01
-6.000000e-01 1.050000e+00
-7.500000e-01 1.050000e+00
-3.000000e-01 1.050000e+00
-4.500000e-01 1.050000e+00
-4.500000e-01 1.200000e+00
0.000000e+00 1.050000e+00
-1.500000e-01 1.050000e+00
-1.500000e-01 1.200000e+00
3.000000e-01 1.050000e+00
1.500000e-01 1.050000e+00
1.500000e-01 1.200000e+00
6.000000e-01 1.050000e+00
4.500000e-01 1.050000e+00
4.500000e-01 1.200000e+00
9.000000e-01 1.050000e+00
7.500000e-01 1.050000e+00
7.500000e-01 1.200000e+00
1.050000e+00 1.050000e+00
-4.500000e-01 1.350000e+00
-1.500000e-01 1.350000e+00
1.500000e-01 1.350000e+00
4.500000e-01 1.350000e+00
7.500000e-01 1.350000e+00
-1.350000e+00 -1.350000e+00
-1.350000e+00 -1.200000e+00
-9.000000e-01 -1.350000e+00
-1.050000e+00 -1.350000e+00
-6.750000e-01 -1.275000e+00
-6.000000e-01 -1.350000e+00
-8.250000e-01 -1.275000e+00
-8.250000e-01 -1.200000e+00
-6.750000e-01 -1.200000e+00
3.000000e-01 -1.350000e+00
5.250000e-01 -1.425000e+00
3.750000e-01 -1.425000e+00
4.500000e-01 -1.500000e+00
5.250000e-01 -1.275000e+00
6.000000e-01 -1.350000e+00
3.750000e-01 -1.275000e+00
4.500000e-01 -1.275000e+00
3.750000e-01 -1.200000e+00
5.250000e-01 -1.200000e+00
9.000000e-01 -1.350000e+00
7.500000e-01 -1.350000e+00
7.500000e-01 -1.500000e+00
7.500000e-01 -1.200000e+00
1.200000e+00 -1.350000e+00
1.050000e+00 -1.350000e+00
1.050000e+00 -1.500000e+00
1.050000e+00 -1.200000e+00
1.500000e+00 -1.350000e+00
1.350000e+00 -1.350000e+00
1.350000e+00 -1.500000e+00
-1.200000e+00 -1.050000e+00
-1.350000e+00 -1.050000e+00
-1.350000e+00 -9.000000e-01
-9.750000e-01 -9.750000e-01
-1.125000e+00 -9.750000e-01
-1.050000e+00 -9.750000e-01
-9.750000e-01 -9.000000e-01
-7.500000e-01 -1.125000e+00
-6.750000e-01 -1.125000e+00
-8.250000e-01 -1.125000e+00
-6.750000e-01 -1.050000e+00
-6.000000e-01 -1.125000e+00
-6.750000e-01 -9.750000e-01
-3.750000e-01 -1.125000e+00
-5.250000e-01 -1.125000e+00
-3.750000e-01 -1.050000e+00
-3.750000e-01 -9.750000e-01
-3.000000e-01 -9.750000e-01
-5.250000e-01 -9.750000e-01
-4.500000e-01 -9.750000e-01
-5.250000e-01 -9.000000e-01
-7.500000e-02 -1.125000e+00
-2.250000e-01 -1.125000e+00
-7.500000e-02 -1.050000e+00
-7.500000e-02 -9.750000e-01
0.000000e+00 -9.750000e-01
-2.250000e-01 -1.050000e+00
-2.250000e-01 -9.750000e-01
7.500000e-02 -9.750000e-01
4.500000e-01 -1.125000e+00
5.250000e-01 -1.125000e+00
3.750000e-01 -1.125000e+00
5.250000e-01 -1.050000e+00
6.000000e-01 -1.125000e+00
5.250000e-01 -9.750000e-01
3.750000e-01 -9.750000e-01
4.500000e-01 -9.750000e-01
5.250000e-01 -9.000000e-01
8.250000e-01 -1.125000e+00
6.750000e-01 -1.125000e+00
9.000000e-01 -1.050000e+00
6.750000e-01 -9.750000e-01
6.750000e-01 -9.000000e-01
1.050000e+00 -1.050000e+00
1.050000e+00 -9.000000e-01
-1.275000e+00 -8.250000e-01
-1.425000e+00 -8.250000e-01
-1.200000e+00 -8.250000e-01
-1.275000e+00 -6.750000e-01
-1.200000e+00 -6.750000e-01
-1.425000e+00 -6.750000e-01
-1.500000e+00 -7.500000e-01
-1.350000e+00 -6.000000e-01
-9.750000e-01 -8.250000e-01
-1.125000e+00 -8.250000e-01
-9.750000e-01 -6.750000e-01
-1.125000e+00 -7.500000e-01
-1.125000e+00 -6.750000e-01
-1.125000e+00 -6.000000e-01
-9.750000e-01 -6.000000e-01
-6.750000e-01 -6.750000e-01
-6.000000e-01 -6.750000e-01
-3.750000e-01 -8.250000e-01
-5.250000e-01 -8.250000e-01
-3.750000e-01 -6.750000e-01
-3.000000e-01 -7.500000e-01
-5.250000e-01 -7.500000e-01
-5.250000e-01 -6.750000e-01
-4.500000e-01 -6.000000e-01
-7.500000e-02 -8.250000e-01
-2.250000e-01 -8.250000e-01
-7.500000e-02 -6.750000e-01
0.000000e+00 -7.500000e-01
-2.250000e-01 -6.750000e-01
-1.500000e-01 -6.000000e-01
1.500000e-01 -6.000000e-01
5.250000e-01 -8.250000e-01
6.000000e-01 -7.500000e-01
4.500000e-01 -6.000000e-01
7.500000e-01 -8.250000e-01
8.250000e-01 -8.250000e-01
6.750000e-01 -8.250000e-01
8.250000e-01 -7.500000e-01
9.000000e-01 -8.250000e-01
8.250000e-01 -6.750000e-01
7.500000e-01 -6.000000e-01
1.125000e+00 -8.250000e-01
9.750000e-01 -8.250000e-01
1.125000e+00 -6.750000e-01
1.200000e+00 -7.500000e-01
9.750000e-01 -6.750000e-01
1.050000e+00 -6.750000e-01
9.750000e-01 -6.000000e-01
1.350000e+00 -7.500000e-01
-1.050000e+00 -5.250000e-01
-9.750000e-01 -5.250000e-01
-1.125000e+00 -5.250000e-01
-9.750000e-01 -4.500000e-01
-9.000000e-01 -5.250000e-01
-9.750000e-01 -3.750000e-01
-9.000000e-01 -3.750000e-01
-1.125000e+00 -3.750000e-01
-1.125000e+00 -3.000000e-01
-6.750000e-01 -5.250000e-01
-8.250000e-01 -5.250000e-01
-6.750000e-01 -3.750000e-01
-6.000000e-01 -4.500000e-01
-8.250000e-01 -4.500000e-01
-8.250000e-01 -3.750000e-01
-7.500000e-01 -3.000000e-01
-3.000000e-01 -4.500000e-01
-4.500000e-01 -4.500000e-01
-4.500000e-01 -3.000000e-01
0.000000e+00 -4.500000e-01
-1.500000e-01 -4.500000e-01
-1.500000e-01 -3.000000e-01
3.000000e-01 -4.500000e-01
1.500000e-01 -4.500000e-01
1.500000e-01 -3.000000e-01
6.000000e-01 -4.500000e-01
4.500000e-01 -4.500000e-01
4.500000e-01 -3.000000e-01
9.750000e-01 -5.250000e-01
-1.350000e+00 0.000000e+00
-1.050000e+00 -2.250000e-01
-9.750000e-01 -2.250000e-01
-1.125000e+00 -2.250000e-01
-9.000000e-01 -2.250000e-01
-9.750000e-01 -7.500000e-02
-9.000000e-01 -7.500000e-02
-6.750000e-01 -2.250000e-01
-8.250000e-01 -2.250000e-01
-6.750000e-01 -7.500000e-02
-6.000000e-01 -1.500000e-01
-8.250000e-01 -1.500000e-01
-8.250000e-01 -7.500000e-02
-7.500000e-01 0.000000e+00
-3.000000e-01 -1.500000e-01
-4.500000e-01 -1.500000e-01
-4.500000e-01 0.000000e+00
0.000000e+00 -1.500000e-01
-1.500000e-01 -1.500000e-01
3.000000e-01 -1.500000e-01
1.500000e-01 -1.500000e-01
1.500000e-01 0.000000e+00
6.000000e-01 -1.500000e-01
4.500000e-01 -1.500000e-01
4.500000e-01 0.000000e+00
7.500000e-01 0.000000e+00
1.350000e+00 0.000000e+00
-1.275000e+00 7.500000e-02
-1.275000e+00 1.500000e-01
-1.275000e+00 2.250000e-01
-1.200000e+00 2.250000e-01
-1.350000e+00 3.000000e-01
-1.125000e+00 2.250000e-01
-1.125000e+00 3.000000e-01
-7.500000e-01 3.000000e-01
-3.000000e-01 1.500000e-01
-4.500000e-01 1.500000e-01
-1.500000e-01 1.500000e-01
1.500000e-01 1.500000e-01
1.500000e-01 3.000000e-01
6.000000e-01 1.500000e-01
4.500000e-01 1.500000e-01
8.250000e-01 7.500000e-02
6.750000e-01 7.500000e-02
7.500000e-01 3.000000e-01
1.125000e+00 7.500000e-02
1.200000e+00 7.500000e-02
1.275000e+00 7.500000e-02
1.275000e+00 1.500000e-01
1.275000e+00 2.250000e-01
1.350000e+00 3.000000e-01
-1.275000e+00 3.750000e-01
-1.200000e+00 3.750000e-01
-1.050000e+00 3.750000e-01
-9.750000e-01 3.750000e-01
-1.125000e+00 3.750000e-01
-9.000000e-01 3.750000e-01
-9.750000e-01 5.250000e-01
-9.000000e-01 5.250000e-01
-1.125000e+00 4.500000e-01
-1.125000e+00 5.250000e-01
-1.050000e+00 5.250000e-01
-1.125000e+00 6.000000e-01
-6.750000e-01 3.750000e-01
-8.250000e-01 3.750000e-01
-6.750000e-01 5.250000e-01
-6.000000e-01 4.500000e-01
-8.250000e-01 4.500000e-01
-8.250000e-01 5.250000e-01
-7.500000e-01 6.000000e-01
-4.500000e-01 4.500000e-01
3.000000e-01 4.500000e-01
1.500000e-01 4.500000e-01
1.500000e-01 6.000000e-01
6.000000e-01 4.500000e-01
4.500000e-01 4.500000e-01
4.500000e-01 6.000000e-01
8.250000e-01 3.750000e-01
6.750000e-01 3.750000e-01
8.250000e-01 5.250000e-01
6.750000e-01 5.250000e-01
7.500000e-01 5.250000e-01
6.750000e-01 6.000000e-01
8.250000e-01 6.000000e-01
1.125000e+00 3.750000e-01
1.125000e+00 4.500000e-01
1.200000e+00 3.750000e-01
1.125000e+00 5.250000e-01
1.200000e+00 5.250000e-01
9.750000e-01 5.250000e-01
1.050000e+00 5.250000e-01
9.750000e-01 6.000000e-01
1.275000e+00 3.750000e-01
1.275000e+00 4.500000e-01
1.275000e+00 5.250000e-01
1.350000e+00 6.000000e-01
-1.200000e+00 7.500000e-01
-1.350000e+00 7.500000e-01
-1.350000e+00 9.000000e-01
-1.500000e+00 7.500000e-01
-9.750000e-01 6.750000e-01
-1.125000e+00 6.750000e-01
-9.750000e-01 7.500000e-01
-9.750000e-01 8.250000e-01
-9.000000e-01 8.250000e-01
-1.050000e+00 9.000000e-01
-6.000000e-01 7.500000e-01
-8.250000e-01 8.250000e-01
-3.750000e-01 8.250000e-01
-3.000000e-01 7.500000e-01
-5.250000e-01 8.250000e-01
-4.500000e-01 8.250000e-01
-5.250000e-01 9.000000e-01
-7.500000e-02 8.250000e-01
0.000000e+00 7.500000e-01
-2.250000e-01 8.250000e-01
-2.250000e-01 9.000000e-01
-7.500000e-02 9.000000e-01
2.250000e-01 6.750000e-01
7.500000e-02 6.750000e-01
2.250000e-01 8.250000e-01
3.000000e-01 7.500000e-01
7.500000e-02 8.250000e-01
1.500000e-01 8.250000e-01
7.500000e-02 9.000000e-01
2.250000e-01 9.000000e-01
5.250000e-01 6.750000e-01
3.750000e-01 6.750000e-01
5.250000e-01 7.500000e-01
6.000000e-01 6.750000e-01
5.250000e-01 8.250000e-01
3.750000e-01 8.250000e-01
4.500000e-01 8.250000e-01
3.750000e-01 9.000000e-01
5.250000e-01 9.000000e-01
7.500000e-01 6.750000e-01
8.250000e-01 6.750000e-01
6.750000e-01 6.750000e-01
8.250000e-01 8.250000e-01
8.250000e-01 9.000000e-01
9.750000e-01 6.750000e-01
1.125000e+00 8.250000e-01
9.750000e-01 8.250000e-01
9.750000e-01 9.000000e-01
1.125000e+00 9.000000e-01
-1.350000e+00 1.050000e+00
-1.350000e+00 1.200000e+00
-1.500000e+00 1.050000e+00
-1.050000e+00 1.050000e+00
-1.050000e+00 1.200000e+00
-7.500000e-01 1.200000e+00
-5.250000e-01 9.750000e-01
-3.750000e-01 1.125000e+00
-5.250000e-01 1.125000e+00
-4.500000e-01 1.125000e+00
-5.250000e-01 1.200000e+00
-3.750000e-01 1.200000e+00
-1.500000e-01 9.750000e-01
-7.500000e-02 9.750000e-01
-2.250000e-01 9.750000e-01
-7.500000e-02 1.050000e+00
0.000000e+00 9.750000e-01
-7.500000e-02 1.125000e+00
2.250000e-01 9.750000e-01
7.500000e-02 9.750000e-01
5.250000e-01 9.750000e-01
3.750000e-01 9.750000e-01
5.250000e-01 1.125000e+00
3.750000e-01 1.125000e+00
4.500000e-01 1.125000e+00
5.250000e-01 1.200000e+00
7.500000e-01 9.750000e-01
8.250000e-01 9.750000e-01
6.750000e-01 9.750000e-01
9.000000e-01 9.750000e-01
8.250000e-01 1.125000e+00
9.000000e-01 1.125000e+00
6.750000e-01 1.125000e+00
7.500000e-01 1.125000e+00
8.250000e-01 1.200000e+00
1.050000e+00 9.750000e-01
1.125000e+00 9.750000e-01
9.750000e-01 9.750000e-01
1.125000e+00 1.125000e+00
1.200000e+00 1.050000e+00
9.750000e-01 1.050000e+00
9.750000e-01 1.125000e+00
1.050000e+00 1.200000e+00
1.350000e+00 1.050000e+00
1.350000e+00 1.200000e+00
-1.200000e+00 1.350000e+00
-1.350000e+00 1.350000e+00
-1.350000e+00 1.500000e+00
-1.500000e+00 1.350000e+00
-9.000000e-01 1.350000e+00
-1.050000e+00 1.350000e+00
-1.050000e+00 1.500000e+00
-6.000000e-01 1.350000e+00
-7.500000e-01 1.350000e+00
-4.500000e-01 1.275000e+00
-3.750000e-01 1.275000e+00
-5.250000e-01 1.275000e+00
-3.750000e-01 1.425000e+00
-3.000000e-01 1.350000e+00
-5.250000e-01 1.425000e+00
-4.500000e-01 1.500000e+00
5.250000e-01 1.275000e+00
6.000000e-01 1.350000e+00
8.250000e-01 1.275000e+00
9.000000e-01 1.350000e+00
1.050000e+00 1.350000e+00
1.350000e+00 1.350000e+00
-1.275000e+00 -1.275000e+00
-1.200000e+00 -1.350000e+00
-1.275000e+00 -1.200000e+00
-1.050000e+00 -1.200000e+00
-6.750000e-01 -1.425000e+00
-7.500000e-01 -1.500000e+00
-6.000000e-01 -1.275000e+00
-6.000000e-01 -1.425000e+00
-3.750000e-01 -1.425000e+00
-5.250000e-01 -1.425000e+00
-4.500000e-01 -1.500000e+00
-3.750000e-01 -1.275000e+00
-3.000000e-01 -1.350000e+00
-5.250000e-01 -1.350000e+00
-5.250000e-01 -1.275000e+00
-4.500000e-01 -1.275000e+00
-5.250000e-01 -1.200000e+00
-3.750000e-01 -1.200000e+00
-7.500000e-02 -1.425000e+00
-2.250000e-01 -1.425000e+00
-1.500000e-01 -1.500000e+00
-7.500000e-02 -1.275000e+00
0.000000e+00 -1.350000e+00
-2.250000e-01 -1.275000e+00
-1.500000e-01 -1.275000e+00
-2.250000e-01 -1.200000e+00
-7.500000e-02 -1.200000e+00
2.250000e-01 -1.425000e+00
1.500000e-01 -1.500000e+00
2.250000e-01 -1.350000e+00
3.000000e-01 -1.275000e+00
2.250000e-01 -1.275000e+00
3.000000e-01 -1.425000e+00
7.500000e-02 -1.275000e+00
7.500000e-02 -1.200000e+00
2.250000e-01 -1.200000e+00
4.500000e-01 -1.425000e+00
4.125000e-01 -1.462500e+00
4.125000e-01 -1.387500e+00
3.750000e-01 -1.500000e+00
3.375000e-01 -1.462500e+00
5.625000e-01 -1.312500e+00
5.250000e-01 -1.350000e+00
4.875000e-01 -1.312500e+00
6.000000e-01 -1.275000e+00
5.625000e-01 -1.237500e+00
4.125000e-01 -1.312500e+00
3.750000e-01 -1.350000e+00
3.375000e-01 -1.237500e+00
4.125000e-01 -1.237500e+00
4.500000e-01 -1.312500e+00
3.750000e-01 -1.237500e+00
4.125000e-01 -1.200000e+00
4.875000e-01 -1.275000e+00
4.875000e-01 -1.237500e+00
8.250000e-01 -1.425000e+00
8.250000e-01 -1.350000e+00
9.000000e-01 -1.425000e+00
8.250000e-01 -1.275000e+00
9.000000e-01 -1.275000e+00
6.750000e-01 -1.275000e+00
6.750000e-01 -1.200000e+00
8.250000e-01 -1.200000e+00
9.750000e-01 -1.425000e+00
9.750000e-01 -1.275000e+00
9.750000e-01 -1.200000e+00
1.350000e+00 -1.425000e+00
1.425000e+00 -1.500000e+00
1.425000e+00 -1.425000e+00
1.275000e+00 -1.500000e+00
1.275000e+00 -1.425000e+00
1.425000e+00 -1.275000e+00
1.275000e+00 -1.275000e+00
1.350000e+00 -1.200000e+00
-1.350000e+00 -1.125000e+00
-1.275000e+00 -1.125000e+00
-1.425000e+00 -1.125000e+00
-1.200000e+00 -1.125000e+00
-1.275000e+00 -9.750000e-01
-1.500000e+00 -1.050000e+00
-1.275000e+00 -9.000000e-01
-1.125000e+00 -1.125000e+00
-9.375000e-01 -9.375000e-01
-9.000000e-01 -9.750000e-01
-1.087500e+00 -1.012500e+00
-1.125000e+00 -1.050000e+00
-1.087500e+00 -9.750000e-01
-1.050000e+00 -9.375000e-01
-1.087500e+00 -9.375000e-01
-1.125000e+00 -9.000000e-01
-1.012500e+00 -9.375000e-01
-9.750000e-01 -9.375000e-01
-1.012500e+00 -9.000000e-01
-9.375000e-01 -9.000000e-01
-6.375000e-01 -1.087500e+00
-6.375000e-01 -1.050000e+00
-6.375000e-01 -1.012500e+00
-6.375000e-01 -9.375000e-01
-6.000000e-01 -9.750000e-01
-6.750000e-01 -1.012500e+00
-7.125000e-01 -1.012500e+00
-8.250000e-01 -9.750000e-01
-7.500000e-01 -9.750000e-01
-8.250000e-01 -9.000000e-01
-7.125000e-01 -9.375000e-01
-6.750000e-01 -9.000000e-01
-3.000000e-01 -1.125000e+00
-4.125000e-01 -1.012500e+00
-5.625000e-01 -1.012500e+00
-5.625000e-01 -9.375000e-01
-4.875000e-01 -1.012500e+00
-5.250000e-01 -1.050000e+00
-4.875000e-01 -9.750000e-01
-4.500000e-01 -9.375000e-01
-4.875000e-01 -9.375000e-01
-4.500000e-01 -1.012500e+00
-4.125000e-01 -9.750000e-01
-4.125000e-01 -9.375000e-01
-3.750000e-01 -9.000000e-01
-1.125000e-01 -1.087500e+00
-1.500000e-01 -1.125000e+00
-1.875000e-01 -1.087500e+00
-3.750000e-02 -1.087500e+00
0.000000e+00 -1.125000e+00
-7.500000e-02 -1.087500e+00
-3.750000e-02 -1.050000e+00
-1.125000e-01 -1.050000e+00
-3.750000e-02 -9.750000e-01
0.000000e+00 -1.012500e+00
-3.750000e-02 -1.012500e+00
0.000000e+00 -9.375000e-01
-3.750000e-02 -9.375000e-01
-7.500000e-02 -1.012500e+00
-1.125000e-01 -1.012500e+00
-2.625000e-01 -1.012500e+00
-2.625000e-01 -9.375000e-01
-2.625000e-01 -1.050000e+00
-1.875000e-01 -1.012500e+00
-2.625000e-01 -1.087500e+00
-2.250000e-01 -1.087500e+00
-1.875000e-01 -9.375000e-01
-1.500000e-01 -9.750000e-01
-2.250000e-01 -9.000000e-01
-1.125000e-01 -9.375000e-01
-7.500000e-02 -9.000000e-01
1.500000e-01 -1.125000e+00
2.250000e-01 -1.125000e+00
7.500000e-02 -1.125000e+00
2.250000e-01 -1.050000e+00
3.000000e-01 -1.125000e+00
2.250000e-01 -9.750000e-01
3.000000e-01 -9.750000e-01
3.750000e-02 -9.750000e-01
3.750000e-02 -1.012500e+00
3.750000e-02 -9.375000e-01
7.500000e-02 -1.050000e+00
7.500000e-02 -9.000000e-01
4.125000e-01 -1.162500e+00
6.000000e-01 -1.087500e+00
5.625000e-01 -1.087500e+00
5.625000e-01 -9.375000e-01
6.000000e-01 -9.750000e-01
4.125000e-01 -1.012500e+00
3.750000e-01 -1.050000e+00
4.125000e-01 -9.750000e-01
4.500000e-01 -9.375000e-01
4.125000e-01 -9.375000e-01
3.750000e-01 -9.000000e-01
4.875000e-01 -9.375000e-01
5.625000e-01 -9.000000e-01
7.875000e-01 -1.162500e+00
7.500000e-01 -1.125000e+00
8.625000e-01 -1.162500e+00
7.125000e-01 -1.162500e+00
7.125000e-01 -1.087500e+00
6.375000e-01 -1.162500e+00
8.250000e-01 -1.050000e+00
9.000000e-01 -9.750000e-01
8.250000e-01 -9.750000e-01
9.000000e-01 -1.125000e+00
6.375000e-01 -9.375000e-01
6.750000e-01 -1.050000e+00
6.375000e-01 -1.125000e+00
6.375000e-01 -1.087500e+00
7.125000e-01 -9.375000e-01
7.500000e-01 -9.750000e-01
6.750000e-01 -9.375000e-01
7.125000e-01 -9.000000e-01
8.250000e-01 -9.000000e-01
1.050000e+00 -1.125000e+00
1.125000e+00 -1.125000e+00
9.750000e-01 -1.125000e+00
1.125000e+00 -9.750000e-01
1.200000e+00 -1.050000e+00
9.750000e-01 -9.750000e-01
1.050000e+00 -9.750000e-01
9.750000e-01 -9.000000e-01
1.350000e+00 -1.050000e+00
1.350000e+00 -9.000000e-01
-1.312500e+00 -8.625000e-01
-1.312500e+00 -7.875000e-01
-1.350000e+00 -8.250000e-01
-1.237500e+00 -8.625000e-01
-1.387500e+00 -7.875000e-01
-1.237500e+00 -8.250000e-01
-1.200000e+00 -7.875000e-01
-1.237500e+00 -7.875000e-01
-1.200000e+00 -8.625000e-01
-1.275000e+00 -7.500000e-01
-1.237500e+00 -6.750000e-01
-1.237500e+00 -7.125000e-01
-1.200000e+00 -6.375000e-01
-1.237500e+00 -6.375000e-01
-1.425000e+00 -7.500000e-01
-1.387500e+00 -7.125000e-01
-1.462500e+00 -7.875000e-01
-1.500000e+00 -8.250000e-01
-1.350000e+00 -6.750000e-01
-1.275000e+00 -6.000000e-01
-1.387500e+00 -6.375000e-01
-1.425000e+00 -6.000000e-01
-1.012500e+00 -8.625000e-01
-9.375000e-01 -8.625000e-01
-1.012500e+00 -7.875000e-01
-1.050000e+00 -8.250000e-01
-1.162500e+00 -8.625000e-01
-9.375000e-01 -7.875000e-01
-9.000000e-01 -8.250000e-01
-9.750000e-01 -7.500000e-01
-9.375000e-01 -6.375000e-01
-9.000000e-01 -6.750000e-01
-1.162500e+00 -6.750000e-01
-1.162500e+00 -7.125000e-01
-1.162500e+00 -6.375000e-01
-1.162500e+00 -8.250000e-01
-1.162500e+00 -7.875000e-01
-1.087500e+00 -6.375000e-01
-1.050000e+00 -6.750000e-01
-1.125000e+00 -6.375000e-01
-1.087500e+00 -6.000000e-01
-1.162500e+00 -6.000000e-01
-1.012500e+00 -6.375000e-01
-9.750000e-01 -6.375000e-01
-1.012500e+00 -6.000000e-01
-9.375000e-01 -6.000000e-01
-6.750000e-01 -8.250000e-01
-8.250000e-01 -8.250000e-01
-6.750000e-01 -7.500000e-01
-6.375000e-01 -6.750000e-01
-6.000000e-01 -7.125000e-01
-6.375000e-01 -7.125000e-01
-6.375000e-01 -6.375000e-01
-8.250000e-01 -7.500000e-01
-8.250000e-01 -6.750000e-01
-8.250000e-01 -6.000000e-01
-6.750000e-01 -6.000000e-01
-4.125000e-01 -8.625000e-01
-3.375000e-01 -8.625000e-01
-4.500000e-01 -8.250000e-01
-4.875000e-01 -8.625000e-01
-4.875000e-01 -7.875000e-01
-3.750000e-01 -7.500000e-01
-4.125000e-01 -7.125000e-01
-3.000000e-01 -6.750000e-01
-3.375000e-01 -7.875000e-01
-3.000000e-01 -8.250000e-01
-5.625000e-01 -7.125000e-01
-5.250000e-01 -7.125000e-01
-4.875000e-01 -7.125000e-01
-4.875000e-01 -7.500000e-01
-4.125000e-01 -6.375000e-01
-4.500000e-01 -6.750000e-01
-3.750000e-01 -6.000000e-01
-5.250000e-01 -6.000000e-01
-1.125000e-01 -8.625000e-01
-3.750000e-02 -8.625000e-01
-1.500000e-01 -8.250000e-01
-3.750000e-02 -7.125000e-01
-7.500000e-02 -7.500000e-01
-1.125000e-01 -7.125000e-01
0.000000e+00 -6.750000e-01
0.000000e+00 -8.250000e-01
-2.625000e-01 -7.125000e-01
-1.875000e-01 -7.125000e-01
-2.250000e-01 -7.500000e-01
-1.125000e-01 -6.375000e-01
-1.500000e-01 -6.750000e-01
-7.500000e-02 -6.000000e-01
-2.250000e-01 -6.000000e-01
7.500000e-02 -8.250000e-01
2.250000e-01 -6.750000e-01
3.000000e-01 -7.500000e-01
7.500000e-02 -6.750000e-01
1.500000e-01 -6.750000e-01
2.250000e-01 -6.000000e-01
7.500000e-02 -6.000000e-01
5.250000e-01 -8.625000e-01
4.875000e-01 -8.625000e-01
5.625000e-01 -8.625000e-01
4.500000e-01 -8.250000e-01
3.750000e-01 -8.250000e-01
5.250000e-01 -6.750000e-01
6.000000e-01 -8.250000e-01
5.250000e-01 -6.000000e-01
8.625000e-01 -8.625000e-01
7.875000e-01 -7.875000e-01
7.125000e-01 -8.625000e-01
6.375000e-01 -8.625000e-01
7.125000e-01 -7.875000e-01
8.625000e-01 -8.250000e-01
9.000000e-01 -7.875000e-01
8.625000e-01 -7.875000e-01
9.000000e-01 -8.625000e-01
8.250000e-01 -7.875000e-01
8.625000e-01 -7.500000e-01
7.875000e-01 -7.500000e-01
8.625000e-01 -7.125000e-01
8.625000e-01 -6.375000e-01
9.000000e-01 -6.750000e-01
7.875000e-01 -7.125000e-01
6.750000e-01 -7.500000e-01
6.750000e-01 -6.750000e-01
6.375000e-01 -7.875000e-01
7.875000e-01 -6.375000e-01
7.500000e-01 -6.750000e-01
8.250000e-01 -6.000000e-01
6.750000e-01 -6.000000e-01
1.050000e+00 -8.250000e-01
1.012500e+00 -8.625000e-01
1.012500e+00 -7.875000e-01
9.375000e-01 -8.625000e-01
1.125000e+00 -7.500000e-01
1.087500e+00 -7.125000e-01
1.200000e+00 -6.750000e-01
1.162500e+00 -6.375000e-01
1.200000e+00 -8.250000e-01
9.375000e-01 -6.375000e-01
1.012500e+00 -7.125000e-01
9.750000e-01 -7.500000e-01
9.375000e-01 -8.250000e-01
9.375000e-01 -7.875000e-01
1.012500e+00 -6.750000e-01
1.050000e+00 -6.375000e-01
1.012500e+00 -6.375000e-01
1.050000e+00 -7.125000e-01
9.750000e-01 -6.375000e-01
1.012500e+00 -6.000000e-01
9.375000e-01 -6.000000e-01
1.087500e+00 -6.750000e-01
1.087500e+00 -6.375000e-01
1.125000e+00 -6.000000e-01
1.425000e+00 -8.250000e-01
1.275000e+00 -8.250000e-01
1.425000e+00 -6.750000e-01
1.500000e+00 -7.500000e-01
1.275000e+00 -7.500000e-01
1.275000e+00 -6.750000e-01
1.350000e+00 -6.000000e-01
-1.350000e+00 -5.250000e-01
-1.275000e+00 -5.250000e-01
-1.425000e+00 -5.250000e-01
-1.275000e+00 -4.500000e-01
-1.200000e+00 -5.250000e-01
-1.275000e+00 -3.750000e-01
-1.200000e+00 -3.750000e-01
-1.425000e+00 -3.750000e-01
-1.500000e+00 -4.500000e-01
-1.350000e+00 -3.000000e-01
-9.750000e-01 -5.625000e-01
-1.012500e+00 -5.625000e-01
-9.375000e-01 -5.625000e-01
-1.012500e+00 -5.250000e-01
-1.050000e+00 -5.625000e-01
-1.012500e+00 -4.875000e-01
-1.050000e+00 -4.875000e-01
-1.125000e+00 -5.625000e-01
-1.087500e+00 -5.625000e-01
-1.162500e+00 -5.625000e-01
-1.087500e+00 -5.250000e-01
-1.087500e+00 -4.875000e-01
-9.375000e-01 -5.250000e-01
-9.000000e-01 -4.875000e-01
-9.375000e-01 -4.875000e-01
-9.000000e-01 -5.625000e-01
-9.750000e-01 -4.875000e-01
-9.375000e-01 -4.500000e-01
-1.012500e+00 -4.500000e-01
-9.375000e-01 -3.750000e-01
-9.000000e-01 -4.125000e-01
-9.375000e-01 -4.125000e-01
-9.000000e-01 -3.375000e-01
-9.375000e-01 -3.375000e-01
-9.750000e-01 -4.125000e-01
-1.012500e+00 -4.125000e-01
-1.162500e+00 -4.125000e-01
-1.162500e+00 -3.375000e-01
-1.087500e+00 -4.125000e-01
-1.125000e+00 -4.500000e-01
-1.162500e+00 -4.875000e-01
-1.087500e+00 -3.375000e-01
-1.050000e+00 -3.750000e-01
-1.087500e+00 -3.000000e-01
-1.162500e+00 -3.000000e-01
-9.750000e-01 -3.000000e-01
-7.500000e-01 -5.250000e-01
-7.875000e-01 -5.625000e-01
-8.625000e-01 -5.625000e-01
-7.875000e-01 -4.875000e-01
-6.375000e-01 -4.125000e-01
-6.750000e-01 -4.500000e-01
-7.125000e-01 -4.125000e-01
-6.000000e-01 -3.750000e-01
-6.000000e-01 -5.250000e-01
-8.625000e-01 -4.125000e-01
-8.625000e-01 -3.375000e-01
-8.250000e-01 -4.125000e-01
-7.875000e-01 -4.125000e-01
-7.875000e-01 -4.500000e-01
-8.625000e-01 -4.875000e-01
-7.500000e-01 -3.750000e-01
-6.750000e-01 -3.000000e-01
-7.875000e-01 -3.375000e-01
-8.250000e-01 -3.000000e-01
-4.500000e-01 -5.250000e-01
-3.750000e-01 -5.250000e-01
-5.250000e-01 -5.250000e-01
-3.750000e-01 -4.500000e-01
-3.000000e-01 -5.250000e-01
-3.750000e-01 -3.750000e-01
-3.000000e-01 -3.750000e-01
-5.250000e-01 -4.500000e-01
-5.250000e-01 -3.750000e-01
-4.500000e-01 -3.750000e-01
-5.250000e-01 -3.000000e-01
-3.750000e-01 -3.000000e-01
-1.500000e-01 -5.250000e-01
-7.500000e-02 -5.250000e-01
-2.250000e-01 -5.250000e-01
-7.500000e-02 -4.500000e-01
0.000000e+00 -5.250000e-01
-7.500000e-02 -3.750000e-01
0.000000e+00 -3.750000e-01
-2.250000e-01 -4.500000e-01
-2.250000e-01 -3.750000e-01
-1.500000e-01 -3.750000e-01
-2.250000e-01 -3.000000e-01
-7.500000e-02 -3.000000e-01
1.500000e-01 -5.250000e-01
2.250000e-01 -5.250000e-01
7.500000e-02 -5.250000e-01
2.250000e-01 -4.500000e-01
3.000000e-01 -5.250000e-01
2.250000e-01 -3.750000e-01
3.000000e-01 -3.750000e-01
7.500000e-02 -4.500000e-01
7.500000e-02 -3.750000e-01
1.500000e-01 -3.750000e-01
7.500000e-02 -3.000000e-01
2.250000e-01 -3.000000e-01
4.500000e-01 -5.250000e-01
5.250000e-01 -5.250000e-01
3.750000e-01 -5.250000e-01
3.750000e-01 -3.750000e-01
7.500000e-01 -5.250000e-01
8.250000e-01 -5.250000e-01
6.750000e-01 -5.250000e-01
8.250000e-01 -4.500000e-01
9.000000e-01 -5.250000e-01
8.250000e-01 -3.750000e-01
7.500000e-01 -3.000000e-01
1.050000e+00 -5.250000e-01
1.125000e+00 -5.250000e-01
1.012500e+00 -5.625000e-01
9.375000e-01 -5.625000e-01
1.012500e+00 -4.875000e-01
1.200000e+00 -5.250000e-01
1.125000e+00 -3.750000e-01
1.200000e+00 -3.750000e-01
9.750000e-01 -4.500000e-01
9.750000e-01 -3.750000e-01
9.375000e-01 -4.875000e-01
1.050000e+00 -3.750000e-01
9.750000e-01 -3.000000e-01
1.125000e+00 -3.000000e-01
1.425000e+00 -5.250000e-01
1.275000e+00 -5.250000e-01
1.425000e+00 -3.750000e-01
1.500000e+00 -4.500000e-01
1.275000e+00 -4.500000e-01
1.275000e+00 -3.750000e-01
1.350000e+00 -3.000000e-01
-1.275000e+00 -2.250000e-01
-1.425000e+00 -2.250000e-01
-1.275000e+00 -1.500000e-01
-1.200000e+00 -2.250000e-01
-1.275000e+00 -7.500000e-02
-1.200000e+00 -7.500000e-02
-1.425000e+00 -7.500000e-02
-1.500000e+00 -1.500000e-01
-1.350000e+00 -7.500000e-02
-1.275000e+00 0.000000e+00
-1.425000e+00 0.000000e+00
-1.012500e+00 -2.625000e-01
-9.375000e-01 -2.625000e-01
-1.012500e+00 -2.250000e-01
-1.050000e+00 -2.625000e-01
-1.012500e+00 -1.875000e-01
-1.050000e+00 -1.875000e-01
-1.125000e+00 -2.625000e-01
-1.087500e+00 -2.625000e-01
-1.162500e+00 -2.625000e-01
-1.087500e+00 -2.250000e-01
-1.087500e+00 -1.875000e-01
-9.375000e-01 -2.250000e-01
-9.000000e-01 -1.875000e-01
-9.375000e-01 -1.875000e-01
-9.000000e-01 -2.625000e-01
-9.750000e-01 -1.500000e-01
-9.375000e-01 -7.500000e-02
-9.000000e-01 -1.125000e-01
-9.375000e-01 -1.125000e-01
-9.000000e-01 -3.750000e-02
-9.375000e-01 -3.750000e-02
-1.012500e+00 -1.125000e-01
-1.125000e+00 -1.500000e-01
-1.125000e+00 -7.500000e-02
-1.162500e+00 -1.875000e-01
-1.050000e+00 -7.500000e-02
-1.125000e+00 0.000000e+00
-1.012500e+00 -3.750000e-02
-9.750000e-01 0.000000e+00
-7.500000e-01 -2.250000e-01
-6.375000e-01 -2.625000e-01
-7.875000e-01 -1.875000e-01
-8.625000e-01 -2.625000e-01
-6.750000e-01 -1.500000e-01
-7.125000e-01 -1.125000e-01
-6.000000e-01 -7.500000e-02
-6.375000e-01 -3.750000e-02
-6.375000e-01 -1.875000e-01
-6.000000e-01 -2.250000e-01
-8.625000e-01 -1.125000e-01
-8.625000e-01 -3.750000e-02
-7.875000e-01 -1.125000e-01
-7.875000e-01 -1.500000e-01
-8.625000e-01 -1.875000e-01
-8.250000e-01 -1.875000e-01
-7.125000e-01 -3.750000e-02
-7.500000e-01 -7.500000e-02
-6.750000e-01 0.000000e+00
-7.875000e-01 -3.750000e-02
-8.250000e-01 0.000000e+00
-3.750000e-01 -2.250000e-01
-5.250000e-01 -2.250000e-01
-5.250000e-01 -7.500000e-02
-7.500000e-02 -2.250000e-01
-2.250000e-01 -2.250000e-01
-7.500000e-02 -1.500000e-01
0.000000e+00 -2.250000e-01
-7.500000e-02 -7.500000e-02
0.000000e+00 -7.500000e-02
-1.500000e-01 0.000000e+00
2.250000e-01 -2.250000e-01
7.500000e-02 -2.250000e-01
3.000000e-01 -2.250000e-01
2.250000e-01 -7.500000e-02
3.000000e-01 -7.500000e-02
7.500000e-02 -1.500000e-01
7.500000e-02 -7.500000e-02
3.750000e-01 -2.250000e-01
5.250000e-01 -7.500000e-02
3.750000e-01 -1.500000e-01
3.750000e-01 -7.500000e-02
4.500000e-01 -7.500000e-02
3.750000e-01 0.000000e+00
5.250000e-01 0.000000e+00
8.250000e-01 -7.500000e-02
6.750000e-01 -7.500000e-02
8.250000e-01 0.000000e+00
6.750000e-01 0.000000e+00
1.125000e+00 -2.250000e-01
9.750000e-01 -2.250000e-01
1.125000e+00 -7.500000e-02
1.125000e+00 0.000000e+00
1.425000e+00 -7.500000e-02
1.500000e+00 -1.500000e-01
1.275000e+00 -7.500000e-02
1.350000e+00 -7.500000e-02
1.275000e+00 0.000000e+00
-1.312500e+00 3.750000e-02
-1.312500e+00 1.125000e-01
-1.350000e+00 7.500000e-02
-1.237500e+00 3.750000e-02
-1.425000e+00 7.500000e-02
-1.200000e+00 7.500000e-02
-1.200000e+00 2.625000e-01
-1.237500e+00 2.625000e-01
-1.425000e+00 2.250000e-01
-1.500000e+00 1.500000e-01
-1.275000e+00 3.000000e-01
-1.425000e+00 3.000000e-01
-1.050000e+00 7.500000e-02
-9.750000e-01 7.500000e-02
-1.125000e+00 7.500000e-02
-9.750000e-01 2.250000e-01
-1.162500e+00 2.250000e-01
-1.162500e+00 1.875000e-01
-1.162500e+00 2.625000e-01
-1.125000e+00 1.500000e-01
-9.750000e-01 3.000000e-01
-6.750000e-01 7.500000e-02
-8.250000e-01 7.500000e-02
-6.000000e-01 1.500000e-01
-8.250000e-01 2.250000e-01
-8.250000e-01 3.000000e-01
-3.750000e-01 7.500000e-02
-3.750000e-01 1.500000e-01
-3.000000e-01 7.500000e-02
-3.750000e-01 2.250000e-01
-3.000000e-01 2.250000e-01
-4.500000e-01 3.000000e-01
-7.500000e-02 7.500000e-02
-2.250000e-01 7.500000e-02
-7.500000e-02 2.250000e-01
0.000000e+00 1.500000e-01
-2.250000e-01 2.250000e-01
-1.500000e-01 3.000000e-01
7.500000e-02 7.500000e-02
2.250000e-01 2.250000e-01
3.000000e-01 1.500000e-01
7.500000e-02 2.250000e-01
2.250000e-01 3.000000e-01
5.250000e-01 7.500000e-02
3.750000e-01 7.500000e-02
6.000000e-01 7.500000e-02
5.250000e-01 2.250000e-01
6.000000e-01 2.250000e-01
4.500000e-01 3.000000e-01
7.500000e-01 7.500000e-02
8.625000e-01 3.750000e-02
7.125000e-01 3.750000e-02
6.375000e-01 3.750000e-02
8.625000e-01 1.125000e-01
9.000000e-01 7.500000e-02
8.250000e-01 1.500000e-01
8.250000e-01 2.250000e-01
6.750000e-01 1.500000e-01
6.750000e-01 2.250000e-01
7.500000e-01 2.250000e-01
6.750000e-01 3.000000e-01
1.162500e+00 3.750000e-02
9.750000e-01 7.500000e-02
1.162500e+00 7.500000e-02
1.200000e+00 1.125000e-01
1.162500e+00 1.125000e-01
1.200000e+00 3.750000e-02
1.125000e+00 1.500000e-01
1.125000e+00 2.250000e-01
1.200000e+00 2.250000e-01
1.125000e+00 3.000000e-01
1.237500e+00 3.750000e-02
1.425000e+00 2.250000e-01
1.500000e+00 1.500000e-01
1.237500e+00 1.875000e-01
1.237500e+00 2.625000e-01
1.275000e+00 1.875000e-01
1.237500e+00 1.500000e-01
1.312500e+00 1.875000e-01
1.237500e+00 7.500000e-02
1.237500e+00 1.125000e-01
1.350000e+00 2.250000e-01
1.425000e+00 3.000000e-01
1.312500e+00 2.625000e-01
1.275000e+00 3.000000e-01
-1.350000e+00 3.750000e-01
-1.237500e+00 3.375000e-01
-1.425000e+00 3.750000e-01
-1.200000e+00 3.375000e-01
-1.275000e+00 5.250000e-01
-1.200000e+00 5.250000e-01
-1.500000e+00 4.500000e-01
-1.350000e+00 6.000000e-01
-1.012500e+00 3.375000e-01
-1.050000e+00 3.375000e-01
-1.012500e+00 4.125000e-01
-1.050000e+00 4.125000e-01
-1.087500e+00 3.375000e-01
-1.162500e+00 3.375000e-01
-1.087500e+00 3.750000e-01
-1.087500e+00 4.125000e-01
-9.375000e-01 4.125000e-01
-9.750000e-01 4.500000e-01
-1.162500e+00 4.875000e-01
-1.162500e+00 5.625000e-01
-1.162500e+00 3.750000e-01
-1.162500e+00 4.125000e-01
-1.087500e+00 5.625000e-01
-1.087500e+00 6.000000e-01
-7.125000e-01 4.125000e-01
-7.500000e-01 3.750000e-01
-7.875000e-01 3.375000e-01
-7.875000e-01 4.125000e-01
-8.625000e-01 3.375000e-01
-6.750000e-01 4.500000e-01
-6.375000e-01 4.125000e-01
-6.000000e-01 3.750000e-01
-8.625000e-01 4.875000e-01
-8.250000e-01 4.875000e-01
-8.625000e-01 4.500000e-01
-7.875000e-01 4.875000e-01
-8.625000e-01 4.125000e-01
-8.250000e-01 4.125000e-01
-7.500000e-01 5.250000e-01
-6.750000e-01 6.000000e-01
-8.250000e-01 6.000000e-01
-5.250000e-01 3.750000e-01
-3.000000e-01 4.500000e-01
-4.500000e-01 6.000000e-01
0.000000e+00 4.500000e-01
-1.500000e-01 4.500000e-01
-1.500000e-01 6.000000e-01
1.500000e-01 3.750000e-01
2.250000e-01 3.750000e-01
7.500000e-02 3.750000e-01
2.250000e-01 4.500000e-01
3.000000e-01 3.750000e-01
2.250000e-01 5.250000e-01
3.000000e-01 5.250000e-01
7.500000e-02 5.250000e-01
7.500000e-02 6.000000e-01
5.250000e-01 3.750000e-01
3.750000e-01 3.750000e-01
6.000000e-01 3.750000e-01
5.250000e-01 5.250000e-01
6.000000e-01 5.250000e-01
3.750000e-01 4.500000e-01
3.750000e-01 5.250000e-01
3.750000e-01 6.000000e-01
7.500000e-01 3.750000e-01
7.125000e-01 4.125000e-01
9.000000e-01 3.750000e-01
8.250000e-01 4.500000e-01
9.000000e-01 5.250000e-01
7.875000e-01 4.875000e-01
6.375000e-01 4.875000e-01
7.125000e-01 4.875000e-01
6.750000e-01 4.500000e-01
6.375000e-01 5.625000e-01
6.375000e-01 4.125000e-01
7.125000e-01 5.250000e-01
7.125000e-01 5.625000e-01
7.500000e-01 4.875000e-01
7.875000e-01 5.250000e-01
7.875000e-01 5.625000e-01
1.087500e+00 3.375000e-01
1.087500e+00 4.125000e-01
1.050000e+00 3.750000e-01
9.750000e-01 3.750000e-01
1.200000e+00 4.875000e-01
1.162500e+00 4.875000e-01
9.375000e-01 5.625000e-01
1.012500e+00 4.875000e-01
9.750000e-01 4.500000e-01
1.012500e+00 5.250000e-01
1.050000e+00 5.625000e-01
1.012500e+00 5.625000e-01
9.750000e-01 5.625000e-01
9.375000e-01 6.000000e-01
1.087500e+00 5.625000e-01
1.125000e+00 6.000000e-01
1.350000e+00 3.750000e-01
1.425000e+00 3.750000e-01
1.500000e+00 4.500000e-01
1.237500e+00 5.250000e-01
1.237500e+00 4.875000e-01
1.237500e+00 5.625000e-01
1.275000e+00 6.000000e-01
-1.275000e+00 6.750000e-01
-1.275000e+00 7.500000e-01
-1.200000e+00 6.750000e-01
-1.275000e+00 8.250000e-01
-1.200000e+00 8.250000e-01
-1.425000e+00 8.250000e-01
-1.350000e+00 8.250000e-01
-1.425000e+00 9.000000e-01
-1.275000e+00 9.000000e-01
-1.012500e+00 7.125000e-01
-1.050000e+00 6.750000e-01
-1.125000e+00 6.375000e-01
-1.087500e+00 6.375000e-01
-1.162500e+00 6.375000e-01
-9.375000e-01 7.125000e-01
-9.000000e-01 6.750000e-01
-9.750000e-01 7.125000e-01
-9.375000e-01 7.500000e-01
-9.000000e-01 7.875000e-01
-9.375000e-01 7.875000e-01
-1.125000e+00 8.250000e-01
-1.125000e+00 9.000000e-01
-7.500000e-01 6.750000e-01
-6.750000e-01 6.750000e-01
-8.250000e-01 6.750000e-01
-6.750000e-01 8.250000e-01
-8.625000e-01 8.250000e-01
-8.625000e-01 7.875000e-01
-8.625000e-01 8.625000e-01
-7.875000e-01 7.875000e-01
-8.250000e-01 7.500000e-01
-7.875000e-01 8.625000e-01
-7.500000e-01 8.250000e-01
-8.250000e-01 9.000000e-01
-3.750000e-01 6.750000e-01
-3.375000e-01 7.875000e-01
-3.750000e-01 7.500000e-01
-4.125000e-01 7.875000e-01
-3.000000e-01 8.250000e-01
-3.375000e-01 8.625000e-01
-4.875000e-01 8.625000e-01
-4.875000e-01 9.000000e-01
-4.125000e-01 8.625000e-01
-3.750000e-01 9.000000e-01
-7.500000e-02 6.750000e-01
-2.250000e-01 6.750000e-01
-7.500000e-02 7.500000e-01
0.000000e+00 8.250000e-01
-3.750000e-02 8.625000e-01
0.000000e+00 6.750000e-01
-1.875000e-01 7.875000e-01
-2.250000e-01 7.500000e-01
-2.625000e-01 8.625000e-01
-1.875000e-01 8.625000e-01
-1.500000e-01 8.250000e-01
-2.625000e-01 9.000000e-01
-1.125000e-01 8.625000e-01
-7.500000e-02 8.625000e-01
-1.125000e-01 9.000000e-01
1.500000e-01 6.750000e-01
1.125000e-01 7.125000e-01
3.750000e-02 6.375000e-01
3.000000e-01 8.250000e-01
2.625000e-01 8.625000e-01
3.000000e-01 6.750000e-01
7.500000e-02 7.500000e-01
3.750000e-02 8.625000e-01
3.750000e-02 7.125000e-01
1.125000e-01 8.625000e-01
7.500000e-02 8.625000e-01
1.125000e-01 9.000000e-01
1.875000e-01 8.625000e-01
2.250000e-01 8.625000e-01
1.875000e-01 9.000000e-01
4.500000e-01 6.750000e-01
4.125000e-01 6.375000e-01
4.125000e-01 7.125000e-01
3.375000e-01 6.375000e-01
5.625000e-01 8.625000e-01
6.000000e-01 8.250000e-01
4.125000e-01 7.875000e-01
3.750000e-01 7.500000e-01
3.375000e-01 8.625000e-01
3.375000e-01 7.125000e-01
4.125000e-01 8.250000e-01
4.500000e-01 8.625000e-01
4.125000e-01 8.625000e-01
3.750000e-01 8.625000e-01
3.375000e-01 9.000000e-01
4.875000e-01 8.625000e-01
5.250000e-01 8.625000e-01
5.625000e-01 9.000000e-01
7.875000e-01 6.375000e-01
7.875000e-01 6.750000e-01
7.875000e-01 7.125000e-01
7.500000e-01 7.125000e-01
7.125000e-01 7.125000e-01
9.000000e-01 6.750000e-01
8.250000e-01 7.500000e-01
8.625000e-01 8.625000e-01
9.000000e-01 8.250000e-01
6.750000e-01 7.500000e-01
6.750000e-01 8.250000e-01
6.375000e-01 7.125000e-01
7.500000e-01 8.250000e-01
6.750000e-01 9.000000e-01
7.875000e-01 8.625000e-01
8.250000e-01 8.625000e-01
7.875000e-01 9.000000e-01
8.625000e-01 9.000000e-01
1.050000e+00 6.750000e-01
1.125000e+00 6.750000e-01
1.012500e+00 6.375000e-01
9.375000e-01 6.375000e-01
1.012500e+00 7.125000e-01
1.200000e+00 8.250000e-01
9.375000e-01 7.875000e-01
9.375000e-01 8.625000e-01
9.750000e-01 7.500000e-01
1.012500e+00 8.625000e-01
1.050000e+00 8.250000e-01
1.012500e+00 9.000000e-01
1.087500e+00 8.625000e-01
1.087500e+00 9.000000e-01
1.425000e+00 6.750000e-01
1.275000e+00 6.750000e-01
1.425000e+00 8.250000e-01
1.500000e+00 7.500000e-01
1.275000e+00 7.500000e-01
1.275000e+00 8.250000e-01
1.350000e+00 9.000000e-01
-1.350000e+00 9.750000e-01
-1.275000e+00 9.750000e-01
-1.425000e+00 9.750000e-01
-1.200000e+00 1.050000e+00
-1.425000e+00 1.050000e+00
-1.425000e+00 1.125000e+00
-1.500000e+00 9.750000e-01
-1.050000e+00 9.750000e-01
-9.750000e-01 9.750000e-01
-1.125000e+00 9.750000e-01
-9.000000e-01 1.050000e+00
-6.750000e-01 9.750000e-01
-8.250000e-01 9.750000e-01
-6.000000e-01 9.750000e-01
-6.750000e-01 1.125000e+00
-6.000000e-01 1.125000e+00
-4.500000e-01 9.750000e-01
-3.750000e-01 9.750000e-01
-5.250000e-01 9.375000e-01
-4.875000e-01 9.375000e-01
-5.625000e-01 9.375000e-01
-3.750000e-01 1.050000e+00
-3.000000e-01 9.750000e-01
-4.125000e-01 1.087500e+00
-5.625000e-01 1.087500e+00
-4.875000e-01 1.087500e+00
-5.250000e-01 1.050000e+00
-4.875000e-01 1.125000e+00
-4.875000e-01 1.162500e+00
-4.500000e-01 1.087500e+00
-1.125000e-01 9.375000e-01
-3.750000e-02 9.375000e-01
-1.500000e-01 9.375000e-01
-2.250000e-01 9.375000e-01
-1.875000e-01 9.375000e-01
-2.625000e-01 9.375000e-01
-1.875000e-01 9.750000e-01
-1.875000e-01 1.012500e+00
-3.750000e-02 9.750000e-01
-3.750000e-02 1.012500e+00
0.000000e+00 9.375000e-01
-3.750000e-02 1.050000e+00
-3.750000e-02 1.087500e+00
0.000000e+00 1.125000e+00
-7.500000e-02 1.087500e+00
-1.125000e-01 1.087500e+00
-2.250000e-01 1.050000e+00
-2.250000e-01 1.125000e+00
-2.625000e-01 1.012500e+00
-1.500000e-01 1.125000e+00
1.875000e-01 9.375000e-01
1.500000e-01 9.750000e-01
1.125000e-01 9.375000e-01
3.750000e-02 9.375000e-01
1.125000e-01 1.012500e+00
3.000000e-01 9.750000e-01
2.250000e-01 1.050000e+00
2.250000e-01 1.125000e+00
3.000000e-01 1.125000e+00
7.500000e-02 1.050000e+00
7.500000e-02 1.125000e+00
3.750000e-02 1.012500e+00
7.500000e-02 1.200000e+00
5.250000e-01 9.375000e-01
4.875000e-01 9.375000e-01
5.625000e-01 9.375000e-01
4.500000e-01 9.750000e-01
4.125000e-01 9.375000e-01
3.375000e-01 9.375000e-01
4.125000e-01 1.012500e+00
6.000000e-01 9.750000e-01
5.250000e-01 1.050000e+00
4.875000e-01 1.087500e+00
4.125000e-01 1.087500e+00
3.750000e-01 1.050000e+00
4.500000e-01 1.162500e+00
4.125000e-01 1.162500e+00
4.500000e-01 1.087500e+00
3.750000e-01 1.200000e+00
4.875000e-01 1.125000e+00
4.875000e-01 1.162500e+00
8.250000e-01 9.375000e-01
7.875000e-01 9.375000e-01
8.625000e-01 9.375000e-01
7.125000e-01 9.375000e-01
6.375000e-01 9.375000e-01
8.625000e-01 9.750000e-01
8.625000e-01 1.012500e+00
9.000000e-01 9.375000e-01
8.250000e-01 1.050000e+00
7.875000e-01 1.087500e+00
7.125000e-01 1.087500e+00
6.750000e-01 1.050000e+00
7.500000e-01 1.162500e+00
7.125000e-01 1.162500e+00
7.500000e-01 1.087500e+00
6.750000e-01 1.200000e+00
7.875000e-01 1.125000e+00
7.875000e-01 1.162500e+00
7.875000e-01 1.200000e+00
1.125000e+00 9.375000e-01
1.087500e+00 9.375000e-01
1.162500e+00 9.375000e-01
9.750000e-01 9.375000e-01
1.012500e+00 9.375000e-01
9.375000e-01 9.375000e-01
1.162500e+00 1.087500e+00
1.125000e+00 1.050000e+00
1.087500e+00 1.087500e+00
1.200000e+00 1.125000e+00
1.162500e+00 1.162500e+00
1.200000e+00 9.750000e-01
1.087500e+00 1.162500e+00
1.050000e+00 1.125000e+00
1.125000e+00 1.200000e+00
9.750000e-01 1.200000e+00
1.425000e+00 9.750000e-01
1.275000e+00 9.750000e-01
1.425000e+00 1.125000e+00
1.500000e+00 1.050000e+00
1.275000e+00 1.125000e+00
1.350000e+00 1.125000e+00
1.275000e+00 1.200000e+00
-1.275000e+00 1.275000e+00
-1.275000e+00 1.350000e+00
-1.200000e+00 1.275000e+00
-1.275000e+00 1.425000e+00
-1.125000e+00 1.275000e+00
-9.750000e-01 1.425000e+00
-1.125000e+00 1.425000e+00
-1.050000e+00 1.425000e+00
-1.125000e+00 1.500000e+00
-9.750000e-01 1.500000e+00
-6.750000e-01 1.275000e+00
-6.750000e-01 1.350000e+00
-6.000000e-01 1.275000e+00
-6.750000e-01 1.425000e+00
-6.000000e-01 1.425000e+00
-8.250000e-01 1.425000e+00
-7.500000e-01 1.500000e+00
-4.125000e-01 1.237500e+00
-4.125000e-01 1.275000e+00
-4.125000e-01 1.312500e+00
-4.500000e-01 1.312500e+00
-5.625000e-01 1.237500e+00
-4.875000e-01 1.312500e+00
-3.750000e-01 1.350000e+00
-4.125000e-01 1.387500e+00
-3.000000e-01 1.425000e+00
-5.250000e-01 1.350000e+00
-5.625000e-01 1.462500e+00
-5.625000e-01 1.312500e+00
-4.125000e-01 1.462500e+00
-4.500000e-01 1.425000e+00
-3.750000e-01 1.500000e+00
-4.875000e-01 1.462500e+00
-5.250000e-01 1.500000e+00
-2.250000e-01 1.275000e+00
0.000000e+00 1.350000e+00
-2.250000e-01 1.350000e+00
-2.250000e-01 1.425000e+00
-1.500000e-01 1.500000e+00
1.500000e-01 1.275000e+00
2.250000e-01 1.275000e+00
7.500000e-02 1.275000e+00
3.000000e-01 1.350000e+00
3.750000e-01 1.275000e+00
6.000000e-01 1.425000e+00
5.250000e-01 1.425000e+00
3.750000e-01 1.425000e+00
4.500000e-01 1.500000e+00
8.250000e-01 1.237500e+00
7.875000e-01 1.237500e+00
8.625000e-01 1.237500e+00
7.500000e-01 1.275000e+00
6.750000e-01 1.275000e+00
9.000000e-01 1.275000e+00
6.750000e-01 1.350000e+00
6.750000e-01 1.425000e+00
7.500000e-01 1.500000e+00
1.050000e+00 1.275000e+00
1.125000e+00 1.275000e+00
9.750000e-01 1.275000e+00
1.200000e+00 1.350000e+00
1.275000e+00 1.275000e+00
simplices
0 1 259
259 624 625
12 624 625
1 259 625
0 11 259
11 259 260
259 260 624
260 624 626
12 624 626
1 2 262
2 261 262
13 261 262
12 262 625
1 262 625
13 262 627
12 262 627
121 628 629
3 628 629
2 121 629
121 263 264
14 263 630
263 264 630
121 264 628
264 628 631
3 628 631
121 261 265
13 261 265
2 121 261
121 122 265
122 265 266
13 265 266
121 122 263
122 263 267
14 263 267
123 632 634
4 632 634
123 633 634
3 633 634
123 635 636
15 635 636
123 632 636
4 632 636
264 637 638
123 637 638
264 630 638
14 630 638
264 633 637
123 633 637
264 631 633
3 631 633
124 638 639
123 638 639
124 638 640
14 638 640
124 635 639
123 635 639
124 635 641
15 635 641
125 642 644
5 642 644
125 643 644
4 643 644
125 645 646
16 645 646
125 642 646
5 642 646
125 636 647
15 636 647
125 636 643
4 636 643
126 647 648
125 647 648
126 647 649
15 647 649
126 645 648
125 645 648
126 645 650
16 645 650
127 651 652
6 651 652
5 127 652
268 653 655
127 653 655
268 654 655
17 654 655
268 651 653
127 651 653
268 651 656
6 651 656
127 646 657
16 646 657
5 127 646
127 128 657
128 657 658
16 657 658
127 128 655
128 655 659
17 655 659
129 269 660
269 271 660
7 269 271
270 660 662
129 660 662
270 660 661
271 660 661
270 663 664
6 663 664
270 661 663
271 661 663
272 666 667
129 666 667
272 665 666
273 665 666
272 668 669
18 668 669
272 665 668
273 665 668
129 269 666
269 273 666
7 269 273
268 274 671
274 670 671
129 670 671
268 274 654
274 654 672
17 654 672
268 270 671
270 662 671
129 662 671
268 270 656
270 656 664
6 656 664
274 275 673
130 275 673
274 275 670
275 670 674
129 670 674
276 673 675
274 673 675
276 673 676
130 673 676
276 672 675
274 672 675
17 276 672
275 677 678
272 677 678
130 275 678
275 667 677
272 667 677
275 667 674
129 667 674
272 277 678
130 277 678
272 277 669
18 277 669
279 280 679
8 280 679
7 279 280
278 679 681
8 679 681
278 679 680
279 679 680
278 682 683
19 682 683
278 680 682
279 680 682
273 668 684
18 668 684
273 279 684
7 273 279
279 281 684
281 684 685
18 684 685
279 281 682
281 682 686
19 682 686
9 283 284
283 284 687
8 284 687
9 282 283
20 282 283
278 683 688
19 683 688
278 283 688
278 681 687
8 681 687
278 283 687
283 285 688
285 688 689
19 688 689
20 283 285
288 690 692
287 690 692
288 691 692
10 691 692
288 690 694
287 690 694
288 693 694
9 693 694
10 286 692
286 287 692
21 286 695
286 287 695
20 282 696
282 287 696
9 282 694
282 287 694
287 695 697
21 695 697
287 696 697
20 696 697
260 626 699
12 626 699
260 698 699
290 698 699
11 260 700
260 698 700
290 698 700
289 699 701
12 699 701
289 290 699
23 289 702
289 290 702
22 290 703
290 700 703
11 700 703
22 290 291
290 291 702
291 702 704
23 702 704
13 132 627
132 627 705
12 627 705
13 131 132
131 292 707
292 706 707
24 706 707
131 132 292
289 293 709
293 708 709
132 708 709
23 289 293
289 705 709
132 705 709
289 701 705
12 701 705
294 710 712
293 710 712
294 711 712
133 711 712
294 708 710
293 708 710
132 294 708
293 712 713
133 712 713
23 293 713
292 294 714
294 711 714
133 711 714
132 292 294
295 714 715
292 714 715
295 714 716
133 714 716
295 706 715
292 706 715
295 706 717
24 706 717
122 267 297
14 267 297
122 296 297
135 296 297
122 266 298
13 266 298
122 296 298
135 296 298
297 300 718
134 300 718
14 297 300
297 299 718
299 718 719
134 718 719
135 297 299
301 720 722
134 720 722
301 721 722
25 721 722
299 719 720
134 719 720
299 720 723
301 720 723
135 299 724
299 723 724
301 723 724
131 707 725
24 707 725
131 135 725
13 131 298
131 135 298
136 725 726
135 725 726
136 725 727
24 725 727
301 726 728
136 726 728
301 724 726
135 724 726
301 728 729
136 728 729
301 721 729
25 721 729
124 302 641
15 302 641
124 138 302
124 303 640
14 303 640
124 138 303
137 302 730
15 302 730
137 302 304
138 302 304
137 305 306
26 305 306
137 304 305
138 304 731
304 305 731
307 722 732
134 722 732
307 722 733
25 722 733
307 734 735
138 734 735
307 732 735
134 732 735
134 300 303
14 300 303
138 303 735
134 303 735
308 736 738
307 736 738
308 737 738
139 737 738
308 734 736
307 734 736
308 734 739
138 734 739
307 309 738
139 309 738
307 309 733
25 309 733
308 740 741
305 740 741
308 737 741
139 737 741
308 731 740
305 731 740
308 731 739
138 731 739
305 741 742
139 741 742
26 305 742
126 310 650
16 310 650
310 743 744
141 743 744
126 310 744
126 311 649
15 311 649
311 744 745
141 744 745
126 311 744
310 746 747
140 746 747
16 310 747
312 746 748
310 746 748
312 746 749
140 746 749
312 743 748
310 743 748
312 743 750
141 743 750
314 751 753
313 751 753
314 752 753
140 752 753
314 751 755
313 751 755
314 754 755
27 754 755
312 749 753
140 749 753
312 753 756
313 753 756
312 750 757
141 750 757
312 756 757
313 756 757
137 306 758
306 316 758
26 306 759
306 316 759
315 758 760
137 758 760
315 316 758
141 315 761
315 316 761
311 730 762
137 730 762
15 311 730
315 762 763
311 762 763
315 760 762
137 760 762
315 745 763
311 745 763
141 315 745
316 764 765
142 764 765
316 761 765
141 761 765
316 764 766
142 764 766
316 759 766
26 759 766
313 765 767
142 765 767
313 757 765
141 757 765
313 767 768
142 767 768
313 755 768
27 755 768
128 659 770
17 659 770
128 769 770
144 769 770
128 658 771
16 658 771
128 769 771
144 769 771
143 770 773
17 770 773
143 770 772
144 770 772
143 774 775
28 774 775
143 772 774
144 772 774
314 752 777
140 752 777
314 776 777
317 776 777
314 754 778
27 754 778
314 776 778
317 776 778
144 317 779
317 777 779
140 777 779
140 747 771
16 747 771
140 771 779
144 771 779
144 145 317
145 317 780
317 778 780
27 778 780
144 145 774
28 145 774
130 277 319
18 277 319
130 318 319
147 318 319
276 676 781
130 676 781
276 320 781
17 276 320
130 318 781
318 320 781
147 318 320
319 322 783
322 782 783
146 782 783
18 319 322
319 321 783
146 321 783
147 319 321
146 323 785
323 784 785
29 784 785
146 321 323
147 321 323
143 324 775
28 324 775
324 786 787
147 786 787
143 324 787
143 320 773
17 320 773
147 320 787
143 320 787
325 788 790
324 788 790
325 789 790
148 789 790
325 786 788
324 786 788
147 325 786
324 790 791
148 790 791
28 324 791
323 325 792
325 789 792
148 789 792
147 323 325
323 326 792
148 326 792
323 326 784
326 784 793
29 784 793
327 794 795
281 794 795
149 327 795
327 686 794
281 686 794
327 686 796
19 686 796
328 795 797
281 795 797
328 795 798
149 795 798
328 685 797
281 685 797
328 685 799
18 685 799
329 800 802
149 800 802
329 801 802
30 801 802
149 327 800
327 329 800
327 796 803
19 796 803
327 329 803
146 330 785
330 785 804
29 785 804
149 330 805
146 330 805
322 782 807
146 782 807
322 806 807
328 806 807
18 322 799
322 799 806
328 799 806
328 798 805
149 798 805
328 805 807
146 805 807
330 808 809
150 808 809
149 330 809
331 808 810
330 808 810
331 808 811
150 808 811
331 804 810
330 804 810
29 331 804
150 802 809
149 802 809
150 802 812
30 802 812
20 285 814
285 813 814
332 813 814
285 689 815
19 689 815
285 813 815
332 813 815
332 816 817
31 816 817
332 814 817
20 814 817
329 801 818
30 801 818
329 332 818
329 803 815
19 803 815
329 332 815
333 818 819
332 818 819
333 818 820
30 818 820
333 816 819
332 816 819
31 333 816
21 697 821
20 697 821
21 32 821
31 817 821
20 817 821
31 821 822
32 821 822
334 823 825
291 823 825
334 824 825
152 824 825
334 704 823
291 704 823
334 704 826
23 704 826
291 335 825
335 825 827
152 825 827
22 291 335
336 828 830
334 828 830
336 829 830
151 829 830
336 826 828
334 826 828
336 826 831
23 826 831
334 824 832
152 824 832
334 830 832
151 830 832
338 833 834
337 833 834
151 338 834
338 833 836
337 833 836
338 835 836
34 835 836
152 337 832
337 832 834
151 832 834
339 837 838
152 837 838
339 340 837
33 339 340
335 827 837
152 827 837
335 837 839
340 837 839
22 335 840
335 839 840
340 839 840
152 337 841
337 341 841
337 836 842
34 836 842
337 341 842
339 838 841
152 838 841
339 841 843
341 841 843
33 339 844
339 843 844
341 843 844
295 716 845
133 716 845
295 342 845
295 717 846
24 717 846
295 342 846
342 847 848
154 847 848
342 845 848
133 845 848
133 343 713
343 713 849
23 713 849
154 343 848
133 343 848
342 850 851
153 850 851
342 846 851
24 846 851
342 847 852
154 847 852
342 850 852
153 850 852
153 344 854
344 853 854
35 853 854
154 344 852
153 344 852
151 338 856
338 855 856
346 855 856
338 835 857
34 835 857
338 855 857
346 855 857
151 345 856
345 346 856
154 345 346
336 829 859
151 829 859
336 858 859
343 858 859
336 831 849
23 831 849
336 849 858
343 849 858
343 345 859
151 345 859
154 343 345
346 860 861
155 860 861
154 346 861
347 860 862
346 860 862
347 860 863
155 860 863
347 857 862
346 857 862
347 857 864
34 857 864
344 861 865
155 861 865
154 344 861
348 865 866
344 865 866
348 865 867
155 865 867
348 853 866
344 853 866
348 853 868
35 853 868
136 729 869
25 729 869
136 157 869
136 727 870
24 727 870
136 157 870
25 156 869
156 869 871
157 869 871
350 872 874
349 872 874
350 873 874
156 873 874
350 872 875
349 872 875
36 350 875
157 349 871
349 871 874
156 871 874
153 854 877
35 854 877
153 876 877
157 876 877
153 851 870
24 851 870
153 870 876
157 870 876
157 158 877
158 877 878
35 877 878
157 158 349
158 349 879
349 875 879
36 875 879
351 742 880
139 742 880
351 742 881
26 742 881
159 351 882
351 880 882
139 880 882
139 309 883
309 352 883
25 309 352
352 882 884
159 882 884
352 882 883
139 882 883
353 885 886
159 885 886
353 354 885
37 353 887
353 354 887
159 351 885
351 885 888
354 885 888
351 881 889
26 881 889
351 888 889
354 888 889
350 873 890
156 873 890
350 356 890
36 350 356
156 355 890
355 890 891
356 890 891
355 892 893
159 892 893
355 891 892
356 891 892
25 156 352
156 352 355
352 355 884
355 884 893
159 884 893
353 886 895
159 886 895
353 894 895
357 894 895
37 353 896
353 894 896
357 894 896
356 892 895
159 892 895
356 357 895
36 356 897
356 357 897
358 768 898
142 768 898
358 768 899
27 768 899
160 358 900
358 898 900
142 898 900
142 359 766
26 359 766
160 359 900
142 359 900
360 902 903
160 902 903
360 901 902
361 901 902
38 360 904
360 901 904
361 901 904
160 358 902
358 361 902
358 899 905
27 899 905
358 361 905
362 906 908
354 906 908
362 907 908
160 907 908
362 887 906
354 887 906
37 362 887
354 359 908
160 359 908
354 359 889
26 359 889
360 903 910
160 903 910
360 909 910
363 909 910
38 360 911
360 909 911
363 909 911
362 907 910
160 907 910
362 363 910
37 362 912
362 363 912
28 145 161
145 780 913
27 780 913
145 161 913
161 914 915
39 914 915
28 161 915
161 361 916
361 904 916
38 904 916
161 361 913
361 905 913
27 905 913
364 914 917
161 914 917
364 914 918
39 914 918
364 916 917
161 916 917
364 916 919
38 916 919
148 326 921
326 920 921
365 920 921
326 793 922
29 793 922
326 920 922
365 920 922
162 365 923
365 921 923
148 921 923
148 791 924
28 791 924
148 923 924
162 923 924
162 366 925
40 366 925
162 365 366
365 922 926
29 922 926
365 366 926
39 162 915
162 915 924
28 915 924
162 367 925
367 925 927
40 925 927
39 162 367
150 369 812
369 812 928
30 812 928
150 368 369
164 368 929
368 369 929
331 811 930
150 811 930
331 370 930
29 331 931
331 370 931
150 368 930
368 370 930
164 368 932
368 370 932
372 933 935
369 933 935
372 934 935
163 934 935
372 928 933
369 928 933
372 928 936
30 928 936
371 935 937
369 935 937
371 935 938
163 935 938
371 929 937
369 929 937
371 929 939
164 929 939
373 940 942
163 940 942
373 941 942
41 941 942
371 938 940
163 938 940
371 373 940
371 939 943
164 939 943
371 373 943
366 944 945
164 944 945
40 366 945
370 944 946
366 944 946
370 932 944
164 932 944
370 926 946
366 926 946
370 926 931
29 926 931
373 943 948
164 943 948
373 947 948
374 947 948
373 941 949
41 941 949
373 947 949
374 947 949
374 945 948
164 945 948
374 945 950
40 945 950
333 375 951
165 375 951
31 333 375
376 951 952
333 951 952
376 951 953
165 951 953
376 820 952
333 820 952
376 820 954
30 820 954
377 955 956
165 955 956
377 378 955
377 957 958
42 957 958
377 378 957
165 375 955
375 378 955
31 375 959
375 378 959
163 379 942
379 942 960
41 942 960
379 961 962
165 961 962
163 379 962
372 934 964
163 934 964
372 963 964
376 963 964
372 936 954
30 936 954
372 954 963
376 954 963
376 953 962
165 953 962
376 962 964
163 962 964
380 965 967
379 965 967
380 966 967
166 966 967
380 961 965
379 961 965
380 961 968
165 961 968
381 967 969
379 967 969
381 967 970
166 967 970
381 960 969
379 960 969
381 960 971
41 960 971
380 972 973
377 972 973
380 966 973
166 966 973
380 956 972
377 956 972
380 956 968
165 956 968
377 973 974
166 973 974
377 958 974
42 958 974
382 822 975
32 822 975
382 822 976
31 822 976
382 977 978
43 977 978
382 975 978
32 975 978
378 957 980
42 957 980
378 979 980
382 979 980
378 959 976
31 959 976
378 976 979
382 976 979
382 977 981
43 977 981
382 980 981
42 980 981
341 982 983
168 982 983
341 842 983
34 842 983
341 982 984
168 982 984
341 844 984
33 844 984
167 983 986
34 983 986
167 983 985
168 983 985
167 987 988
45 987 988
167 985 987
168 985 987
168 989 990
44 989 990
168 984 990
33 984 990
168 987 991
45 987 991
168 989 991
44 989 991
348 867 993
155 867 993
348 992 993
384 992 993
348 868 994
35 868 994
348 992 994
384 992 994
383 993 996
155 993 996
383 993 995
384 993 995
383 997 998
170 997 998
383 995 997
384 995 997
347 863 1000
155 863 1000
347 999 1000
385 999 1000
347 864 1001
34 864 1001
347 999 1001
385 999 1001
383 996 1000
155 996 1000
383 1000 1002
385 1000 1002
383 998 1003
170 998 1003
383 1002 1003
385 1002 1003
387 1004 1006
384 1004 1006
387 1005 1006
169 1005 1006
387 994 1004
384 994 1004
387 994 1007
35 994 1007
386 1006 1008
384 1006 1008
386 1006 1009
169 1006 1009
386 997 1008
384 997 1008
386 997 1010
170 997 1010
389 1011 1013
388 1011 1013
389 1012 1013
169 1012 1013
389 1011 1015
388 1011 1015
389 1014 1015
46 1014 1015
386 1009 1013
169 1009 1013
386 1013 1016
388 1013 1016
386 1010 1017
170 1010 1017
386 1016 1017
388 1016 1017
390 988 1018
167 988 1018
390 988 1019
45 988 1019
390 1020 1021
170 1020 1021
390 1018 1021
167 1018 1021
385 986 1022
167 986 1022
385 986 1001
34 986 1001
385 1003 1021
170 1003 1021
385 1021 1022
167 1021 1022
390 1023 1024
171 1023 1024
390 1020 1024
170 1020 1024
390 391 1023
391 1023 1025
171 1023 1025
390 391 1019
391 1019 1026
45 1019 1026
171 388 1024
388 1017 1024
170 1017 1024
171 388 1027
388 1015 1027
46 1015 1027
158 392 879
36 392 879
172 392 1028
158 392 1028
393 878 1029
158 878 1029
393 878 1030
35 878 1030
393 1028 1031
172 1028 1031
393 1028 1029
158 1028 1029
394 1033 1034
172 1033 1034
394 1032 1033
395 1032 1033
47 394 1035
394 1032 1035
395 1032 1035
172 392 1033
392 395 1033
36 392 1036
392 395 1036
389 1012 1037
169 1012 1037
389 397 1037
389 1014 1038
46 1014 1038
389 397 1038
169 396 1037
396 1037 1039
397 1037 1039
396 1040 1041
172 1040 1041
396 1039 1040
397 1039 1040
387 1005 1042
169 1005 1042
387 393 1042
387 1007 1030
35 1007 1030
387 393 1030
393 396 1042
169 396 1042
393 396 1031
396 1031 1041
172 1031 1041
394 1034 1043
172 1034 1043
394 398 1043
47 394 1044
394 398 1044
397 1040 1043
172 1040 1043
397 1043 1045
398 1043 1045
397 1038 1046
46 1038 1046
397 1045 1046
398 1045 1046
357 896 1048
37 896 1048
357 1047 1048
400 1047 1048
357 897 1049
36 897 1049
357 1047 1049
400 1047 1049
399 1048 1051
37 1048 1051
399 1048 1050
400 1048 1050
399 1052 1053
48 1052 1053
399 1050 1052
400 1050 1052
395 1035 1055
47 1035 1055
395 1054 1055
400 1054 1055
395 1036 1049
36 1036 1049
395 1049 1054
400 1049 1054
401 1055 1056
400 1055 1056
401 1055 1057
47 1055 1057
401 1052 1056
400 1052 1056
401 1052 1058
48 1052 1058
363 911 1060
38 911 1060
363 1059 1060
403 1059 1060
363 912 1061
37 912 1061
363 1059 1061
403 1059 1061
402 1060 1063
38 1060 1063
402 1060 1062
403 1060 1062
402 1064 1065
49 1064 1065
402 1062 1064
403 1062 1064
399 1053 1067
48 1053 1067
399 1066 1067
403 1066 1067
399 1051 1061
37 1051 1061
399 1061 1066
403 1061 1066
404 1067 1068
403 1067 1068
404 1067 1069
48 1067 1069
404 1064 1068
403 1064 1068
404 1064 1070
49 1064 1070
364 918 1072
39 918 1072
364 1071 1072
406 1071 1072
364 919 1073
38 919 1073
364 1071 1073
406 1071 1073
405 1072 1075
39 1072 1075
405 1072 1074
406 1072 1074
405 1076 1077
50 1076 1077
405 1074 1076
406 1074 1076
402 1065 1079
49 1065 1079
402 1078 1079
406 1078 1079
402 1063 1073
38 1063 1073
402 1073 1078
406 1073 1078
407 1079 1080
406 1079 1080
407 1079 1081
49 1079 1081
407 1076 1080
406 1076 1080
407 1076 1082
50 1076 1082
367 927 1084
40 927 1084
367 1083 1084
409 1083 1084
39 367 1085
367 1083 1085
409 1083 1085
40 408 1084
408 409 1084
51 408 409
405 1077 1086
50 1077 1086
405 409 1086
405 1075 1085
39 1075 1085
405 409 1085
409 410 1086
50 410 1086
51 409 410
374 1087 1088
174 1087 1088
374 949 1088
41 949 1088
374 1087 1089
174 1087 1089
374 950 1089
40 950 1089
173 1088 1091
41 1088 1091
173 1088 1090
174 1088 1090
52 173 1092
173 1090 1092
174 1090 1092
51 174 408
174 408 1089
40 408 1089
174 1092 1093
52 1092 1093
51 174 1093
166 974 1095
42 974 1095
166 1094 1095
176 1094 1095
381 970 1096
166 970 1096
381 411 1096
381 971 1097
41 971 1097
381 411 1097
411 1094 1098
176 1094 1098
411 1094 1096
166 1094 1096
175 1095 1099
42 1095 1099
175 176 1095
175 1100 1101
53 1100 1101
175 176 1100
52 173 1103
173 1102 1103
176 1102 1103
411 1091 1104
173 1091 1104
411 1091 1097
41 1091 1097
411 1098 1102
176 1098 1102
411 1102 1104
173 1102 1104
177 1103 1105
176 1103 1105
177 1103 1106
52 1103 1106
177 1100 1105
176 1100 1105
177 1100 1107
53 1100 1107
178 981 1108
43 981 1108
178 981 1109
42 981 1109
178 1110 1111
54 1110 1111
178 1108 1111
43 1108 1111
175 1101 1113
53 1101 1113
175 1112 1113
178 1112 1113
175 1099 1109
42 1099 1109
175 1109 1112
178 1109 1112
178 1110 1114
54 1110 1114
178 1113 1114
53 1113 1114
180 991 1115
45 991 1115
180 991 1116
44 991 1116
179 1115 1118
45 1115 1118
179 1115 1117
180 1115 1117
179 1119 1120
56 1119 1120
179 1117 1119
180 1117 1119
180 1121 1122
55 1121 1122
180 1116 1122
44 1116 1122
412 1119 1123
180 1119 1123
412 1119 1124
56 1119 1124
412 1121 1123
180 1121 1123
412 1121 1125
55 1121 1125
414 1027 1126
171 1027 1126
414 1027 1127
46 1027 1127
413 1126 1129
171 1126 1129
413 1126 1128
414 1126 1128
413 1130 1131
182 1130 1131
413 1128 1130
414 1128 1130
391 1025 1133
171 1025 1133
391 1132 1133
415 1132 1133
391 1026 1134
45 1026 1134
391 1132 1134
415 1132 1134
413 1129 1133
171 1129 1133
413 1133 1135
415 1133 1135
413 1131 1136
182 1131 1136
413 1135 1136
415 1135 1136
416 1137 1139
414 1137 1139
416 1138 1139
181 1138 1139
416 1127 1137
414 1127 1137
416 1127 1140
46 1127 1140
414 1130 1141
182 1130 1141
414 1139 1141
181 1139 1141
418 1142 1144
417 1142 1144
418 1143 1144
181 1143 1144
418 1142 1146
417 1142 1146
418 1145 1146
57 1145 1146
417 1141 1147
182 1141 1147
417 1141 1144
181 1141 1144
179 1120 1149
56 1120 1149
179 1148 1149
182 1148 1149
415 1118 1150
179 1118 1150
415 1118 1134
45 1118 1134
415 1136 1148
182 1136 1148
415 1148 1150
179 1148 1150
183 1149 1151
182 1149 1151
183 1149 1152
56 1149 1152
417 1151 1153
183 1151 1153
417 1147 1151
182 1147 1151
417 1153 1154
183 1153 1154
417 1146 1154
57 1146 1154
398 419 1155
184 419 1155
398 419 1044
419 1044 1156
47 1044 1156
398 420 1155
420 1155 1157
184 1155 1157
398 420 1046
420 1046 1158
46 1046 1158
421 1159 1160
184 1159 1160
421 422 1159
421 1161 1162
58 1161 1162
421 422 1161
184 419 1159
419 1159 1163
422 1159 1163
419 1156 1164
47 1156 1164
419 1163 1164
422 1163 1164
418 1143 1165
181 1143 1165
418 424 1165
418 1145 1166
57 1145 1166
418 424 1166
181 423 1165
423 424 1165
423 1167 1168
184 1167 1168
423 424 1167
416 1138 1169
181 1138 1169
416 420 1169
416 1140 1158
46 1140 1158
416 420 1158
423 1169 1170
420 1169 1170
181 423 1169
423 1157 1170
420 1157 1170
423 1157 1168
184 1157 1168
421 1160 1172
184 1160 1172
421 1171 1172
425 1171 1172
421 1162 1173
58 1162 1173
421 1171 1173
425 1171 1173
424 1167 1172
184 1167 1172
424 1172 1174
425 1172 1174
424 1166 1175
57 1166 1175
424 1174 1175
425 1174 1175
401 1058 1176
48 1058 1176
401 427 1176
401 1057 1177
47 1057 1177
401 427 1177
48 426 1176
426 427 1176
59 426 427
422 1161 1178
58 1161 1178
422 427 1178
422 1164 1177
47 1164 1177
422 427 1177
427 428 1178
58 428 1178
59 427 428
404 1070 1179
49 1070 1179
404 430 1179
404 1069 1180
48 1069 1180
404 430 1180
429 1179 1182
49 1179 1182
429 1179 1181
430 1179 1181
429 1183 1184
60 1183 1184
429 1181 1183
430 1181 1183
59 426 430
48 426 1180
426 430 1180
430 1183 1185
60 1183 1185
59 430 1185
407 1082 1186
50 1082 1186
407 432 1186
407 1081 1187
49 1081 1187
407 432 1187
431 1186 1188
50 1186 1188
431 432 1186
431 1189 1190
61 1189 1190
431 432 1189
429 1184 1192
60 1184 1192
429 1191 1192
432 1191 1192
429 1182 1187
49 1182 1187
429 1187 1191
432 1187 1191
432 433 1192
60 433 1192
432 433 1189
61 433 1189
51 410 435
50 410 1193
410 435 1193
51 434 435
62 434 1194
434 435 1194
431 1190 1196
61 1190 1196
431 1195 1196
435 1195 1196
431 1188 1193
50 1188 1193
431 1193 1195
435 1193 1195
436 1196 1197
435 1196 1197
436 1196 1198
61 1196 1198
436 1194 1197
435 1194 1197
436 1194 1199
62 1194 1199
52 186 1093
51 186 1093
52 185 186
63 185 1200
185 186 1200
186 434 1201
62 434 1201
51 186 434
186 437 1200
437 1200 1202
63 1200 1202
186 437 1201
437 1201 1203
62 1201 1203
177 1107 1204
53 1107 1204
177 188 1204
177 1106 1205
52 1106 1205
177 188 1205
53 187 1204
187 188 1204
64 187 1206
187 188 1206
63 185 188
52 185 1205
185 188 1205
63 188 189
188 189 1206
189 1206 1207
64 1206 1207
54 190 1114
53 190 1114
190 1208 1209
65 1208 1209
54 190 1209
64 187 1210
187 190 1210
53 187 190
438 1208 1211
190 1208 1211
65 438 1208
438 1210 1211
190 1210 1211
438 1210 1212
64 1210 1212
439 1213 1215
412 1213 1215
439 1214 1215
192 1214 1215
439 1124 1213
412 1124 1213
439 1124 1216
56 1124 1216
412 1215 1217
192 1215 1217
412 1125 1217
55 1125 1217
191 439 1218
439 1216 1218
56 1216 1218
191 439 440
439 440 1214
192 440 1214
191 441 442
441 442 1220
442 1219 1220
67 1219 1220
191 440 441
192 440 441
192 1221 1222
66 1221 1222
192 1217 1222
55 1217 1222
192 441 443
441 1220 1223
67 1220 1223
441 443 1223
192 443 1221
443 1221 1224
66 1221 1224
183 1154 1226
57 1154 1226
183 1225 1226
194 1225 1226
183 1152 1227
56 1152 1227
183 1225 1227
194 1225 1227
57 193 1226
193 194 1226
68 193 1228
193 194 1228
191 442 1230
442 1229 1230
444 1229 1230
442 1219 1231
67 1219 1231
442 1229 1231
444 1229 1231
194 444 1232
444 1230 1232
191 1230 1232
191 1218 1227
56 1218 1227
191 1227 1232
194 1227 1232
194 195 444
195 444 445
444 445 1231
67 445 1231
194 195 1228
195 1228 1233
68 1228 1233
196 425 1234
425 1173 1234
58 1173 1234
196 425 1235
425 1175 1235
57 1175 1235
69 196 1236
196 1234 1236
58 1234 1236
68 193 1237
193 196 1237
57 193 1235
193 196 1235
69 196 446
196 446 1237
446 1237 1238
68 1237 1238
59 428 1239
428 448 1239
58 428 448
447 1239 1241
59 1239 1241
447 1239 1240
448 1239 1240
447 1242 1243
70 1242 1243
447 1240 1242
448 1240 1242
69 448 1236
58 448 1236
448 1242 1244
70 1242 1244
69 448 1244
449 1185 1245
60 1185 1245
449 1185 1246
59 1185 1246
449 1247 1248
71 1247 1248
449 1245 1248
60 1245 1248
447 1243 1249
70 1243 1249
447 449 1249
447 1241 1246
59 1241 1246
447 449 1246
449 1247 1250
71 1247 1250
449 1249 1250
70 1249 1250
61 433 450
60 433 1251
433 450 1251
450 1252 1253
72 1252 1253
61 450 1253
450 1248 1254
71 1248 1254
450 1248 1251
60 1248 1251
450 451 1254
71 451 1254
450 451 1252
451 1252 1255
72 1252 1255
436 1199 1256
62 1199 1256
436 453 1256
436 1198 1257
61 1198 1257
436 453 1257
452 1256 1258
62 1256 1258
452 453 1256
452 1259 1260
73 1259 1260
452 453 1259
72 453 1253
453 1253 1257
61 1253 1257
453 1259 1261
73 1259 1261
72 453 1261
437 454 1262
198 454 1262
437 454 1202
454 1202 1263
63 1202 1263
455 1262 1264
437 1262 1264
198 455 1262
455 1203 1264
437 1203 1264
455 1203 1265
62 1203 1265
454 1266 1267
197 1266 1267
454 1263 1267
63 1263 1267
198 454 1268
454 1266 1268
197 1266 1268
74 197 1269
197 1268 1269
198 1268 1269
452 1270 1271
198 1270 1271
452 1260 1271
73 1260 1271
452 455 1270
198 455 1270
452 455 1258
455 1258 1265
62 1258 1265
456 1269 1272
198 1269 1272
74 456 1269
456 1271 1272
198 1271 1272
456 1271 1273
73 1271 1273
189 457 1207
457 1207 1274
64 1207 1274
189 200 457
63 189 1275
189 200 1275
458 1276 1278
457 1276 1278
458 1277 1278
199 1277 1278
458 1274 1276
457 1274 1276
458 1274 1279
64 1274 1279
200 457 1280
457 1278 1280
199 1278 1280
199 1281 1282
75 1281 1282
199 1280 1281
200 1280 1281
74 197 200
197 1267 1275
63 1267 1275
197 200 1275
74 200 201
200 201 1281
201 1281 1283
75 1281 1283
65 202 438
202 438 459
438 459 1212
459 1212 1284
64 1212 1284
202 1285 1286
76 1285 1286
65 202 1286
461 1282 1287
199 1282 1287
461 1282 1288
75 1282 1288
460 1287 1290
199 1287 1290
460 1287 1289
461 1287 1289
202 460 1291
460 1289 1291
461 1289 1291
458 1277 1293
199 1277 1293
458 1292 1293
459 1292 1293
458 1279 1284
64 1279 1284
458 1284 1292
459 1284 1292
459 460 1293
460 1290 1293
199 1290 1293
202 459 460
462 1285 1294
202 1285 1294
462 1285 1295
76 1285 1295
461 1291 1294
202 1291 1294
461 1294 1296
462 1294 1296
461 1288 1297
75 1288 1297
461 1296 1297
462 1296 1297
443 463 1298
204 463 1298
443 463 1223
463 1223 1299
67 1223 1299
443 1298 1300
204 1298 1300
443 1224 1300
66 1224 1300
203 463 464
463 464 1299
464 1299 1301
67 1299 1301
203 204 463
203 1302 1303
78 1302 1303
203 204 1302
77 204 1304
204 1300 1304
66 1300 1304
204 1302 1305
78 1302 1305
77 204 1305
466 1233 1306
195 1233 1306
68 466 1233
465 1306 1307
195 1306 1307
465 466 1306
465 1308 1309
206 1308 1309
465 466 1308
195 445 1310
445 467 1310
67 445 1311
445 467 1311
465 1307 1310
195 1307 1310
465 1310 1312
467 1310 1312
465 1309 1313
206 1309 1313
465 1312 1313
467 1312 1313
466 468 1314
205 468 1314
68 466 468
466 1308 1315
206 1308 1315
466 1314 1315
205 1314 1315
205 469 470
79 469 470
206 469 1315
205 469 1315
472 1303 1316
203 1303 1316
472 1303 1317
78 1303 1317
203 471 1316
471 472 1316
206 471 472
203 464 1319
464 1318 1319
467 1318 1319
464 1301 1311
67 1301 1311
464 1311 1318
467 1311 1318
467 471 1319
203 471 1319
467 471 1313
206 471 1313
472 473 1320
207 473 1320
206 472 473
472 474 1320
474 1320 1321
207 1320 1321
472 474 1317
78 474 1317
207 469 473
206 469 473
79 207 469
446 475 1323
475 1322 1323
208 1322 1323
69 446 475
476 1323 1324
446 1323 1324
476 1323 1325
208 1323 1325
476 1238 1324
446 1238 1324
476 1238 1326
68 1238 1326
208 477 1327
477 478 1327
80 477 478
475 1322 1327
208 1322 1327
475 1327 1328
478 1327 1328
69 475 1329
475 1328 1329
478 1328 1329
205 470 1330
470 480 1330
79 470 480
479 1330 1332
205 1330 1332
479 1330 1331
480 1330 1331
208 479 1333
479 1331 1333
480 1331 1333
205 468 1334
468 476 1334
68 468 1326
468 476 1326
479 1334 1335
476 1334 1335
479 1332 1334
205 1332 1334
479 1325 1335
476 1325 1335
208 479 1325
208 477 1336
477 481 1336
80 477 1337
477 481 1337
480 1333 1336
208 1333 1336
480 481 1336
79 480 1338
480 481 1338
70 482 1244
482 1244 1339
69 1244 1339
81 482 1340
70 482 1340
80 478 482
478 1329 1339
69 1329 1339
478 482 1339
81 482 1341
80 482 1341
71 1250 1343
70 1250 1343
71 1342 1343
82 1342 1343
81 1340 1343
70 1340 1343
81 1343 1344
82 1343 1344
451 1255 1346
72 1255 1346
451 1345 1346
484 1345 1346
71 451 1347
451 1345 1347
484 1345 1347
483 1346 1349
72 1346 1349
483 1346 1348
484 1346 1348
483 1350 1351
83 1350 1351
483 1348 1350
484 1348 1350
484 1342 1352
82 1342 1352
484 1342 1347
71 1342 1347
484 485 1352
485 1352 1353
82 1352 1353
484 485 1350
83 485 1350
487 1261 1354
73 1261 1354
487 1261 1355
72 1261 1355
486 1354 1356
73 1354 1356
486 487 1354
486 1357 1358
84 1357 1358
486 487 1357
483 1351 1360
83 1351 1360
483 1359 1360
487 1359 1360
483 1349 1355
72 1349 1355
483 1355 1359
487 1355 1359
487 488 1360
488 1360 1361
83 1360 1361
487 488 1357
84 488 1357
456 489 1362
210 489 1362
74 456 489
456 490 1362
490 1362 1363
210 1362 1363
456 490 1273
73 490 1273
209 489 1364
74 489 1364
210 489 1365
209 489 1365
209 491 1366
85 491 1366
491 1365 1367
210 1365 1367
209 491 1365
492 1368 1370
486 1368 1370
492 1369 1370
210 1369 1370
492 1358 1368
486 1358 1368
492 1358 1371
84 1358 1371
490 1370 1372
486 1370 1372
490 1363 1370
210 1363 1370
490 1356 1372
486 1356 1372
73 490 1356
493 1373 1374
492 1373 1374
211 493 1374
493 1369 1373
492 1369 1373
493 1369 1375
210 1369 1375
492 494 1374
211 494 1374
492 494 1371
84 494 1371
493 1376 1377
491 1376 1377
211 493 1377
493 1367 1376
491 1367 1376
493 1367 1375
210 1367 1375
491 495 1377
211 495 1377
85 491 495
496 1283 1378
201 1283 1378
75 496 1283
496 1379 1380
213 1379 1380
496 1378 1380
201 1378 1380
74 201 1381
201 1380 1381
213 1380 1381
212 496 498
75 496 498
212 496 497
496 497 1379
213 497 1379
499 500 1383
500 1382 1383
212 1382 1383
86 499 500
212 497 1383
497 499 1383
213 497 499
209 501 1366
501 1366 1384
85 1366 1384
501 1385 1386
213 1385 1386
209 501 1386
209 1364 1381
74 1364 1381
209 1381 1386
213 1381 1386
502 1387 1389
501 1387 1389
502 1388 1389
214 1388 1389
502 1385 1387
501 1385 1387
213 502 1385
503 1389 1390
501 1389 1390
214 503 1389
503 1384 1390
501 1384 1390
503 1384 1391
85 1384 1391
499 502 1392
502 1388 1392
214 1388 1392
213 499 502
499 1392 1393
214 1392 1393
86 499 1393
462 1394 1395
215 1394 1395
462 1295 1395
76 1295 1395
462 504 1394
215 504 1394
462 504 1297
75 504 1297
87 215 1396
215 1395 1396
76 1395 1396
500 1382 1398
212 1382 1398
500 1397 1398
506 1397 1398
86 500 1399
500 1397 1399
506 1397 1399
212 505 1398
505 506 1398
215 505 506
212 498 504
75 498 504
212 504 505
215 504 505
87 215 507
215 506 507
506 1399 1400
86 1399 1400
506 507 1400
509 1305 1401
78 1305 1401
77 509 1305
508 1401 1403
78 1401 1403
508 1401 1402
509 1401 1402
508 1404 1405
89 1404 1405
508 1402 1404
509 1402 1404
509 511 1406
88 511 1406
77 509 511
510 1406 1407
509 1406 1407
510 1406 1408
88 1406 1408
510 1404 1407
509 1404 1407
510 1404 1409
89 1404 1409
79 207 512
512 1410 1411
217 1410 1411
207 512 1411
474 1321 1413
207 1321 1413
474 1412 1413
513 1412 1413
78 474 1414
474 1412 1414
513 1412 1414
217 513 1411
513 1411 1413
207 1411 1413
512 1415 1416
216 1415 1416
79 512 1416
514 1415 1417
512 1415 1417
514 1415 1418
216 1415 1418
514 1410 1417
512 1410 1417
217 514 1410
515 516 1420
516 1419 1420
216 1419 1420
90 515 516
514 1418 1420
216 1418 1420
514 515 1420
217 514 515
217 508 1421
508 1405 1421
89 1405 1421
217 508 513
508 513 1403
513 1403 1414
78 1403 1414
217 515 517
90 515 517
217 517 1421
517 1421 1422
89 1421 1422
481 1423 1424
218 1423 1424
481 1337 1424
80 1337 1424
481 1423 1425
218 1423 1425
481 1338 1425
79 1338 1425
218 518 1426
91 518 1426
218 518 1424
80 518 1424
516 1419 1428
216 1419 1428
516 1427 1428
519 1427 1428
90 516 1429
516 1427 1429
519 1427 1429
519 1430 1431
218 1430 1431
519 1428 1431
216 1428 1431
216 1416 1425
79 1416 1425
216 1425 1431
218 1425 1431
519 1432 1433
219 1432 1433
519 1430 1433
218 1430 1433
519 1432 1434
219 1432 1434
519 1429 1434
90 1429 1434
219 1426 1433
218 1426 1433
91 219 1426
220 1341 1435
81 1341 1435
80 220 1341
520 1437 1438
220 1437 1438
520 1436 1437
521 1436 1437
520 1439 1440
92 1439 1440
520 1436 1439
521 1436 1439
521 1435 1437
220 1435 1437
81 521 1435
220 518 522
91 518 522
80 220 518
522 523 1441
221 523 1441
220 522 523
522 524 1441
524 1441 1442
221 1441 1442
91 522 524
520 523 1443
221 523 1443
520 523 1438
220 523 1438
520 1443 1444
221 1443 1444
520 1440 1444
92 1440 1444
222 1344 1445
82 1344 1445
222 1344 1446
81 1344 1446
222 525 1447
525 526 1447
525 1448 1449
93 1448 1449
525 526 1448
526 1445 1447
222 1445 1447
526 1445 1450
82 1445 1450
521 527 1452
527 1451 1452
222 1451 1452
521 527 1439
527 1439 1453
92 1439 1453
521 1446 1452
222 1446 1452
81 521 1446
527 1454 1455
223 1454 1455
527 1451 1455
222 1451 1455
527 528 1454
223 528 1454
527 528 1453
528 1453 1456
92 1453 1456
525 1455 1457
223 1455 1457
222 525 1455
529 1457 1458
525 1457 1458
529 1457 1459
223 1457 1459
529 1449 1458
525 1449 1458
93 529 1449
485 530 1460
224 530 1460
83 485 530
485 531 1460
531 1460 1461
224 1460 1461
485 531 1353
531 1353 1462
82 1353 1462
224 532 533
532 1463 1464
94 1463 1464
532 533 1463
224 530 533
83 530 1465
530 533 1465
526 534 1466
224 534 1466
526 534 1448
534 1448 1467
93 1448 1467
531 1466 1468
526 1466 1468
531 1461 1466
224 1461 1466
531 1450 1468
526 1450 1468
531 1450 1462
82 1450 1462
534 535 1469
225 535 1469
224 534 535
536 1469 1470
534 1469 1470
536 1469 1471
225 1469 1471
536 1467 1470
534 1467 1470
93 536 1467
532 535 1472
225 535 1472
224 532 535
537 1472 1473
532 1472 1473
537 1472 1474
225 1472 1474
537 1464 1473
532 1464 1473
94 537 1464
488 538 1475
227 538 1475
84 488 538
539 1475 1476
488 1475 1476
539 1475 1477
227 1475 1477
539 1361 1476
488 1361 1476
539 1361 1478
83 1361 1478
226 538 541
84 538 541
226 538 540
227 538 540
226 542 1480
542 1479 1480
95 1479 1480
226 540 542
227 540 542
533 543 1482
543 1481 1482
227 1481 1482
533 543 1463
543 1463 1483
94 1463 1483
539 1482 1484
533 1482 1484
539 1477 1482
227 1477 1482
539 1465 1484
533 1465 1484
539 1465 1478
83 1465 1478
544 1485 1487
543 1485 1487
544 1486 1487
228 1486 1487
544 1481 1485
543 1481 1485
227 544 1481
545 1487 1488
543 1487 1488
228 545 1487
545 1483 1488
543 1483 1488
545 1483 1489
94 1483 1489
542 544 1490
544 1486 1490
228 1486 1490
227 542 544
546 1490 1491
542 1490 1491
228 546 1490
546 1479 1491
542 1479 1491
546 1479 1492
95 1479 1492
211 495 1493
495 548 1493
85 495 548
211 547 1493
547 1493 1494
548 1493 1494
547 1495 1496
230 1495 1496
547 1494 1495
548 1494 1495
211 494 549
84 494 549
211 547 549
547 1496 1497
230 1496 1497
547 549 1497
229 548 1498
85 548 1498
548 1495 1499
230 1495 1499
229 548 1499
229 550 1501
550 1500 1501
96 1500 1501
230 550 1499
229 550 1499
226 1480 1503
95 1480 1503
226 1502 1503
230 1502 1503
226 541 1504
541 549 1504
84 541 549
549 1497 1502
230 1497 1502
549 1502 1504
226 1502 1504
231 1503 1505
230 1503 1505
231 1503 1506
95 1503 1506
550 1505 1507
231 1505 1507
230 550 1505
551 1507 1508
550 1507 1508
551 1507 1509
231 1507 1509
551 1500 1508
550 1500 1508
551 1500 1510
96 1500 1510
214 1393 1512
86 1393 1512
214 1511 1512
233 1511 1512
214 503 1513
503 552 1513
503 1391 1514
85 1391 1514
503 552 1514
552 1511 1515
233 1511 1515
552 1511 1513
214 1511 1513
86 232 1512
232 233 1512
232 553 1516
97 553 1516
232 233 553
554 1501 1517
229 1501 1517
554 1501 1518
96 1501 1518
233 554 1519
554 1517 1519
229 1517 1519
229 552 1498
552 1498 1514
85 1498 1514
552 1515 1519
233 1515 1519
229 552 1519
554 1520 1521
234 1520 1521
233 554 1521
554 555 1520
555 1520 1522
234 1520 1522
554 555 1518
96 555 1518
553 1521 1523
234 1521 1523
233 553 1521
553 556 1523
556 1523 1524
234 1523 1524
97 553 556
235 507 1525
87 507 1525
235 507 1526
507 1400 1526
86 1400 1526
235 1527 1528
98 1527 1528
235 1525 1528
87 1525 1528
232 1516 1530
97 1516 1530
232 1529 1530
235 1529 1530
86 232 1526
232 1526 1529
235 1526 1529
235 1527 1531
98 1527 1531
235 1530 1531
97 1530 1531
510 1409 1533
89 1409 1533
510 1532 1533
557 1532 1533
510 1408 1534
88 1408 1534
510 1532 1534
557 1532 1534
100 557 1535
557 1533 1535
89 1533 1535
559 1536 1537
557 1536 1537
99 559 1537
559 1534 1536
557 1534 1536
559 1534 1538
88 1534 1538
557 558 1537
99 558 1537
100 557 558
90 517 1540
517 1539 1540
560 1539 1540
517 1422 1541
89 1422 1541
517 1539 1541
560 1539 1541
101 560 1542
560 1540 1542
90 1540 1542
100 560 1535
560 1535 1541
89 1535 1541
100 560 561
101 560 561
91 219 1543
219 237 1543
219 1434 1544
90 1434 1544
219 237 1544
236 1543 1545
91 1543 1545
236 237 1543
236 1546 1547
102 1546 1547
236 237 1546
101 237 1542
237 1542 1544
90 1542 1544
237 562 1546
102 562 1546
101 237 562
221 1444 1549
92 1444 1549
221 1548 1549
239 1548 1549
524 1442 1551
221 1442 1551
524 1550 1551
563 1550 1551
91 524 1552
524 1550 1552
563 1550 1552
239 563 1548
563 1548 1551
221 1548 1551
238 1549 1554
92 1549 1554
238 1549 1553
239 1549 1553
103 238 564
564 1553 1555
239 1553 1555
238 564 1553
565 1547 1556
236 1547 1556
102 565 1547
565 1557 1558
239 1557 1558
565 1556 1558
236 1556 1558
236 563 1545
563 1545 1552
91 1545 1552
239 563 1558
236 563 1558
566 1559 1560
565 1559 1560
240 566 1560
566 1557 1559
565 1557 1559
566 1557 1561
239 1557 1561
565 567 1560
240 567 1560
102 565 567
240 564 566
564 566 1555
566 1555 1561
239 1555 1561
240 564 568
103 564 568
529 1459 1562
223 1459 1562
529 570 1562
93 529 1563
529 570 1563
569 1562 1564
223 1562 1564
569 570 1562
242 569 570
223 528 1566
528 1565 1566
571 1565 1566
528 1456 1567
92 1456 1567
528 1565 1567
571 1565 1567
569 1564 1566
223 1564 1566
569 1566 1568
571 1566 1568
242 569 1569
569 1568 1569
571 1568 1569
573 1570 1571
570 1570 1571
241 573 1571
573 1563 1570
570 1563 1570
573 1563 1572
93 1563 1572
570 572 1571
572 1571 1573
241 1571 1573
242 570 572
574 1574 1575
241 1574 1575
104 574 1575
572 1573 1574
241 1573 1574
572 1574 1576
574 1574 1576
242 572 1577
572 1576 1577
574 1576 1577
103 238 1579
238 1578 1579
242 1578 1579
571 1554 1580
238 1554 1580
571 1554 1567
92 1554 1567
571 1569 1578
242 1569 1578
571 1578 1580
238 1578 1580
243 1579 1581
242 1579 1581
103 243 1579
243 574 1581
574 1577 1581
242 1577 1581
104 243 574
537 1474 1582
225 1474 1582
537 575 1582
94 537 575
245 575 1583
575 1582 1583
225 1582 1583
536 1471 1584
225 1471 1584
536 576 1584
93 536 1585
536 576 1585
576 1583 1586
245 1583 1586
576 1583 1584
225 1583 1584
244 575 1587
94 575 1587
245 575 1588
244 575 1588
244 1589 1590
105 1589 1590
244 1588 1589
245 1588 1589
241 1575 1592
104 1575 1592
241 1591 1592
245 1591 1592
241 573 1593
573 576 1593
573 1572 1585
93 1572 1585
573 576 1585
576 1586 1591
245 1586 1591
576 1591 1593
241 1591 1593
245 246 1592
246 1592 1594
104 1592 1594
245 246 1589
105 246 1589
228 546 1596
546 1595 1596
577 1595 1596
546 1492 1597
95 1492 1597
546 1595 1597
577 1595 1597
248 577 1598
577 1596 1598
228 1596 1598
228 545 1599
545 578 1599
545 1489 1600
94 1489 1600
545 578 1600
578 1598 1601
248 1598 1601
578 1598 1599
228 1598 1599
247 577 1602
577 1597 1602
95 1597 1602
248 577 1603
247 577 1603
106 247 579
579 1603 1604
248 1603 1604
247 579 1603
244 580 1590
105 580 1590
580 1605 1606
248 1605 1606
244 580 1606
244 578 1587
578 1587 1600
94 1587 1600
578 1601 1606
248 1601 1606
244 578 1606
580 581 1608
581 1607 1608
249 1607 1608
580 581 1605
581 1605 1609
248 1605 1609
580 1608 1610
249 1608 1610
105 580 1610
581 1611 1612
579 1611 1612
581 1607 1612
249 1607 1612
581 1604 1611
579 1604 1611
581 1604 1609
248 1604 1609
579 582 1612
249 582 1612
106 579 582
551 1509 1614
231 1509 1614
551 1613 1614
584 1613 1614
551 1510 1615
96 1510 1615
551 1613 1615
584 1613 1615
231 583 1614
583 584 1614
251 583 584
585 1506 1616
231 1506 1616
585 1506 1617
95 1506 1617
231 583 1616
583 585 1616
251 583 585
586 1618 1619
584 1618 1619
250 586 1619
586 1615 1618
584 1615 1618
586 1615 1620
96 1615 1620
251 584 1621
584 1619 1621
250 1619 1621
250 587 588
107 587 588
587 1621 1622
251 1621 1622
250 587 1621
106 247 589
589 1623 1624
251 1623 1624
247 589 1624
247 585 1602
585 1602 1617
95 1602 1617
251 585 1624
247 585 1624
589 590 1626
590 1625 1626
252 1625 1626
589 590 1623
590 1623 1627
251 1623 1627
589 1626 1628
252 1626 1628
106 589 1628
590 1629 1630
587 1629 1630
590 1625 1630
252 1625 1630
590 1622 1629
587 1622 1629
590 1622 1627
251 1622 1627
587 591 1630
591 1630 1631
252 1630 1631
107 587 591
556 1524 1633
234 1524 1633
556 1632 1633
593 1632 1633
97 556 1634
556 1632 1634
593 1632 1634
234 592 1633
592 593 1633
253 592 593
555 1522 1636
234 1522 1636
555 1635 1636
594 1635 1636
96 555 1637
555 1635 1637
594 1635 1637
234 592 1636
592 594 1636
253 592 594
595 1639 1640
253 1639 1640
595 1638 1639
596 1638 1639
595 1641 1642
108 1641 1642
595 1638 1641
596 1638 1641
253 593 1639
593 596 1639
593 1634 1643
97 1634 1643
593 596 1643
250 588 598
107 588 598
250 597 598
253 597 598
250 586 594
586 1620 1637
96 1620 1637
586 594 1637
250 594 597
253 594 597
595 1640 1645
253 1640 1645
595 1644 1645
599 1644 1645
595 1642 1646
108 1642 1646
595 1644 1646
599 1644 1646
253 598 1645
598 599 1645
107 598 1647
598 599 1647
600 1531 1648
98 1531 1648
600 1531 1649
97 1531 1649
600 1650 1651
109 1650 1651
600 1648 1651
98 1648 1651
596 1641 1652
108 1641 1652
596 600 1652
596 1643 1649
97 1643 1649
596 600 1649
601 1652 1653
600 1652 1653
601 1652 1654
108 1652 1654
601 1650 1653
600 1650 1653
109 601 1650
100 558 1655
558 603 1655
99 558 603
602 1655 1657
100 1655 1657
602 1655 1656
603 1655 1656
111 602 1658
602 1656 1658
603 1656 1658
110 603 605
99 603 605
110 603 604
603 604 1658
111 604 1658
101 561 607
100 561 1659
561 607 1659
101 606 607
112 606 1660
606 607 1660
111 602 1661
602 607 1661
602 1657 1659
100 1657 1659
602 607 1659
608 1661 1662
607 1661 1662
608 1661 1663
111 1661 1663
608 1660 1662
607 1660 1662
608 1660 1664
112 1660 1664
102 562 1665
562 610 1665
101 562 610
609 1665 1667
102 1665 1667
609 1665 1666
610 1665 1666
609 1668 1669
113 1668 1669
609 1666 1668
610 1666 1668
112 606 1670
606 610 1670
101 606 610
610 1668 1671
113 1668 1671
610 1670 1671
112 1670 1671
240 568 1672
568 612 1672
103 568 612
240 611 1672
611 1672 1673
612 1672 1673
611 1674 1675
254 1674 1675
611 1673 1674
612 1673 1674
240 567 613
102 567 1676
567 613 1676
240 611 613
611 1675 1677
254 1675 1677
611 613 1677
614 1678 1679
254 1678 1679
614 615 1678
114 614 1680
614 615 1680
612 1674 1678
254 1674 1678
612 615 1678
103 612 615
609 616 1681
254 616 1681
609 616 1669
616 1669 1682
113 1669 1682
613 1681 1683
609 1681 1683
613 1677 1681
254 1677 1681
613 1667 1683
609 1667 1683
613 1667 1676
102 1667 1676
614 1679 1685
254 1679 1685
614 1684 1685
617 1684 1685
114 614 1686
614 1684 1686
617 1684 1686
254 616 1685
616 1685 1687
617 1685 1687
616 1682 1688
113 1682 1688
616 1687 1688
617 1687 1688
104 243 255
103 243 1689
243 255 1689
115 255 1690
104 255 1690
615 1691 1692
255 1691 1692
615 1680 1692
114 1680 1692
615 1689 1691
255 1689 1691
103 615 1689
115 255 1693
255 1692 1693
114 1692 1693
105 246 1695
246 1694 1695
256 1694 1695
246 1594 1696
104 1594 1696
246 1694 1696
256 1694 1696
116 256 1697
256 1695 1697
105 1695 1697
115 256 1690
256 1690 1696
104 1690 1696
115 116 256
249 582 618
106 582 618
249 257 618
249 1610 1698
105 1610 1698
249 257 1698
257 619 1700
619 1699 1700
117 1699 1700
257 618 619
106 618 619
257 1697 1701
116 1697 1701
257 1697 1698
105 1697 1698
257 1700 1702
117 1700 1702
257 1701 1702
116 1701 1702
591 1631 1704
252 1631 1704
591 1703 1704
620 1703 1704
107 591 1705
591 1703 1705
620 1703 1705
258 620 1706
620 1704 1706
252 1704 1706
252 1628 1707
106 1628 1707
252 1706 1707
258 1706 1707
118 258 621
258 620 621
620 1705 1708
107 1705 1708
620 621 1708
619 1709 1710
258 1709 1710
619 1699 1710
117 1699 1710
619 1707 1709
258 1707 1709
106 619 1707
118 258 1711
258 1710 1711
117 1710 1711
599 1646 1713
108 1646 1713
599 1712 1713
622 1712 1713
599 1647 1714
107 1647 1714
599 1712 1714
622 1712 1714
119 622 1715
622 1713 1715
108 1713 1715
118 621 622
621 1708 1714
107 1708 1714
621 622 1714
118 119 622
109 601 623
601 1654 1716
108 1654 1716
601 623 1716
109 120 623
119 623 1715
623 1715 1716
108 1715 1716
119 120 623
