ID=8307443
numvertices=1703
numsimplices=3316
vertices
-1.500000e+00 -1.500000e+00
-1.200000e+00 -1.500000e+00
-9.000000e-01 -1.500000e+00
-6.000000e-01 -1.500000e+00
-3.000000e-01 -1.500000e+00
0.000000e+00 -1.500000e+00
3.000000e-01 -1.500000e+00
6.000000e-01 -1.500000e+00
9.000000e-01 -1.500000e+00
1.200000e+00 -1.500000e+00
1.500000e+00 -1.500000e+00
-1.500000e+00 -1.200000e+00
-1.200000e+00 -1.200000e+00
-9.000000e-01 -1.200000e+00
-6.000000e-01 -1.200000e+00
-3.000000e-01 -1.200000e+00
0.000000e+00 -1.200000e+00
3.000000e-01 -1.200000e+00
6.000000e-01 -1.200000e+00
9.000000e-01 -1.200000e+00
1.200000e+00 -1.200000e+00
1.500000e+00 -1.200000e+00
-1.500000e+00 -9.000000e-01
-1.200000e+00 -9.000000e-01
-9.000000e-01 -9.000000e-01
-6.000000e-01 -9.000000e-01
-3.000000e-01 -9.000000e-01
0.000000e+00 -9.000000e-01
3.000000e-01 -9.000000e-01
6.000000e-01 -9.000000e-01
9.000000e-01 -9.000000e-01
1.200000e+00 -9.000000e-01
1.500000e+00 -9.000000e-01
-1.500000e+00 -6.000000e-01
-1.200000e+00 -6.000000e-01
-9.000000e-01 -6.000000e-01
-6.000000e-01 -6.000000e-01
-3.000000e-01 -6.000000e-01
0.000000e+00 -6.000000e-01
3.000000e-01 -6.000000e-01
6.000000e-01 -6.000000e-01
9.000000e-01 -6.000000e-01
1.200000e+00 -6.000000e-01
1.500000e+00 -6.000000e-01
-1.500000e+00 -3.000000e-01
-1.200000e+00 -3.000000e-01
-9.000000e-01 -3.000000e-01
-6.000000e-01 -3.000000e-01
-3.000000e-01 -3.000000e-01
0.000000e+00 -3.000000e-01
3.000000e-01 -3.000000e-01
6.000000e-01 -3.000000e-01
9.000000e-01 -3.000000e-01
1.200000e+00 -3.000000e-01
1.500000e+00 -3.000000e-01
-1.500000e+00 0.000000e+00
-1.200000e+00 0.000000e+00
-9.000000e-01 0.000000e+00
-6.000000e-01 0.000000e+00
-3.000000e-01 0.000000e+00
0.000000e+00 0.000000e+00
3.000000e-01 0.000000e+00
6.000000e-01 0.000000e+00
9.000000e-01 0.000000e+00
1.200000e+00 0.000000e+00
1.500000e+00 0.000000e+00
-1.500000e+00 3.000000e-01
-1.200000e+00 3.000000e-01
-9.000000e-01 3.000000e-01
-6.000000e-01 3.000000e-01
-3.000000e-01 3.000000e-01
0.000000e+00 3.000000e-01
3.000000e-01 3.000000e-01
6.000000e-01 3.000000e-01
9.000000e-01 3.000000e-01
1.200000e+00 3.000000e-01
1.500000e+00 3.000000e-01
-1.500000e+00 6.000000e-01
-1.200000e+00 6.000000e-01
-9.000000e-01 6.000000e-01
-6.000000e-01 6.000000e-01
-3.000000e-01 6.000000e-01
0.000000e+00 6.000000e-01
3.000000e-01 6.000000e-01
6.000000e-01 6.000000e-01
9.000000e-01 6.000000e-01
1.200000e+00 6.000000e-01
1.500000e+00 6.000000e-01
-1.500000e+00 9.000000e-01
-1.200000e+00 9.000000e-01
-9.000000e-01 9.000000e-01
-6.000000e-01 9.000000e-01
-3.000000e-01 9.000000e-01
0.000000e+00 9.000000e-01
3.000000e-01 9.000000e-01
6.000000e-01 9.000000e-01
9.000000e-01 9.000000e-01
1.200000e+00 9.000000e-01
1.500000e+00 9.000000e-01
-1.500000e+00 1.200000e+00
-1.200000e+00 1.200000e+00
-9.000000e-01 1.200000e+00
-6.000000e-01 1.200000e+00
-3.000000e-01 1.200000e+00
0.000000e+00 1.200000e+00
3.000000e-01 1.200000e+00
6.000000e-01 1.200000e+00
9.000000e-01 1.200000e+00
1.200000e+00 1.200000e+00
1.500000e+00 1.200000e+00
-1.500000e+00 1.500000e+00
-1.200000e+00 1.500000e+00
-9.000000e-01 1.500000e+00
-6.000000e-01 1.500000e+00
-3.000000e-01 1.500000e+00
0.000000e+00 1.500000e+00
3.000000e-01 1.500000e+00
6.000000e-01 1.500000e+00
9.000000e-01 1.500000e+00
1.200000e+00 1.500000e+00
1.500000e+00 1.500000e+00
-7.500000e-01 -1.350000e+00
-7.500000e-01 -1.200000e+00
-4.500000e-01 -1.350000e+00
-4.500000e-01 -1.200000e+00
-1.500000e-01 -1.350000e+00
-1.500000e-01 -1.200000e+00
1.500000e-01 -1.350000e+00
1.500000e-01 -1.200000e+00
4.500000e-01 -1.350000e+00
4.500000e-01 -1.200000e+00
-9.000000e-01 -1.050000e+00
-1.050000e+00 -1.050000e+00
-1.050000e+00 -9.000000e-01
-6.000000e-01 -1.050000e+00
-7.500000e-01 -1.050000e+00
-7.500000e-01 -9.000000e-01
-3.000000e-01 -1.050000e+00
-4.500000e-01 -1.050000e+00
-4.500000e-01 -9.000000e-01
0.000000e+00 -1.050000e+00
-1.500000e-01 -1.050000e+00
-1.500000e-01 -9.000000e-01
3.000000e-01 -1.050000e+00
1.500000e-01 -1.050000e+00
1.500000e-01 -9.000000e-01
6.000000e-01 -1.050000e+00
4.500000e-01 -1.050000e+00
4.500000e-01 -9.000000e-01
7.500000e-01 -1.050000e+00
7.500000e-01 -9.000000e-01
-1.200000e+00 -7.500000e-01
-1.350000e+00 -7.500000e-01
-9.000000e-01 -7.500000e-01
-1.050000e+00 -7.500000e-01
-1.050000e+00 -6.000000e-01
-6.000000e-01 -7.500000e-01
-7.500000e-01 -7.500000e-01
-7.500000e-01 -6.000000e-01
-4.500000e-01 -7.500000e-01
-1.500000e-01 -7.500000e-01
1.500000e-01 -7.500000e-01
4.500000e-01 -7.500000e-01
9.000000e-01 -7.500000e-01
7.500000e-01 -7.500000e-01
1.050000e+00 -7.500000e-01
1.050000e+00 -6.000000e-01
-1.200000e+00 -4.500000e-01
-1.350000e+00 -4.500000e-01
-9.000000e-01 -4.500000e-01
-1.050000e+00 -4.500000e-01
-1.050000e+00 -3.000000e-01
-7.500000e-01 -4.500000e-01
9.000000e-01 -4.500000e-01
7.500000e-01 -4.500000e-01
1.200000e+00 -4.500000e-01
1.050000e+00 -4.500000e-01
1.050000e+00 -3.000000e-01
1.350000e+00 -4.500000e-01
-1.200000e+00 -1.500000e-01
-1.350000e+00 -1.500000e-01
-9.000000e-01 -1.500000e-01
-1.050000e+00 -1.500000e-01
-1.050000e+00 0.000000e+00
-7.500000e-01 -1.500000e-01
9.000000e-01 -1.500000e-01
7.500000e-01 -1.500000e-01
1.200000e+00 -1.500000e-01
1.050000e+00 -1.500000e-01
1.050000e+00 0.000000e+00
1.350000e+00 -1.500000e-01
-1.200000e+00 1.500000e-01
-1.350000e+00 1.500000e-01
-9.000000e-01 1.500000e-01
-1.050000e+00 1.500000e-01
-1.050000e+00 3.000000e-01
-7.500000e-01 1.500000e-01
9.000000e-01 1.500000e-01
7.500000e-01 1.500000e-01
1.200000e+00 1.500000e-01
1.050000e+00 1.500000e-01
1.050000e+00 3.000000e-01
1.350000e+00 1.500000e-01
-1.200000e+00 4.500000e-01
-1.350000e+00 4.500000e-01
-9.000000e-01 4.500000e-01
-1.050000e+00 4.500000e-01
-1.050000e+00 6.000000e-01
-7.500000e-01 4.500000e-01
9.000000e-01 4.500000e-01
7.500000e-01 4.500000e-01
7.500000e-01 6.000000e-01
1.200000e+00 4.500000e-01
1.050000e+00 4.500000e-01
1.050000e+00 6.000000e-01
1.350000e+00 4.500000e-01
-9.000000e-01 7.500000e-01
-1.050000e+00 7.500000e-01
-7.500000e-01 7.500000e-01
-7.500000e-01 9.000000e-01
-4.500000e-01 7.500000e-01
-4.500000e-01 9.000000e-01
-1.500000e-01 7.500000e-01
-1.500000e-01 9.000000e-01
1.500000e-01 7.500000e-01
1.500000e-01 9.000000e-01
6.000000e-01 7.500000e-01
4.500000e-01 7.500000e-01
4.500000e-01 9.000000e-01
9.000000e-01 7.500000e-01
7.500000e-01 7.500000e-01
7.500000e-01 9.000000e-01
1.200000e+00 7.500000e-01
1.050000e+00 7.500000e-01
1.050000e+00 9.000000e-01
1.350000e+00 7.500000e-01
-6.000000e-01 1.050000e+00
-7.500000e-01 1.050000e+00
-3.000000e-01 1.050000e+00
-4.500000e-01 1.050000e+00
-4.500000e-01 1.200000e+00
0.000000e+00 1.050000e+00
-1.500000e-01 1.050000e+00
-1.500000e-01 1.200000e+00
3.000000e-01 1.050000e+00
1.500000e-01 1.050000e+00
1.500000e-01 1.200000e+00
6.000000e-01 1.050000e+00
4.500000e-01 1.050000e+00
4.500000e-01 1.200000e+00
9.000000e-01 1.050000e+00
7.500000e-01 1.050000e+00
7.500000e-01 1.200000e+00
1.050000e+00 1.050000e+00
-4.500000e-01 1.350000e+00
-1.500000e-01 1.350000e+00
1.500000e-01 1.350000e+00
4.500000e-01 1.350000e+00
7.500000e-01 1.350000e+00
-1.350000e+00 -1.350000e+00
-1.350000e+00 -1.200000e+00
-9.000000e-01 -1.350000e+00
-1.050000e+00 -1.350000e+00
-6.750000e-01 -1.275000e+00
-6.000000e-01 -1.350000e+00
-8.250000e-01 -1.275000e+00
-8.250000e-01 -1.200000e+00
-6.750000e-01 -1.200000e+00
3.000000e-01 -1.350000e+00
5.250000e-01 -1.425000e+00
3.750000e-01 -1.425000e+00
4.500000e-01 -1.500000e+00
5.250000e-01 -1.275000e+00
6.000000e-01 -1.350000e+00
3.750000e-01 -1.275000e+00
4.500000e-01 -1.275000e+00
3.750000e-01 -1.200000e+00
5.250000e-01 -1.200000e+00
9.000000e-01 -1.350000e+00
7.500000e-01 -1.350000e+00
7.500000e-01 -1.500000e+00
7.500000e-01 -1.200000e+00
1.200000e+00 -1.350000e+00
1.050000e+00 -1.350000e+00
1.050000e+00 -1.500000e+00
1.050000e+00 -1.200000e+00
1.500000e+00 -1.350000e+00
1.350000e+00 -1.350000e+00
1.350000e+00 -1.500000e+00
-1.200000e+00 -1.050000e+00
-1.350000e+00 -1.050000e+00
-1.350000e+00 -9.000000e-01
-9.750000e-01 -9.750000e-01
-1.125000e+00 -9.750000e-01
-1.050000e+00 -9.750000e-01
-9.750000e-01 -9.000000e-01
-7.500000e-01 -1.125000e+00
-6.750000e-01 -1.125000e+00
-8.250000e-01 -1.125000e+00
-6.750000e-01 -1.050000e+00
-6.000000e-01 -1.125000e+00
-6.750000e-01 -9.750000e-01
-3.750000e-01 -1.125000e+00
-5.250000e-01 -1.125000e+00
-3.750000e-01 -1.050000e+00
-3.750000e-01 -9.750000e-01
-3.000000e-01 -9.750000e-01
-5.250000e-01 -9.750000e-01
-4.500000e-01 -9.750000e-01
-5.250000e-01 -9.000000e-01
-7.500000e-02 -1.125000e+00
-2.250000e-01 -1.125000e+00
-7.500000e-02 -1.050000e+00
-7.500000e-02 -9.750000e-01
0.000000e+00 -9.750000e-01
-2.250000e-01 -1.050000e+00
-2.250000e-01 -9.750000e-01
7.500000e-02 -9.750000e-01
4.500000e-01 -1.125000e+00
5.250000e-01 -1.125000e+00
3.750000e-01 -1.125000e+00
5.250000e-01 -1.050000e+00
6.000000e-01 -1.125000e+00
5.250000e-01 -9.750000e-01
3.750000e-01 -9.750000e-01
4.500000e-01 -9.750000e-01
5.250000e-01 -9.000000e-01
8.250000e-01 -1.125000e+00
6.750000e-01 -1.125000e+00
9.000000e-01 -1.050000e+00
6.750000e-01 -9.750000e-01
6.750000e-01 -9.000000e-01
1.050000e+00 -1.050000e+00
1.050000e+00 -9.000000e-01
-1.275000e+00 -8.250000e-01
-1.425000e+00 -8.250000e-01
-1.200000e+00 -8.250000e-01
-1.275000e+00 -6.750000e-01
-1.200000e+00 -6.750000e-01
-1.425000e+00 -6.750000e-01
-1.500000e+00 -7.500000e-01
-1.350000e+00 -6.000000e-01
-9.750000e-01 -8.250000e-01
-1.125000e+00 -8.250000e-01
-9.750000e-01 -6.750000e-01
-1.125000e+00 -7.500000e-01
-1.125000e+00 -6.750000e-01
-1.125000e+00 -6.000000e-01
-9.750000e-01 -6.000000e-01
-6.750000e-01 -6.750000e-01
-6.000000e-01 -6.750000e-01
-3.750000e-01 -8.250000e-01
-5.250000e-01 -8.250000e-01
-3.750000e-01 -6.750000e-01
-3.000000e-01 -7.500000e-01
-5.250000e-01 -7.500000e-01
-5.250000e-01 -6.750000e-01
-4.500000e-01 -6.000000e-01
-7.500000e-02 -8.250000e-01
-2.250000e-01 -8.250000e-01
-7.500000e-02 -6.750000e-01
0.000000e+00 -7.500000e-01
-2.250000e-01 -6.750000e-01
-1.500000e-01 -6.000000e-01
1.500000e-01 -6.000000e-01
5.250000e-01 -8.250000e-01
6.000000e-01 -7.500000e-01
4.500000e-01 -6.000000e-01
7.500000e-01 -8.250000e-01
8.250000e-01 -8.250000e-01
6.750000e-01 -8.250000e-01
8.250000e-01 -7.500000e-01
9.000000e-01 -8.250000e-01
8.250000e-01 -6.750000e-01
7.500000e-01 -6.000000e-01
1.125000e+00 -8.250000e-01
9.750000e-01 -8.250000e-01
1.125000e+00 -6.750000e-01
1.200000e+00 -7.500000e-01
9.750000e-01 -6.750000e-01
1.050000e+00 -6.750000e-01
9.750000e-01 -6.000000e-01
1.350000e+00 -7.500000e-01
-1.050000e+00 -5.250000e-01
-9.750000e-01 -5.250000e-01
-1.125000e+00 -5.250000e-01
-9.750000e-01 -4.500000e-01
-9.000000e-01 -5.250000e-01
-9.750000e-01 -3.750000e-01
-9.000000e-01 -3.750000e-01
-1.125000e+00 -3.750000e-01
-1.125000e+00 -3.000000e-01
-6.750000e-01 -5.250000e-01
-8.250000e-01 -5.250000e-01
-6.750000e-01 -3.750000e-01
-6.000000e-01 -4.500000e-01
-8.250000e-01 -4.500000e-01
-8.250000e-01 -3.750000e-01
-7.500000e-01 -3.000000e-01
-3.000000e-01 -4.500000e-01
-4.500000e-01 -4.500000e-01
-4.500000e-01 -3.000000e-01
0.000000e+00 -4.500000e-01
-1.500000e-01 -4.500000e-01
-1.500000e-01 -3.000000e-01
3.000000e-01 -4.500000e-01
1.500000e-01 -4.500000e-01
1.500000e-01 -3.000000e-01
6.000000e-01 -4.500000e-01
4.500000e-01 -4.500000e-01
4.500000e-01 -3.000000e-01
9.750000e-01 -5.250000e-01
-1.350000e+00 0.000000e+00
-1.050000e+00 -2.250000e-01
-9.750000e-01 -2.250000e-01
-1.125000e+00 -2.250000e-01
-9.000000e-01 -2.250000e-01
-9.750000e-01 -7.500000e-02
-9.000000e-01 -7.500000e-02
-6.750000e-01 -2.250000e-01
-8.250000e-01 -2.250000e-01
-6.750000e-01 -7.500000e-02
-6.000000e-01 -1.500000e-01
-8.250000e-01 -1.500000e-01
-8.250000e-01 -7.500000e-02
-7.500000e-01 0.000000e+00
-3.000000e-01 -1.500000e-01
-4.500000e-01 -1.500000e-01
-4.500000e-01 0.000000e+00
0.000000e+00 -1.500000e-01
-1.500000e-01 -1.500000e-01
3.000000e-01 -1.500000e-01
1.500000e-01 -1.500000e-01
1.500000e-01 0.000000e+00
6.000000e-01 -1.500000e-01
4.500000e-01 -1.500000e-01
4.500000e-01 0.000000e+00
7.500000e-01 0.000000e+00
1.350000e+00 0.000000e+00
-1.275000e+00 7.500000e-02
-1.275000e+00 1.500000e-01
-1.275000e+00 2.250000e-01
-1.200000e+00 2.250000e-01
-1.350000e+00 3.000000e-01
-1.125000e+00 2.250000e-01
-1.125000e+00 3.000000e-01
-7.500000e-01 3.000000e-01
-3.000000e-01 1.500000e-01
-4.500000e-01 1.500000e-01
-1.500000e-01 1.500000e-01
1.500000e-01 1.500000e-01
6.000000e-01 1.500000e-01
4.500000e-01 1.500000e-01
8.250000e-01 7.500000e-02
6.750000e-01 7.500000e-02
8.250000e-01 1.500000e-01
9.000000e-01 7.500000e-02
8.250000e-01 2.250000e-01
9.000000e-01 2.250000e-01
6.750000e-01 2.250000e-01
7.500000e-01 3.000000e-01
1.125000e+00 7.500000e-02
9.750000e-01 7.500000e-02
1.200000e+00 7.500000e-02
1.125000e+00 2.250000e-01
9.750000e-01 2.250000e-01
9.750000e-01 3.000000e-01
1.125000e+00 3.000000e-01
1.275000e+00 7.500000e-02
1.275000e+00 1.500000e-01
1.275000e+00 2.250000e-01
1.350000e+00 3.000000e-01
-1.350000e+00 6.000000e-01
-1.050000e+00 3.750000e-01
-9.750000e-01 3.750000e-01
-1.125000e+00 3.750000e-01
-9.750000e-01 5.250000e-01
-1.125000e+00 5.250000e-01
-1.125000e+00 6.000000e-01
-9.750000e-01 6.000000e-01
-6.750000e-01 3.750000e-01
-6.750000e-01 5.250000e-01
-6.000000e-01 4.500000e-01
-7.500000e-01 6.000000e-01
-4.500000e-01 4.500000e-01
1.500000e-01 4.500000e-01
1.500000e-01 6.000000e-01
6.000000e-01 4.500000e-01
4.500000e-01 4.500000e-01
8.250000e-01 3.750000e-01
9.000000e-01 3.750000e-01
8.250000e-01 5.250000e-01
9.000000e-01 5.250000e-01
6.750000e-01 5.250000e-01
7.500000e-01 5.250000e-01
6.750000e-01 6.000000e-01
8.250000e-01 6.000000e-01
1.050000e+00 3.750000e-01
1.125000e+00 3.750000e-01
9.750000e-01 3.750000e-01
1.125000e+00 4.500000e-01
1.200000e+00 3.750000e-01
1.125000e+00 5.250000e-01
1.200000e+00 5.250000e-01
9.750000e-01 4.500000e-01
9.750000e-01 5.250000e-01
1.050000e+00 5.250000e-01
9.750000e-01 6.000000e-01
1.125000e+00 6.000000e-01
1.425000e+00 3.750000e-01
1.275000e+00 3.750000e-01
1.425000e+00 5.250000e-01
1.500000e+00 4.500000e-01
1.275000e+00 4.500000e-01
1.275000e+00 5.250000e-01
1.350000e+00 6.000000e-01
-1.200000e+00 7.500000e-01
-1.350000e+00 7.500000e-01
-1.350000e+00 9.000000e-01
-1.500000e+00 7.500000e-01
-1.050000e+00 6.750000e-01
-9.750000e-01 6.750000e-01
-1.125000e+00 6.750000e-01
-9.750000e-01 7.500000e-01
-9.750000e-01 8.250000e-01
-9.000000e-01 8.250000e-01
-1.050000e+00 9.000000e-01
-6.750000e-01 6.750000e-01
-6.750000e-01 8.250000e-01
-6.000000e-01 7.500000e-01
-8.250000e-01 8.250000e-01
-8.250000e-01 9.000000e-01
-6.750000e-01 9.000000e-01
-3.750000e-01 8.250000e-01
-3.000000e-01 7.500000e-01
-5.250000e-01 8.250000e-01
-4.500000e-01 8.250000e-01
-5.250000e-01 9.000000e-01
-3.750000e-01 9.000000e-01
2.250000e-01 6.750000e-01
2.250000e-01 8.250000e-01
3.000000e-01 7.500000e-01
5.250000e-01 8.250000e-01
3.750000e-01 8.250000e-01
4.500000e-01 8.250000e-01
3.750000e-01 9.000000e-01
8.250000e-01 6.750000e-01
6.750000e-01 6.750000e-01
1.125000e+00 6.750000e-01
9.750000e-01 6.750000e-01
1.200000e+00 6.750000e-01
1.125000e+00 8.250000e-01
1.200000e+00 8.250000e-01
9.750000e-01 8.250000e-01
1.050000e+00 8.250000e-01
9.750000e-01 9.000000e-01
1.125000e+00 9.000000e-01
1.425000e+00 6.750000e-01
1.275000e+00 6.750000e-01
1.425000e+00 8.250000e-01
1.500000e+00 7.500000e-01
1.275000e+00 7.500000e-01
1.275000e+00 8.250000e-01
1.350000e+00 9.000000e-01
-1.200000e+00 1.050000e+00
-1.350000e+00 1.050000e+00
-1.350000e+00 1.200000e+00
-1.500000e+00 1.050000e+00
-9.000000e-01 1.050000e+00
-1.050000e+00 1.050000e+00
-1.050000e+00 1.200000e+00
-7.500000e-01 9.750000e-01
-6.750000e-01 9.750000e-01
-8.250000e-01 9.750000e-01
-6.750000e-01 1.050000e+00
-6.000000e-01 9.750000e-01
-6.750000e-01 1.125000e+00
-6.000000e-01 1.125000e+00
-8.250000e-01 1.125000e+00
-7.500000e-01 1.200000e+00
-4.500000e-01 9.750000e-01
-3.750000e-01 9.750000e-01
-5.250000e-01 9.750000e-01
-3.750000e-01 1.050000e+00
-3.750000e-01 1.125000e+00
-3.000000e-01 1.125000e+00
-5.250000e-01 1.125000e+00
-5.250000e-01 1.200000e+00
-2.250000e-01 1.125000e+00
2.250000e-01 1.125000e+00
7.500000e-02 1.125000e+00
1.500000e-01 1.125000e+00
7.500000e-02 1.200000e+00
2.250000e-01 1.200000e+00
3.750000e-01 9.750000e-01
5.250000e-01 1.125000e+00
3.750000e-01 1.125000e+00
4.500000e-01 1.125000e+00
5.250000e-01 1.200000e+00
8.250000e-01 1.125000e+00
6.750000e-01 1.125000e+00
7.500000e-01 1.125000e+00
8.250000e-01 1.200000e+00
1.050000e+00 9.750000e-01
1.125000e+00 9.750000e-01
9.750000e-01 9.750000e-01
1.125000e+00 1.125000e+00
1.200000e+00 1.050000e+00
1.050000e+00 1.200000e+00
1.350000e+00 1.050000e+00
1.350000e+00 1.200000e+00
-1.200000e+00 1.350000e+00
-1.350000e+00 1.350000e+00
-1.350000e+00 1.500000e+00
-1.500000e+00 1.350000e+00
-9.000000e-01 1.350000e+00
-1.050000e+00 1.350000e+00
-6.000000e-01 1.350000e+00
-7.500000e-01 1.350000e+00
-4.500000e-01 1.275000e+00
-3.750000e-01 1.275000e+00
-5.250000e-01 1.275000e+00
-3.750000e-01 1.425000e+00
-3.000000e-01 1.350000e+00
-5.250000e-01 1.425000e+00
-4.500000e-01 1.500000e+00
-7.500000e-02 1.425000e+00
0.000000e+00 1.350000e+00
-2.250000e-01 1.425000e+00
-1.500000e-01 1.500000e+00
1.500000e-01 1.275000e+00
2.250000e-01 1.275000e+00
7.500000e-02 1.275000e+00
2.250000e-01 1.425000e+00
3.000000e-01 1.350000e+00
1.500000e-01 1.500000e+00
5.250000e-01 1.275000e+00
6.000000e-01 1.350000e+00
8.250000e-01 1.275000e+00
9.000000e-01 1.350000e+00
1.200000e+00 1.350000e+00
1.050000e+00 1.350000e+00
1.050000e+00 1.500000e+00
1.500000e+00 1.350000e+00
1.350000e+00 1.350000e+00
1.350000e+00 1.500000e+00
-1.275000e+00 -1.275000e+00
-1.200000e+00 -1.350000e+00
-1.275000e+00 -1.200000e+00
-1.050000e+00 -1.200000e+00
-6.750000e-01 -1.425000e+00
-7.500000e-01 -1.500000e+00
-6.000000e-01 -1.275000e+00
-6.000000e-01 -1.425000e+00
-3.750000e-01 -1.425000e+00
-5.250000e-01 -1.425000e+00
-4.500000e-01 -1.500000e+00
-3.750000e-01 -1.275000e+00
-3.000000e-01 -1.350000e+00
-5.250000e-01 -1.350000e+00
-5.250000e-01 -1.275000e+00
-4.500000e-01 -1.275000e+00
-5.250000e-01 -1.200000e+00
-3.750000e-01 -1.200000e+00
-7.500000e-02 -1.425000e+00
-2.250000e-01 -1.425000e+00
-1.500000e-01 -1.500000e+00
-7.500000e-02 -1.275000e+00
0.000000e+00 -1.350000e+00
-2.250000e-01 -1.275000e+00
-1.500000e-01 -1.275000e+00
-2.250000e-01 -1.200000e+00
-7.500000e-02 -1.200000e+00
2.250000e-01 -1.425000e+00
1.500000e-01 -1.500000e+00
2.250000e-01 -1.350000e+00
3.000000e-01 -1.275000e+00
2.250000e-01 -1.275000e+00
3.000000e-01 -1.425000e+00
7.500000e-02 -1.275000e+00
7.500000e-02 -1.200000e+00
2.250000e-01 -1.200000e+00
4.500000e-01 -1.425000e+00
4.125000e-01 -1.462500e+00
4.125000e-01 -1.387500e+00
3.750000e-01 -1.500000e+00
3.375000e-01 -1.462500e+00
5.625000e-01 -1.312500e+00
5.250000e-01 -1.350000e+00
4.875000e-01 -1.312500e+00
6.000000e-01 -1.275000e+00
5.625000e-01 -1.237500e+00
4.125000e-01 -1.312500e+00
3.750000e-01 -1.350000e+00
3.375000e-01 -1.237500e+00
4.125000e-01 -1.237500e+00
4.500000e-01 -1.312500e+00
3.750000e-01 -1.237500e+00
4.125000e-01 -1.200000e+00
4.875000e-01 -1.275000e+00
4.875000e-01 -1.237500e+00
8.250000e-01 -1.425000e+00
8.250000e-01 -1.350000e+00
9.000000e-01 -1.425000e+00
8.250000e-01 -1.275000e+00
9.000000e-01 -1.275000e+00
6.750000e-01 -1.275000e+00
6.750000e-01 -1.200000e+00
8.250000e-01 -1.200000e+00
9.750000e-01 -1.425000e+00
9.750000e-01 -1.275000e+00
1.350000e+00 -1.425000e+00
1.425000e+00 -1.500000e+00
1.425000e+00 -1.425000e+00
1.275000e+00 -1.500000e+00
1.275000e+00 -1.425000e+00
1.425000e+00 -1.275000e+00
1.275000e+00 -1.275000e+00
1.350000e+00 -1.200000e+00
-1.350000e+00 -1.125000e+00
-1.275000e+00 -1.125000e+00
-1.425000e+00 -1.125000e+00
-1.200000e+00 -1.125000e+00
-1.275000e+00 -9.750000e-01
-1.500000e+00 -1.050000e+00
-1.275000e+00 -9.000000e-01
-1.125000e+00 -1.125000e+00
-9.375000e-01 -9.375000e-01
-9.000000e-01 -9.750000e-01
-1.087500e+00 -1.012500e+00
-1.125000e+00 -1.050000e+00
-1.087500e+00 -9.750000e-01
-1.050000e+00 -9.375000e-01
-1.087500e+00 -9.375000e-01
-1.125000e+00 -9.000000e-01
-1.012500e+00 -9.375000e-01
-9.750000e-01 -9.375000e-01
-1.012500e+00 -9.000000e-01
-9.375000e-01 -9.000000e-01
-6.375000e-01 -1.087500e+00
-6.375000e-01 -1.050000e+00
-6.375000e-01 -1.012500e+00
-6.375000e-01 -9.375000e-01
-6.000000e-01 -9.750000e-01
-6.750000e-01 -1.012500e+00
-7.125000e-01 -1.012500e+00
-8.250000e-01 -9.750000e-01
-7.500000e-01 -9.750000e-01
-8.250000e-01 -9.000000e-01
-7.125000e-01 -9.375000e-01
-6.750000e-01 -9.000000e-01
-3.000000e-01 -1.125000e+00
-4.125000e-01 -1.012500e+00
-5.625000e-01 -1.012500e+00
-5.625000e-01 -9.375000e-01
-4.875000e-01 -1.012500e+00
-5.250000e-01 -1.050000e+00
-4.875000e-01 -9.750000e-01
-4.500000e-01 -9.375000e-01
-4.875000e-01 -9.375000e-01
-4.500000e-01 -1.012500e+00
-4.125000e-01 -9.750000e-01
-4.125000e-01 -9.375000e-01
-3.750000e-01 -9.000000e-01
-1.125000e-01 -1.087500e+00
-1.500000e-01 -1.125000e+00
-1.875000e-01 -1.087500e+00
-3.750000e-02 -1.087500e+00
0.000000e+00 -1.125000e+00
-7.500000e-02 -1.087500e+00
-3.750000e-02 -1.050000e+00
-1.125000e-01 -1.050000e+00
-3.750000e-02 -9.750000e-01
0.000000e+00 -1.012500e+00
-3.750000e-02 -1.012500e+00
0.000000e+00 -9.375000e-01
-3.750000e-02 -9.375000e-01
-7.500000e-02 -1.012500e+00
-1.125000e-01 -1.012500e+00
-2.625000e-01 -1.012500e+00
-2.625000e-01 -9.375000e-01
-2.625000e-01 -1.050000e+00
-1.875000e-01 -1.012500e+00
-2.625000e-01 -1.087500e+00
-2.250000e-01 -1.087500e+00
-1.875000e-01 -9.375000e-01
-1.500000e-01 -9.750000e-01
-2.250000e-01 -9.000000e-01
-1.125000e-01 -9.375000e-01
-7.500000e-02 -9.000000e-01
1.500000e-01 -1.125000e+00
2.250000e-01 -1.125000e+00
7.500000e-02 -1.125000e+00
2.250000e-01 -1.050000e+00
3.000000e-01 -1.125000e+00
2.250000e-01 -9.750000e-01
3.000000e-01 -9.750000e-01
3.750000e-02 -9.750000e-01
3.750000e-02 -1.012500e+00
3.750000e-02 -9.375000e-01
7.500000e-02 -1.050000e+00
7.500000e-02 -9.000000e-01
5.625000e-01 -1.162500e+00
4.125000e-01 -1.162500e+00
6.000000e-01 -1.087500e+00
5.625000e-01 -1.087500e+00
6.000000e-01 -1.162500e+00
5.625000e-01 -9.375000e-01
6.000000e-01 -9.750000e-01
4.125000e-01 -1.012500e+00
3.750000e-01 -1.050000e+00
4.125000e-01 -9.750000e-01
4.500000e-01 -9.375000e-01
4.125000e-01 -9.375000e-01
3.750000e-01 -9.000000e-01
4.875000e-01 -9.375000e-01
5.625000e-01 -9.000000e-01
7.875000e-01 -1.162500e+00
7.875000e-01 -1.087500e+00
7.500000e-01 -1.125000e+00
8.625000e-01 -1.162500e+00
7.125000e-01 -1.162500e+00
7.125000e-01 -1.087500e+00
6.375000e-01 -1.162500e+00
8.250000e-01 -1.050000e+00
9.000000e-01 -9.750000e-01
8.250000e-01 -9.750000e-01
8.625000e-01 -1.087500e+00
9.000000e-01 -1.125000e+00
7.125000e-01 -1.012500e+00
6.750000e-01 -1.050000e+00
6.375000e-01 -1.125000e+00
6.375000e-01 -1.087500e+00
7.125000e-01 -9.375000e-01
7.500000e-01 -9.750000e-01
8.250000e-01 -9.000000e-01
9.750000e-01 -1.125000e+00
9.750000e-01 -9.750000e-01
9.750000e-01 -9.000000e-01
1.350000e+00 -1.050000e+00
1.350000e+00 -9.000000e-01
-1.237500e+00 -8.625000e-01
-1.200000e+00 -8.625000e-01
-1.275000e+00 -7.500000e-01
-1.237500e+00 -6.750000e-01
-1.237500e+00 -7.125000e-01
-1.200000e+00 -6.375000e-01
-1.237500e+00 -6.375000e-01
-1.275000e+00 -6.000000e-01
-1.012500e+00 -8.625000e-01
-9.375000e-01 -8.625000e-01
-1.012500e+00 -7.875000e-01
-1.050000e+00 -8.250000e-01
-1.162500e+00 -8.625000e-01
-9.375000e-01 -7.875000e-01
-9.000000e-01 -8.250000e-01
-9.750000e-01 -7.500000e-01
-9.375000e-01 -6.375000e-01
-9.000000e-01 -6.750000e-01
-1.162500e+00 -6.375000e-01
-1.162500e+00 -8.250000e-01
-1.162500e+00 -7.875000e-01
-1.087500e+00 -6.375000e-01
-1.050000e+00 -6.750000e-01
-1.087500e+00 -6.000000e-01
-1.162500e+00 -6.000000e-01
-1.012500e+00 -6.375000e-01
-1.012500e+00 -6.000000e-01
-9.375000e-01 -6.000000e-01
-6.750000e-01 -8.250000e-01
-8.250000e-01 -8.250000e-01
-6.750000e-01 -7.500000e-01
-6.000000e-01 -8.250000e-01
-6.000000e-01 -7.125000e-01
-6.375000e-01 -7.125000e-01
-8.250000e-01 -7.500000e-01
-8.250000e-01 -6.750000e-01
-7.500000e-01 -6.750000e-01
-8.250000e-01 -6.000000e-01
-3.375000e-01 -8.625000e-01
-4.125000e-01 -7.875000e-01
-4.500000e-01 -8.250000e-01
-4.875000e-01 -8.625000e-01
-5.625000e-01 -8.625000e-01
-4.875000e-01 -7.875000e-01
-3.375000e-01 -7.125000e-01
-3.750000e-01 -7.500000e-01
-4.125000e-01 -7.125000e-01
-3.000000e-01 -6.750000e-01
-3.375000e-01 -6.375000e-01
-3.375000e-01 -7.875000e-01
-3.000000e-01 -8.250000e-01
-5.625000e-01 -6.750000e-01
-5.625000e-01 -7.125000e-01
-5.625000e-01 -6.375000e-01
-5.250000e-01 -7.125000e-01
-5.625000e-01 -7.500000e-01
-4.875000e-01 -7.125000e-01
-4.875000e-01 -7.500000e-01
-5.625000e-01 -7.875000e-01
-5.250000e-01 -7.875000e-01
-4.125000e-01 -6.375000e-01
-4.500000e-01 -6.750000e-01
-3.750000e-01 -6.000000e-01
-5.250000e-01 -6.000000e-01
-1.125000e-01 -8.625000e-01
-3.750000e-02 -8.625000e-01
-1.125000e-01 -7.875000e-01
-1.500000e-01 -8.250000e-01
-1.875000e-01 -8.625000e-01
-2.625000e-01 -8.625000e-01
-1.875000e-01 -7.875000e-01
-7.500000e-02 -7.500000e-01
0.000000e+00 -8.250000e-01
-2.250000e-01 -7.500000e-01
7.500000e-02 -8.250000e-01
2.250000e-01 -6.750000e-01
3.000000e-01 -7.500000e-01
7.500000e-02 -6.750000e-01
2.250000e-01 -6.000000e-01
7.500000e-02 -6.000000e-01
5.250000e-01 -8.625000e-01
4.875000e-01 -8.625000e-01
5.625000e-01 -8.625000e-01
4.875000e-01 -7.875000e-01
4.500000e-01 -8.250000e-01
3.750000e-01 -8.250000e-01
5.250000e-01 -7.500000e-01
6.000000e-01 -6.750000e-01
5.250000e-01 -6.750000e-01
6.000000e-01 -8.250000e-01
3.750000e-01 -6.750000e-01
4.500000e-01 -6.750000e-01
5.250000e-01 -6.000000e-01
3.750000e-01 -6.000000e-01
7.875000e-01 -8.625000e-01
8.625000e-01 -8.625000e-01
7.875000e-01 -8.250000e-01
7.500000e-01 -8.625000e-01
7.875000e-01 -7.875000e-01
7.500000e-01 -7.875000e-01
7.125000e-01 -8.625000e-01
6.375000e-01 -8.625000e-01
7.125000e-01 -7.875000e-01
8.625000e-01 -8.250000e-01
9.000000e-01 -7.875000e-01
8.625000e-01 -7.875000e-01
9.000000e-01 -8.625000e-01
8.250000e-01 -7.875000e-01
8.625000e-01 -7.500000e-01
7.875000e-01 -7.500000e-01
8.625000e-01 -7.125000e-01
8.625000e-01 -6.375000e-01
9.000000e-01 -6.750000e-01
7.875000e-01 -7.125000e-01
6.750000e-01 -7.500000e-01
6.750000e-01 -6.750000e-01
6.375000e-01 -7.875000e-01
7.875000e-01 -6.375000e-01
7.500000e-01 -6.750000e-01
8.250000e-01 -6.000000e-01
6.750000e-01 -6.000000e-01
1.050000e+00 -8.250000e-01
1.012500e+00 -8.625000e-01
1.012500e+00 -7.875000e-01
9.375000e-01 -8.625000e-01
1.162500e+00 -7.125000e-01
1.125000e+00 -7.500000e-01
1.087500e+00 -7.125000e-01
1.200000e+00 -6.750000e-01
1.162500e+00 -6.375000e-01
1.012500e+00 -7.125000e-01
9.750000e-01 -7.500000e-01
9.375000e-01 -8.250000e-01
9.375000e-01 -7.875000e-01
1.012500e+00 -6.750000e-01
1.050000e+00 -6.375000e-01
1.012500e+00 -6.375000e-01
1.050000e+00 -7.125000e-01
1.087500e+00 -6.375000e-01
1.125000e+00 -6.000000e-01
1.425000e+00 -8.250000e-01
1.275000e+00 -8.250000e-01
1.425000e+00 -6.750000e-01
1.500000e+00 -7.500000e-01
1.275000e+00 -7.500000e-01
1.275000e+00 -6.750000e-01
1.350000e+00 -6.000000e-01
-1.275000e+00 -5.250000e-01
-1.425000e+00 -5.250000e-01
-1.275000e+00 -4.500000e-01
-1.200000e+00 -5.250000e-01
-1.275000e+00 -3.750000e-01
-1.200000e+00 -3.750000e-01
-1.425000e+00 -3.750000e-01
-1.500000e+00 -4.500000e-01
-1.350000e+00 -3.000000e-01
-9.750000e-01 -5.625000e-01
-1.012500e+00 -5.625000e-01
-9.375000e-01 -5.625000e-01
-1.012500e+00 -5.250000e-01
-1.050000e+00 -5.625000e-01
-1.012500e+00 -4.875000e-01
-1.050000e+00 -4.875000e-01
-1.125000e+00 -5.625000e-01
-1.087500e+00 -5.625000e-01
-1.162500e+00 -5.625000e-01
-1.087500e+00 -5.250000e-01
-1.087500e+00 -4.875000e-01
-9.375000e-01 -4.875000e-01
-9.375000e-01 -4.500000e-01
-1.012500e+00 -4.500000e-01
-9.375000e-01 -3.750000e-01
-9.000000e-01 -4.125000e-01
-9.375000e-01 -4.125000e-01
-9.000000e-01 -3.375000e-01
-9.375000e-01 -3.375000e-01
-9.750000e-01 -4.125000e-01
-1.012500e+00 -4.125000e-01
-1.162500e+00 -3.375000e-01
-1.087500e+00 -4.125000e-01
-1.125000e+00 -4.500000e-01
-1.087500e+00 -3.375000e-01
-1.050000e+00 -3.750000e-01
-1.087500e+00 -3.000000e-01
-1.162500e+00 -3.000000e-01
-1.012500e+00 -3.375000e-01
-9.750000e-01 -3.000000e-01
-7.500000e-01 -5.250000e-01
-7.875000e-01 -5.625000e-01
-7.875000e-01 -4.875000e-01
-8.625000e-01 -4.125000e-01
-8.625000e-01 -3.375000e-01
-8.250000e-01 -4.125000e-01
-7.875000e-01 -4.125000e-01
-7.875000e-01 -4.500000e-01
-7.500000e-01 -3.750000e-01
-7.875000e-01 -3.375000e-01
-8.250000e-01 -3.000000e-01
-4.500000e-01 -5.250000e-01
-3.750000e-01 -5.250000e-01
-5.250000e-01 -5.250000e-01
-3.750000e-01 -4.500000e-01
-3.000000e-01 -5.250000e-01
-3.750000e-01 -3.750000e-01
-2.250000e-01 -5.250000e-01
-7.500000e-02 -3.750000e-01
-2.250000e-01 -3.750000e-01
-1.500000e-01 -3.750000e-01
-7.500000e-02 -3.000000e-01
1.500000e-01 -5.250000e-01
2.250000e-01 -5.250000e-01
7.500000e-02 -5.250000e-01
2.250000e-01 -4.500000e-01
3.000000e-01 -5.250000e-01
2.250000e-01 -3.750000e-01
3.000000e-01 -3.750000e-01
7.500000e-02 -3.750000e-01
1.500000e-01 -3.750000e-01
2.250000e-01 -3.000000e-01
4.500000e-01 -5.250000e-01
5.250000e-01 -5.250000e-01
3.750000e-01 -5.250000e-01
5.250000e-01 -4.500000e-01
6.000000e-01 -5.250000e-01
5.250000e-01 -3.750000e-01
6.000000e-01 -3.750000e-01
3.750000e-01 -4.500000e-01
3.750000e-01 -3.750000e-01
4.500000e-01 -3.750000e-01
5.250000e-01 -3.000000e-01
7.500000e-01 -5.250000e-01
8.250000e-01 -5.250000e-01
6.750000e-01 -5.250000e-01
8.250000e-01 -4.500000e-01
9.000000e-01 -5.250000e-01
8.250000e-01 -3.750000e-01
6.750000e-01 -3.750000e-01
7.500000e-01 -3.000000e-01
1.050000e+00 -5.250000e-01
1.125000e+00 -5.250000e-01
1.012500e+00 -4.875000e-01
1.125000e+00 -3.750000e-01
9.750000e-01 -4.500000e-01
9.750000e-01 -3.750000e-01
9.375000e-01 -4.875000e-01
1.050000e+00 -3.750000e-01
9.750000e-01 -3.000000e-01
1.125000e+00 -3.000000e-01
1.425000e+00 -5.250000e-01
1.275000e+00 -5.250000e-01
1.500000e+00 -4.500000e-01
-1.275000e+00 -2.250000e-01
-1.425000e+00 -2.250000e-01
-1.200000e+00 -2.250000e-01
-1.275000e+00 -7.500000e-02
-1.425000e+00 -7.500000e-02
-1.500000e+00 -1.500000e-01
-1.350000e+00 -7.500000e-02
-1.275000e+00 0.000000e+00
-1.012500e+00 -2.625000e-01
-1.012500e+00 -2.250000e-01
-1.050000e+00 -2.625000e-01
-1.012500e+00 -1.875000e-01
-1.050000e+00 -1.875000e-01
-1.125000e+00 -2.625000e-01
-1.087500e+00 -2.625000e-01
-1.162500e+00 -2.625000e-01
-1.087500e+00 -2.250000e-01
-1.087500e+00 -1.875000e-01
-9.750000e-01 -1.500000e-01
-1.125000e+00 -1.500000e-01
-1.125000e+00 -7.500000e-02
-6.750000e-01 0.000000e+00
-3.750000e-01 -2.250000e-01
-3.750000e-01 -1.500000e-01
-3.000000e-01 -2.250000e-01
-3.750000e-01 -7.500000e-02
-3.000000e-01 -7.500000e-02
-5.250000e-01 -7.500000e-02
-5.250000e-01 0.000000e+00
-3.750000e-01 0.000000e+00
-7.500000e-02 -2.250000e-01
-2.250000e-01 -2.250000e-01
-7.500000e-02 -1.500000e-01
0.000000e+00 -2.250000e-01
-7.500000e-02 -7.500000e-02
0.000000e+00 -7.500000e-02
-2.250000e-01 -1.500000e-01
-2.250000e-01 -7.500000e-02
-1.500000e-01 0.000000e+00
2.250000e-01 -2.250000e-01
7.500000e-02 -2.250000e-01
3.000000e-01 -2.250000e-01
2.250000e-01 -7.500000e-02
3.000000e-01 -7.500000e-02
7.500000e-02 -1.500000e-01
7.500000e-02 -7.500000e-02
1.500000e-01 -7.500000e-02
7.500000e-02 0.000000e+00
2.250000e-01 0.000000e+00
5.250000e-01 -2.250000e-01
3.750000e-01 -2.250000e-01
6.000000e-01 -2.250000e-01
5.250000e-01 -7.500000e-02
6.000000e-01 -7.500000e-02
3.750000e-01 -1.500000e-01
3.750000e-01 -7.500000e-02
4.500000e-01 -7.500000e-02
3.750000e-01 0.000000e+00
5.250000e-01 0.000000e+00
8.250000e-01 -2.250000e-01
6.750000e-01 -2.250000e-01
8.250000e-01 -1.500000e-01
9.000000e-01 -2.250000e-01
8.250000e-01 -7.500000e-02
9.000000e-01 -7.500000e-02
6.750000e-01 -1.500000e-01
6.750000e-01 -7.500000e-02
7.500000e-01 -7.500000e-02
8.250000e-01 0.000000e+00
6.750000e-01 0.000000e+00
1.125000e+00 -2.250000e-01
9.750000e-01 -2.250000e-01
9.750000e-01 -1.500000e-01
9.750000e-01 -7.500000e-02
1.425000e+00 -7.500000e-02
1.500000e+00 -1.500000e-01
1.275000e+00 -7.500000e-02
1.350000e+00 -7.500000e-02
1.275000e+00 0.000000e+00
-1.312500e+00 1.125000e-01
-1.350000e+00 7.500000e-02
-1.425000e+00 7.500000e-02
-1.237500e+00 1.125000e-01
-1.200000e+00 7.500000e-02
-1.237500e+00 1.500000e-01
-1.312500e+00 1.500000e-01
-1.237500e+00 1.875000e-01
-1.275000e+00 1.875000e-01
-1.312500e+00 1.875000e-01
-1.425000e+00 2.250000e-01
-1.500000e+00 1.500000e-01
-1.350000e+00 2.250000e-01
-1.425000e+00 3.000000e-01
-1.125000e+00 7.500000e-02
-9.750000e-01 2.250000e-01
-1.162500e+00 2.625000e-01
-1.087500e+00 2.625000e-01
-1.050000e+00 2.250000e-01
-1.125000e+00 2.625000e-01
-1.087500e+00 3.000000e-01
-1.162500e+00 3.000000e-01
-9.750000e-01 3.000000e-01
-7.500000e-01 7.500000e-02
-6.750000e-01 7.500000e-02
-8.250000e-01 7.500000e-02
-6.750000e-01 2.250000e-01
-6.000000e-01 1.500000e-01
-8.250000e-01 2.250000e-01
-7.500000e-01 2.250000e-01
-6.750000e-01 3.000000e-01
-8.250000e-01 3.000000e-01
-4.500000e-01 7.500000e-02
-3.750000e-01 7.500000e-02
-5.250000e-01 7.500000e-02
-3.750000e-01 1.500000e-01
-3.000000e-01 7.500000e-02
-3.750000e-01 2.250000e-01
-3.000000e-01 2.250000e-01
-4.500000e-01 3.000000e-01
-7.500000e-02 7.500000e-02
-2.250000e-01 7.500000e-02
-7.500000e-02 2.250000e-01
0.000000e+00 1.500000e-01
-2.250000e-01 1.500000e-01
-2.250000e-01 2.250000e-01
-1.500000e-01 3.000000e-01
2.250000e-01 7.500000e-02
7.500000e-02 7.500000e-02
3.000000e-01 1.500000e-01
1.500000e-01 3.000000e-01
5.250000e-01 7.500000e-02
3.750000e-01 7.500000e-02
5.250000e-01 2.250000e-01
6.000000e-01 2.250000e-01
4.500000e-01 3.000000e-01
8.625000e-01 1.125000e-01
8.625000e-01 1.500000e-01
8.625000e-01 2.250000e-01
9.000000e-01 1.875000e-01
8.625000e-01 1.875000e-01
8.625000e-01 2.625000e-01
8.250000e-01 1.875000e-01
7.875000e-01 1.875000e-01
6.375000e-01 1.875000e-01
7.125000e-01 1.875000e-01
6.750000e-01 1.500000e-01
6.375000e-01 2.625000e-01
7.875000e-01 2.625000e-01
7.500000e-01 2.250000e-01
8.250000e-01 3.000000e-01
7.125000e-01 2.625000e-01
6.750000e-01 3.000000e-01
1.162500e+00 2.625000e-01
1.200000e+00 2.250000e-01
9.375000e-01 1.875000e-01
9.375000e-01 2.625000e-01
9.750000e-01 1.500000e-01
1.012500e+00 2.625000e-01
1.050000e+00 2.250000e-01
1.012500e+00 3.000000e-01
9.375000e-01 3.000000e-01
1.087500e+00 2.625000e-01
1.087500e+00 3.000000e-01
1.162500e+00 3.000000e-01
1.425000e+00 2.250000e-01
1.500000e+00 1.500000e-01
1.425000e+00 3.000000e-01
1.275000e+00 3.000000e-01
-1.350000e+00 3.750000e-01
-1.275000e+00 3.750000e-01
-1.425000e+00 3.750000e-01
-1.275000e+00 4.500000e-01
-1.200000e+00 3.750000e-01
-1.275000e+00 5.250000e-01
-1.200000e+00 5.250000e-01
-1.425000e+00 5.250000e-01
-1.500000e+00 4.500000e-01
-1.275000e+00 6.000000e-01
-1.425000e+00 6.000000e-01
-1.012500e+00 3.375000e-01
-1.012500e+00 3.750000e-01
-1.050000e+00 3.375000e-01
-1.012500e+00 4.125000e-01
-1.050000e+00 4.125000e-01
-1.125000e+00 3.375000e-01
-1.087500e+00 3.375000e-01
-1.162500e+00 3.375000e-01
-1.087500e+00 3.750000e-01
-1.087500e+00 4.125000e-01
-9.750000e-01 4.500000e-01
-9.375000e-01 4.875000e-01
-9.375000e-01 5.625000e-01
-9.000000e-01 5.250000e-01
-1.012500e+00 4.875000e-01
-1.162500e+00 4.875000e-01
-1.162500e+00 5.625000e-01
-1.087500e+00 4.875000e-01
-1.125000e+00 4.500000e-01
-1.162500e+00 4.125000e-01
-1.050000e+00 5.250000e-01
-1.012500e+00 5.625000e-01
-9.750000e-01 5.625000e-01
-1.012500e+00 6.000000e-01
-9.375000e-01 6.000000e-01
-7.125000e-01 3.375000e-01
-7.125000e-01 4.125000e-01
-7.500000e-01 3.750000e-01
-6.375000e-01 3.375000e-01
-8.250000e-01 3.750000e-01
-6.375000e-01 4.875000e-01
-6.750000e-01 4.500000e-01
-7.125000e-01 4.875000e-01
-6.000000e-01 5.250000e-01
-6.375000e-01 5.625000e-01
-6.375000e-01 4.125000e-01
-6.000000e-01 3.750000e-01
-8.250000e-01 4.500000e-01
-8.250000e-01 5.250000e-01
-7.500000e-01 5.250000e-01
-6.750000e-01 6.000000e-01
-5.250000e-01 3.750000e-01
-5.250000e-01 5.250000e-01
-4.500000e-01 6.000000e-01
0.000000e+00 4.500000e-01
-1.500000e-01 4.500000e-01
-1.500000e-01 6.000000e-01
7.500000e-02 3.750000e-01
2.250000e-01 5.250000e-01
3.000000e-01 4.500000e-01
7.500000e-02 5.250000e-01
7.500000e-02 6.000000e-01
2.250000e-01 6.000000e-01
5.250000e-01 3.750000e-01
6.000000e-01 3.750000e-01
5.250000e-01 5.250000e-01
6.000000e-01 5.250000e-01
4.500000e-01 6.000000e-01
7.875000e-01 3.375000e-01
7.875000e-01 4.125000e-01
7.500000e-01 3.750000e-01
8.625000e-01 3.375000e-01
6.750000e-01 3.750000e-01
8.625000e-01 3.750000e-01
9.000000e-01 4.125000e-01
8.625000e-01 4.125000e-01
8.250000e-01 4.500000e-01
8.625000e-01 4.875000e-01
8.625000e-01 5.625000e-01
7.875000e-01 4.875000e-01
6.375000e-01 4.875000e-01
7.125000e-01 4.875000e-01
6.750000e-01 4.500000e-01
6.375000e-01 5.625000e-01
7.125000e-01 5.250000e-01
7.500000e-01 5.625000e-01
7.125000e-01 5.625000e-01
7.500000e-01 4.875000e-01
6.375000e-01 6.000000e-01
7.875000e-01 5.250000e-01
7.875000e-01 5.625000e-01
8.250000e-01 5.625000e-01
7.875000e-01 6.000000e-01
8.625000e-01 6.000000e-01
1.125000e+00 3.375000e-01
1.087500e+00 3.375000e-01
1.162500e+00 3.375000e-01
1.087500e+00 3.750000e-01
1.050000e+00 3.375000e-01
1.087500e+00 4.125000e-01
1.050000e+00 4.125000e-01
9.750000e-01 3.375000e-01
1.012500e+00 3.375000e-01
9.375000e-01 3.375000e-01
1.012500e+00 3.750000e-01
1.012500e+00 4.125000e-01
1.162500e+00 3.750000e-01
1.200000e+00 4.125000e-01
1.162500e+00 4.125000e-01
1.200000e+00 3.375000e-01
1.162500e+00 5.250000e-01
1.200000e+00 4.875000e-01
1.162500e+00 4.875000e-01
1.162500e+00 5.625000e-01
1.087500e+00 4.875000e-01
1.012500e+00 4.875000e-01
9.375000e-01 3.750000e-01
9.375000e-01 4.125000e-01
1.050000e+00 5.625000e-01
1.012500e+00 5.625000e-01
1.050000e+00 4.875000e-01
1.087500e+00 5.250000e-01
1.087500e+00 5.625000e-01
1.125000e+00 5.625000e-01
1.087500e+00 6.000000e-01
1.162500e+00 6.000000e-01
1.387500e+00 4.125000e-01
1.350000e+00 3.750000e-01
1.462500e+00 3.375000e-01
1.312500e+00 4.125000e-01
1.237500e+00 3.375000e-01
1.462500e+00 4.875000e-01
1.425000e+00 4.500000e-01
1.387500e+00 4.875000e-01
1.500000e+00 5.250000e-01
1.462500e+00 5.625000e-01
1.462500e+00 4.125000e-01
1.500000e+00 3.750000e-01
1.237500e+00 4.875000e-01
1.237500e+00 5.625000e-01
1.237500e+00 4.500000e-01
1.312500e+00 4.875000e-01
1.312500e+00 4.500000e-01
1.237500e+00 3.750000e-01
1.237500e+00 4.125000e-01
1.275000e+00 4.125000e-01
1.387500e+00 5.625000e-01
1.350000e+00 5.250000e-01
1.425000e+00 6.000000e-01
1.312500e+00 5.625000e-01
1.275000e+00 6.000000e-01
-1.350000e+00 6.750000e-01
-1.275000e+00 6.750000e-01
-1.425000e+00 6.750000e-01
-1.275000e+00 7.500000e-01
-1.200000e+00 6.750000e-01
-1.275000e+00 8.250000e-01
-1.012500e+00 6.375000e-01
-9.375000e-01 6.375000e-01
-1.087500e+00 7.125000e-01
-9.000000e-01 6.750000e-01
-1.125000e+00 7.500000e-01
-1.125000e+00 8.250000e-01
-1.162500e+00 7.125000e-01
-8.250000e-01 6.750000e-01
-6.375000e-01 7.875000e-01
-6.750000e-01 7.500000e-01
-7.125000e-01 7.875000e-01
-6.000000e-01 8.250000e-01
-8.625000e-01 8.625000e-01
-7.875000e-01 7.875000e-01
-8.250000e-01 7.500000e-01
-7.875000e-01 8.625000e-01
-7.500000e-01 8.250000e-01
-8.250000e-01 8.625000e-01
-7.875000e-01 9.000000e-01
-8.625000e-01 9.000000e-01
-7.125000e-01 8.625000e-01
-3.750000e-01 6.750000e-01
-5.250000e-01 6.750000e-01
-3.750000e-01 7.500000e-01
-4.125000e-01 7.875000e-01
-3.000000e-01 8.250000e-01
-3.375000e-01 8.625000e-01
-3.000000e-01 6.750000e-01
-4.875000e-01 7.875000e-01
-5.250000e-01 7.500000e-01
-5.625000e-01 8.625000e-01
-4.500000e-01 8.625000e-01
-4.875000e-01 8.625000e-01
-4.500000e-01 7.875000e-01
-5.250000e-01 8.625000e-01
-5.625000e-01 9.000000e-01
-4.125000e-01 8.250000e-01
-4.125000e-01 8.625000e-01
-3.750000e-01 8.625000e-01
-4.125000e-01 9.000000e-01
-2.250000e-01 6.750000e-01
-7.500000e-02 8.250000e-01
0.000000e+00 7.500000e-01
-2.250000e-01 7.500000e-01
-2.250000e-01 8.250000e-01
-1.500000e-01 8.250000e-01
-2.250000e-01 9.000000e-01
-7.500000e-02 9.000000e-01
1.875000e-01 6.375000e-01
1.875000e-01 7.125000e-01
1.500000e-01 6.750000e-01
2.625000e-01 6.375000e-01
7.500000e-02 6.750000e-01
2.250000e-01 7.500000e-01
2.625000e-01 7.125000e-01
3.000000e-01 6.750000e-01
7.500000e-02 8.250000e-01
1.500000e-01 8.250000e-01
7.500000e-02 9.000000e-01
5.250000e-01 6.750000e-01
3.750000e-01 6.750000e-01
6.000000e-01 6.750000e-01
5.250000e-01 9.000000e-01
7.875000e-01 6.375000e-01
8.625000e-01 6.375000e-01
7.500000e-01 6.750000e-01
6.750000e-01 6.375000e-01
7.125000e-01 6.375000e-01
6.375000e-01 6.375000e-01
8.625000e-01 7.125000e-01
9.000000e-01 6.750000e-01
8.250000e-01 7.500000e-01
8.250000e-01 8.250000e-01
9.000000e-01 8.250000e-01
6.750000e-01 8.250000e-01
7.500000e-01 8.250000e-01
6.750000e-01 9.000000e-01
8.250000e-01 9.000000e-01
1.125000e+00 6.375000e-01
1.087500e+00 6.375000e-01
1.162500e+00 6.375000e-01
1.050000e+00 6.750000e-01
1.012500e+00 8.625000e-01
1.012500e+00 9.000000e-01
1.350000e+00 6.750000e-01
1.312500e+00 7.125000e-01
1.237500e+00 7.875000e-01
1.237500e+00 7.500000e-01
1.237500e+00 7.125000e-01
1.275000e+00 7.125000e-01
-1.275000e+00 9.750000e-01
-1.425000e+00 9.750000e-01
-1.275000e+00 1.050000e+00
-1.200000e+00 9.750000e-01
-1.275000e+00 1.125000e+00
-1.200000e+00 1.125000e+00
-1.425000e+00 1.050000e+00
-1.500000e+00 1.125000e+00
-1.425000e+00 1.125000e+00
-1.500000e+00 9.750000e-01
-9.750000e-01 9.750000e-01
-1.125000e+00 9.750000e-01
-9.750000e-01 1.050000e+00
-9.000000e-01 9.750000e-01
-9.750000e-01 1.125000e+00
-9.000000e-01 1.125000e+00
-1.125000e+00 1.050000e+00
-1.125000e+00 1.125000e+00
-6.375000e-01 9.375000e-01
-7.125000e-01 1.012500e+00
-7.875000e-01 9.375000e-01
-8.625000e-01 9.375000e-01
-7.875000e-01 1.012500e+00
-6.000000e-01 1.012500e+00
-6.375000e-01 1.012500e+00
-6.000000e-01 9.375000e-01
-6.750000e-01 1.012500e+00
-6.375000e-01 1.050000e+00
-6.375000e-01 1.087500e+00
-8.250000e-01 1.050000e+00
-8.625000e-01 1.012500e+00
-6.750000e-01 1.200000e+00
-8.250000e-01 1.200000e+00
-4.125000e-01 9.375000e-01
-4.125000e-01 9.750000e-01
-4.500000e-01 9.375000e-01
-4.125000e-01 1.012500e+00
-4.875000e-01 9.375000e-01
-5.625000e-01 9.375000e-01
-3.375000e-01 1.012500e+00
-3.000000e-01 9.750000e-01
-3.750000e-01 1.012500e+00
-4.125000e-01 1.050000e+00
-4.125000e-01 1.087500e+00
-5.250000e-01 1.050000e+00
-5.625000e-01 9.750000e-01
-5.625000e-01 1.012500e+00
-4.500000e-01 1.125000e+00
-3.750000e-01 1.200000e+00
-1.500000e-01 9.750000e-01
-7.500000e-02 9.750000e-01
-2.250000e-01 9.750000e-01
0.000000e+00 9.750000e-01
-7.500000e-02 1.125000e+00
0.000000e+00 1.125000e+00
-1.875000e-01 1.087500e+00
-2.250000e-01 1.050000e+00
-1.875000e-01 1.162500e+00
-1.500000e-01 1.125000e+00
-2.250000e-01 1.200000e+00
2.250000e-01 9.750000e-01
7.500000e-02 9.750000e-01
2.250000e-01 1.050000e+00
2.625000e-01 1.162500e+00
3.000000e-01 1.125000e+00
1.875000e-01 1.087500e+00
3.750000e-02 1.087500e+00
3.750000e-02 1.162500e+00
1.125000e-01 1.087500e+00
7.500000e-02 1.050000e+00
1.125000e-01 1.125000e+00
1.500000e-01 1.162500e+00
1.125000e-01 1.162500e+00
1.500000e-01 1.087500e+00
7.500000e-02 1.162500e+00
1.125000e-01 1.200000e+00
1.875000e-01 1.125000e+00
1.875000e-01 1.162500e+00
2.250000e-01 1.162500e+00
1.875000e-01 1.200000e+00
2.625000e-01 1.200000e+00
4.500000e-01 9.750000e-01
5.250000e-01 9.750000e-01
4.875000e-01 1.162500e+00
4.875000e-01 1.200000e+00
8.250000e-01 9.750000e-01
6.750000e-01 9.750000e-01
8.250000e-01 1.050000e+00
9.000000e-01 9.750000e-01
8.625000e-01 1.087500e+00
8.625000e-01 1.162500e+00
9.000000e-01 1.125000e+00
9.750000e-01 9.375000e-01
1.012500e+00 9.375000e-01
9.375000e-01 9.375000e-01
9.750000e-01 1.050000e+00
9.750000e-01 1.125000e+00
1.425000e+00 9.750000e-01
1.425000e+00 1.125000e+00
1.500000e+00 1.050000e+00
-1.275000e+00 1.275000e+00
-1.425000e+00 1.275000e+00
-1.275000e+00 1.350000e+00
-1.200000e+00 1.275000e+00
-1.275000e+00 1.425000e+00
-1.200000e+00 1.425000e+00
-1.425000e+00 1.350000e+00
-1.500000e+00 1.425000e+00
-1.425000e+00 1.425000e+00
-9.750000e-01 1.275000e+00
-1.125000e+00 1.275000e+00
-9.750000e-01 1.350000e+00
-9.000000e-01 1.275000e+00
-9.750000e-01 1.425000e+00
-9.000000e-01 1.425000e+00
-1.125000e+00 1.350000e+00
-1.125000e+00 1.425000e+00
-1.050000e+00 1.500000e+00
-7.500000e-01 1.275000e+00
-6.750000e-01 1.275000e+00
-8.250000e-01 1.275000e+00
-6.000000e-01 1.275000e+00
-6.750000e-01 1.425000e+00
-6.000000e-01 1.425000e+00
-8.250000e-01 1.350000e+00
-8.250000e-01 1.425000e+00
-7.500000e-01 1.500000e+00
-4.125000e-01 1.237500e+00
-3.375000e-01 1.237500e+00
-4.125000e-01 1.275000e+00
-4.500000e-01 1.237500e+00
-4.125000e-01 1.312500e+00
-4.500000e-01 1.312500e+00
-4.875000e-01 1.237500e+00
-5.625000e-01 1.237500e+00
-4.875000e-01 1.275000e+00
-4.875000e-01 1.312500e+00
-3.375000e-01 1.387500e+00
-3.750000e-01 1.350000e+00
-4.125000e-01 1.387500e+00
-3.000000e-01 1.425000e+00
-3.375000e-01 1.462500e+00
-3.000000e-01 1.275000e+00
-4.875000e-01 1.387500e+00
-5.250000e-01 1.350000e+00
-5.625000e-01 1.462500e+00
-5.625000e-01 1.312500e+00
-4.125000e-01 1.462500e+00
-4.500000e-01 1.425000e+00
-3.750000e-01 1.500000e+00
-4.875000e-01 1.462500e+00
-5.250000e-01 1.500000e+00
-7.500000e-02 1.275000e+00
-2.250000e-01 1.275000e+00
-3.750000e-02 1.387500e+00
-7.500000e-02 1.350000e+00
-1.125000e-01 1.387500e+00
0.000000e+00 1.425000e+00
-3.750000e-02 1.462500e+00
0.000000e+00 1.275000e+00
-2.625000e-01 1.387500e+00
-1.875000e-01 1.387500e+00
-2.250000e-01 1.350000e+00
-1.500000e-01 1.425000e+00
-7.500000e-02 1.500000e+00
1.875000e-01 1.237500e+00
2.625000e-01 1.237500e+00
1.125000e-01 1.237500e+00
3.750000e-02 1.237500e+00
3.000000e-01 1.425000e+00
2.625000e-01 1.462500e+00
3.000000e-01 1.275000e+00
7.500000e-02 1.350000e+00
7.500000e-02 1.425000e+00
3.750000e-02 1.312500e+00
1.875000e-01 1.462500e+00
1.500000e-01 1.425000e+00
2.250000e-01 1.500000e+00
5.250000e-01 1.237500e+00
4.875000e-01 1.237500e+00
5.625000e-01 1.237500e+00
4.875000e-01 1.312500e+00
4.500000e-01 1.275000e+00
3.750000e-01 1.275000e+00
5.250000e-01 1.350000e+00
6.000000e-01 1.425000e+00
5.250000e-01 1.425000e+00
5.625000e-01 1.312500e+00
6.000000e-01 1.275000e+00
3.750000e-01 1.350000e+00
3.750000e-01 1.425000e+00
4.500000e-01 1.500000e+00
6.750000e-01 1.275000e+00
6.750000e-01 1.425000e+00
7.500000e-01 1.500000e+00
simplices
0 1 259
259 646 647
12 646 647
1 259 647
0 11 259
11 259 260
259 260 646
260 646 648
12 646 648
1 2 262
2 261 262
13 261 262
12 262 647
1 262 647
13 262 649
12 262 649
121 650 651
3 650 651
2 121 651
121 263 264
14 263 652
263 264 652
121 264 650
264 650 653
3 650 653
121 261 265
13 261 265
2 121 261
121 122 265
122 265 266
13 265 266
121 122 263
122 263 267
14 263 267
123 654 656
4 654 656
123 655 656
3 655 656
123 657 658
15 657 658
123 654 658
4 654 658
264 659 660
123 659 660
264 652 660
14 652 660
264 655 659
123 655 659
264 653 655
3 653 655
124 660 661
123 660 661
124 660 662
14 660 662
124 657 661
123 657 661
124 657 663
15 657 663
125 664 666
5 664 666
125 665 666
4 665 666
125 667 668
16 667 668
125 664 668
5 664 668
125 658 669
15 658 669
125 658 665
4 658 665
126 669 670
125 669 670
126 669 671
15 669 671
126 667 670
125 667 670
126 667 672
16 667 672
127 673 674
6 673 674
5 127 674
268 675 677
127 675 677
268 676 677
17 676 677
268 673 675
127 673 675
268 673 678
6 673 678
127 668 679
16 668 679
5 127 668
127 128 679
128 679 680
16 679 680
127 128 677
128 677 681
17 677 681
129 269 682
269 271 682
7 269 271
270 682 684
129 682 684
270 682 683
271 682 683
270 685 686
6 685 686
270 683 685
271 683 685
272 688 689
129 688 689
272 687 688
273 687 688
272 690 691
18 690 691
272 687 690
273 687 690
129 269 688
269 273 688
7 269 273
268 274 693
274 692 693
129 692 693
268 274 676
274 676 694
17 676 694
268 270 693
270 684 693
129 684 693
268 270 678
270 678 686
6 678 686
274 275 695
130 275 695
274 275 692
275 692 696
129 692 696
276 695 697
274 695 697
276 695 698
130 695 698
276 694 697
274 694 697
17 276 694
275 699 700
272 699 700
130 275 700
275 689 699
272 689 699
275 689 696
129 689 696
272 277 700
130 277 700
272 277 691
18 277 691
279 280 701
8 280 701
7 279 280
278 701 703
8 701 703
278 701 702
279 701 702
278 704 705
19 704 705
278 702 704
279 702 704
273 690 706
18 690 706
273 279 706
7 273 279
279 281 706
281 706 707
18 706 707
279 281 704
281 704 708
19 704 708
9 283 284
283 284 709
8 284 709
9 282 283
20 282 283
278 705 710
19 705 710
278 283 710
278 703 709
8 703 709
278 283 709
283 285 710
19 285 710
20 283 285
288 711 713
287 711 713
288 712 713
10 712 713
288 711 715
287 711 715
288 714 715
9 714 715
10 286 713
286 287 713
21 286 716
286 287 716
20 282 717
282 287 717
9 282 715
282 287 715
287 716 718
21 716 718
287 717 718
20 717 718
260 648 720
12 648 720
260 719 720
290 719 720
11 260 721
260 719 721
290 719 721
289 720 722
12 720 722
289 290 720
23 289 723
289 290 723
22 290 724
290 721 724
11 721 724
22 290 291
290 291 723
291 723 725
23 723 725
13 132 649
132 649 726
12 649 726
13 131 132
131 292 728
292 727 728
24 727 728
131 132 292
289 293 730
293 729 730
132 729 730
23 289 293
289 726 730
132 726 730
289 722 726
12 722 726
294 731 733
293 731 733
294 732 733
133 732 733
294 729 731
293 729 731
132 294 729
293 733 734
133 733 734
23 293 734
292 294 735
294 732 735
133 732 735
132 292 294
295 735 736
292 735 736
295 735 737
133 735 737
295 727 736
292 727 736
295 727 738
24 727 738
122 267 297
14 267 297
122 296 297
135 296 297
122 266 298
13 266 298
122 296 298
135 296 298
297 300 739
134 300 739
14 297 300
297 299 739
299 739 740
134 739 740
135 297 299
301 741 743
134 741 743
301 742 743
25 742 743
299 740 741
134 740 741
299 741 744
301 741 744
135 299 745
299 744 745
301 744 745
131 728 746
24 728 746
131 135 746
13 131 298
131 135 298
136 746 747
135 746 747
136 746 748
24 746 748
301 747 749
136 747 749
301 745 747
135 745 747
301 749 750
136 749 750
301 742 750
25 742 750
124 302 663
15 302 663
124 138 302
124 303 662
14 303 662
124 138 303
137 302 751
15 302 751
137 302 304
138 302 304
137 305 306
26 305 306
137 304 305
138 304 752
304 305 752
307 743 753
134 743 753
307 743 754
25 743 754
307 755 756
138 755 756
307 753 756
134 753 756
134 300 303
14 300 303
138 303 756
134 303 756
308 757 759
307 757 759
308 758 759
139 758 759
308 755 757
307 755 757
308 755 760
138 755 760
307 309 759
139 309 759
307 309 754
25 309 754
308 761 762
305 761 762
308 758 762
139 758 762
308 752 761
305 752 761
308 752 760
138 752 760
305 762 763
139 762 763
26 305 763
126 310 672
16 310 672
310 764 765
141 764 765
126 310 765
126 311 671
15 311 671
311 765 766
141 765 766
126 311 765
310 767 768
140 767 768
16 310 768
312 767 769
310 767 769
312 767 770
140 767 770
312 764 769
310 764 769
312 764 771
141 764 771
314 772 774
313 772 774
314 773 774
140 773 774
314 772 776
313 772 776
314 775 776
27 775 776
312 770 774
140 770 774
312 774 777
313 774 777
312 771 778
141 771 778
312 777 778
313 777 778
137 306 779
306 316 779
26 306 780
306 316 780
315 779 781
137 779 781
315 316 779
141 315 782
315 316 782
311 751 783
137 751 783
15 311 751
315 783 784
311 783 784
315 781 783
137 781 783
315 766 784
311 766 784
141 315 766
316 785 786
142 785 786
316 782 786
141 782 786
316 785 787
142 785 787
316 780 787
26 780 787
313 786 788
142 786 788
313 778 786
141 778 786
313 788 789
142 788 789
313 776 789
27 776 789
128 681 791
17 681 791
128 790 791
144 790 791
128 680 792
16 680 792
128 790 792
144 790 792
143 791 794
17 791 794
143 791 793
144 791 793
143 795 796
28 795 796
143 793 795
144 793 795
314 773 798
140 773 798
314 797 798
317 797 798
314 775 799
27 775 799
314 797 799
317 797 799
144 317 800
317 798 800
140 798 800
140 768 792
16 768 792
140 792 800
144 792 800
144 145 317
145 317 801
317 799 801
27 799 801
144 145 795
28 145 795
130 277 319
18 277 802
277 319 802
130 318 319
147 318 319
276 698 803
130 698 803
276 320 803
17 276 320
130 318 803
318 320 803
147 318 320
319 322 805
322 804 805
146 804 805
319 322 802
322 802 806
18 802 806
319 321 805
146 321 805
147 319 321
146 323 808
323 807 808
29 807 808
146 321 323
147 321 323
143 324 796
28 324 796
324 809 810
147 809 810
143 324 810
143 320 794
17 320 794
147 320 810
143 320 810
325 811 813
324 811 813
325 812 813
148 812 813
325 809 811
324 809 811
147 325 809
324 813 814
148 813 814
28 324 814
323 325 815
325 812 815
148 812 815
147 323 325
323 326 815
148 326 815
323 326 807
326 807 816
29 807 816
327 817 819
281 817 819
327 818 819
149 818 819
327 708 817
281 708 817
327 708 820
19 708 820
328 819 821
281 819 821
328 819 822
149 819 822
328 707 821
281 707 821
328 707 823
18 707 823
329 824 826
149 824 826
329 825 826
30 825 826
327 818 824
149 818 824
327 824 827
329 824 827
327 820 828
19 820 828
327 827 828
329 827 828
146 330 808
29 330 808
330 829 830
149 829 830
146 330 830
322 804 832
146 804 832
322 831 832
328 831 832
322 806 823
18 806 823
322 823 831
328 823 831
328 822 830
149 822 830
328 830 832
146 830 832
330 833 834
150 833 834
330 829 834
149 829 834
330 331 833
150 331 833
29 330 331
150 826 834
149 826 834
150 826 835
30 826 835
20 285 332
19 285 836
285 332 836
20 31 332
329 825 837
30 825 837
329 332 837
329 828 836
19 828 836
329 332 836
332 333 837
333 837 838
30 837 838
31 332 333
21 718 839
20 718 839
21 32 839
20 31 839
31 839 840
32 839 840
152 291 334
291 334 725
334 725 841
23 725 841
152 291 335
22 291 335
151 334 336
334 336 841
336 841 842
23 841 842
152 334 843
151 334 843
338 844 845
337 844 845
151 338 845
338 844 847
337 844 847
338 846 847
34 846 847
152 337 843
337 843 845
151 843 845
152 339 340
33 339 340
152 335 340
22 335 340
152 337 341
337 847 848
34 847 848
337 341 848
152 339 341
33 339 341
295 737 849
133 737 849
295 342 849
295 738 850
24 738 850
295 342 850
342 851 852
154 851 852
342 849 852
133 849 852
133 343 734
343 734 853
23 734 853
154 343 852
133 343 852
342 854 855
153 854 855
342 850 855
24 850 855
342 851 856
154 851 856
342 854 856
153 854 856
153 344 858
344 857 858
35 857 858
154 344 856
153 344 856
151 338 346
338 846 859
34 846 859
338 346 859
151 345 346
154 345 346
151 336 861
336 860 861
343 860 861
336 842 853
23 842 853
336 853 860
343 853 860
343 345 861
151 345 861
154 343 345
346 862 863
155 862 863
154 346 863
346 347 862
347 862 864
155 862 864
346 347 859
347 859 865
34 859 865
344 863 866
155 863 866
154 344 863
344 348 866
348 866 867
155 866 867
344 348 857
348 857 868
35 857 868
136 750 869
25 750 869
136 157 869
136 748 870
24 748 870
136 157 870
156 869 872
25 869 872
156 869 871
157 869 871
349 350 874
350 873 874
156 873 874
36 349 350
157 349 871
349 871 874
156 871 874
153 858 876
35 858 876
153 875 876
157 875 876
153 855 870
24 855 870
153 870 875
157 870 875
158 876 877
157 876 877
158 876 878
35 876 878
158 349 877
157 349 877
36 158 349
139 351 763
351 763 879
26 763 879
351 880 881
159 880 881
139 351 881
139 309 882
309 352 882
25 309 883
309 352 883
352 881 884
159 881 884
352 881 882
139 881 882
353 886 887
159 886 887
353 885 886
354 885 886
353 888 889
37 888 889
353 885 888
354 885 888
351 880 886
159 880 886
351 886 890
354 886 890
351 879 891
26 879 891
351 890 891
354 890 891
350 873 893
156 873 893
350 892 893
356 892 893
36 350 894
350 892 894
356 892 894
355 893 896
156 893 896
355 893 895
356 893 895
355 897 898
159 897 898
355 895 897
356 895 897
352 872 899
156 872 899
352 872 883
25 872 883
355 899 900
352 899 900
355 896 899
156 896 899
355 884 900
352 884 900
355 884 898
159 884 898
353 887 902
159 887 902
353 901 902
357 901 902
353 889 903
37 889 903
353 901 903
357 901 903
356 897 902
159 897 902
356 357 902
356 894 904
36 894 904
356 357 904
358 789 905
142 789 905
358 789 906
27 789 906
358 907 908
160 907 908
358 905 908
142 905 908
359 787 909
142 787 909
359 787 910
26 787 910
359 908 911
160 908 911
359 908 909
142 908 909
160 360 912
360 361 912
38 360 361
358 907 912
160 907 912
358 361 912
358 906 913
27 906 913
358 361 913
354 362 914
160 362 914
354 362 888
37 362 888
354 359 914
359 911 914
160 911 914
354 359 891
359 891 910
26 891 910
160 360 363
38 360 363
160 362 363
37 362 363
28 145 161
145 801 915
27 801 915
145 161 915
161 916 917
39 916 917
28 161 917
161 361 918
38 361 918
161 361 915
361 913 915
27 913 915
161 364 916
364 916 919
39 916 919
161 364 918
364 918 920
38 918 920
148 326 922
326 921 922
365 921 922
326 816 923
29 816 923
326 921 923
365 921 923
365 924 925
162 924 925
365 922 925
148 922 925
148 814 926
28 814 926
148 925 926
162 925 926
366 927 929
162 927 929
366 928 929
40 928 929
365 924 927
162 924 927
365 366 927
365 923 930
29 923 930
365 366 930
162 917 931
39 917 931
162 917 926
28 917 926
367 929 932
162 929 932
367 929 933
40 929 933
367 931 932
162 931 932
367 931 934
39 931 934
369 835 935
150 835 935
369 835 936
30 835 936
368 935 938
150 935 938
368 935 937
369 935 937
368 939 940
164 939 940
368 937 939
369 937 939
150 331 941
331 370 941
29 331 942
331 370 942
368 938 941
150 938 941
368 370 941
368 940 943
164 940 943
368 370 943
372 944 946
369 944 946
372 945 946
163 945 946
372 936 944
369 936 944
372 936 947
30 936 947
371 946 948
369 946 948
371 946 949
163 946 949
371 939 948
369 939 948
371 939 950
164 939 950
373 951 953
163 951 953
373 952 953
41 952 953
371 949 951
163 949 951
371 373 951
371 950 954
164 950 954
371 373 954
366 955 956
164 955 956
366 928 956
40 928 956
370 955 957
366 955 957
370 943 955
164 943 955
370 930 957
366 930 957
370 930 942
29 930 942
373 954 959
164 954 959
373 958 959
374 958 959
373 952 960
41 952 960
373 958 960
374 958 960
374 956 959
164 956 959
374 956 961
40 956 961
333 375 962
165 375 962
31 333 375
376 962 963
333 962 963
376 962 964
165 962 964
376 838 963
333 838 963
376 838 965
30 838 965
377 967 968
165 967 968
377 966 967
378 966 967
377 969 970
42 969 970
377 966 969
378 966 969
165 375 967
375 378 967
31 375 378
163 379 953
41 379 953
379 971 972
165 971 972
163 379 972
372 945 974
163 945 974
372 973 974
376 973 974
372 947 965
30 947 965
372 965 973
376 965 973
376 964 972
165 964 972
376 972 974
163 972 974
380 975 977
379 975 977
380 976 977
166 976 977
380 971 975
379 971 975
380 971 978
165 971 978
379 381 977
166 381 977
41 379 381
377 380 979
380 976 979
166 976 979
377 380 968
380 968 978
165 968 978
377 979 980
166 979 980
377 970 980
42 970 980
382 840 981
32 840 981
382 840 982
31 840 982
382 983 984
43 983 984
382 981 984
32 981 984
378 969 986
42 969 986
378 985 986
382 985 986
31 378 982
378 982 985
382 982 985
382 983 987
43 983 987
382 986 987
42 986 987
168 341 988
341 848 988
34 848 988
168 341 989
33 341 989
167 988 991
34 988 991
167 988 990
168 988 990
167 992 993
45 992 993
167 990 992
168 990 992
168 994 995
44 994 995
168 989 995
33 989 995
168 992 996
45 992 996
168 994 996
44 994 996
348 867 998
155 867 998
348 997 998
384 997 998
348 868 999
35 868 999
348 997 999
384 997 999
383 998 1001
155 998 1001
383 998 1000
384 998 1000
383 1002 1003
170 1002 1003
383 1000 1002
384 1000 1002
347 864 1005
155 864 1005
347 1004 1005
385 1004 1005
347 865 1006
34 865 1006
347 1004 1006
385 1004 1006
383 1001 1005
155 1001 1005
383 1005 1007
385 1005 1007
383 1003 1008
170 1003 1008
383 1007 1008
385 1007 1008
384 387 1009
169 387 1009
384 387 999
35 387 999
384 386 1009
386 1009 1010
169 1009 1010
384 386 1002
386 1002 1011
170 1002 1011
389 1012 1014
388 1012 1014
389 1013 1014
169 1013 1014
389 1012 1016
388 1012 1016
389 1015 1016
46 1015 1016
386 1010 1014
169 1010 1014
386 1014 1017
388 1014 1017
386 1011 1018
170 1011 1018
386 1017 1018
388 1017 1018
167 390 993
390 993 1019
45 993 1019
390 1020 1021
170 1020 1021
167 390 1021
167 385 991
385 991 1006
34 991 1006
385 1008 1021
170 1008 1021
167 385 1021
390 1022 1023
171 1022 1023
390 1020 1023
170 1020 1023
390 391 1022
391 1022 1024
171 1022 1024
390 391 1019
391 1019 1025
45 1019 1025
388 1023 1026
171 1023 1026
388 1018 1023
170 1018 1023
388 1026 1027
171 1026 1027
388 1016 1027
46 1016 1027
36 158 392
172 392 1028
158 392 1028
393 878 1029
158 878 1029
35 393 878
393 1028 1030
172 1028 1030
393 1028 1029
158 1028 1029
172 394 395
47 394 395
172 392 395
36 392 395
389 1013 1031
169 1013 1031
389 397 1031
389 1015 1032
46 1015 1032
389 397 1032
169 396 1031
396 1031 1033
397 1031 1033
396 1034 1035
172 1034 1035
396 1033 1034
397 1033 1034
169 387 393
35 387 393
169 393 396
393 396 1030
396 1030 1035
172 1030 1035
172 394 1036
394 398 1036
47 394 398
397 1034 1036
172 1034 1036
397 1036 1037
398 1036 1037
397 1032 1038
46 1032 1038
397 1037 1038
398 1037 1038
357 903 1040
37 903 1040
357 1039 1040
400 1039 1040
357 904 1041
36 904 1041
357 1039 1041
400 1039 1041
399 1040 1043
37 1040 1043
399 1040 1042
400 1040 1042
48 399 1044
399 1042 1044
400 1042 1044
47 395 400
36 395 1041
395 400 1041
47 400 401
400 401 1044
48 401 1044
38 363 403
37 363 1045
363 403 1045
38 402 403
49 402 1046
402 403 1046
48 399 1047
399 403 1047
399 1043 1045
37 1043 1045
399 403 1045
404 1047 1048
403 1047 1048
48 404 1047
404 1046 1048
403 1046 1048
404 1046 1049
49 1046 1049
364 919 1051
39 919 1051
364 1050 1051
406 1050 1051
364 920 1052
38 920 1052
364 1050 1052
406 1050 1052
405 1051 1054
39 1051 1054
405 1051 1053
406 1051 1053
405 1055 1056
50 1055 1056
405 1053 1055
406 1053 1055
49 402 1057
402 406 1057
38 402 1052
402 406 1052
407 1057 1058
406 1057 1058
49 407 1057
407 1055 1058
406 1055 1058
407 1055 1059
50 1055 1059
367 933 1061
40 933 1061
367 1060 1061
409 1060 1061
367 934 1062
39 934 1062
367 1060 1062
409 1060 1062
408 1061 1064
40 1061 1064
408 1061 1063
409 1061 1063
408 1065 1066
51 1065 1066
408 1063 1065
409 1063 1065
405 1056 1068
50 1056 1068
405 1067 1068
409 1067 1068
405 1054 1062
39 1054 1062
405 1062 1067
409 1062 1067
410 1068 1069
409 1068 1069
50 410 1068
410 1065 1069
409 1065 1069
410 1065 1070
51 1065 1070
374 1071 1072
174 1071 1072
374 960 1072
41 960 1072
374 1071 1073
174 1071 1073
374 961 1073
40 961 1073
173 1072 1075
41 1072 1075
173 1072 1074
174 1072 1074
52 173 1076
173 1074 1076
174 1074 1076
174 408 1077
408 1066 1077
51 1066 1077
174 408 1073
408 1064 1073
40 1064 1073
174 1076 1078
52 1076 1078
174 1077 1078
51 1077 1078
166 980 1080
42 980 1080
166 1079 1080
176 1079 1080
166 381 411
41 381 411
411 1079 1081
176 1079 1081
166 411 1079
42 175 1080
175 176 1080
53 175 1082
175 176 1082
52 173 1084
173 1083 1084
176 1083 1084
411 1075 1085
173 1075 1085
41 411 1075
411 1081 1083
176 1081 1083
411 1083 1085
173 1083 1085
177 1084 1086
176 1084 1086
177 1084 1087
52 1084 1087
177 1082 1086
176 1082 1086
177 1082 1088
53 1082 1088
178 987 1089
43 987 1089
178 987 1090
42 987 1090
54 178 1091
178 1089 1091
43 1089 1091
53 175 178
42 175 1090
175 178 1090
53 54 178
180 996 1092
45 996 1092
180 996 1093
44 996 1093
179 1092 1094
45 1092 1094
179 180 1092
56 179 1095
179 180 1095
180 1096 1097
55 1096 1097
180 1093 1097
44 1093 1097
412 1095 1098
180 1095 1098
412 1095 1099
56 1095 1099
412 1096 1098
180 1096 1098
55 412 1096
414 1027 1100
171 1027 1100
46 414 1027
413 1100 1102
171 1100 1102
413 1100 1101
414 1100 1101
413 1103 1104
182 1103 1104
413 1101 1103
414 1101 1103
391 1024 1106
171 1024 1106
391 1105 1106
415 1105 1106
391 1025 1107
45 1025 1107
391 1105 1107
415 1105 1107
413 1102 1106
171 1102 1106
413 1106 1108
415 1106 1108
413 1104 1109
182 1104 1109
413 1108 1109
415 1108 1109
181 414 416
46 414 416
414 1103 1110
182 1103 1110
181 414 1110
181 417 418
57 417 418
182 417 1110
181 417 1110
56 179 1112
179 1111 1112
182 1111 1112
179 415 1094
415 1094 1107
45 1094 1107
415 1109 1111
182 1109 1111
179 415 1111
182 183 1112
56 183 1112
182 183 417
57 183 417
184 398 419
47 398 419
184 398 420
398 420 1038
46 420 1038
184 421 422
58 421 422
184 419 422
47 419 422
181 418 424
57 418 424
181 423 424
184 423 424
181 416 420
46 416 420
181 420 423
184 420 423
184 421 425
58 421 1113
421 425 1113
184 424 425
57 424 425
48 401 1114
401 427 1114
47 401 427
426 1114 1116
48 1114 1116
426 1114 1115
427 1114 1115
426 1117 1118
59 1117 1118
426 1115 1117
427 1115 1117
58 422 1119
422 427 1119
47 422 427
427 428 1119
428 1119 1120
58 1119 1120
427 428 1117
428 1117 1121
59 1117 1121
404 1049 1122
49 1049 1122
404 430 1122
48 404 1123
404 430 1123
429 1122 1125
49 1122 1125
429 1122 1124
430 1122 1124
429 1126 1127
60 1126 1127
429 1124 1126
430 1124 1126
426 1118 1129
59 1118 1129
426 1128 1129
430 1128 1129
426 1116 1123
48 1116 1123
426 1123 1128
430 1123 1128
430 1126 1130
60 1126 1130
430 1129 1130
59 1129 1130
407 1059 1131
50 1059 1131
407 432 1131
49 407 1132
407 432 1132
431 1131 1133
50 1131 1133
431 432 1131
431 1134 1135
61 1134 1135
431 432 1134
429 1127 1137
60 1127 1137
429 1136 1137
432 1136 1137
429 1125 1132
49 1125 1132
429 1132 1136
432 1132 1136
433 1137 1138
432 1137 1138
433 1137 1139
60 1137 1139
433 1134 1138
432 1134 1138
433 1134 1140
61 1134 1140
410 1070 1141
51 1070 1141
410 435 1141
50 410 1142
410 435 1142
434 1141 1143
51 1141 1143
434 435 1141
434 1144 1145
62 1144 1145
434 435 1144
431 1135 1147
61 1135 1147
431 1146 1147
435 1146 1147
431 1133 1142
50 1133 1142
431 1142 1146
435 1142 1146
436 1147 1148
435 1147 1148
436 1147 1149
61 1147 1149
436 1144 1148
435 1144 1148
436 1144 1150
62 1144 1150
186 1078 1151
52 1078 1151
186 1078 1152
51 1078 1152
185 1151 1154
52 1151 1154
185 1151 1153
186 1151 1153
185 1155 1156
63 1155 1156
185 1153 1155
186 1153 1155
434 1157 1158
186 1157 1158
434 1145 1158
62 1145 1158
434 1152 1157
186 1152 1157
434 1143 1152
51 1143 1152
437 1155 1159
186 1155 1159
437 1155 1160
63 1155 1160
437 1158 1159
186 1158 1159
437 1158 1161
62 1158 1161
177 1088 1162
53 1088 1162
177 188 1162
177 1087 1163
52 1087 1163
177 188 1163
53 187 1162
187 188 1162
64 187 188
185 1156 1165
63 1156 1165
185 1164 1165
188 1164 1165
185 1154 1163
52 1154 1163
185 1163 1164
188 1163 1164
188 189 1165
63 189 1165
64 188 189
53 54 190
190 1166 1167
65 1166 1167
54 190 1167
64 187 1168
187 190 1168
53 187 190
438 1166 1169
190 1166 1169
65 438 1166
438 1168 1169
190 1168 1169
438 1168 1170
64 1168 1170
412 439 1172
439 1171 1172
192 1171 1172
412 439 1099
56 439 1099
412 1172 1173
192 1172 1173
55 412 1173
439 1174 1175
191 1174 1175
56 439 1175
439 440 1174
440 1174 1176
191 1174 1176
439 440 1171
440 1171 1177
192 1171 1177
441 442 1178
191 442 1178
67 441 442
440 1176 1178
191 1176 1178
440 1178 1179
441 1178 1179
440 1177 1180
192 1177 1180
440 1179 1180
441 1179 1180
192 1181 1182
66 1181 1182
192 1173 1182
55 1173 1182
441 1180 1183
192 1180 1183
441 443 1183
67 441 443
443 1181 1183
192 1181 1183
443 1181 1184
66 1181 1184
57 183 194
56 183 1185
183 194 1185
57 193 194
68 193 1186
193 194 1186
191 442 444
67 442 1187
442 444 1187
191 194 444
191 1175 1185
56 1175 1185
191 194 1185
444 1188 1189
195 1188 1189
194 444 1189
445 1188 1190
444 1188 1190
445 1188 1191
195 1188 1191
445 1187 1190
444 1187 1190
445 1187 1192
67 1187 1192
195 1186 1189
194 1186 1189
195 1186 1193
68 1186 1193
425 1194 1195
196 1194 1195
425 1113 1195
58 1113 1195
425 1194 1196
196 1194 1196
57 425 1196
196 1197 1198
69 1197 1198
196 1195 1198
58 1195 1198
68 193 1199
193 196 1199
57 193 1196
193 196 1196
446 1197 1200
196 1197 1200
446 1197 1201
69 1197 1201
446 1199 1200
196 1199 1200
446 1199 1202
68 1199 1202
428 1121 1204
59 1121 1204
428 1203 1204
448 1203 1204
428 1120 1205
58 1120 1205
428 1203 1205
448 1203 1205
447 1204 1207
59 1204 1207
447 1204 1206
448 1204 1206
447 1208 1209
70 1208 1209
447 1206 1208
448 1206 1208
69 448 1198
448 1198 1205
58 1198 1205
448 1208 1210
70 1208 1210
69 448 1210
449 1130 1211
60 1130 1211
449 1130 1212
59 1130 1212
449 1213 1214
71 1213 1214
449 1211 1214
60 1211 1214
447 1209 1216
70 1209 1216
447 1215 1216
449 1215 1216
447 1207 1212
59 1207 1212
447 1212 1215
449 1212 1215
449 1213 1217
71 1213 1217
449 1216 1217
70 1216 1217
433 1140 1218
61 1140 1218
433 450 1218
433 1139 1219
60 1139 1219
433 450 1219
72 450 1220
450 1218 1220
61 1218 1220
71 450 1214
450 1214 1219
60 1214 1219
72 450 1221
71 450 1221
436 1150 1222
62 1150 1222
436 452 1222
436 1149 1223
61 1149 1223
436 452 1223
62 451 1222
451 452 1222
451 1224 1225
73 1224 1225
451 452 1224
72 452 1220
452 1220 1223
61 1220 1223
452 1224 1226
73 1224 1226
72 452 1226
198 437 453
437 453 1160
63 453 1160
198 437 454
437 454 1161
62 454 1161
453 456 1227
197 456 1227
63 453 456
453 455 1227
455 1227 1228
197 1227 1228
198 453 455
458 1229 1231
457 1229 1231
458 1230 1231
197 1230 1231
458 1229 1232
457 1229 1232
74 458 1232
455 1228 1231
197 1228 1231
455 1231 1233
457 1231 1233
198 455 1234
455 1233 1234
457 1233 1234
459 1235 1237
451 1235 1237
459 1236 1237
198 1236 1237
459 1225 1235
451 1225 1235
459 1225 1238
73 1225 1238
451 454 1237
198 454 1237
62 451 454
457 1234 1240
198 1234 1240
457 1239 1240
460 1239 1240
457 1232 1241
74 1232 1241
457 1239 1241
460 1239 1241
459 1236 1240
198 1236 1240
459 1240 1242
460 1240 1242
459 1238 1243
73 1238 1243
459 1242 1243
460 1242 1243
64 189 461
189 200 461
63 189 462
189 200 462
199 461 463
64 461 463
199 200 461
199 464 1245
464 1244 1245
75 1244 1245
199 200 464
458 1230 1246
197 1230 1246
458 465 1246
74 458 1247
458 465 1247
200 465 1248
465 1246 1248
197 1246 1248
197 456 462
63 456 462
200 462 1248
197 462 1248
465 1249 1250
201 1249 1250
200 465 1250
465 466 1249
466 1249 1251
201 1249 1251
465 466 1247
466 1247 1252
74 1247 1252
464 1250 1253
201 1250 1253
200 464 1250
464 467 1253
467 1253 1254
201 1253 1254
464 467 1244
467 1244 1255
75 1244 1255
65 202 438
202 438 468
438 468 1170
64 468 1170
202 1256 1257
76 1256 1257
65 202 1257
199 470 1245
75 470 1245
199 469 470
202 469 470
199 463 468
64 463 468
199 468 469
202 468 469
202 471 1256
471 1256 1258
76 1256 1258
202 470 471
75 470 1259
470 471 1259
443 1260 1261
204 1260 1261
67 443 1261
443 1260 1262
204 1260 1262
443 1184 1262
66 1184 1262
203 1261 1264
67 1261 1264
203 1261 1263
204 1261 1263
203 1265 1266
78 1265 1266
203 1263 1265
204 1263 1265
204 1267 1268
77 1267 1268
204 1262 1268
66 1262 1268
204 472 1265
472 1265 1269
78 1265 1269
204 472 1267
472 1267 1270
77 1267 1270
474 1193 1271
195 1193 1271
68 474 1193
473 1271 1273
195 1271 1273
473 1271 1272
474 1271 1272
473 1274 1275
206 1274 1275
473 1272 1274
474 1272 1274
445 1191 1277
195 1191 1277
445 1276 1277
475 1276 1277
445 1192 1278
67 1192 1278
445 1276 1278
475 1276 1278
473 1273 1277
195 1273 1277
473 1277 1279
475 1277 1279
473 1275 1280
206 1275 1280
473 1279 1280
475 1279 1280
68 205 474
474 1274 1281
206 1274 1281
205 474 1281
476 1282 1284
205 1282 1284
476 1283 1284
79 1283 1284
476 1281 1285
206 1281 1285
476 1281 1282
205 1281 1282
477 1266 1286
203 1266 1286
477 1266 1287
78 1266 1287
477 1288 1289
206 1288 1289
477 1286 1289
203 1286 1289
475 1264 1290
203 1264 1290
475 1264 1278
67 1264 1278
475 1280 1289
206 1280 1289
475 1289 1290
203 1289 1290
207 477 1291
477 1288 1291
206 1288 1291
207 477 478
477 478 1287
78 478 1287
476 1291 1292
207 1291 1292
476 1285 1291
206 1285 1291
479 1292 1293
476 1292 1293
479 1292 1294
207 1292 1294
479 1283 1293
476 1283 1293
479 1283 1295
79 1283 1295
480 1296 1298
446 1296 1298
480 1297 1298
208 1297 1298
480 1201 1296
446 1201 1296
480 1201 1299
69 1201 1299
446 1298 1300
208 1298 1300
446 1202 1300
68 1202 1300
481 1302 1303
208 1302 1303
481 1301 1302
482 1301 1302
481 1304 1305
80 1304 1305
481 1301 1304
482 1301 1304
480 1297 1302
208 1297 1302
480 1302 1306
482 1302 1306
480 1299 1307
69 1299 1307
480 1306 1307
482 1306 1307
205 1284 1309
79 1284 1309
205 1308 1309
208 1308 1309
68 205 1300
205 1300 1308
208 1300 1308
481 1303 1310
208 1303 1310
481 483 1310
481 1305 1311
80 1305 1311
481 483 1311
483 1309 1310
208 1309 1310
79 483 1309
70 484 1210
484 1210 1312
69 1210 1312
70 81 484
482 1304 1313
80 1304 1313
482 484 1313
482 1307 1312
69 1307 1312
482 484 1312
81 484 1314
484 1313 1314
80 1313 1314
71 1217 1316
70 1217 1316
71 1315 1316
82 1315 1316
70 81 1316
81 1316 1317
82 1316 1317
72 485 1221
485 1221 1318
71 1221 1318
485 1319 1320
83 1319 1320
72 485 1320
485 1315 1321
82 1315 1321
485 1315 1318
71 1315 1318
485 486 1321
486 1321 1322
82 1321 1322
485 486 1319
486 1319 1323
83 1319 1323
488 1226 1324
73 1226 1324
72 488 1226
487 1324 1325
73 1324 1325
487 488 1324
487 1326 1327
84 1326 1327
487 488 1326
83 488 1320
72 488 1320
488 1326 1328
84 1326 1328
83 488 1328
489 1329 1331
460 1329 1331
489 1330 1331
210 1330 1331
489 1241 1329
460 1241 1329
489 1241 1332
74 1241 1332
460 1331 1333
210 1331 1333
460 1243 1333
73 1243 1333
490 1334 1336
489 1334 1336
490 1335 1336
209 1335 1336
490 1332 1334
489 1332 1334
74 490 1332
489 1330 1337
210 1330 1337
489 1336 1337
209 1336 1337
491 492 1338
209 492 1338
491 492 1339
85 492 1339
491 1337 1340
210 1337 1340
491 1337 1338
209 1337 1338
493 1341 1343
487 1341 1343
493 1342 1343
210 1342 1343
493 1327 1341
487 1327 1341
493 1327 1344
84 1327 1344
487 1333 1343
210 1333 1343
487 1325 1333
73 1325 1333
494 1345 1347
493 1345 1347
494 1346 1347
211 1346 1347
494 1342 1345
493 1342 1345
494 1342 1348
210 1342 1348
493 495 1347
211 495 1347
493 495 1344
495 1344 1349
84 1344 1349
494 1350 1351
491 1350 1351
494 1346 1351
211 1346 1351
494 1340 1350
491 1340 1350
494 1340 1348
210 1340 1348
496 1351 1352
491 1351 1352
496 1351 1353
211 1351 1353
496 1339 1352
491 1339 1352
496 1339 1354
85 1339 1354
467 1254 1356
201 1254 1356
467 1355 1356
498 1355 1356
467 1255 1357
75 1255 1357
467 1355 1357
498 1355 1357
497 1356 1359
201 1356 1359
497 1356 1358
498 1356 1358
497 1360 1361
213 1360 1361
497 1358 1360
498 1358 1360
466 1251 1363
201 1251 1363
466 1362 1363
499 1362 1363
466 1252 1364
74 1252 1364
466 1362 1364
499 1362 1364
497 1359 1363
201 1359 1363
497 1363 1365
499 1363 1365
497 1361 1366
213 1361 1366
497 1365 1366
499 1365 1366
501 1367 1369
498 1367 1369
501 1368 1369
212 1368 1369
501 1357 1367
498 1357 1367
501 1357 1370
75 1357 1370
498 500 1369
212 500 1369
498 500 1360
213 500 1360
503 1371 1373
502 1371 1373
503 1372 1373
212 1372 1373
503 1371 1374
502 1371 1374
86 503 1374
212 500 1373
500 502 1373
213 500 1375
500 502 1375
209 492 505
85 492 505
209 504 505
213 504 1376
504 505 1376
490 1335 1378
209 1335 1378
490 1377 1378
499 1377 1378
74 490 1364
490 1364 1377
499 1364 1377
499 504 1378
209 504 1378
499 504 1366
213 504 1366
505 506 1380
506 1379 1380
214 1379 1380
505 506 1376
506 1376 1381
213 1376 1381
505 507 1380
214 507 1380
85 505 507
506 1382 1383
502 1382 1383
506 1379 1383
214 1379 1383
506 1375 1382
502 1375 1382
506 1375 1381
213 1375 1381
508 1383 1384
502 1383 1384
508 1383 1385
214 1383 1385
508 1374 1384
502 1374 1384
508 1374 1386
86 1374 1386
471 509 1388
509 1387 1388
215 1387 1388
471 509 1258
509 1258 1389
76 1258 1389
471 510 1388
510 1388 1390
215 1388 1390
471 510 1259
510 1259 1391
75 1259 1391
511 1393 1394
215 1393 1394
511 1392 1393
512 1392 1393
511 1395 1396
87 1395 1396
511 1392 1395
512 1392 1395
509 1387 1393
215 1387 1393
509 1393 1397
512 1393 1397
509 1389 1398
76 1389 1398
509 1397 1398
512 1397 1398
503 1372 1399
212 1372 1399
503 514 1399
86 503 1400
503 514 1400
513 1399 1401
212 1399 1401
513 514 1399
513 1402 1403
215 1402 1403
513 514 1402
501 1368 1405
212 1368 1405
501 1404 1405
510 1404 1405
501 1370 1391
75 1370 1391
501 1391 1404
510 1391 1404
513 1405 1406
510 1405 1406
513 1401 1405
212 1401 1405
513 1390 1406
510 1390 1406
513 1390 1403
215 1390 1403
511 1394 1408
215 1394 1408
511 1407 1408
515 1407 1408
511 1396 1409
87 1396 1409
511 1407 1409
515 1407 1409
514 1402 1408
215 1402 1408
514 1408 1410
515 1408 1410
514 1400 1411
86 1400 1411
514 1410 1411
515 1410 1411
472 1269 1413
78 1269 1413
472 1412 1413
517 1412 1413
472 1270 1414
77 1270 1414
472 1412 1414
517 1412 1414
516 1413 1416
78 1413 1416
516 1413 1415
517 1413 1415
89 516 1417
516 1415 1417
517 1415 1417
88 517 519
517 519 1414
77 519 1414
88 517 518
517 518 1417
89 518 1417
479 1294 1418
207 1294 1418
479 521 1418
479 1295 1419
79 1295 1419
479 521 1419
207 520 1418
520 521 1418
217 520 521
207 478 522
78 478 522
207 520 522
217 520 1420
520 522 1420
216 521 1421
521 1419 1421
79 1419 1421
216 521 523
217 521 523
216 524 525
90 524 525
216 523 524
217 523 524
516 1422 1423
217 1422 1423
89 516 1423
522 1422 1424
516 1422 1424
522 1420 1422
217 1420 1422
522 1416 1424
516 1416 1424
78 522 1416
217 524 526
90 524 526
217 526 1423
89 526 1423
218 483 527
483 527 1311
80 527 1311
218 483 1425
79 483 1425
528 1427 1428
218 1427 1428
528 1426 1427
529 1426 1427
91 528 1429
528 1426 1429
529 1426 1429
218 527 1427
527 529 1427
80 527 529
216 525 530
90 525 1430
525 530 1430
530 1431 1432
218 1431 1432
216 530 1432
216 1421 1425
79 1421 1425
216 1425 1432
218 1425 1432
530 1433 1434
219 1433 1434
530 1431 1434
218 1431 1434
531 1433 1435
530 1433 1435
531 1433 1436
219 1433 1436
531 1430 1435
530 1430 1435
531 1430 1437
90 1430 1437
528 1434 1438
219 1434 1438
528 1428 1434
218 1428 1434
528 532 1438
219 532 1438
91 528 532
220 1314 1439
81 1314 1439
220 1314 1440
80 1314 1440
533 1441 1442
220 1441 1442
533 534 1441
533 1443 1444
92 1443 1444
533 534 1443
534 1439 1441
220 1439 1441
534 1439 1445
81 1439 1445
529 535 1447
535 1446 1447
220 1446 1447
529 535 1429
535 1429 1448
91 1429 1448
529 1440 1447
220 1440 1447
80 529 1440
535 536 1450
536 1449 1450
221 1449 1450
535 536 1446
536 1446 1451
220 1446 1451
537 1450 1452
535 1450 1452
221 537 1450
537 1448 1452
535 1448 1452
537 1448 1453
91 1448 1453
536 1454 1455
533 1454 1455
536 1449 1455
221 1449 1455
536 1442 1454
533 1442 1454
536 1442 1451
220 1442 1451
538 1455 1456
533 1455 1456
538 1455 1457
221 1455 1457
538 1444 1456
533 1444 1456
92 538 1444
82 222 1317
222 1317 1458
81 1317 1458
222 1459 1460
93 1459 1460
82 222 1460
534 1461 1462
222 1461 1462
534 1443 1462
92 1443 1462
534 1458 1461
222 1458 1461
534 1445 1458
81 1445 1458
223 1462 1463
222 1462 1463
223 1462 1464
92 1462 1464
223 1459 1463
222 1459 1463
223 1459 1465
93 1459 1465
539 1466 1468
486 1466 1468
539 1467 1468
224 1467 1468
539 1323 1466
486 1323 1466
539 1323 1469
83 1323 1469
486 1468 1470
224 1468 1470
486 1322 1470
82 1322 1470
224 540 1471
540 541 1471
94 540 541
539 1467 1471
224 1467 1471
539 1471 1472
541 1471 1472
539 1469 1473
83 1469 1473
539 1472 1473
541 1472 1473
224 1460 1474
93 1460 1474
224 1460 1470
82 1460 1470
225 1474 1475
224 1474 1475
225 1474 1476
93 1474 1476
225 540 1475
224 540 1475
94 225 540
227 1328 1477
84 1328 1477
227 1328 1478
83 1328 1478
226 1477 1479
84 1477 1479
226 227 1477
95 226 542
226 227 542
227 541 543
94 541 543
227 541 1478
541 1473 1478
83 1473 1478
228 543 544
227 543 544
228 543 545
94 543 545
228 542 544
227 542 544
228 542 1480
95 542 1480
496 1353 1481
211 1353 1481
496 546 1481
496 1354 1482
85 1354 1482
496 546 1482
230 546 1483
546 1481 1483
211 1481 1483
211 495 1485
495 1484 1485
547 1484 1485
495 1349 1486
84 1349 1486
495 1484 1486
547 1484 1486
230 547 1483
547 1483 1485
211 1483 1485
546 1487 1488
229 1487 1488
546 1482 1488
85 1482 1488
230 546 1489
546 1487 1489
229 1487 1489
229 1490 1491
96 1490 1491
229 1489 1490
230 1489 1490
95 226 1492
226 230 1492
226 547 1479
547 1479 1486
84 1479 1486
226 230 547
231 1492 1493
230 1492 1493
231 1492 1494
95 1492 1494
231 1490 1493
230 1490 1493
231 1490 1495
96 1490 1495
508 1385 1497
214 1385 1497
508 1496 1497
548 1496 1497
508 1386 1498
86 1386 1498
508 1496 1498
548 1496 1498
233 548 1499
548 1497 1499
214 1497 1499
214 507 549
85 507 549
233 549 1499
214 549 1499
232 548 550
548 550 1498
86 550 1498
232 233 548
232 551 552
97 551 552
232 233 551
229 553 1491
96 553 1491
229 233 553
229 549 1488
85 549 1488
229 233 549
553 554 1500
234 554 1500
233 553 554
553 555 1500
555 1500 1501
234 1500 1501
96 553 555
234 551 554
233 551 554
234 551 556
97 551 556
515 557 1502
235 557 1502
515 557 1409
87 557 1409
515 558 1502
558 1502 1503
235 1502 1503
515 558 1411
86 558 1411
235 559 560
98 559 560
235 557 560
87 557 560
232 552 1504
552 562 1504
97 552 562
561 1504 1505
232 1504 1505
561 562 1504
235 561 562
232 550 1506
550 558 1506
86 550 558
561 1506 1507
558 1506 1507
561 1505 1506
232 1505 1506
561 1503 1507
558 1503 1507
235 561 1503
235 559 563
98 559 563
235 562 563
97 562 563
89 518 1508
518 565 1508
88 518 1509
518 565 1509
564 1508 1511
89 1508 1511
564 1508 1510
565 1508 1510
564 1512 1513
100 1512 1513
564 1510 1512
565 1510 1512
567 1514 1516
565 1514 1516
567 1515 1516
99 1515 1516
567 1509 1514
565 1509 1514
567 1509 1517
88 1509 1517
565 566 1516
99 566 1516
565 566 1512
100 566 1512
90 526 1518
526 569 1518
89 526 1519
526 569 1519
568 1518 1521
90 1518 1521
568 1518 1520
569 1518 1520
568 1522 1523
101 1522 1523
568 1520 1522
569 1520 1522
564 1513 1525
100 1513 1525
564 1524 1525
569 1524 1525
564 1511 1519
89 1511 1519
564 1519 1524
569 1519 1524
569 570 1525
100 570 1525
569 570 1522
101 570 1522
219 532 572
91 532 1526
532 572 1526
219 571 572
237 571 1527
571 572 1527
531 1436 1528
219 1436 1528
531 573 1528
531 1437 1529
90 1437 1529
531 573 1529
219 571 1528
571 573 1528
237 571 1530
571 573 1530
572 575 1532
575 1531 1532
236 1531 1532
572 575 1526
575 1526 1533
91 1526 1533
574 1532 1534
572 1532 1534
574 1532 1535
236 1532 1535
574 1527 1534
572 1527 1534
237 574 1527
576 577 1536
236 577 1536
102 576 577
574 1535 1536
236 1535 1536
574 576 1536
237 574 576
568 578 1537
237 578 1537
568 578 1523
101 578 1523
573 1537 1538
568 1537 1538
573 1530 1537
237 1530 1537
573 1521 1538
568 1521 1538
573 1521 1529
90 1521 1529
237 576 579
102 576 1539
576 579 1539
237 578 579
101 578 1540
578 579 1540
538 1457 1541
221 1457 1541
538 581 1541
92 538 581
580 1541 1543
221 1541 1543
580 1541 1542
581 1541 1542
239 580 1544
580 1542 1544
581 1542 1544
221 537 1545
537 582 1545
537 1453 1546
91 1453 1546
537 582 1546
580 1543 1545
221 1543 1545
580 582 1545
239 580 582
581 1547 1548
238 1547 1548
92 581 1548
583 1547 1549
581 1547 1549
238 583 1547
583 1544 1549
581 1544 1549
583 1544 1550
239 1544 1550
238 584 585
103 584 585
238 583 584
583 1550 1551
239 1550 1551
583 584 1551
236 577 586
102 577 586
239 586 1552
236 586 1552
575 1531 1554
236 1531 1554
575 1553 1554
582 1553 1554
575 1533 1546
91 1533 1546
575 1546 1553
582 1546 1553
239 582 1552
582 1552 1554
236 1552 1554
240 586 1555
239 586 1555
240 586 587
102 586 587
240 584 1555
584 1551 1555
239 1551 1555
240 584 1556
103 584 1556
223 1465 1558
93 1465 1558
223 1557 1558
242 1557 1558
223 1464 1559
92 1464 1559
223 1557 1559
242 1557 1559
241 1558 1560
93 1558 1560
241 242 1558
241 1561 1562
104 1561 1562
241 242 1561
238 585 588
103 585 588
588 1563 1564
242 1563 1564
238 588 1564
238 1548 1559
92 1548 1559
238 1559 1564
242 1559 1564
588 1565 1566
243 1565 1566
588 1563 1566
242 1563 1566
588 1565 1567
243 1565 1567
103 588 1567
243 1561 1566
242 1561 1566
104 243 1561
94 225 1568
225 245 1568
225 1476 1569
93 1476 1569
225 245 1569
94 244 1568
244 1568 1570
245 1568 1570
244 589 1572
589 1571 1572
105 1571 1572
589 1570 1573
245 1570 1573
244 589 1570
590 1562 1574
241 1562 1574
590 1562 1575
104 1562 1575
590 1576 1577
245 1576 1577
590 1574 1577
241 1574 1577
241 1560 1569
93 1560 1569
241 1569 1577
245 1569 1577
591 1578 1580
590 1578 1580
591 1579 1580
246 1579 1580
591 1576 1578
590 1576 1578
591 1576 1581
245 1576 1581
592 1580 1582
590 1580 1582
592 1580 1583
246 1580 1583
592 1575 1582
590 1575 1582
104 592 1575
591 1584 1585
589 1584 1585
591 1579 1585
246 1579 1585
591 1573 1584
589 1573 1584
591 1573 1581
245 1573 1581
593 1585 1586
589 1585 1586
593 1585 1587
246 1585 1587
593 1571 1586
589 1571 1586
593 1571 1588
105 1571 1588
228 1480 1590
95 1480 1590
228 1589 1590
248 1589 1590
228 545 594
94 545 594
248 594 1589
228 594 1589
95 247 1590
247 248 1590
106 247 595
247 248 595
244 596 1572
105 596 1572
244 248 596
94 244 594
244 248 594
249 596 597
248 596 597
105 249 596
595 597 1591
249 597 1591
248 595 597
595 598 1591
598 1591 1592
249 1591 1592
106 595 598
231 1495 1593
96 1495 1593
231 251 1593
231 1494 1594
95 1494 1594
231 251 1594
250 1593 1596
96 1593 1596
250 1593 1595
251 1593 1595
599 1597 1599
250 1597 1599
599 1598 1599
107 1598 1599
251 599 1595
599 1595 1597
250 1595 1597
106 247 600
247 251 600
95 247 1594
247 251 1594
252 600 601
251 600 601
106 252 600
252 599 601
251 599 601
252 599 602
599 602 1598
107 602 1598
234 556 604
97 556 604
234 603 604
253 603 604
555 1501 1601
234 1501 1601
555 1600 1601
605 1600 1601
96 555 1602
555 1600 1602
605 1600 1602
234 603 1601
603 605 1601
253 603 605
253 606 607
108 606 607
253 604 607
97 604 607
250 1599 1604
107 1599 1604
250 1603 1604
253 1603 1604
250 605 1596
605 1596 1602
96 1596 1602
253 605 1603
250 605 1603
253 606 608
108 606 608
253 608 1604
107 608 1604
98 563 1605
563 609 1605
97 563 609
609 1606 1607
109 1606 1607
609 1605 1607
98 1605 1607
108 607 609
97 607 609
108 609 610
609 610 1606
109 610 1606
100 566 1608
566 612 1608
99 566 1609
566 612 1609
611 1608 1611
100 1608 1611
611 1608 1610
612 1608 1610
611 1612 1613
111 1612 1613
611 1610 1612
612 1610 1612
614 1614 1616
612 1614 1616
614 1615 1616
110 1615 1616
614 1609 1614
612 1609 1614
99 614 1609
612 613 1616
110 613 1616
612 613 1612
111 613 1612
101 570 1617
570 616 1617
100 570 1618
570 616 1618
615 1617 1620
101 1617 1620
615 1617 1619
616 1617 1619
615 1621 1622
112 1621 1622
615 1619 1621
616 1619 1621
611 1613 1624
111 1613 1624
611 1623 1624
616 1623 1624
611 1611 1618
100 1611 1618
611 1618 1623
616 1618 1623
616 1621 1625
112 1621 1625
616 1624 1625
111 1624 1625
579 1539 1627
102 1539 1627
579 1626 1627
618 1626 1627
579 1540 1628
101 1540 1628
579 1626 1628
618 1626 1628
617 1627 1629
102 1627 1629
617 618 1627
617 1630 1631
113 1630 1631
617 618 1630
615 1622 1633
112 1622 1633
615 1632 1633
618 1632 1633
615 1620 1628
101 1620 1628
615 1628 1632
618 1628 1632
618 1630 1634
113 1630 1634
618 1633 1634
112 1633 1634
620 1556 1635
240 1556 1635
620 1556 1636
103 1556 1636
619 1635 1638
240 1635 1638
619 1635 1637
620 1635 1637
619 1639 1640
254 1639 1640
619 1637 1639
620 1637 1639
240 587 1641
587 621 1641
102 587 1642
587 621 1642
619 1638 1641
240 1638 1641
619 1641 1643
621 1641 1643
619 1640 1644
254 1640 1644
619 1643 1644
621 1643 1644
622 1646 1647
254 1646 1647
622 1645 1646
623 1645 1646
622 1648 1649
114 1648 1649
622 1645 1648
623 1645 1648
620 1639 1646
254 1639 1646
620 623 1646
620 1636 1650
103 1636 1650
620 623 1650
617 624 1652
624 1651 1652
254 1651 1652
617 624 1631
624 1631 1653
113 1631 1653
621 1652 1654
617 1652 1654
621 1644 1652
254 1644 1652
621 1629 1654
617 1629 1654
621 1629 1642
102 1629 1642
622 1647 1656
254 1647 1656
622 1655 1656
625 1655 1656
622 1649 1657
114 1649 1657
622 1655 1657
625 1655 1657
624 1651 1656
254 1651 1656
624 1656 1658
625 1656 1658
624 1653 1659
113 1653 1659
624 1658 1659
625 1658 1659
104 243 1660
243 255 1660
243 1567 1661
103 1567 1661
243 255 1661
626 1663 1664
255 1663 1664
626 1662 1663
627 1662 1663
626 1665 1666
115 1665 1666
626 1662 1665
627 1662 1665
627 1660 1663
255 1660 1663
627 1660 1667
104 1660 1667
628 1668 1670
623 1668 1670
628 1669 1670
255 1669 1670
628 1648 1668
623 1648 1668
114 628 1648
623 1661 1670
255 1661 1670
623 1650 1661
103 1650 1661
626 1664 1671
255 1664 1671
626 629 1671
626 1666 1672
115 1666 1672
626 629 1672
628 1669 1671
255 1669 1671
628 629 1671
114 628 629
593 1587 1673
246 1587 1673
593 631 1673
593 1588 1674
105 1588 1674
593 631 1674
246 630 1673
630 631 1673
256 630 631
592 1583 1675
246 1583 1675
592 632 1675
104 592 1676
592 632 1676
246 630 1675
630 632 1675
256 630 632
256 633 634
633 1677 1678
116 1677 1678
633 634 1677
256 631 634
631 1674 1679
105 1674 1679
631 634 1679
627 1680 1681
256 1680 1681
627 1665 1681
115 1665 1681
632 1680 1682
627 1680 1682
256 632 1680
632 1667 1682
627 1667 1682
632 1667 1676
104 1667 1676
256 633 1684
633 1683 1684
635 1683 1684
633 1678 1685
116 1678 1685
633 1683 1685
635 1683 1685
635 1681 1684
256 1681 1684
115 635 1681
598 1592 1687
249 1592 1687
598 1686 1687
636 1686 1687
106 598 1688
598 1686 1688
636 1686 1688
636 1689 1690
257 1689 1690
636 1687 1690
249 1687 1690
105 249 1691
249 1690 1691
257 1690 1691
637 1692 1694
257 1692 1694
637 1693 1694
117 1693 1694
636 1689 1692
257 1689 1692
636 1692 1695
637 1692 1695
636 1688 1696
106 1688 1696
636 1695 1696
637 1695 1696
634 1697 1698
257 1697 1698
634 1677 1698
116 1677 1698
634 1691 1697
257 1691 1697
634 1679 1691
105 1679 1691
257 1694 1699
117 1694 1699
257 1698 1699
116 1698 1699
252 602 638
107 602 638
252 258 638
106 252 1700
252 258 1700
118 258 639
258 638 639
107 638 639
258 637 1701
637 1693 1701
117 1693 1701
258 637 1700
637 1696 1700
106 1696 1700
118 258 1702
258 1701 1702
117 1701 1702
108 608 641
107 608 641
108 640 641
119 640 641
118 639 641
107 639 641
118 641 642
119 641 642
109 610 644
108 610 644
109 643 644
120 643 644
119 640 644
108 640 644
119 644 645
120 644 645
