ID=8214858
numvertices=1736
numsimplices=3391
vertices
-1.500000e+00 -1.500000e+00
-1.200000e+00 -1.500000e+00
-9.000000e-01 -1.500000e+00
-6.000000e-01 -1.500000e+00
-3.000000e-01 -1.500000e+00
0.000000e+00 -1.500000e+00
3.000000e-01 -1.500000e+00
6.000000e-01 -1.500000e+00
9.000000e-01 -1.500000e+00
1.200000e+00 -1.500000e+00
1.500000e+00 -1.500000e+00
-1.500000e+00 -1.200000e+00
-1.200000e+00 -1.200000e+00
-9.000000e-01 -1.200000e+00
-6.000000e-01 -1.200000e+00
-3.000000e-01 -1.200000e+00
0.000000e+00 -1.200000e+00
3.000000e-01 -1.200000e+00
6.000000e-01 -1.200000e+00
9.000000e-01 -1.200000e+00
1.200000e+00 -1.200000e+00
1.500000e+00 -1.200000e+00
-1.500000e+00 -9.000000e-01
-1.200000e+00 -9.000000e-01
-9.000000e-01 -9.000000e-01
-6.000000e-01 -9.000000e-01
-3.000000e-01 -9.000000e-01
0.000000e+00 -9.000000e-01
3.000000e-01 -9.000000e-01
6.000000e-01 -9.000000e-01
9.000000e-01 -9.000000e-01
1.200000e+00 -9.000000e-01
1.500000e+00 -9.000000e-01
-1.500000e+00 -6.000000e-01
-1.200000e+00 -6.000000e-01
-9.000000e-01 -6.000000e-01
-6.000000e-01 -6.000000e-01
-3.000000e-01 -6.000000e-01
0.000000e+00 -6.000000e-01
3.000000e-01 -6.000000e-01
6.000000e-01 -6.000000e-01
9.000000e-01 -6.000000e-01
1.200000e+00 -6.000000e-01
1.500000e+00 -6.000000e-01
-1.500000e+00 -3.000000e-01
-1.200000e+00 -3.000000e-01
-9.000000e-01 -3.000000e-01
-6.000000e-01 -3.000000e-01
-3.000000e-01 -3.000000e-01
0.000000e+00 -3.000000e-01
3.000000e-01 -3.000000e-01
6.000000e-01 -3.000000e-01
9.000000e-01 -3.000000e-01
1.200000e+00 -3.000000e-01
1.500000e+00 -3.000000e-01
-1.500000e+00 0.000000e+00
-1.200000e+00 0.000000e+00
-9.000000e-01 0.000000e+00
-6.000000e-01 0.000000e+00
-3.000000e-01 0.000000e+00
0.000000e+00 0.000000e+00
3.000000e-01 0.000000e+00
6.000000e-01 0.000000e+00
9.000000e-01 0.000000e+00
1.200000e+00 0.000000e+00
1.500000e+00 0.000000e+00
-1.500000e+00 3.000000e-01
-1.200000e+00 3.000000e-01
-9.000000e-01 3.000000e-01
-6.000000e-01 3.000000e-01
-3.000000e-01 3.000000e-01
0.000000e+00 3.000000e-01
3.000000e-01 3.000000e-01
6.000000e-01 3.000000e-01
9.000000e-01 3.000000e-01
1.200000e+00 3.000000e-01
1.500000e+00 3.000000e-01
-1.500000e+00 6.000000e-01
-1.200000e+00 6.000000e-01
-9.000000e-01 6.000000e-01
-6.000000e-01 6.000000e-01
-3.000000e-01 6.000000e-01
0.000000e+00 6.000000e-01
3.000000e-01 6.000000e-01
6.000000e-01 6.000000e-01
9.000000e-01 6.000000e-01
1.200000e+00 6.000000e-01
1.500000e+00 6.000000e-01
-1.500000e+00 9.000000e-01
-1.200000e+00 9.000000e-01
-9.000000e-01 9.000000e-01
-6.000000e-01 9.000000e-01
-3.000000e-01 9.000000e-01
0.000000e+00 9.000000e-01
3.000000e-01 9.000000e-01
6.000000e-01 9.000000e-01
9.000000e-01 9.000000e-01
1.200000e+00 9.000000e-01
1.500000e+00 9.000000e-01
-1.500000e+00 1.200000e+00
-1.200000e+00 1.200000e+00
-9.000000e-01 1.200000e+00
-6.000000e-01 1.200000e+00
-3.000000e-01 1.200000e+00
0.000000e+00 1.200000e+00
3.000000e-01 1.200000e+00
6.000000e-01 1.200000e+00
9.000000e-01 1.200000e+00
1.200000e+00 1.200000e+00
1.500000e+00 1.200000e+00
-1.500000e+00 1.500000e+00
-1.200000e+00 1.500000e+00
-9.000000e-01 1.500000e+00
-6.000000e-01 1.500000e+00
-3.000000e-01 1.500000e+00
0.000000e+00 1.500000e+00
3.000000e-01 1.500000e+00
6.000000e-01 1.500000e+00
9.000000e-01 1.500000e+00
1.200000e+00 1.500000e+00
1.500000e+00 1.500000e+00
-7.500000e-01 -1.350000e+00
-7.500000e-01 -1.200000e+00
-4.500000e-01 -1.350000e+00
-4.500000e-01 -1.200000e+00
-1.500000e-01 -1.350000e+00
-1.500000e-01 -1.200000e+00
1.500000e-01 -1.350000e+00
1.500000e-01 -1.200000e+00
4.500000e-01 -1.350000e+00
4.500000e-01 -1.200000e+00
-9.000000e-01 -1.050000e+00
-1.050000e+00 -1.050000e+00
-1.050000e+00 -9.000000e-01
-6.000000e-01 -1.050000e+00
-7.500000e-01 -1.050000e+00
-7.500000e-01 -9.000000e-01
-3.000000e-01 -1.050000e+00
-4.500000e-01 -1.050000e+00
-4.500000e-01 -9.000000e-01
0.000000e+00 -1.050000e+00
-1.500000e-01 -1.050000e+00
-1.500000e-01 -9.000000e-01
3.000000e-01 -1.050000e+00
1.500000e-01 -1.050000e+00
1.500000e-01 -9.000000e-01
6.000000e-01 -1.050000e+00
4.500000e-01 -1.050000e+00
4.500000e-01 -9.000000e-01
7.500000e-01 -1.050000e+00
7.500000e-01 -9.000000e-01
-1.200000e+00 -7.500000e-01
-1.350000e+00 -7.500000e-01
-9.000000e-01 -7.500000e-01
-1.050000e+00 -7.500000e-01
-1.050000e+00 -6.000000e-01
-6.000000e-01 -7.500000e-01
-7.500000e-01 -7.500000e-01
-7.500000e-01 -6.000000e-01
-4.500000e-01 -7.500000e-01
-1.500000e-01 -7.500000e-01
1.500000e-01 -7.500000e-01
4.500000e-01 -7.500000e-01
9.000000e-01 -7.500000e-01
7.500000e-01 -7.500000e-01
1.050000e+00 -7.500000e-01
1.050000e+00 -6.000000e-01
-1.200000e+00 -4.500000e-01
-1.350000e+00 -4.500000e-01
-9.000000e-01 -4.500000e-01
-1.050000e+00 -4.500000e-01
-1.050000e+00 -3.000000e-01
-7.500000e-01 -4.500000e-01
9.000000e-01 -4.500000e-01
7.500000e-01 -4.500000e-01
1.200000e+00 -4.500000e-01
1.050000e+00 -4.500000e-01
1.050000e+00 -3.000000e-01
1.350000e+00 -4.500000e-01
-1.200000e+00 -1.500000e-01
-1.350000e+00 -1.500000e-01
-9.000000e-01 -1.500000e-01
-1.050000e+00 -1.500000e-01
-1.050000e+00 0.000000e+00
-7.500000e-01 -1.500000e-01
9.000000e-01 -1.500000e-01
7.500000e-01 -1.500000e-01
1.200000e+00 -1.500000e-01
1.050000e+00 -1.500000e-01
1.050000e+00 0.000000e+00
1.350000e+00 -1.500000e-01
-1.200000e+00 1.500000e-01
-1.350000e+00 1.500000e-01
-9.000000e-01 1.500000e-01
-1.050000e+00 1.500000e-01
-1.050000e+00 3.000000e-01
-7.500000e-01 1.500000e-01
9.000000e-01 1.500000e-01
7.500000e-01 1.500000e-01
1.200000e+00 1.500000e-01
1.050000e+00 1.500000e-01
1.050000e+00 3.000000e-01
1.350000e+00 1.500000e-01
-1.200000e+00 4.500000e-01
-1.350000e+00 4.500000e-01
-9.000000e-01 4.500000e-01
-1.050000e+00 4.500000e-01
-1.050000e+00 6.000000e-01
-7.500000e-01 4.500000e-01
9.000000e-01 4.500000e-01
7.500000e-01 4.500000e-01
7.500000e-01 6.000000e-01
1.200000e+00 4.500000e-01
1.050000e+00 4.500000e-01
1.050000e+00 6.000000e-01
1.350000e+00 4.500000e-01
-9.000000e-01 7.500000e-01
-1.050000e+00 7.500000e-01
-7.500000e-01 7.500000e-01
-7.500000e-01 9.000000e-01
-4.500000e-01 7.500000e-01
-4.500000e-01 9.000000e-01
-1.500000e-01 7.500000e-01
-1.500000e-01 9.000000e-01
1.500000e-01 7.500000e-01
1.500000e-01 9.000000e-01
6.000000e-01 7.500000e-01
4.500000e-01 7.500000e-01
4.500000e-01 9.000000e-01
9.000000e-01 7.500000e-01
7.500000e-01 7.500000e-01
7.500000e-01 9.000000e-01
1.200000e+00 7.500000e-01
1.050000e+00 7.500000e-01
1.050000e+00 9.000000e-01
1.350000e+00 7.500000e-01
-6.000000e-01 1.050000e+00
-7.500000e-01 1.050000e+00
-3.000000e-01 1.050000e+00
-4.500000e-01 1.050000e+00
-4.500000e-01 1.200000e+00
0.000000e+00 1.050000e+00
-1.500000e-01 1.050000e+00
-1.500000e-01 1.200000e+00
3.000000e-01 1.050000e+00
1.500000e-01 1.050000e+00
1.500000e-01 1.200000e+00
6.000000e-01 1.050000e+00
4.500000e-01 1.050000e+00
4.500000e-01 1.200000e+00
9.000000e-01 1.050000e+00
7.500000e-01 1.050000e+00
7.500000e-01 1.200000e+00
1.050000e+00 1.050000e+00
-4.500000e-01 1.350000e+00
-1.500000e-01 1.350000e+00
1.500000e-01 1.350000e+00
4.500000e-01 1.350000e+00
7.500000e-01 1.350000e+00
-1.350000e+00 -1.350000e+00
-1.350000e+00 -1.200000e+00
-9.000000e-01 -1.350000e+00
-1.050000e+00 -1.350000e+00
-6.750000e-01 -1.275000e+00
-6.000000e-01 -1.350000e+00
-8.250000e-01 -1.275000e+00
-8.250000e-01 -1.200000e+00
-6.750000e-01 -1.200000e+00
3.000000e-01 -1.350000e+00
5.250000e-01 -1.425000e+00
3.750000e-01 -1.425000e+00
4.500000e-01 -1.500000e+00
5.250000e-01 -1.275000e+00
6.000000e-01 -1.350000e+00
3.750000e-01 -1.275000e+00
4.500000e-01 -1.275000e+00
3.750000e-01 -1.200000e+00
5.250000e-01 -1.200000e+00
9.000000e-01 -1.350000e+00
7.500000e-01 -1.350000e+00
7.500000e-01 -1.500000e+00
7.500000e-01 -1.200000e+00
1.200000e+00 -1.350000e+00
1.050000e+00 -1.350000e+00
1.050000e+00 -1.500000e+00
1.050000e+00 -1.200000e+00
1.500000e+00 -1.350000e+00
1.350000e+00 -1.350000e+00
1.350000e+00 -1.500000e+00
-1.200000e+00 -1.050000e+00
-1.350000e+00 -1.050000e+00
-1.350000e+00 -9.000000e-01
-9.750000e-01 -9.750000e-01
-1.125000e+00 -9.750000e-01
-1.050000e+00 -9.750000e-01
-9.750000e-01 -9.000000e-01
-7.500000e-01 -1.125000e+00
-6.750000e-01 -1.125000e+00
-8.250000e-01 -1.125000e+00
-6.750000e-01 -1.050000e+00
-6.000000e-01 -1.125000e+00
-6.750000e-01 -9.750000e-01
-3.750000e-01 -1.125000e+00
-5.250000e-01 -1.125000e+00
-3.750000e-01 -1.050000e+00
-3.750000e-01 -9.750000e-01
-3.000000e-01 -9.750000e-01
-5.250000e-01 -9.750000e-01
-4.500000e-01 -9.750000e-01
-5.250000e-01 -9.000000e-01
-7.500000e-02 -1.125000e+00
-2.250000e-01 -1.125000e+00
-7.500000e-02 -1.050000e+00
-7.500000e-02 -9.750000e-01
0.000000e+00 -9.750000e-01
-2.250000e-01 -1.050000e+00
-2.250000e-01 -9.750000e-01
7.500000e-02 -9.750000e-01
4.500000e-01 -1.125000e+00
5.250000e-01 -1.125000e+00
3.750000e-01 -1.125000e+00
5.250000e-01 -1.050000e+00
6.000000e-01 -1.125000e+00
5.250000e-01 -9.750000e-01
3.750000e-01 -9.750000e-01
4.500000e-01 -9.750000e-01
5.250000e-01 -9.000000e-01
8.250000e-01 -1.125000e+00
6.750000e-01 -1.125000e+00
9.000000e-01 -1.050000e+00
6.750000e-01 -9.750000e-01
6.750000e-01 -9.000000e-01
1.050000e+00 -1.050000e+00
1.050000e+00 -9.000000e-01
-1.275000e+00 -8.250000e-01
-1.425000e+00 -8.250000e-01
-1.200000e+00 -8.250000e-01
-1.275000e+00 -6.750000e-01
-1.200000e+00 -6.750000e-01
-1.425000e+00 -6.750000e-01
-1.500000e+00 -7.500000e-01
-1.350000e+00 -6.000000e-01
-9.750000e-01 -8.250000e-01
-1.125000e+00 -8.250000e-01
-9.750000e-01 -6.750000e-01
-1.125000e+00 -7.500000e-01
-1.125000e+00 -6.750000e-01
-1.125000e+00 -6.000000e-01
-9.750000e-01 -6.000000e-01
-6.750000e-01 -6.750000e-01
-6.000000e-01 -6.750000e-01
-3.750000e-01 -8.250000e-01
-5.250000e-01 -8.250000e-01
-3.750000e-01 -6.750000e-01
-3.000000e-01 -7.500000e-01
-5.250000e-01 -7.500000e-01
-5.250000e-01 -6.750000e-01
-4.500000e-01 -6.000000e-01
-7.500000e-02 -8.250000e-01
-2.250000e-01 -8.250000e-01
-7.500000e-02 -6.750000e-01
0.000000e+00 -7.500000e-01
-2.250000e-01 -6.750000e-01
-1.500000e-01 -6.000000e-01
1.500000e-01 -6.000000e-01
5.250000e-01 -8.250000e-01
6.000000e-01 -7.500000e-01
4.500000e-01 -6.000000e-01
7.500000e-01 -8.250000e-01
8.250000e-01 -8.250000e-01
6.750000e-01 -8.250000e-01
8.250000e-01 -7.500000e-01
9.000000e-01 -8.250000e-01
8.250000e-01 -6.750000e-01
7.500000e-01 -6.000000e-01
1.125000e+00 -8.250000e-01
9.750000e-01 -8.250000e-01
1.125000e+00 -6.750000e-01
1.200000e+00 -7.500000e-01
9.750000e-01 -6.750000e-01
1.050000e+00 -6.750000e-01
9.750000e-01 -6.000000e-01
1.350000e+00 -7.500000e-01
-1.050000e+00 -5.250000e-01
-9.750000e-01 -5.250000e-01
-1.125000e+00 -5.250000e-01
-9.750000e-01 -4.500000e-01
-9.000000e-01 -5.250000e-01
-9.750000e-01 -3.750000e-01
-9.000000e-01 -3.750000e-01
-1.125000e+00 -3.750000e-01
-1.125000e+00 -3.000000e-01
-6.750000e-01 -5.250000e-01
-8.250000e-01 -5.250000e-01
-6.750000e-01 -3.750000e-01
-6.000000e-01 -4.500000e-01
-8.250000e-01 -4.500000e-01
-8.250000e-01 -3.750000e-01
-7.500000e-01 -3.000000e-01
-3.000000e-01 -4.500000e-01
-4.500000e-01 -4.500000e-01
-4.500000e-01 -3.000000e-01
0.000000e+00 -4.500000e-01
-1.500000e-01 -4.500000e-01
-1.500000e-01 -3.000000e-01
3.000000e-01 -4.500000e-01
1.500000e-01 -4.500000e-01
1.500000e-01 -3.000000e-01
6.000000e-01 -4.500000e-01
4.500000e-01 -4.500000e-01
4.500000e-01 -3.000000e-01
7.500000e-01 -3.000000e-01
9.750000e-01 -5.250000e-01
1.125000e+00 -3.750000e-01
9.750000e-01 -3.750000e-01
9.750000e-01 -3.000000e-01
1.125000e+00 -3.000000e-01
1.350000e+00 -3.000000e-01
-1.350000e+00 0.000000e+00
-1.050000e+00 -2.250000e-01
-9.750000e-01 -2.250000e-01
-1.125000e+00 -2.250000e-01
-9.000000e-01 -2.250000e-01
-9.750000e-01 -7.500000e-02
-9.000000e-01 -7.500000e-02
-1.125000e+00 -7.500000e-02
-1.125000e+00 0.000000e+00
-9.750000e-01 0.000000e+00
-6.750000e-01 -2.250000e-01
-8.250000e-01 -2.250000e-01
-6.750000e-01 -7.500000e-02
-6.000000e-01 -1.500000e-01
-8.250000e-01 -1.500000e-01
-8.250000e-01 -7.500000e-02
-7.500000e-01 0.000000e+00
-3.000000e-01 -1.500000e-01
-4.500000e-01 -1.500000e-01
-4.500000e-01 0.000000e+00
-1.500000e-01 -1.500000e-01
3.000000e-01 -1.500000e-01
1.500000e-01 -1.500000e-01
6.000000e-01 -1.500000e-01
4.500000e-01 -1.500000e-01
8.250000e-01 -2.250000e-01
6.750000e-01 -2.250000e-01
7.500000e-01 0.000000e+00
1.050000e+00 -2.250000e-01
1.125000e+00 -2.250000e-01
9.750000e-01 -2.250000e-01
1.125000e+00 -1.500000e-01
1.200000e+00 -2.250000e-01
1.125000e+00 -7.500000e-02
9.750000e-01 -7.500000e-02
1.050000e+00 -7.500000e-02
9.750000e-01 0.000000e+00
1.125000e+00 0.000000e+00
1.275000e+00 -2.250000e-01
1.350000e+00 0.000000e+00
-1.275000e+00 7.500000e-02
-1.425000e+00 7.500000e-02
-1.275000e+00 1.500000e-01
-1.200000e+00 7.500000e-02
-1.275000e+00 2.250000e-01
-1.200000e+00 2.250000e-01
-1.425000e+00 2.250000e-01
-1.500000e+00 1.500000e-01
-1.350000e+00 3.000000e-01
-1.050000e+00 7.500000e-02
-9.750000e-01 7.500000e-02
-1.125000e+00 7.500000e-02
-9.750000e-01 1.500000e-01
-9.000000e-01 7.500000e-02
-9.750000e-01 2.250000e-01
-1.125000e+00 1.500000e-01
-1.125000e+00 2.250000e-01
-1.125000e+00 3.000000e-01
-8.250000e-01 7.500000e-02
-7.500000e-01 3.000000e-01
-4.500000e-01 1.500000e-01
1.500000e-01 1.500000e-01
1.500000e-01 3.000000e-01
6.000000e-01 1.500000e-01
4.500000e-01 1.500000e-01
4.500000e-01 3.000000e-01
8.250000e-01 7.500000e-02
6.750000e-01 7.500000e-02
8.250000e-01 1.500000e-01
9.000000e-01 7.500000e-02
8.250000e-01 2.250000e-01
9.000000e-01 2.250000e-01
6.750000e-01 2.250000e-01
7.500000e-01 3.000000e-01
1.050000e+00 7.500000e-02
1.125000e+00 7.500000e-02
9.750000e-01 7.500000e-02
1.125000e+00 1.500000e-01
1.200000e+00 7.500000e-02
1.125000e+00 2.250000e-01
1.200000e+00 2.250000e-01
9.750000e-01 1.500000e-01
9.750000e-01 2.250000e-01
1.275000e+00 7.500000e-02
1.275000e+00 2.250000e-01
1.350000e+00 3.000000e-01
-1.275000e+00 5.250000e-01
-1.200000e+00 5.250000e-01
-1.350000e+00 6.000000e-01
-1.050000e+00 3.750000e-01
-9.750000e-01 3.750000e-01
-1.125000e+00 3.750000e-01
-9.750000e-01 4.500000e-01
-9.000000e-01 3.750000e-01
-9.750000e-01 5.250000e-01
-9.000000e-01 5.250000e-01
-1.125000e+00 4.500000e-01
-1.125000e+00 5.250000e-01
-8.250000e-01 3.750000e-01
-8.250000e-01 5.250000e-01
-7.500000e-01 6.000000e-01
0.000000e+00 4.500000e-01
-1.500000e-01 4.500000e-01
-1.500000e-01 6.000000e-01
3.000000e-01 4.500000e-01
1.500000e-01 4.500000e-01
1.500000e-01 6.000000e-01
6.000000e-01 4.500000e-01
4.500000e-01 4.500000e-01
4.500000e-01 6.000000e-01
8.250000e-01 5.250000e-01
6.750000e-01 5.250000e-01
7.500000e-01 5.250000e-01
6.750000e-01 6.000000e-01
1.125000e+00 3.750000e-01
1.200000e+00 3.750000e-01
1.125000e+00 5.250000e-01
1.200000e+00 5.250000e-01
9.750000e-01 5.250000e-01
1.050000e+00 5.250000e-01
9.750000e-01 6.000000e-01
1.125000e+00 6.000000e-01
1.425000e+00 3.750000e-01
1.275000e+00 3.750000e-01
1.425000e+00 5.250000e-01
1.500000e+00 4.500000e-01
1.275000e+00 4.500000e-01
1.275000e+00 5.250000e-01
1.350000e+00 6.000000e-01
-1.350000e+00 7.500000e-01
-1.350000e+00 9.000000e-01
-1.500000e+00 7.500000e-01
-1.050000e+00 9.000000e-01
-6.000000e-01 7.500000e-01
-3.750000e-01 8.250000e-01
-3.000000e-01 7.500000e-01
-5.250000e-01 8.250000e-01
-4.500000e-01 8.250000e-01
-5.250000e-01 9.000000e-01
-3.750000e-01 9.000000e-01
-7.500000e-02 6.750000e-01
-2.250000e-01 6.750000e-01
-7.500000e-02 8.250000e-01
0.000000e+00 7.500000e-01
-2.250000e-01 8.250000e-01
-1.500000e-01 8.250000e-01
-2.250000e-01 9.000000e-01
-7.500000e-02 9.000000e-01
2.250000e-01 6.750000e-01
7.500000e-02 6.750000e-01
2.250000e-01 8.250000e-01
3.000000e-01 7.500000e-01
7.500000e-02 8.250000e-01
5.250000e-01 8.250000e-01
3.750000e-01 8.250000e-01
3.750000e-01 9.000000e-01
5.250000e-01 9.000000e-01
6.750000e-01 6.750000e-01
8.250000e-01 8.250000e-01
6.750000e-01 8.250000e-01
7.500000e-01 8.250000e-01
6.750000e-01 9.000000e-01
1.125000e+00 6.750000e-01
9.750000e-01 6.750000e-01
1.125000e+00 8.250000e-01
9.750000e-01 8.250000e-01
1.050000e+00 8.250000e-01
9.750000e-01 9.000000e-01
1.125000e+00 9.000000e-01
-1.350000e+00 1.050000e+00
-1.350000e+00 1.200000e+00
-1.500000e+00 1.050000e+00
-9.000000e-01 1.050000e+00
-1.050000e+00 1.050000e+00
-6.750000e-01 1.125000e+00
-8.250000e-01 1.125000e+00
-7.500000e-01 1.200000e+00
-4.500000e-01 9.750000e-01
-3.750000e-01 9.750000e-01
-5.250000e-01 9.750000e-01
-3.750000e-01 1.050000e+00
-3.000000e-01 9.750000e-01
-3.750000e-01 1.125000e+00
-5.250000e-01 1.125000e+00
-4.500000e-01 1.125000e+00
-5.250000e-01 1.200000e+00
-3.750000e-01 1.200000e+00
-7.500000e-02 9.750000e-01
-2.250000e-01 9.750000e-01
-7.500000e-02 1.125000e+00
-2.250000e-01 1.125000e+00
-1.500000e-01 1.125000e+00
-2.250000e-01 1.200000e+00
-7.500000e-02 1.200000e+00
2.250000e-01 1.125000e+00
3.000000e-01 1.125000e+00
7.500000e-02 1.125000e+00
1.500000e-01 1.125000e+00
7.500000e-02 1.200000e+00
2.250000e-01 1.200000e+00
4.500000e-01 9.750000e-01
5.250000e-01 9.750000e-01
3.750000e-01 9.750000e-01
5.250000e-01 1.050000e+00
6.000000e-01 9.750000e-01
5.250000e-01 1.125000e+00
6.000000e-01 1.125000e+00
3.750000e-01 1.050000e+00
3.750000e-01 1.125000e+00
4.500000e-01 1.125000e+00
5.250000e-01 1.200000e+00
8.250000e-01 9.750000e-01
6.750000e-01 9.750000e-01
8.250000e-01 1.050000e+00
8.250000e-01 1.125000e+00
9.000000e-01 1.125000e+00
6.750000e-01 1.125000e+00
7.500000e-01 1.125000e+00
8.250000e-01 1.200000e+00
1.050000e+00 9.750000e-01
1.125000e+00 9.750000e-01
9.750000e-01 9.750000e-01
1.125000e+00 1.125000e+00
1.200000e+00 1.050000e+00
9.750000e-01 1.125000e+00
1.050000e+00 1.200000e+00
1.350000e+00 1.050000e+00
1.350000e+00 1.200000e+00
-1.350000e+00 1.350000e+00
-6.000000e-01 1.350000e+00
-7.500000e-01 1.350000e+00
-4.500000e-01 1.275000e+00
-3.750000e-01 1.275000e+00
-5.250000e-01 1.275000e+00
-3.750000e-01 1.425000e+00
-3.000000e-01 1.350000e+00
-5.250000e-01 1.425000e+00
-4.500000e-01 1.500000e+00
-1.500000e-01 1.275000e+00
-7.500000e-02 1.275000e+00
-2.250000e-01 1.275000e+00
-7.500000e-02 1.425000e+00
0.000000e+00 1.350000e+00
-2.250000e-01 1.425000e+00
-1.500000e-01 1.500000e+00
1.500000e-01 1.275000e+00
2.250000e-01 1.275000e+00
7.500000e-02 1.275000e+00
2.250000e-01 1.425000e+00
3.000000e-01 1.350000e+00
7.500000e-02 1.425000e+00
1.500000e-01 1.500000e+00
5.250000e-01 1.275000e+00
3.750000e-01 1.275000e+00
5.250000e-01 1.425000e+00
6.000000e-01 1.350000e+00
3.750000e-01 1.425000e+00
4.500000e-01 1.500000e+00
7.500000e-01 1.275000e+00
8.250000e-01 1.275000e+00
6.750000e-01 1.275000e+00
9.000000e-01 1.350000e+00
1.200000e+00 1.350000e+00
1.050000e+00 1.350000e+00
1.050000e+00 1.500000e+00
1.350000e+00 1.350000e+00
-1.275000e+00 -1.275000e+00
-1.200000e+00 -1.350000e+00
-1.275000e+00 -1.200000e+00
-1.050000e+00 -1.200000e+00
-6.750000e-01 -1.425000e+00
-7.500000e-01 -1.500000e+00
-6.000000e-01 -1.275000e+00
-6.000000e-01 -1.425000e+00
-3.750000e-01 -1.425000e+00
-5.250000e-01 -1.425000e+00
-4.500000e-01 -1.500000e+00
-3.750000e-01 -1.275000e+00
-3.000000e-01 -1.350000e+00
-5.250000e-01 -1.350000e+00
-5.250000e-01 -1.275000e+00
-4.500000e-01 -1.275000e+00
-5.250000e-01 -1.200000e+00
-3.750000e-01 -1.200000e+00
-7.500000e-02 -1.425000e+00
-2.250000e-01 -1.425000e+00
-1.500000e-01 -1.500000e+00
-7.500000e-02 -1.275000e+00
0.000000e+00 -1.350000e+00
-2.250000e-01 -1.275000e+00
-1.500000e-01 -1.275000e+00
-2.250000e-01 -1.200000e+00
-7.500000e-02 -1.200000e+00
2.250000e-01 -1.425000e+00
1.500000e-01 -1.500000e+00
2.250000e-01 -1.350000e+00
3.000000e-01 -1.275000e+00
2.250000e-01 -1.275000e+00
3.000000e-01 -1.425000e+00
7.500000e-02 -1.275000e+00
7.500000e-02 -1.200000e+00
2.250000e-01 -1.200000e+00
4.500000e-01 -1.425000e+00
4.125000e-01 -1.462500e+00
4.125000e-01 -1.387500e+00
3.750000e-01 -1.500000e+00
3.375000e-01 -1.462500e+00
5.625000e-01 -1.312500e+00
5.250000e-01 -1.350000e+00
4.875000e-01 -1.312500e+00
6.000000e-01 -1.275000e+00
5.625000e-01 -1.237500e+00
4.125000e-01 -1.312500e+00
3.750000e-01 -1.350000e+00
3.375000e-01 -1.237500e+00
4.125000e-01 -1.237500e+00
4.500000e-01 -1.312500e+00
3.750000e-01 -1.237500e+00
4.125000e-01 -1.200000e+00
4.875000e-01 -1.275000e+00
4.875000e-01 -1.237500e+00
8.250000e-01 -1.425000e+00
8.250000e-01 -1.350000e+00
9.000000e-01 -1.425000e+00
8.250000e-01 -1.275000e+00
9.000000e-01 -1.275000e+00
6.750000e-01 -1.275000e+00
6.750000e-01 -1.200000e+00
8.250000e-01 -1.200000e+00
9.750000e-01 -1.425000e+00
9.750000e-01 -1.275000e+00
9.750000e-01 -1.200000e+00
1.350000e+00 -1.425000e+00
1.425000e+00 -1.500000e+00
1.425000e+00 -1.425000e+00
1.275000e+00 -1.500000e+00
1.275000e+00 -1.425000e+00
1.425000e+00 -1.275000e+00
1.275000e+00 -1.275000e+00
1.350000e+00 -1.200000e+00
-1.350000e+00 -1.125000e+00
-1.275000e+00 -1.125000e+00
-1.425000e+00 -1.125000e+00
-1.200000e+00 -1.125000e+00
-1.275000e+00 -9.750000e-01
-1.425000e+00 -9.750000e-01
-1.500000e+00 -1.050000e+00
-1.425000e+00 -9.000000e-01
-1.275000e+00 -9.000000e-01
-1.125000e+00 -1.125000e+00
-9.375000e-01 -9.375000e-01
-9.000000e-01 -9.750000e-01
-1.087500e+00 -1.012500e+00
-1.125000e+00 -1.050000e+00
-1.087500e+00 -9.750000e-01
-1.050000e+00 -9.375000e-01
-1.087500e+00 -9.375000e-01
-1.125000e+00 -9.000000e-01
-1.012500e+00 -9.375000e-01
-9.750000e-01 -9.375000e-01
-1.012500e+00 -9.000000e-01
-9.375000e-01 -9.000000e-01
-6.375000e-01 -1.087500e+00
-6.375000e-01 -1.050000e+00
-6.375000e-01 -1.012500e+00
-6.375000e-01 -9.375000e-01
-6.000000e-01 -9.750000e-01
-6.750000e-01 -1.012500e+00
-7.125000e-01 -1.012500e+00
-8.250000e-01 -9.750000e-01
-7.500000e-01 -9.750000e-01
-8.250000e-01 -9.000000e-01
-7.125000e-01 -9.375000e-01
-6.750000e-01 -9.000000e-01
-3.000000e-01 -1.125000e+00
-4.125000e-01 -1.012500e+00
-5.625000e-01 -1.012500e+00
-5.625000e-01 -9.375000e-01
-4.875000e-01 -1.012500e+00
-5.250000e-01 -1.050000e+00
-4.875000e-01 -9.750000e-01
-4.500000e-01 -9.375000e-01
-4.875000e-01 -9.375000e-01
-4.500000e-01 -1.012500e+00
-4.125000e-01 -9.750000e-01
-4.125000e-01 -9.375000e-01
-3.750000e-01 -9.000000e-01
-1.125000e-01 -1.087500e+00
-1.500000e-01 -1.125000e+00
-1.875000e-01 -1.087500e+00
-3.750000e-02 -1.087500e+00
0.000000e+00 -1.125000e+00
-7.500000e-02 -1.087500e+00
-3.750000e-02 -1.050000e+00
-1.125000e-01 -1.050000e+00
-3.750000e-02 -9.750000e-01
0.000000e+00 -1.012500e+00
-3.750000e-02 -1.012500e+00
0.000000e+00 -9.375000e-01
-3.750000e-02 -9.375000e-01
-7.500000e-02 -1.012500e+00
-1.125000e-01 -1.012500e+00
-2.625000e-01 -1.012500e+00
-2.625000e-01 -9.375000e-01
-2.625000e-01 -1.050000e+00
-1.875000e-01 -1.012500e+00
-2.625000e-01 -1.087500e+00
-2.250000e-01 -1.087500e+00
-1.875000e-01 -9.375000e-01
-1.500000e-01 -9.750000e-01
-2.250000e-01 -9.000000e-01
-1.125000e-01 -9.375000e-01
-7.500000e-02 -9.000000e-01
1.500000e-01 -1.125000e+00
2.250000e-01 -1.125000e+00
7.500000e-02 -1.125000e+00
2.250000e-01 -1.050000e+00
3.000000e-01 -1.125000e+00
2.250000e-01 -9.750000e-01
3.000000e-01 -9.750000e-01
3.750000e-02 -9.750000e-01
3.750000e-02 -1.012500e+00
3.750000e-02 -9.375000e-01
7.500000e-02 -1.050000e+00
7.500000e-02 -9.000000e-01
5.625000e-01 -1.162500e+00
4.125000e-01 -1.162500e+00
6.000000e-01 -1.087500e+00
5.625000e-01 -1.087500e+00
6.000000e-01 -1.162500e+00
4.125000e-01 -1.012500e+00
3.750000e-01 -1.050000e+00
4.125000e-01 -9.750000e-01
4.500000e-01 -9.375000e-01
4.125000e-01 -9.375000e-01
3.750000e-01 -9.000000e-01
4.875000e-01 -9.375000e-01
7.875000e-01 -1.162500e+00
7.500000e-01 -1.125000e+00
8.625000e-01 -1.162500e+00
7.125000e-01 -1.162500e+00
7.125000e-01 -1.087500e+00
6.375000e-01 -1.162500e+00
8.250000e-01 -1.050000e+00
9.000000e-01 -9.750000e-01
8.250000e-01 -9.750000e-01
9.000000e-01 -1.125000e+00
7.125000e-01 -1.012500e+00
6.750000e-01 -1.050000e+00
6.375000e-01 -1.125000e+00
6.375000e-01 -1.087500e+00
7.125000e-01 -9.375000e-01
7.500000e-01 -9.750000e-01
1.050000e+00 -1.125000e+00
1.125000e+00 -1.125000e+00
9.750000e-01 -1.125000e+00
1.125000e+00 -9.750000e-01
1.200000e+00 -1.050000e+00
9.750000e-01 -1.050000e+00
9.750000e-01 -9.750000e-01
9.750000e-01 -9.000000e-01
1.350000e+00 -1.050000e+00
1.350000e+00 -9.000000e-01
-1.312500e+00 -8.625000e-01
-1.312500e+00 -7.875000e-01
-1.350000e+00 -8.250000e-01
-1.237500e+00 -8.625000e-01
-1.387500e+00 -8.625000e-01
-1.387500e+00 -7.875000e-01
-1.462500e+00 -8.625000e-01
-1.200000e+00 -8.625000e-01
-1.275000e+00 -7.500000e-01
-1.237500e+00 -6.750000e-01
-1.200000e+00 -7.125000e-01
-1.237500e+00 -7.125000e-01
-1.200000e+00 -6.375000e-01
-1.237500e+00 -6.375000e-01
-1.312500e+00 -7.125000e-01
-1.462500e+00 -7.125000e-01
-1.425000e+00 -7.500000e-01
-1.387500e+00 -7.125000e-01
-1.500000e+00 -6.750000e-01
-1.462500e+00 -6.375000e-01
-1.500000e+00 -8.250000e-01
-1.350000e+00 -6.750000e-01
-1.275000e+00 -6.000000e-01
-1.387500e+00 -6.375000e-01
-1.425000e+00 -6.000000e-01
-9.750000e-01 -8.625000e-01
-1.012500e+00 -8.625000e-01
-9.375000e-01 -8.625000e-01
-1.012500e+00 -7.875000e-01
-1.050000e+00 -8.250000e-01
-1.162500e+00 -8.625000e-01
-1.087500e+00 -7.875000e-01
-9.375000e-01 -7.875000e-01
-9.000000e-01 -8.250000e-01
-9.750000e-01 -7.500000e-01
-9.375000e-01 -7.125000e-01
-9.375000e-01 -6.375000e-01
-9.000000e-01 -6.750000e-01
-1.012500e+00 -7.125000e-01
-1.162500e+00 -6.750000e-01
-1.162500e+00 -7.125000e-01
-1.162500e+00 -6.375000e-01
-1.162500e+00 -7.500000e-01
-1.087500e+00 -7.125000e-01
-1.087500e+00 -7.500000e-01
-1.162500e+00 -8.250000e-01
-1.162500e+00 -7.875000e-01
-1.125000e+00 -7.875000e-01
-1.087500e+00 -6.375000e-01
-1.050000e+00 -6.750000e-01
-1.087500e+00 -6.000000e-01
-1.012500e+00 -6.375000e-01
-9.750000e-01 -6.375000e-01
-1.012500e+00 -6.000000e-01
-9.375000e-01 -6.000000e-01
-7.500000e-01 -8.250000e-01
-6.750000e-01 -8.250000e-01
-8.250000e-01 -8.250000e-01
-6.750000e-01 -7.500000e-01
-6.000000e-01 -8.250000e-01
-8.250000e-01 -7.500000e-01
-8.250000e-01 -6.750000e-01
-8.250000e-01 -6.000000e-01
-4.500000e-01 -8.250000e-01
-4.875000e-01 -8.625000e-01
-5.625000e-01 -8.625000e-01
-4.875000e-01 -7.875000e-01
-5.625000e-01 -7.125000e-01
-5.250000e-01 -7.125000e-01
-5.625000e-01 -7.500000e-01
-4.875000e-01 -7.125000e-01
-4.875000e-01 -7.500000e-01
-5.625000e-01 -7.875000e-01
-5.250000e-01 -7.875000e-01
-4.500000e-01 -6.750000e-01
-3.750000e-01 -6.000000e-01
-5.250000e-01 -6.000000e-01
7.500000e-02 -8.250000e-01
3.000000e-01 -7.500000e-01
3.750000e-01 -8.250000e-01
6.000000e-01 -8.250000e-01
6.375000e-01 -8.625000e-01
7.125000e-01 -7.875000e-01
8.625000e-01 -6.375000e-01
9.000000e-01 -6.750000e-01
7.875000e-01 -7.125000e-01
6.750000e-01 -7.500000e-01
6.750000e-01 -6.750000e-01
6.375000e-01 -7.875000e-01
7.875000e-01 -6.375000e-01
7.500000e-01 -6.750000e-01
8.250000e-01 -6.000000e-01
6.750000e-01 -6.000000e-01
1.087500e+00 -7.875000e-01
1.050000e+00 -8.250000e-01
1.012500e+00 -8.625000e-01
9.375000e-01 -8.625000e-01
1.162500e+00 -7.125000e-01
1.125000e+00 -7.500000e-01
1.087500e+00 -7.125000e-01
1.200000e+00 -6.750000e-01
1.162500e+00 -6.375000e-01
1.162500e+00 -7.875000e-01
1.200000e+00 -8.250000e-01
9.375000e-01 -6.375000e-01
1.012500e+00 -6.375000e-01
1.012500e+00 -6.000000e-01
9.375000e-01 -6.000000e-01
1.087500e+00 -6.375000e-01
1.125000e+00 -6.000000e-01
1.275000e+00 -8.250000e-01
1.275000e+00 -6.750000e-01
1.350000e+00 -6.000000e-01
-1.275000e+00 -5.250000e-01
-1.425000e+00 -5.250000e-01
-1.275000e+00 -4.500000e-01
-1.200000e+00 -5.250000e-01
-1.275000e+00 -3.750000e-01
-1.200000e+00 -3.750000e-01
-1.425000e+00 -3.750000e-01
-1.500000e+00 -4.500000e-01
-1.350000e+00 -3.000000e-01
-9.750000e-01 -5.625000e-01
-1.012500e+00 -5.625000e-01
-9.375000e-01 -5.625000e-01
-1.125000e+00 -5.625000e-01
-1.087500e+00 -5.625000e-01
-1.162500e+00 -5.625000e-01
-1.087500e+00 -3.375000e-01
-1.050000e+00 -3.750000e-01
-1.087500e+00 -3.000000e-01
-9.750000e-01 -3.000000e-01
-7.500000e-01 -5.250000e-01
-7.875000e-01 -5.625000e-01
-7.875000e-01 -4.875000e-01
-6.375000e-01 -4.125000e-01
-6.750000e-01 -4.500000e-01
-7.125000e-01 -4.125000e-01
-6.000000e-01 -3.750000e-01
-8.625000e-01 -3.375000e-01
-7.500000e-01 -3.750000e-01
-7.875000e-01 -3.375000e-01
-8.250000e-01 -3.000000e-01
-4.500000e-01 -5.250000e-01
-3.750000e-01 -5.250000e-01
-5.250000e-01 -5.250000e-01
-3.750000e-01 -4.500000e-01
-3.000000e-01 -5.250000e-01
-3.750000e-01 -3.750000e-01
-3.000000e-01 -3.750000e-01
-5.250000e-01 -3.750000e-01
-5.250000e-01 -3.000000e-01
-3.750000e-01 -3.000000e-01
-7.500000e-02 -5.250000e-01
-2.250000e-01 -5.250000e-01
-7.500000e-02 -4.500000e-01
-7.500000e-02 -3.750000e-01
0.000000e+00 -3.750000e-01
-2.250000e-01 -4.500000e-01
-2.250000e-01 -3.750000e-01
-1.500000e-01 -3.750000e-01
-2.250000e-01 -3.000000e-01
7.500000e-02 -3.750000e-01
7.500000e-02 -3.000000e-01
5.250000e-01 -3.750000e-01
3.750000e-01 -3.750000e-01
4.500000e-01 -3.750000e-01
5.250000e-01 -3.000000e-01
7.500000e-01 -5.250000e-01
8.250000e-01 -5.250000e-01
6.750000e-01 -5.250000e-01
8.250000e-01 -4.500000e-01
9.000000e-01 -5.250000e-01
8.250000e-01 -3.750000e-01
9.000000e-01 -3.750000e-01
6.750000e-01 -3.750000e-01
7.500000e-01 -3.750000e-01
8.250000e-01 -3.000000e-01
6.750000e-01 -3.000000e-01
1.050000e+00 -5.250000e-01
1.125000e+00 -5.250000e-01
9.750000e-01 -5.625000e-01
1.012500e+00 -5.625000e-01
9.375000e-01 -5.625000e-01
1.162500e+00 -3.375000e-01
1.200000e+00 -3.750000e-01
9.375000e-01 -4.125000e-01
9.375000e-01 -3.375000e-01
1.012500e+00 -4.125000e-01
9.750000e-01 -4.500000e-01
1.050000e+00 -3.750000e-01
1.087500e+00 -3.375000e-01
1.125000e+00 -3.375000e-01
1.087500e+00 -3.000000e-01
1.162500e+00 -3.000000e-01
1.275000e+00 -3.750000e-01
1.275000e+00 -3.000000e-01
-1.275000e+00 -2.250000e-01
-1.425000e+00 -2.250000e-01
-1.275000e+00 -1.500000e-01
-1.200000e+00 -2.250000e-01
-1.275000e+00 -7.500000e-02
-1.200000e+00 -7.500000e-02
-1.425000e+00 -7.500000e-02
-1.500000e+00 -1.500000e-01
-1.275000e+00 0.000000e+00
-1.425000e+00 0.000000e+00
-1.012500e+00 -2.625000e-01
-1.012500e+00 -2.250000e-01
-1.012500e+00 -1.875000e-01
-1.050000e+00 -1.875000e-01
-1.125000e+00 -2.625000e-01
-1.087500e+00 -2.625000e-01
-1.162500e+00 -2.625000e-01
-1.087500e+00 -1.875000e-01
-9.750000e-01 -1.500000e-01
-9.375000e-01 -7.500000e-02
-9.375000e-01 -1.125000e-01
-9.000000e-01 -3.750000e-02
-9.375000e-01 -3.750000e-02
-1.012500e+00 -1.125000e-01
-1.162500e+00 -1.125000e-01
-1.162500e+00 -3.750000e-02
-1.125000e+00 -1.500000e-01
-1.087500e+00 -3.750000e-02
-1.050000e+00 -7.500000e-02
-1.125000e+00 -3.750000e-02
-1.087500e+00 0.000000e+00
-1.162500e+00 0.000000e+00
-1.012500e+00 -3.750000e-02
-9.750000e-01 -3.750000e-02
-1.012500e+00 0.000000e+00
-7.125000e-01 -1.875000e-01
-7.500000e-01 -2.250000e-01
-7.875000e-01 -2.625000e-01
-8.625000e-01 -2.625000e-01
-6.375000e-01 -1.125000e-01
-6.750000e-01 -1.500000e-01
-7.125000e-01 -1.125000e-01
-6.000000e-01 -7.500000e-02
-6.375000e-01 -3.750000e-02
-6.375000e-01 -1.875000e-01
-6.000000e-01 -2.250000e-01
-8.625000e-01 -3.750000e-02
-7.500000e-01 -7.500000e-02
-6.750000e-01 0.000000e+00
-7.875000e-01 -3.750000e-02
-8.250000e-01 0.000000e+00
-4.500000e-01 -2.250000e-01
-3.750000e-01 -2.250000e-01
-5.250000e-01 -2.250000e-01
-3.750000e-01 -1.500000e-01
-3.000000e-01 -2.250000e-01
-3.750000e-01 -7.500000e-02
-5.250000e-01 -7.500000e-02
-4.500000e-01 -7.500000e-02
-5.250000e-01 0.000000e+00
-3.750000e-01 0.000000e+00
-2.250000e-01 -2.250000e-01
0.000000e+00 -1.500000e-01
1.500000e-01 -2.250000e-01
2.250000e-01 -2.250000e-01
7.500000e-02 -2.250000e-01
1.500000e-01 0.000000e+00
5.250000e-01 -2.250000e-01
5.250000e-01 -1.500000e-01
5.250000e-01 -7.500000e-02
6.000000e-01 -7.500000e-02
4.500000e-01 0.000000e+00
7.875000e-01 -1.875000e-01
7.500000e-01 -2.250000e-01
8.625000e-01 -2.625000e-01
8.625000e-01 -1.875000e-01
9.000000e-01 -2.250000e-01
8.250000e-01 -1.500000e-01
8.250000e-01 -7.500000e-02
9.000000e-01 -7.500000e-02
6.750000e-01 -1.500000e-01
6.750000e-01 -7.500000e-02
6.750000e-01 0.000000e+00
1.125000e+00 -2.625000e-01
1.087500e+00 -2.625000e-01
1.162500e+00 -2.625000e-01
1.087500e+00 -2.250000e-01
1.050000e+00 -2.625000e-01
1.087500e+00 -1.875000e-01
1.050000e+00 -1.875000e-01
1.012500e+00 -2.625000e-01
9.375000e-01 -2.625000e-01
1.012500e+00 -1.875000e-01
1.162500e+00 -2.250000e-01
1.200000e+00 -1.875000e-01
1.162500e+00 -1.875000e-01
1.200000e+00 -2.625000e-01
1.125000e+00 -1.875000e-01
1.162500e+00 -1.500000e-01
1.087500e+00 -1.500000e-01
1.162500e+00 -1.125000e-01
1.200000e+00 -7.500000e-02
1.087500e+00 -1.125000e-01
9.375000e-01 -1.125000e-01
1.012500e+00 -1.125000e-01
9.750000e-01 -1.500000e-01
9.375000e-01 -1.875000e-01
1.012500e+00 -7.500000e-02
1.050000e+00 -3.750000e-02
1.012500e+00 -3.750000e-02
1.050000e+00 -1.125000e-01
1.087500e+00 -7.500000e-02
1.087500e+00 -3.750000e-02
1.237500e+00 -2.625000e-01
1.275000e+00 -1.500000e-01
1.275000e+00 -7.500000e-02
1.237500e+00 -2.250000e-01
1.237500e+00 -1.875000e-01
1.275000e+00 0.000000e+00
-1.312500e+00 1.125000e-01
-1.350000e+00 7.500000e-02
-1.237500e+00 3.750000e-02
-1.387500e+00 3.750000e-02
-1.387500e+00 1.125000e-01
-1.462500e+00 3.750000e-02
-1.237500e+00 7.500000e-02
-1.200000e+00 1.125000e-01
-1.237500e+00 1.125000e-01
-1.200000e+00 3.750000e-02
-1.275000e+00 1.125000e-01
-1.237500e+00 1.500000e-01
-1.312500e+00 1.500000e-01
-1.237500e+00 2.250000e-01
-1.200000e+00 1.875000e-01
-1.237500e+00 1.875000e-01
-1.237500e+00 2.625000e-01
-1.275000e+00 1.875000e-01
-1.312500e+00 1.875000e-01
-1.462500e+00 1.875000e-01
-1.425000e+00 1.500000e-01
-1.387500e+00 1.875000e-01
-1.500000e+00 2.250000e-01
-1.462500e+00 2.625000e-01
-1.462500e+00 1.125000e-01
-1.500000e+00 7.500000e-02
-1.350000e+00 2.250000e-01
-1.275000e+00 3.000000e-01
-1.425000e+00 3.000000e-01
-1.012500e+00 3.750000e-02
-1.087500e+00 3.750000e-02
-1.162500e+00 3.750000e-02
-1.162500e+00 2.250000e-01
-1.162500e+00 1.875000e-01
-1.162500e+00 2.625000e-01
-1.162500e+00 1.125000e-01
-9.750000e-01 3.000000e-01
-6.750000e-01 7.500000e-02
-6.750000e-01 2.250000e-01
-6.000000e-01 1.500000e-01
-8.250000e-01 2.250000e-01
-6.750000e-01 3.000000e-01
-8.250000e-01 3.000000e-01
-4.500000e-01 7.500000e-02
-3.750000e-01 7.500000e-02
-5.250000e-01 7.500000e-02
-3.000000e-01 1.500000e-01
0.000000e+00 1.500000e-01
-1.500000e-01 1.500000e-01
-1.500000e-01 3.000000e-01
7.500000e-02 7.500000e-02
2.250000e-01 2.250000e-01
3.000000e-01 1.500000e-01
7.500000e-02 2.250000e-01
1.500000e-01 2.250000e-01
7.500000e-02 3.000000e-01
2.250000e-01 3.000000e-01
5.250000e-01 7.500000e-02
3.750000e-01 7.500000e-02
6.000000e-01 7.500000e-02
5.250000e-01 2.250000e-01
6.000000e-01 2.250000e-01
3.750000e-01 2.250000e-01
4.500000e-01 2.250000e-01
3.750000e-01 3.000000e-01
5.250000e-01 3.000000e-01
7.875000e-01 1.125000e-01
7.500000e-01 7.500000e-02
6.375000e-01 3.750000e-02
8.625000e-01 1.125000e-01
8.250000e-01 1.125000e-01
8.625000e-01 1.500000e-01
7.875000e-01 1.500000e-01
8.625000e-01 2.250000e-01
9.000000e-01 1.875000e-01
8.625000e-01 1.875000e-01
9.000000e-01 2.625000e-01
8.625000e-01 2.625000e-01
8.250000e-01 1.875000e-01
7.875000e-01 1.875000e-01
6.375000e-01 1.875000e-01
7.125000e-01 1.875000e-01
6.750000e-01 1.500000e-01
6.375000e-01 1.125000e-01
7.875000e-01 2.625000e-01
7.500000e-01 2.250000e-01
8.250000e-01 3.000000e-01
7.125000e-01 2.625000e-01
6.750000e-01 3.000000e-01
1.012500e+00 1.125000e-01
1.200000e+00 1.125000e-01
1.162500e+00 1.125000e-01
9.375000e-01 1.875000e-01
9.375000e-01 2.625000e-01
9.750000e-01 1.875000e-01
1.012500e+00 1.875000e-01
1.012500e+00 1.500000e-01
1.050000e+00 2.250000e-01
9.750000e-01 3.000000e-01
1.237500e+00 3.750000e-02
1.425000e+00 2.250000e-01
1.500000e+00 1.500000e-01
1.275000e+00 1.500000e-01
1.237500e+00 7.500000e-02
1.237500e+00 1.125000e-01
1.425000e+00 3.000000e-01
1.275000e+00 3.000000e-01
-1.275000e+00 3.750000e-01
-1.425000e+00 3.750000e-01
-1.275000e+00 4.500000e-01
-1.200000e+00 3.750000e-01
-1.500000e+00 4.500000e-01
-9.375000e-01 3.375000e-01
-9.375000e-01 3.750000e-01
-9.000000e-01 4.125000e-01
-9.375000e-01 4.125000e-01
-9.000000e-01 3.375000e-01
-9.375000e-01 5.625000e-01
-1.050000e+00 5.250000e-01
-1.012500e+00 5.625000e-01
-9.750000e-01 6.000000e-01
-7.500000e-01 3.750000e-01
-6.750000e-01 3.750000e-01
-7.875000e-01 3.375000e-01
-7.875000e-01 4.125000e-01
-8.625000e-01 3.375000e-01
-6.750000e-01 5.250000e-01
-6.000000e-01 4.500000e-01
-8.625000e-01 4.875000e-01
-7.875000e-01 4.875000e-01
-8.250000e-01 4.500000e-01
-8.625000e-01 3.750000e-01
-8.625000e-01 4.125000e-01
-7.500000e-01 5.250000e-01
-3.000000e-01 4.500000e-01
-4.500000e-01 4.500000e-01
-4.500000e-01 6.000000e-01
-7.500000e-02 3.750000e-01
0.000000e+00 3.750000e-01
-7.500000e-02 5.250000e-01
0.000000e+00 5.250000e-01
-2.250000e-01 5.250000e-01
-2.250000e-01 6.000000e-01
-7.500000e-02 6.000000e-01
1.500000e-01 3.750000e-01
2.250000e-01 3.750000e-01
7.500000e-02 3.750000e-01
2.250000e-01 4.500000e-01
3.000000e-01 3.750000e-01
2.250000e-01 5.250000e-01
3.000000e-01 5.250000e-01
7.500000e-02 4.500000e-01
7.500000e-02 5.250000e-01
1.500000e-01 5.250000e-01
7.500000e-02 6.000000e-01
2.250000e-01 6.000000e-01
4.500000e-01 3.750000e-01
5.250000e-01 3.750000e-01
3.750000e-01 3.750000e-01
5.250000e-01 4.500000e-01
6.000000e-01 3.750000e-01
5.250000e-01 5.250000e-01
6.000000e-01 5.250000e-01
3.750000e-01 4.500000e-01
3.750000e-01 5.250000e-01
3.750000e-01 6.000000e-01
7.500000e-01 3.750000e-01
8.250000e-01 3.750000e-01
6.750000e-01 3.750000e-01
8.250000e-01 4.500000e-01
9.000000e-01 3.750000e-01
8.625000e-01 4.875000e-01
8.625000e-01 5.625000e-01
9.000000e-01 5.250000e-01
7.875000e-01 4.875000e-01
7.125000e-01 4.875000e-01
6.750000e-01 4.500000e-01
6.375000e-01 5.625000e-01
7.125000e-01 5.250000e-01
7.500000e-01 5.625000e-01
7.125000e-01 5.625000e-01
7.500000e-01 4.875000e-01
6.750000e-01 5.625000e-01
7.125000e-01 6.000000e-01
6.375000e-01 6.000000e-01
7.875000e-01 5.250000e-01
7.875000e-01 5.625000e-01
8.250000e-01 6.000000e-01
1.050000e+00 3.750000e-01
9.750000e-01 3.750000e-01
1.162500e+00 5.625000e-01
9.375000e-01 4.875000e-01
1.012500e+00 4.875000e-01
9.750000e-01 4.500000e-01
1.087500e+00 5.625000e-01
1.125000e+00 5.625000e-01
1.087500e+00 6.000000e-01
1.162500e+00 6.000000e-01
1.387500e+00 3.375000e-01
1.387500e+00 4.125000e-01
1.350000e+00 3.750000e-01
1.462500e+00 3.375000e-01
1.312500e+00 3.375000e-01
1.312500e+00 4.125000e-01
1.237500e+00 3.375000e-01
1.425000e+00 4.500000e-01
1.462500e+00 4.125000e-01
1.500000e+00 3.750000e-01
1.237500e+00 4.875000e-01
1.275000e+00 4.875000e-01
1.237500e+00 4.500000e-01
1.312500e+00 4.875000e-01
1.312500e+00 4.500000e-01
1.237500e+00 4.125000e-01
1.350000e+00 5.250000e-01
-1.275000e+00 8.250000e-01
-1.200000e+00 7.500000e-01
-1.425000e+00 8.250000e-01
-1.350000e+00 8.250000e-01
-1.425000e+00 9.000000e-01
-1.275000e+00 9.000000e-01
-9.750000e-01 6.750000e-01
-9.750000e-01 7.500000e-01
-9.750000e-01 8.250000e-01
-9.000000e-01 8.250000e-01
-6.750000e-01 6.750000e-01
-8.250000e-01 6.750000e-01
-6.000000e-01 8.250000e-01
-6.750000e-01 8.250000e-01
-6.000000e-01 6.750000e-01
-8.250000e-01 7.500000e-01
-8.250000e-01 8.250000e-01
-3.750000e-01 6.750000e-01
-5.250000e-01 6.750000e-01
-3.750000e-01 7.500000e-01
-4.125000e-01 7.875000e-01
-3.000000e-01 8.250000e-01
-3.375000e-01 8.625000e-01
-3.000000e-01 6.750000e-01
-4.875000e-01 7.875000e-01
-5.250000e-01 7.500000e-01
-5.625000e-01 8.625000e-01
-4.875000e-01 8.250000e-01
-4.500000e-01 8.625000e-01
-4.875000e-01 8.625000e-01
-5.250000e-01 8.625000e-01
-5.625000e-01 9.000000e-01
-4.125000e-01 8.250000e-01
-4.125000e-01 8.625000e-01
-3.750000e-01 8.625000e-01
-3.375000e-01 9.000000e-01
-1.125000e-01 6.375000e-01
-1.125000e-01 7.125000e-01
-1.500000e-01 6.750000e-01
-3.750000e-02 6.375000e-01
-1.875000e-01 6.375000e-01
-2.625000e-01 6.375000e-01
-3.750000e-02 7.875000e-01
-7.500000e-02 7.500000e-01
-1.125000e-01 7.875000e-01
0.000000e+00 8.250000e-01
-3.750000e-02 8.625000e-01
-3.750000e-02 7.125000e-01
0.000000e+00 6.750000e-01
-2.625000e-01 7.875000e-01
-1.875000e-01 7.875000e-01
-2.250000e-01 7.500000e-01
-2.625000e-01 8.625000e-01
-2.625000e-01 7.125000e-01
-1.875000e-01 8.250000e-01
-1.500000e-01 8.625000e-01
-1.875000e-01 8.625000e-01
-2.250000e-01 8.625000e-01
-1.875000e-01 9.000000e-01
-2.625000e-01 9.000000e-01
-1.125000e-01 8.250000e-01
-1.125000e-01 8.625000e-01
-7.500000e-02 8.625000e-01
-3.750000e-02 9.000000e-01
1.875000e-01 6.375000e-01
1.875000e-01 7.125000e-01
1.500000e-01 6.750000e-01
2.625000e-01 6.375000e-01
2.250000e-01 7.500000e-01
3.000000e-01 6.750000e-01
3.750000e-02 7.875000e-01
7.500000e-02 7.500000e-01
3.750000e-02 8.625000e-01
7.500000e-02 9.000000e-01
4.500000e-01 6.750000e-01
5.250000e-01 6.750000e-01
3.750000e-01 6.750000e-01
5.250000e-01 7.500000e-01
6.000000e-01 6.750000e-01
5.625000e-01 7.875000e-01
5.625000e-01 8.625000e-01
6.000000e-01 8.250000e-01
4.875000e-01 7.875000e-01
4.125000e-01 8.625000e-01
4.500000e-01 8.250000e-01
4.125000e-01 9.000000e-01
5.625000e-01 9.000000e-01
7.500000e-01 6.750000e-01
8.250000e-01 6.750000e-01
7.125000e-01 6.375000e-01
6.375000e-01 6.375000e-01
7.125000e-01 7.125000e-01
8.250000e-01 7.500000e-01
9.000000e-01 6.750000e-01
8.625000e-01 7.875000e-01
8.625000e-01 8.625000e-01
9.000000e-01 8.250000e-01
7.875000e-01 7.875000e-01
6.375000e-01 8.625000e-01
7.125000e-01 7.875000e-01
6.750000e-01 7.500000e-01
7.125000e-01 8.250000e-01
7.500000e-01 8.625000e-01
7.125000e-01 8.625000e-01
7.500000e-01 7.875000e-01
6.750000e-01 8.625000e-01
7.125000e-01 9.000000e-01
6.375000e-01 9.000000e-01
7.875000e-01 8.625000e-01
8.250000e-01 9.000000e-01
1.087500e+00 6.375000e-01
1.162500e+00 6.375000e-01
1.050000e+00 6.750000e-01
1.200000e+00 6.750000e-01
1.200000e+00 8.250000e-01
9.375000e-01 8.625000e-01
1.012500e+00 8.625000e-01
1.012500e+00 9.000000e-01
9.375000e-01 9.000000e-01
1.275000e+00 6.750000e-01
1.425000e+00 8.250000e-01
1.500000e+00 7.500000e-01
1.275000e+00 7.500000e-01
1.275000e+00 8.250000e-01
1.350000e+00 9.000000e-01
-1.350000e+00 9.750000e-01
-1.275000e+00 9.750000e-01
-1.425000e+00 9.750000e-01
-1.275000e+00 1.125000e+00
-1.200000e+00 1.050000e+00
-6.750000e-01 9.750000e-01
-6.000000e-01 9.750000e-01
-6.750000e-01 1.200000e+00
-8.250000e-01 1.200000e+00
-3.375000e-01 9.375000e-01
-5.625000e-01 9.375000e-01
-3.000000e-01 1.012500e+00
-3.375000e-01 1.012500e+00
-3.000000e-01 9.375000e-01
-3.000000e-01 1.125000e+00
-4.125000e-01 1.087500e+00
-4.875000e-01 1.087500e+00
-5.250000e-01 1.050000e+00
-4.875000e-01 1.125000e+00
-4.875000e-01 1.162500e+00
-4.500000e-01 1.087500e+00
-7.500000e-02 9.375000e-01
-1.125000e-01 9.375000e-01
-3.750000e-02 9.375000e-01
-1.125000e-01 1.012500e+00
-1.500000e-01 9.750000e-01
-2.250000e-01 9.375000e-01
-1.875000e-01 9.375000e-01
-2.625000e-01 9.375000e-01
-1.875000e-01 1.012500e+00
-3.750000e-02 1.012500e+00
0.000000e+00 9.750000e-01
-7.500000e-02 1.050000e+00
-3.750000e-02 1.087500e+00
-3.750000e-02 1.162500e+00
0.000000e+00 1.125000e+00
-1.125000e-01 1.087500e+00
-2.625000e-01 1.087500e+00
-2.625000e-01 1.162500e+00
-1.875000e-01 1.087500e+00
-2.250000e-01 1.050000e+00
-2.625000e-01 9.750000e-01
-2.625000e-01 1.012500e+00
-1.125000e-01 1.162500e+00
-1.125000e-01 1.200000e+00
-3.750000e-02 1.200000e+00
2.250000e-01 9.750000e-01
7.500000e-02 9.750000e-01
2.250000e-01 1.050000e+00
3.000000e-01 9.750000e-01
3.000000e-01 1.162500e+00
2.625000e-01 1.162500e+00
1.875000e-01 1.087500e+00
3.750000e-02 1.162500e+00
1.125000e-01 1.087500e+00
7.500000e-02 1.050000e+00
1.125000e-01 1.125000e+00
1.500000e-01 1.162500e+00
1.125000e-01 1.162500e+00
1.500000e-01 1.087500e+00
7.500000e-02 1.162500e+00
1.125000e-01 1.200000e+00
3.750000e-02 1.200000e+00
1.875000e-01 1.125000e+00
1.875000e-01 1.162500e+00
5.250000e-01 9.375000e-01
4.875000e-01 9.375000e-01
5.625000e-01 9.375000e-01
4.875000e-01 9.750000e-01
4.500000e-01 9.375000e-01
4.875000e-01 1.012500e+00
4.500000e-01 1.012500e+00
3.750000e-01 9.375000e-01
4.125000e-01 9.375000e-01
3.375000e-01 9.375000e-01
4.125000e-01 1.012500e+00
5.625000e-01 9.750000e-01
5.625000e-01 1.012500e+00
6.000000e-01 9.375000e-01
5.250000e-01 1.012500e+00
5.625000e-01 1.050000e+00
4.875000e-01 1.050000e+00
5.625000e-01 1.125000e+00
6.000000e-01 1.087500e+00
5.625000e-01 1.087500e+00
5.625000e-01 1.162500e+00
4.875000e-01 1.087500e+00
3.375000e-01 1.125000e+00
3.375000e-01 1.087500e+00
3.375000e-01 1.162500e+00
3.750000e-01 1.087500e+00
3.375000e-01 1.050000e+00
4.125000e-01 1.087500e+00
4.125000e-01 1.050000e+00
3.375000e-01 1.012500e+00
3.750000e-01 1.200000e+00
7.500000e-01 9.750000e-01
6.750000e-01 9.375000e-01
7.125000e-01 9.375000e-01
6.375000e-01 9.375000e-01
9.000000e-01 9.750000e-01
9.000000e-01 1.087500e+00
8.625000e-01 1.087500e+00
9.000000e-01 1.162500e+00
8.625000e-01 1.162500e+00
7.875000e-01 1.087500e+00
6.375000e-01 1.087500e+00
6.375000e-01 1.162500e+00
7.125000e-01 1.087500e+00
6.750000e-01 1.050000e+00
7.125000e-01 1.125000e+00
7.500000e-01 1.162500e+00
7.125000e-01 1.162500e+00
7.500000e-01 1.087500e+00
6.750000e-01 1.200000e+00
7.875000e-01 1.125000e+00
7.875000e-01 1.162500e+00
1.087500e+00 9.375000e-01
1.162500e+00 9.375000e-01
1.087500e+00 9.750000e-01
1.050000e+00 9.375000e-01
1.087500e+00 1.012500e+00
1.050000e+00 1.012500e+00
9.750000e-01 9.375000e-01
1.012500e+00 9.375000e-01
9.375000e-01 9.375000e-01
1.012500e+00 1.012500e+00
1.125000e+00 1.050000e+00
1.200000e+00 1.125000e+00
1.162500e+00 1.162500e+00
1.162500e+00 1.012500e+00
1.200000e+00 9.750000e-01
9.375000e-01 1.125000e+00
9.375000e-01 1.087500e+00
9.375000e-01 1.162500e+00
1.012500e+00 1.087500e+00
9.750000e-01 1.050000e+00
1.087500e+00 1.162500e+00
1.050000e+00 1.125000e+00
1.125000e+00 1.200000e+00
1.012500e+00 1.162500e+00
9.750000e-01 1.200000e+00
1.425000e+00 9.750000e-01
1.275000e+00 9.750000e-01
1.425000e+00 1.125000e+00
1.500000e+00 1.050000e+00
1.275000e+00 1.125000e+00
1.350000e+00 1.125000e+00
1.425000e+00 1.200000e+00
-9.000000e-01 1.350000e+00
-1.050000e+00 1.350000e+00
-7.500000e-01 1.275000e+00
-6.750000e-01 1.275000e+00
-8.250000e-01 1.275000e+00
-6.750000e-01 1.350000e+00
-6.000000e-01 1.275000e+00
-6.750000e-01 1.425000e+00
-6.000000e-01 1.425000e+00
-7.500000e-01 1.500000e+00
-3.375000e-01 1.237500e+00
-4.125000e-01 1.312500e+00
-3.750000e-01 1.350000e+00
-3.375000e-01 1.312500e+00
-3.000000e-01 1.275000e+00
-5.625000e-01 1.387500e+00
-4.875000e-01 1.387500e+00
-5.250000e-01 1.350000e+00
-5.625000e-01 1.462500e+00
-4.500000e-01 1.425000e+00
-4.875000e-01 1.462500e+00
-5.250000e-01 1.500000e+00
-7.500000e-02 1.237500e+00
-1.125000e-01 1.237500e+00
-3.750000e-02 1.237500e+00
0.000000e+00 1.425000e+00
0.000000e+00 1.275000e+00
2.625000e-01 1.237500e+00
1.875000e-01 1.312500e+00
1.125000e-01 1.237500e+00
3.750000e-02 1.237500e+00
1.125000e-01 1.312500e+00
2.250000e-01 1.350000e+00
2.625000e-01 1.312500e+00
3.000000e-01 1.275000e+00
3.750000e-02 1.387500e+00
1.125000e-01 1.387500e+00
7.500000e-02 1.350000e+00
3.750000e-02 1.462500e+00
3.750000e-02 1.312500e+00
1.500000e-01 1.425000e+00
7.500000e-02 1.500000e+00
1.125000e+00 1.275000e+00
9.750000e-01 1.275000e+00
1.125000e+00 1.425000e+00
9.750000e-01 1.425000e+00
1.050000e+00 1.425000e+00
1.125000e+00 1.500000e+00
1.425000e+00 1.275000e+00
1.500000e+00 1.350000e+00
simplices
0 1 259
259 684 685
12 684 685
1 259 685
0 11 259
11 259 260
259 260 684
260 684 686
12 684 686
1 2 262
2 261 262
13 261 262
12 262 685
1 262 685
13 262 687
12 262 687
121 688 689
3 688 689
2 121 689
121 263 264
14 263 690
263 264 690
121 264 688
264 688 691
3 688 691
121 261 265
13 261 265
2 121 261
121 122 265
122 265 266
13 265 266
121 122 263
122 263 267
14 263 267
123 692 694
4 692 694
123 693 694
3 693 694
123 695 696
15 695 696
123 692 696
4 692 696
264 697 698
123 697 698
264 690 698
14 690 698
264 693 697
123 693 697
264 691 693
3 691 693
124 698 699
123 698 699
124 698 700
14 698 700
124 695 699
123 695 699
124 695 701
15 695 701
125 702 704
5 702 704
125 703 704
4 703 704
125 705 706
16 705 706
125 702 706
5 702 706
125 696 707
15 696 707
125 696 703
4 696 703
126 707 708
125 707 708
126 707 709
15 707 709
126 705 708
125 705 708
126 705 710
16 705 710
127 711 712
6 711 712
5 127 712
268 713 715
127 713 715
268 714 715
17 714 715
268 711 713
127 711 713
268 711 716
6 711 716
127 706 717
16 706 717
5 127 706
127 128 717
128 717 718
16 717 718
127 128 715
128 715 719
17 715 719
129 269 720
269 271 720
7 269 271
270 720 722
129 720 722
270 720 721
271 720 721
270 723 724
6 723 724
270 721 723
271 721 723
272 726 727
129 726 727
272 725 726
273 725 726
272 728 729
18 728 729
272 725 728
273 725 728
129 269 726
269 273 726
7 269 273
268 274 731
274 730 731
129 730 731
268 274 714
274 714 732
17 714 732
268 270 731
270 722 731
129 722 731
268 270 716
270 716 724
6 716 724
274 275 733
130 275 733
274 275 730
275 730 734
129 730 734
276 733 735
274 733 735
276 733 736
130 733 736
276 732 735
274 732 735
17 276 732
275 737 738
272 737 738
130 275 738
275 727 737
272 727 737
275 727 734
129 727 734
272 277 738
130 277 738
272 277 729
18 277 729
279 280 739
8 280 739
7 279 280
278 739 741
8 739 741
278 739 740
279 739 740
278 742 743
19 742 743
278 740 742
279 740 742
273 728 744
18 728 744
273 279 744
7 273 279
279 281 744
281 744 745
18 744 745
279 281 742
281 742 746
19 742 746
9 283 284
283 284 747
8 284 747
9 282 283
20 282 283
278 743 748
19 743 748
278 283 748
278 741 747
8 741 747
278 283 747
283 285 748
285 748 749
19 748 749
20 283 285
288 750 752
287 750 752
288 751 752
10 751 752
288 750 754
287 750 754
288 753 754
9 753 754
10 286 752
286 287 752
21 286 755
286 287 755
20 282 756
282 287 756
9 282 754
282 287 754
287 755 757
21 755 757
287 756 757
20 756 757
260 686 759
12 686 759
260 758 759
290 758 759
11 260 760
260 758 760
290 758 760
289 759 761
12 759 761
289 290 759
23 289 762
289 290 762
290 763 764
22 763 764
290 760 764
11 760 764
290 291 763
291 763 765
22 763 765
290 291 762
291 762 766
23 762 766
13 132 687
132 687 767
12 687 767
13 131 132
131 292 769
292 768 769
24 768 769
131 132 292
289 293 771
293 770 771
132 770 771
23 289 293
289 767 771
132 767 771
289 761 767
12 761 767
294 772 774
293 772 774
294 773 774
133 773 774
294 770 772
293 770 772
132 294 770
293 774 775
133 774 775
23 293 775
292 294 776
294 773 776
133 773 776
132 292 294
295 776 777
292 776 777
295 776 778
133 776 778
295 768 777
292 768 777
295 768 779
24 768 779
122 267 297
14 267 297
122 296 297
135 296 297
122 266 298
13 266 298
122 296 298
135 296 298
297 300 780
134 300 780
14 297 300
297 299 780
299 780 781
134 780 781
135 297 299
301 782 784
134 782 784
301 783 784
25 783 784
299 781 782
134 781 782
299 782 785
301 782 785
135 299 786
299 785 786
301 785 786
131 769 787
24 769 787
131 135 787
13 131 298
131 135 298
136 787 788
135 787 788
136 787 789
24 787 789
301 788 790
136 788 790
301 786 788
135 786 788
301 790 791
136 790 791
301 783 791
25 783 791
124 302 701
15 302 701
124 138 302
124 303 700
14 303 700
124 138 303
137 302 792
15 302 792
137 302 304
138 302 304
137 305 306
26 305 306
137 304 305
138 304 793
304 305 793
307 784 794
134 784 794
307 784 795
25 784 795
307 796 797
138 796 797
307 794 797
134 794 797
134 300 303
14 300 303
138 303 797
134 303 797
308 798 800
307 798 800
308 799 800
139 799 800
308 796 798
307 796 798
308 796 801
138 796 801
307 309 800
139 309 800
307 309 795
25 309 795
308 802 803
305 802 803
308 799 803
139 799 803
308 793 802
305 793 802
308 793 801
138 793 801
305 803 804
139 803 804
26 305 804
126 310 710
16 310 710
310 805 806
141 805 806
126 310 806
126 311 709
15 311 709
311 806 807
141 806 807
126 311 806
310 808 809
140 808 809
16 310 809
312 808 810
310 808 810
312 808 811
140 808 811
312 805 810
310 805 810
312 805 812
141 805 812
314 813 815
313 813 815
314 814 815
140 814 815
314 813 817
313 813 817
314 816 817
27 816 817
312 811 815
140 811 815
312 815 818
313 815 818
312 812 819
141 812 819
312 818 819
313 818 819
137 306 820
306 316 820
26 306 821
306 316 821
315 820 822
137 820 822
315 316 820
141 315 823
315 316 823
311 792 824
137 792 824
15 311 792
315 824 825
311 824 825
315 822 824
137 822 824
315 807 825
311 807 825
141 315 807
316 826 827
142 826 827
316 823 827
141 823 827
316 826 828
142 826 828
316 821 828
26 821 828
313 827 829
142 827 829
313 819 827
141 819 827
313 829 830
142 829 830
313 817 830
27 817 830
128 719 832
17 719 832
128 831 832
144 831 832
128 718 833
16 718 833
128 831 833
144 831 833
143 832 835
17 832 835
143 832 834
144 832 834
143 836 837
28 836 837
143 834 836
144 834 836
314 814 839
140 814 839
314 838 839
317 838 839
314 816 840
27 816 840
314 838 840
317 838 840
144 317 841
317 839 841
140 839 841
140 809 833
16 809 833
140 833 841
144 833 841
144 145 317
145 317 842
317 840 842
27 840 842
144 145 836
28 145 836
130 277 319
18 277 843
277 319 843
130 318 319
147 318 319
276 736 844
130 736 844
276 320 844
17 276 320
130 318 844
318 320 844
147 318 320
319 322 846
322 845 846
146 845 846
319 322 843
322 843 847
18 843 847
319 321 846
146 321 846
147 319 321
29 146 323
146 321 323
147 321 323
143 324 837
28 324 837
324 848 849
147 848 849
143 324 849
143 320 835
17 320 835
147 320 849
143 320 849
325 850 852
324 850 852
325 851 852
148 851 852
325 848 850
324 848 850
147 325 848
324 852 853
148 852 853
28 324 853
323 325 854
325 851 854
148 851 854
147 323 325
323 326 854
148 326 854
29 323 326
327 855 856
281 855 856
149 327 856
327 746 855
281 746 855
327 746 857
19 746 857
328 856 858
281 856 858
328 856 859
149 856 859
328 745 858
281 745 858
328 745 860
18 745 860
329 861 863
149 861 863
329 862 863
30 862 863
149 327 861
327 329 861
327 857 864
19 857 864
327 329 864
29 146 330
330 865 866
149 865 866
146 330 866
322 845 868
146 845 868
322 867 868
328 867 868
322 847 860
18 847 860
322 860 867
328 860 867
328 859 866
149 859 866
328 866 868
146 866 868
330 869 870
150 869 870
330 865 870
149 865 870
330 331 869
150 331 869
29 330 331
150 863 870
149 863 870
30 150 863
20 285 872
285 871 872
332 871 872
285 749 873
19 749 873
285 871 873
332 871 873
332 874 875
31 874 875
332 872 875
20 872 875
329 862 877
30 862 877
329 876 877
332 876 877
329 864 873
19 864 873
329 873 876
332 873 876
332 333 877
333 877 878
30 877 878
332 333 874
31 333 874
21 757 879
20 757 879
21 32 879
31 875 879
20 875 879
31 879 880
32 879 880
334 881 883
291 881 883
334 882 883
152 882 883
334 766 881
291 766 881
334 766 884
23 766 884
335 883 885
291 883 885
335 883 886
152 883 886
335 765 885
291 765 885
335 765 887
22 765 887
151 334 336
334 336 884
336 884 888
23 884 888
334 882 889
152 882 889
151 334 889
338 890 892
337 890 892
338 891 892
151 891 892
338 890 894
337 890 894
338 893 894
34 893 894
337 889 895
152 889 895
337 889 892
151 889 892
339 897 898
152 897 898
339 896 897
340 896 897
339 899 900
33 899 900
339 896 899
340 896 899
335 886 897
152 886 897
335 340 897
335 887 901
22 887 901
335 340 901
337 895 902
152 895 902
337 341 902
337 894 903
34 894 903
337 341 903
339 898 902
152 898 902
339 902 904
341 902 904
339 900 905
33 900 905
339 904 905
341 904 905
295 778 907
133 778 907
295 906 907
342 906 907
295 779 908
24 779 908
295 906 908
342 906 908
342 909 910
154 909 910
342 907 910
133 907 910
133 343 775
343 775 911
23 775 911
343 910 912
154 910 912
133 343 910
342 913 914
153 913 914
342 908 914
24 908 914
342 909 915
154 909 915
342 913 915
153 913 915
344 916 918
153 916 918
344 917 918
35 917 918
344 915 919
154 915 919
344 915 916
153 915 916
338 891 921
151 891 921
338 920 921
346 920 921
338 893 922
34 893 922
338 920 922
346 920 922
345 921 923
151 921 923
345 346 921
345 924 925
154 924 925
345 346 924
151 336 927
336 926 927
343 926 927
336 888 911
23 888 911
336 911 926
343 911 926
345 927 928
343 927 928
345 923 927
151 923 927
345 912 928
343 912 928
345 912 925
154 912 925
346 929 930
155 929 930
346 924 930
154 924 930
346 347 929
347 929 931
155 929 931
346 347 922
34 347 922
344 930 932
155 930 932
344 919 930
154 919 930
348 932 933
344 932 933
348 932 934
155 932 934
348 917 933
344 917 933
348 917 935
35 917 935
136 791 937
25 791 937
136 936 937
157 936 937
136 789 938
24 789 938
136 936 938
157 936 938
156 937 940
25 937 940
156 937 939
157 937 939
156 349 350
36 349 350
157 349 939
156 349 939
153 918 942
35 918 942
153 941 942
157 941 942
153 914 938
24 914 938
153 938 941
157 938 941
157 158 942
158 942 943
35 942 943
157 158 349
36 158 349
139 351 804
26 351 804
159 351 944
139 351 944
139 309 945
309 352 945
25 309 946
309 352 946
352 944 947
159 944 947
352 944 945
139 944 945
159 353 354
37 353 354
159 351 354
26 351 354
156 350 948
350 356 948
36 350 356
355 948 950
156 948 950
355 948 949
356 948 949
355 951 952
159 951 952
355 949 951
356 949 951
352 940 953
156 940 953
352 940 946
25 940 946
355 953 954
352 953 954
355 950 953
156 950 953
355 947 954
352 947 954
355 947 952
159 947 952
159 353 955
353 357 955
37 353 956
353 357 956
356 951 955
159 951 955
356 357 955
36 356 957
356 357 957
142 358 830
27 358 830
142 160 358
142 359 828
26 359 828
142 160 359
160 360 361
38 360 361
160 358 361
27 358 361
160 354 362
37 354 362
160 354 359
26 354 359
160 360 363
38 360 363
160 362 363
37 362 363
28 145 161
145 842 958
27 842 958
145 161 958
39 161 959
28 161 959
38 161 361
161 361 958
27 361 958
39 161 364
38 161 364
148 326 365
29 326 365
148 162 365
148 853 960
28 853 960
148 162 960
40 162 366
162 365 366
29 365 961
365 366 961
39 162 959
162 959 960
28 959 960
40 162 367
39 162 367
30 150 369
150 368 369
164 368 369
150 331 370
29 331 962
331 370 962
150 368 370
164 368 963
368 370 963
163 369 372
30 369 372
163 369 371
164 369 371
163 373 965
373 964 965
41 964 965
163 371 373
164 371 966
371 373 966
366 967 968
164 967 968
40 366 968
370 967 969
366 967 969
370 963 967
164 963 967
370 961 969
366 961 969
370 961 962
29 961 962
373 966 971
164 966 971
373 970 971
374 970 971
373 964 972
41 964 972
373 970 972
374 970 972
374 968 971
164 968 971
374 968 973
40 968 973
333 375 975
375 974 975
165 974 975
31 333 375
376 975 976
333 975 976
165 376 975
376 878 976
333 878 976
376 878 977
30 878 977
377 979 980
165 979 980
377 978 979
378 978 979
377 981 982
42 981 982
377 978 981
378 978 981
375 974 979
165 974 979
375 979 983
378 979 983
31 375 984
375 983 984
378 983 984
163 379 965
379 965 985
41 965 985
163 165 379
163 372 376
30 372 977
372 376 977
163 165 376
379 380 986
166 380 986
165 379 380
379 381 986
381 986 987
166 986 987
379 381 985
381 985 988
41 985 988
377 380 989
166 380 989
377 380 980
165 380 980
377 989 990
166 989 990
377 982 990
42 982 990
32 382 880
382 880 991
31 880 991
32 43 382
378 981 992
42 981 992
378 382 992
378 984 991
31 984 991
378 382 991
43 382 993
382 992 993
42 992 993
168 341 994
341 903 994
34 903 994
168 341 995
341 905 995
33 905 995
167 994 997
34 994 997
167 994 996
168 994 996
167 998 999
45 998 999
167 996 998
168 996 998
168 1000 1001
44 1000 1001
168 995 1001
33 995 1001
168 998 1002
45 998 1002
168 1000 1002
44 1000 1002
348 934 1004
155 934 1004
348 1003 1004
384 1003 1004
348 935 1005
35 935 1005
348 1003 1005
384 1003 1005
155 383 1004
383 384 1004
170 383 384
347 931 1007
155 931 1007
347 1006 1007
385 1006 1007
34 347 1008
347 1006 1008
385 1006 1008
155 383 1007
383 385 1007
170 383 385
169 384 387
384 387 1005
35 387 1005
169 384 386
170 384 386
169 388 389
46 388 389
169 386 388
170 386 388
167 390 999
45 390 999
167 170 390
167 385 997
385 997 1008
34 997 1008
167 170 385
390 1009 1010
171 1009 1010
170 390 1010
390 391 1009
391 1009 1011
171 1009 1011
45 390 391
171 388 1010
170 388 1010
171 388 1012
46 388 1012
36 158 392
172 392 1013
158 392 1013
393 943 1014
158 943 1014
35 393 943
393 1013 1015
172 1013 1015
393 1013 1014
158 1013 1014
394 1017 1018
172 1017 1018
394 1016 1017
395 1016 1017
47 394 1019
394 1016 1019
395 1016 1019
172 392 1017
392 395 1017
36 392 395
169 389 397
46 389 1020
389 397 1020
169 396 397
172 396 397
169 387 393
35 387 393
169 393 396
393 396 1015
172 396 1015
394 1018 1021
172 1018 1021
394 398 1021
47 394 398
172 397 1021
397 1021 1022
398 1021 1022
397 1020 1023
46 1020 1023
397 1022 1023
398 1022 1023
357 956 1025
37 956 1025
357 1024 1025
400 1024 1025
357 957 1026
36 957 1026
357 1024 1026
400 1024 1026
399 1025 1028
37 1025 1028
399 1025 1027
400 1025 1027
399 1029 1030
48 1029 1030
399 1027 1029
400 1027 1029
395 1019 1031
47 1019 1031
395 400 1031
36 395 1026
395 400 1026
400 401 1031
401 1031 1032
47 1031 1032
400 401 1029
401 1029 1033
48 1029 1033
38 363 1034
363 403 1034
37 363 1035
363 403 1035
38 402 1034
402 1034 1036
403 1034 1036
402 1037 1038
49 1037 1038
402 1036 1037
403 1036 1037
399 1030 1040
48 1030 1040
399 1039 1040
403 1039 1040
399 1028 1035
37 1028 1035
399 1035 1039
403 1035 1039
404 1040 1041
403 1040 1041
404 1040 1042
48 1040 1042
404 1037 1041
403 1037 1041
49 404 1037
39 364 406
38 364 406
39 405 406
50 405 406
402 1038 1043
49 1038 1043
402 406 1043
38 402 406
406 407 1043
407 1043 1044
49 1043 1044
50 406 407
40 367 409
39 367 409
40 408 409
51 408 1045
408 409 1045
50 405 1046
405 409 1046
39 405 409
410 1046 1047
409 1046 1047
50 410 1046
410 1045 1047
409 1045 1047
410 1045 1048
51 1045 1048
374 1049 1050
174 1049 1050
374 972 1050
41 972 1050
374 1049 1051
174 1049 1051
374 973 1051
40 973 1051
173 1050 1053
41 1050 1053
173 1050 1052
174 1050 1052
173 1054 1055
52 1054 1055
173 1052 1054
174 1052 1054
174 408 1056
51 408 1056
174 408 1051
40 408 1051
411 1054 1057
174 1054 1057
411 1054 1058
52 1054 1058
411 1056 1057
174 1056 1057
411 1056 1059
51 1056 1059
166 990 1061
42 990 1061
166 1060 1061
176 1060 1061
381 987 1063
166 987 1063
381 1062 1063
412 1062 1063
381 988 1064
41 988 1064
381 1062 1064
412 1062 1064
176 412 1060
412 1060 1063
166 1060 1063
42 175 1061
175 176 1061
175 413 1066
413 1065 1066
53 1065 1066
175 176 413
414 1055 1067
173 1055 1067
414 1055 1068
52 1055 1068
414 1069 1070
176 1069 1070
414 1067 1070
173 1067 1070
173 412 1053
412 1053 1064
41 1053 1064
176 412 1070
173 412 1070
177 414 1071
414 1069 1071
176 1069 1071
177 414 415
414 415 1068
52 415 1068
413 1071 1072
177 1071 1072
176 413 1071
416 1072 1073
413 1072 1073
416 1072 1074
177 1072 1074
416 1065 1073
413 1065 1073
416 1065 1075
53 1065 1075
43 178 993
42 178 993
43 54 178
175 1066 1076
53 1066 1076
175 178 1076
42 175 178
54 178 417
178 417 1076
417 1076 1077
53 1076 1077
180 1002 1078
45 1002 1078
180 1002 1079
44 1002 1079
179 1078 1081
45 1078 1081
179 1078 1080
180 1078 1080
179 1082 1083
56 1082 1083
179 1080 1082
180 1080 1082
180 1084 1085
55 1084 1085
180 1079 1085
44 1079 1085
180 418 1082
418 1082 1086
56 1082 1086
180 418 1084
418 1084 1087
55 1084 1087
420 1012 1088
171 1012 1088
46 420 1012
171 419 1088
419 1088 1089
420 1088 1089
419 1090 1091
182 1090 1091
419 1089 1090
420 1089 1090
391 1011 1093
171 1011 1093
391 1092 1093
421 1092 1093
45 391 1094
391 1092 1094
421 1092 1094
171 419 1093
419 421 1093
419 1091 1095
182 1091 1095
419 421 1095
181 420 422
46 420 422
420 1090 1096
182 1090 1096
181 420 1096
424 1097 1098
423 1097 1098
181 424 1098
424 1097 1100
423 1097 1100
424 1099 1100
57 1099 1100
423 1096 1101
182 1096 1101
423 1096 1098
181 1096 1098
425 1083 1102
179 1083 1102
425 1083 1103
56 1083 1103
182 425 1104
425 1102 1104
179 1102 1104
179 421 1081
421 1081 1094
45 1081 1094
421 1095 1104
182 1095 1104
179 421 1104
425 1105 1106
183 1105 1106
182 425 1106
426 1105 1107
425 1105 1107
426 1105 1108
183 1105 1108
426 1103 1107
425 1103 1107
426 1103 1109
56 1103 1109
423 1106 1110
183 1106 1110
423 1101 1106
182 1101 1106
427 1110 1111
423 1110 1111
427 1110 1112
183 1110 1112
427 1100 1111
423 1100 1111
57 427 1100
398 428 1114
428 1113 1114
184 1113 1114
47 398 428
429 1114 1115
398 1114 1115
184 429 1114
429 1023 1115
398 1023 1115
429 1023 1116
46 1023 1116
430 1118 1119
184 1118 1119
430 1117 1118
431 1117 1118
430 1120 1121
58 1120 1121
430 1117 1120
431 1117 1120
428 1113 1118
184 1113 1118
428 1118 1122
431 1118 1122
47 428 1123
428 1122 1123
431 1122 1123
181 424 433
424 1099 1124
57 1099 1124
424 433 1124
181 432 433
184 432 433
181 422 429
46 422 1116
422 429 1116
181 429 432
184 429 432
430 1119 1125
184 1119 1125
430 434 1125
430 1121 1126
58 1121 1126
430 434 1126
184 433 1125
433 1125 1127
434 1125 1127
433 1124 1128
57 1124 1128
433 1127 1128
434 1127 1128
401 1033 1130
48 1033 1130
401 1129 1130
436 1129 1130
401 1032 1131
47 1032 1131
401 1129 1131
436 1129 1131
435 1130 1133
48 1130 1133
435 1130 1132
436 1130 1132
59 435 1134
435 1132 1134
436 1132 1134
431 1120 1135
58 1120 1135
431 436 1135
431 1123 1131
47 1123 1131
431 436 1131
437 1135 1136
436 1135 1136
437 1135 1137
58 1135 1137
437 1134 1136
436 1134 1136
437 1134 1138
59 1134 1138
49 404 438
404 1042 1139
48 1042 1139
404 438 1139
60 438 1140
49 438 1140
59 435 438
435 1133 1139
48 1133 1139
435 438 1139
59 60 438
50 407 1142
407 1141 1142
440 1141 1142
407 1044 1143
49 1044 1143
407 1141 1143
440 1141 1143
50 439 1142
439 440 1142
61 439 440
60 440 1140
440 1140 1143
49 1140 1143
61 440 1144
60 440 1144
410 1048 1145
51 1048 1145
410 442 1145
50 410 442
51 441 1145
441 1145 1146
442 1145 1146
441 1147 1148
62 1147 1148
441 1146 1147
442 1146 1147
61 439 442
50 439 442
442 1147 1149
62 1147 1149
61 442 1149
411 443 1151
443 1150 1151
186 1150 1151
411 443 1058
443 1058 1152
52 1058 1152
411 444 1151
186 444 1151
411 444 1059
51 444 1059
443 1153 1154
185 1153 1154
443 1152 1154
52 1152 1154
443 1150 1155
186 1150 1155
443 1153 1155
185 1153 1155
185 1156 1157
63 1156 1157
185 1155 1156
186 1155 1156
441 1158 1159
186 1158 1159
441 1148 1159
62 1148 1159
441 444 1158
186 444 1158
51 441 444
186 445 1156
63 445 1156
186 445 1159
445 1159 1160
62 1159 1160
416 1074 1162
177 1074 1162
416 1161 1162
447 1161 1162
416 1075 1163
53 1075 1163
416 1161 1163
447 1161 1163
446 1162 1165
177 1162 1165
446 1162 1164
447 1162 1164
446 1166 1167
188 1166 1167
446 1164 1166
447 1164 1166
177 415 1168
415 448 1168
52 415 1169
415 448 1169
446 1165 1168
177 1165 1168
446 448 1168
446 1167 1170
188 1167 1170
446 448 1170
450 1171 1173
447 1171 1173
450 1172 1173
187 1172 1173
450 1163 1171
447 1163 1171
450 1163 1174
53 1163 1174
449 1173 1175
447 1173 1175
449 1173 1176
187 1173 1176
449 1166 1175
447 1166 1175
449 1166 1177
188 1166 1177
451 1178 1179
187 1178 1179
64 451 1179
449 1176 1178
187 1176 1178
449 451 1178
449 1177 1180
188 1177 1180
449 451 1180
452 1157 1181
185 1157 1181
63 452 1157
452 1182 1183
188 1182 1183
452 1181 1183
185 1181 1183
448 1154 1184
185 1154 1184
448 1154 1169
52 1154 1169
448 1170 1183
188 1170 1183
448 1183 1184
185 1183 1184
453 1185 1187
452 1185 1187
453 1186 1187
189 1186 1187
453 1182 1185
452 1182 1185
453 1182 1188
188 1182 1188
452 454 1187
189 454 1187
63 452 454
453 1189 1190
451 1189 1190
453 1186 1190
189 1186 1190
453 1180 1189
451 1180 1189
453 1180 1188
188 1180 1188
451 455 1190
189 455 1190
64 451 455
54 190 417
190 417 456
417 456 1077
456 1077 1191
53 1077 1191
54 65 190
187 1179 1193
64 1179 1193
187 1192 1193
190 1192 1193
450 1172 1195
187 1172 1195
450 1194 1195
456 1194 1195
450 1174 1191
53 1174 1191
450 1191 1194
456 1191 1194
190 456 1192
456 1192 1195
187 1192 1195
65 190 457
190 457 1193
457 1193 1196
64 1193 1196
418 458 1198
458 1197 1198
192 1197 1198
418 458 1086
458 1086 1199
56 1086 1199
459 1198 1200
418 1198 1200
459 1198 1201
192 1198 1201
459 1087 1200
418 1087 1200
459 1087 1202
55 1087 1202
461 1203 1205
458 1203 1205
461 1204 1205
191 1204 1205
461 1199 1203
458 1199 1203
461 1199 1206
56 1199 1206
460 1205 1207
458 1205 1207
460 1205 1208
191 1205 1208
460 1197 1207
458 1197 1207
460 1197 1209
192 1197 1209
463 1210 1212
462 1210 1212
463 1211 1212
191 1211 1212
463 1210 1213
462 1210 1213
67 463 1213
460 1208 1212
191 1208 1212
460 1212 1214
462 1212 1214
460 1209 1215
192 1209 1215
460 1214 1215
462 1214 1215
464 1217 1218
192 1217 1218
464 1216 1217
465 1216 1217
464 1219 1220
66 1219 1220
464 1216 1219
465 1216 1219
459 1201 1217
192 1201 1217
459 1217 1221
465 1217 1221
459 1202 1222
55 1202 1222
459 1221 1222
465 1221 1222
462 1215 1223
192 1215 1223
462 466 1223
462 1213 1224
67 1213 1224
462 466 1224
464 1218 1223
192 1218 1223
464 466 1223
464 1220 1225
66 1220 1225
464 466 1225
427 1112 1226
183 1112 1226
427 468 1226
57 427 468
183 467 1226
467 468 1226
194 467 468
426 1108 1227
183 1108 1227
426 469 1227
426 1109 1228
56 1109 1228
426 469 1228
183 467 1227
467 469 1227
194 467 469
193 468 471
57 468 471
193 468 470
194 468 470
68 193 472
193 470 472
194 470 472
463 1211 1230
191 1211 1230
463 1229 1230
474 1229 1230
67 463 1231
463 1229 1231
474 1229 1231
191 473 1230
473 474 1230
194 473 474
461 1204 1232
191 1204 1232
461 469 1232
461 1206 1228
56 1206 1228
461 469 1228
469 473 1232
191 473 1232
194 469 473
194 195 474
195 474 475
474 475 1231
67 475 1231
194 195 472
195 472 1233
68 472 1233
196 434 1234
434 1126 1234
58 1126 1234
196 434 476
434 476 1128
57 476 1128
196 1235 1236
69 1235 1236
196 1234 1236
58 1234 1236
68 193 1237
193 196 1237
193 471 476
57 471 476
193 196 476
196 477 1235
477 1235 1238
69 1235 1238
196 477 1237
477 1237 1239
68 1237 1239
437 1138 1241
59 1138 1241
437 1240 1241
478 1240 1241
437 1137 1242
58 1137 1242
437 1240 1242
478 1240 1242
70 478 1243
478 1241 1243
59 1241 1243
69 478 1236
478 1236 1242
58 1236 1242
69 70 478
59 60 1245
60 1244 1245
71 1244 1245
70 1243 1245
59 1243 1245
70 1245 1246
71 1245 1246
61 479 1144
479 1144 1247
60 1144 1247
479 1248 1249
72 1248 1249
61 479 1249
479 1244 1250
71 1244 1250
479 1244 1247
60 1244 1247
480 1250 1251
479 1250 1251
480 1250 1252
71 1250 1252
480 1248 1251
479 1248 1251
480 1248 1253
72 1248 1253
482 1149 1254
62 1149 1254
482 1149 1255
61 1149 1255
481 1254 1256
62 1254 1256
481 482 1254
481 1257 1258
73 1257 1258
481 482 1257
482 1249 1259
72 1249 1259
482 1249 1255
61 1249 1255
483 1259 1260
482 1259 1260
483 1259 1261
72 1259 1261
483 1257 1260
482 1257 1260
483 1257 1262
73 1257 1262
445 484 1264
484 1263 1264
198 1263 1264
63 445 484
445 485 1264
198 485 1264
445 485 1160
485 1160 1265
62 1160 1265
484 487 1266
197 487 1266
63 484 487
486 1266 1267
484 1266 1267
486 1266 1268
197 1266 1268
486 1263 1267
484 1263 1267
486 1263 1269
198 1263 1269
489 1270 1272
488 1270 1272
489 1271 1272
197 1271 1272
489 1270 1274
488 1270 1274
489 1273 1274
74 1273 1274
486 1268 1272
197 1268 1272
486 1272 1275
488 1272 1275
486 1269 1276
198 1269 1276
486 1275 1276
488 1275 1276
490 1277 1279
481 1277 1279
490 1278 1279
198 1278 1279
490 1258 1277
481 1258 1277
73 490 1258
485 1279 1280
481 1279 1280
198 485 1279
485 1256 1280
481 1256 1280
485 1256 1265
62 1256 1265
488 1276 1282
198 1276 1282
488 1281 1282
491 1281 1282
488 1274 1283
74 1274 1283
488 1281 1283
491 1281 1283
490 1278 1282
198 1278 1282
490 1282 1284
491 1282 1284
73 490 1285
490 1284 1285
491 1284 1285
189 455 493
64 455 493
189 492 493
200 492 493
189 454 494
63 454 494
189 492 494
200 492 1286
492 494 1286
493 496 1288
496 1287 1288
199 1287 1288
64 493 496
493 495 1288
199 495 1288
200 493 495
199 497 498
75 497 498
199 495 497
200 495 497
489 1271 1289
197 1271 1289
489 500 1289
489 1273 1290
74 1273 1290
489 500 1290
197 499 1289
499 1289 1291
500 1289 1291
499 1292 1293
200 1292 1293
499 1291 1292
500 1291 1292
197 487 494
63 487 494
197 494 499
494 499 1286
499 1286 1293
200 1286 1293
201 500 1294
500 1292 1294
200 1292 1294
201 500 1295
500 1290 1295
74 1290 1295
201 497 1294
200 497 1294
75 201 497
65 202 457
202 457 501
457 501 1196
501 1196 1296
64 1196 1296
202 1297 1298
76 1297 1298
65 202 1298
199 498 502
75 498 502
202 502 1299
199 502 1299
496 1287 1301
199 1287 1301
496 1300 1301
501 1300 1301
64 496 1296
496 1296 1300
501 1296 1300
202 501 1299
501 1299 1301
199 1299 1301
202 503 1297
503 1297 1302
76 1297 1302
202 502 503
75 502 1303
502 503 1303
204 466 1304
466 1224 1304
67 1224 1304
204 466 1305
466 1225 1305
66 1225 1305
203 1304 1307
67 1304 1307
203 1304 1306
204 1304 1306
203 504 505
78 504 505
204 504 1306
203 504 1306
77 204 1308
204 1305 1308
66 1305 1308
204 504 506
78 504 506
77 204 506
195 508 1233
508 1233 1309
68 1233 1309
195 507 508
206 507 508
195 475 509
67 475 509
195 507 509
206 507 509
511 1310 1312
508 1310 1312
511 1311 1312
205 1311 1312
511 1309 1310
508 1309 1310
511 1309 1313
68 1309 1313
508 510 1312
205 510 1312
206 508 510
205 512 513
512 513 1314
79 513 1314
205 510 512
206 510 512
203 505 515
78 505 515
203 514 515
206 514 515
203 509 1307
67 509 1307
203 509 514
206 509 514
207 515 1315
206 515 1315
78 207 515
512 1315 1316
207 1315 1316
206 512 1315
512 1316 1317
207 1316 1317
512 1314 1317
79 1314 1317
477 1318 1319
208 1318 1319
477 1238 1319
69 1238 1319
516 1318 1320
477 1318 1320
516 1318 1321
208 1318 1321
516 1239 1320
477 1239 1320
516 1239 1322
68 1239 1322
208 1323 1324
80 1323 1324
208 1319 1324
69 1319 1324
205 513 1325
513 517 1325
79 513 517
517 1326 1327
208 1326 1327
517 1325 1327
205 1325 1327
511 1311 1329
205 1311 1329
511 1328 1329
516 1328 1329
511 1313 1322
68 1313 1322
511 1322 1328
516 1322 1328
516 1321 1327
208 1321 1327
516 1327 1329
205 1327 1329
518 1323 1330
208 1323 1330
80 518 1323
517 1326 1330
208 1326 1330
517 518 1330
79 517 518
69 70 1332
70 1331 1332
81 1331 1332
80 1324 1332
69 1324 1332
80 1332 1333
81 1332 1333
520 1246 1334
71 1246 1334
70 520 1246
519 1334 1335
71 1334 1335
519 520 1334
519 1336 1337
82 1336 1337
519 520 1336
520 1331 1338
81 1331 1338
70 520 1331
520 521 1338
521 1338 1339
81 1338 1339
520 521 1336
521 1336 1340
82 1336 1340
480 1253 1342
72 1253 1342
480 1341 1342
523 1341 1342
480 1252 1343
71 1252 1343
480 1341 1343
523 1341 1343
522 1342 1345
72 1342 1345
522 1342 1344
523 1342 1344
522 1346 1347
83 1346 1347
522 1344 1346
523 1344 1346
519 1337 1349
82 1337 1349
519 1348 1349
523 1348 1349
519 1335 1343
71 1335 1343
519 1343 1348
523 1343 1348
524 1349 1350
523 1349 1350
524 1349 1351
82 1349 1351
524 1346 1350
523 1346 1350
524 1346 1352
83 1346 1352
483 1262 1354
73 1262 1354
483 1353 1354
526 1353 1354
483 1261 1355
72 1261 1355
483 1353 1355
526 1353 1355
525 1354 1357
73 1354 1357
525 1354 1356
526 1354 1356
525 1358 1359
84 1358 1359
525 1356 1358
526 1356 1358
522 1347 1361
83 1347 1361
522 1360 1361
526 1360 1361
522 1345 1355
72 1345 1355
522 1355 1360
526 1355 1360
526 527 1361
527 1361 1362
83 1361 1362
526 527 1358
84 527 1358
491 1363 1364
210 1363 1364
491 1283 1364
74 1283 1364
491 1363 1365
210 1363 1365
491 1285 1365
73 1285 1365
209 1364 1367
74 1364 1367
209 1364 1366
210 1364 1366
528 1368 1370
209 1368 1370
528 1369 1370
85 1369 1370
528 1366 1371
210 1366 1371
528 1366 1368
209 1366 1368
525 529 1373
529 1372 1373
210 1372 1373
525 529 1359
529 1359 1374
84 1359 1374
525 1365 1373
210 1365 1373
525 1357 1365
73 1357 1365
530 1375 1377
529 1375 1377
530 1376 1377
211 1376 1377
530 1372 1375
529 1372 1375
530 1372 1378
210 1372 1378
531 1377 1379
529 1377 1379
531 1377 1380
211 1377 1380
531 1374 1379
529 1374 1379
531 1374 1381
84 1374 1381
530 1382 1383
528 1382 1383
530 1376 1383
211 1376 1383
530 1371 1382
528 1371 1382
530 1371 1378
210 1371 1378
528 1383 1384
211 1383 1384
528 1369 1384
85 1369 1384
75 201 532
213 532 1385
201 532 1385
201 1295 1386
74 1295 1386
201 1385 1386
213 1385 1386
212 532 533
75 532 533
212 213 532
212 534 535
534 535 1387
86 535 1387
212 213 534
536 1370 1388
209 1370 1388
85 536 1370
536 1389 1390
213 1389 1390
536 1388 1390
209 1388 1390
209 1367 1386
74 1367 1386
209 1386 1390
213 1386 1390
214 536 537
536 537 1389
213 537 1389
214 536 538
85 536 538
534 537 1391
214 537 1391
213 534 537
539 1391 1392
534 1391 1392
539 1391 1393
214 1391 1393
539 1387 1392
534 1387 1392
539 1387 1394
86 1387 1394
540 1395 1397
503 1395 1397
540 1396 1397
215 1396 1397
540 1302 1395
503 1302 1395
540 1302 1398
76 1302 1398
541 1397 1399
503 1397 1399
541 1397 1400
215 1397 1400
541 1303 1399
503 1303 1399
541 1303 1401
75 1303 1401
215 542 1402
542 543 1402
87 542 543
540 1396 1402
215 1396 1402
540 1402 1403
543 1402 1403
540 1398 1404
76 1398 1404
540 1403 1404
543 1403 1404
212 535 1405
535 545 1405
86 535 545
544 1405 1407
212 1405 1407
544 1405 1406
545 1405 1406
544 1408 1409
215 1408 1409
544 1406 1408
545 1406 1408
212 533 1410
533 541 1410
75 533 1401
533 541 1401
541 544 1410
544 1407 1410
212 1407 1410
541 544 1400
544 1400 1409
215 1400 1409
215 542 1411
542 546 1411
87 542 546
545 1408 1411
215 1408 1411
545 546 1411
86 545 546
78 506 547
77 506 547
547 1412 1413
89 1412 1413
78 547 1413
547 549 1414
88 549 1414
77 547 549
548 1414 1415
547 1414 1415
548 1414 1416
88 1414 1416
548 1412 1415
547 1412 1415
548 1412 1417
89 1412 1417
207 1317 1418
79 1317 1418
207 217 1418
78 207 217
79 216 1418
216 1418 1419
217 1418 1419
216 1420 1421
90 1420 1421
216 1419 1420
217 1419 1420
89 217 1413
78 217 1413
217 550 1420
90 550 1420
89 217 550
218 518 1422
80 518 1422
218 518 1423
79 518 1423
218 551 1425
551 1424 1425
91 1424 1425
218 551 1422
551 1422 1426
80 1422 1426
216 1421 1428
90 1421 1428
216 1427 1428
218 1427 1428
79 216 1423
216 1423 1427
218 1423 1427
218 219 1428
90 219 1428
218 219 1425
91 219 1425
220 1333 1429
81 1333 1429
220 1333 1430
80 1333 1430
552 1431 1432
220 1431 1432
552 553 1431
552 1433 1434
92 1433 1434
552 553 1433
553 1429 1431
220 1429 1431
553 1429 1435
81 1429 1435
551 554 1437
554 1436 1437
220 1436 1437
551 554 1424
554 1424 1438
91 1424 1438
551 1430 1437
220 1430 1437
551 1426 1430
80 1426 1430
555 1439 1441
554 1439 1441
555 1440 1441
221 1440 1441
555 1436 1439
554 1436 1439
220 555 1436
556 1441 1442
554 1441 1442
221 556 1441
556 1438 1442
554 1438 1442
556 1438 1443
91 1438 1443
555 1444 1445
552 1444 1445
555 1440 1445
221 1440 1445
555 1432 1444
552 1432 1444
220 555 1432
557 1445 1446
552 1445 1446
221 557 1445
557 1434 1446
552 1434 1446
557 1434 1447
92 1434 1447
558 1448 1450
521 1448 1450
558 1449 1450
222 1449 1450
558 1340 1448
521 1340 1448
558 1340 1451
82 1340 1451
559 1450 1452
521 1450 1452
222 559 1450
559 1339 1452
521 1339 1452
559 1339 1453
81 1339 1453
560 1455 1456
222 1455 1456
560 1454 1455
561 1454 1455
560 1457 1458
93 1457 1458
560 1454 1457
561 1454 1457
558 1449 1455
222 1449 1455
558 1455 1459
561 1455 1459
558 1451 1460
82 1451 1460
558 1459 1460
561 1459 1460
562 1461 1463
553 1461 1463
562 1462 1463
222 1462 1463
562 1433 1461
553 1433 1461
562 1433 1464
92 1433 1464
559 1463 1465
553 1463 1465
222 559 1463
559 1435 1465
553 1435 1465
559 1435 1453
81 1435 1453
563 1466 1468
562 1466 1468
563 1467 1468
223 1467 1468
563 1462 1466
562 1462 1466
222 563 1462
564 1468 1469
562 1468 1469
564 1468 1470
223 1468 1470
564 1464 1469
562 1464 1469
564 1464 1471
92 1464 1471
563 1472 1473
560 1472 1473
563 1467 1473
223 1467 1473
563 1456 1472
560 1456 1472
222 563 1456
565 1473 1474
560 1473 1474
223 565 1473
565 1458 1474
560 1458 1474
565 1458 1475
93 1458 1475
566 1476 1478
524 1476 1478
566 1477 1478
224 1477 1478
566 1352 1476
524 1352 1476
566 1352 1479
83 1352 1479
524 567 1478
224 567 1478
524 567 1351
82 567 1351
224 568 1480
568 569 1480
94 568 569
566 1477 1480
224 1477 1480
566 569 1480
566 1479 1481
83 1479 1481
566 569 1481
570 1482 1483
561 1482 1483
224 570 1483
570 1457 1482
561 1457 1482
570 1457 1484
93 1457 1484
561 567 1483
224 567 1483
561 567 1460
82 567 1460
224 225 570
225 570 1485
570 1484 1485
93 1484 1485
224 225 568
94 225 568
527 1486 1487
227 1486 1487
84 527 1487
527 1486 1488
227 1486 1488
527 1362 1488
83 1362 1488
226 1487 1490
84 1487 1490
226 1487 1489
227 1487 1489
571 1491 1493
226 1491 1493
571 1492 1493
95 1492 1493
571 1489 1494
227 1489 1494
571 1489 1491
226 1489 1491
227 569 572
94 569 572
227 569 1488
569 1481 1488
83 1481 1488
572 1495 1496
228 1495 1496
227 572 1496
572 573 1495
573 1495 1497
228 1495 1497
94 572 573
228 571 1496
571 1494 1496
227 1494 1496
228 571 574
571 574 1492
574 1492 1498
95 1492 1498
211 1384 1500
85 1384 1500
211 1499 1500
230 1499 1500
531 1380 1501
211 1380 1501
531 575 1501
531 1381 1502
84 1381 1502
531 575 1502
575 1499 1503
230 1499 1503
575 1499 1501
211 1499 1501
229 1500 1505
85 1500 1505
229 1500 1504
230 1500 1504
576 1506 1508
229 1506 1508
576 1507 1508
96 1507 1508
576 1504 1509
230 1504 1509
576 1504 1506
229 1504 1506
226 577 1493
577 1493 1510
95 1493 1510
577 1511 1512
230 1511 1512
226 577 1512
226 575 1490
575 1490 1502
84 1490 1502
575 1503 1512
230 1503 1512
226 575 1512
578 1513 1515
577 1513 1515
578 1514 1515
231 1514 1515
578 1511 1513
577 1511 1513
578 1511 1516
230 1511 1516
579 1515 1517
577 1515 1517
579 1515 1518
231 1515 1518
579 1510 1517
577 1510 1517
579 1510 1519
95 1510 1519
576 578 1520
578 1514 1520
231 1514 1520
576 578 1509
578 1509 1516
230 1509 1516
576 1520 1521
231 1520 1521
576 1507 1521
96 1507 1521
539 1393 1522
214 1393 1522
539 580 1522
539 1394 1523
86 1394 1523
539 580 1523
233 580 1524
580 1522 1524
214 1522 1524
214 538 581
85 538 581
233 581 1524
214 581 1524
232 580 1525
580 1523 1525
86 1523 1525
232 233 580
232 582 1526
97 582 1526
232 233 582
229 583 1508
583 1508 1527
96 1508 1527
229 233 583
229 581 1505
85 581 1505
229 233 581
583 584 1528
234 584 1528
233 583 584
583 585 1528
585 1528 1529
234 1528 1529
583 585 1527
585 1527 1530
96 1527 1530
234 582 584
233 582 584
234 582 586
97 582 586
87 235 546
235 546 1531
86 546 1531
235 1532 1533
98 1532 1533
87 235 1533
232 1526 1535
97 1526 1535
232 1534 1535
235 1534 1535
232 1525 1531
86 1525 1531
232 1531 1534
235 1531 1534
235 1532 1536
98 1532 1536
235 1535 1536
97 1535 1536
548 1417 1538
89 1417 1538
548 1537 1538
587 1537 1538
548 1416 1539
88 1416 1539
548 1537 1539
587 1537 1539
587 1540 1541
100 1540 1541
587 1538 1541
89 1538 1541
99 587 589
587 589 1539
88 589 1539
99 587 588
587 588 1540
100 588 1540
90 550 591
89 550 591
90 590 591
101 590 591
100 591 1541
89 591 1541
100 101 591
91 219 1542
219 237 1542
90 219 237
236 1542 1543
91 1542 1543
236 237 1542
102 236 592
236 237 592
237 590 593
101 590 593
90 237 590
237 592 594
102 592 1544
592 594 1544
237 593 594
101 593 1545
593 594 1545
221 557 596
557 1447 1546
92 1447 1546
557 596 1546
221 595 596
239 595 596
221 556 597
556 1443 1547
91 1443 1547
556 597 1547
221 595 597
239 595 597
596 599 1549
599 1548 1549
238 1548 1549
596 599 1546
599 1546 1550
92 1546 1550
596 598 1549
238 598 1549
239 596 598
238 600 1551
103 600 1551
238 598 600
239 598 1552
598 600 1552
102 236 601
601 1553 1554
239 1553 1554
236 601 1554
236 597 1543
597 1543 1547
91 1543 1547
239 597 1554
236 597 1554
602 1555 1556
601 1555 1556
240 602 1556
602 1553 1555
601 1553 1555
602 1553 1557
239 1553 1557
601 603 1556
240 603 1556
102 601 603
240 600 602
600 602 1552
602 1552 1557
239 1552 1557
240 600 604
103 600 604
223 565 1559
565 1558 1559
605 1558 1559
565 1475 1560
93 1475 1560
565 1558 1560
605 1558 1560
605 1561 1562
242 1561 1562
605 1559 1562
223 1559 1562
564 1470 1564
223 1470 1564
564 1563 1564
606 1563 1564
564 1471 1565
92 1471 1565
564 1563 1565
606 1563 1565
606 1562 1566
242 1562 1566
606 1562 1564
223 1562 1564
605 1567 1568
241 1567 1568
605 1560 1568
93 1560 1568
605 1561 1569
242 1561 1569
605 1567 1569
241 1567 1569
607 1570 1572
241 1570 1572
607 1571 1572
104 1571 1572
607 1569 1573
242 1569 1573
607 1569 1570
241 1569 1570
608 1551 1574
238 1551 1574
608 1551 1575
103 1551 1575
608 1576 1577
242 1576 1577
608 1574 1577
238 1574 1577
599 1548 1579
238 1548 1579
599 1578 1579
606 1578 1579
599 1550 1565
92 1550 1565
599 1565 1578
606 1565 1578
606 1566 1577
242 1566 1577
606 1577 1579
238 1577 1579
243 608 609
608 609 1576
242 609 1576
243 608 610
608 610 1575
103 610 1575
607 609 1580
243 609 1580
607 609 1573
242 609 1573
607 611 1580
611 1580 1581
243 1580 1581
607 611 1571
611 1571 1582
104 1571 1582
94 225 1583
225 245 1583
225 1485 1584
93 1485 1584
225 245 1584
244 1583 1586
94 1583 1586
244 1583 1585
245 1583 1585
244 612 613
612 613 1588
613 1587 1588
105 1587 1588
612 1585 1589
245 1585 1589
244 612 1585
241 614 1572
614 1572 1590
104 1572 1590
614 1591 1592
245 1591 1592
241 614 1592
241 1568 1584
93 1568 1584
241 1584 1592
245 1584 1592
615 1593 1595
614 1593 1595
615 1594 1595
246 1594 1595
615 1591 1593
614 1591 1593
615 1591 1596
245 1591 1596
616 1595 1597
614 1595 1597
616 1595 1598
246 1595 1598
616 1590 1597
614 1590 1597
616 1590 1599
104 1590 1599
615 1600 1601
612 1600 1601
615 1594 1601
246 1594 1601
615 1589 1600
612 1589 1600
615 1589 1596
245 1589 1596
612 617 1601
246 617 1601
612 617 1588
105 617 1588
228 574 1603
574 1602 1603
619 1602 1603
574 1498 1604
95 1498 1604
574 1602 1604
619 1602 1604
618 1603 1606
228 1603 1606
618 1603 1605
619 1603 1605
618 1607 1608
248 1607 1608
618 1605 1607
619 1605 1607
573 1497 1610
228 1497 1610
573 1609 1610
620 1609 1610
94 573 1611
573 1609 1611
620 1609 1611
618 1606 1610
228 1606 1610
618 620 1610
618 1608 1612
248 1608 1612
618 620 1612
622 1613 1614
619 1613 1614
247 622 1614
622 1604 1613
619 1604 1613
622 1604 1615
95 1604 1615
621 1614 1616
619 1614 1616
621 1614 1617
247 1614 1617
621 1607 1616
619 1607 1616
621 1607 1618
248 1607 1618
624 1619 1621
623 1619 1621
624 1620 1621
247 1620 1621
624 1619 1622
623 1619 1622
106 624 1622
621 1617 1621
247 1617 1621
621 623 1621
621 1618 1623
248 1618 1623
621 623 1623
244 613 1625
613 1624 1625
626 1624 1625
613 1587 1626
105 1587 1626
613 1624 1626
626 1624 1626
625 1625 1628
244 1625 1628
625 1625 1627
626 1625 1627
625 1629 1630
248 1629 1630
625 1627 1629
626 1627 1629
620 1586 1631
244 1586 1631
620 1586 1611
94 1586 1611
620 625 1631
625 1628 1631
244 1628 1631
620 625 1612
625 1612 1630
248 1612 1630
249 626 627
626 627 1629
248 627 1629
249 626 1632
626 1626 1632
105 1626 1632
249 623 627
623 627 1623
248 627 1623
249 623 628
623 628 1622
106 628 1622
231 629 1521
96 629 1521
251 629 1633
231 629 1633
579 1518 1635
231 1518 1635
579 1634 1635
630 1634 1635
579 1519 1636
95 1519 1636
579 1634 1636
630 1634 1636
251 630 1633
630 1633 1635
231 1633 1635
250 629 1637
96 629 1637
250 629 631
251 629 631
632 633 1639
633 1638 1639
250 1638 1639
632 633 1641
633 1640 1641
107 1640 1641
250 631 1639
631 632 1639
251 631 1642
631 632 1642
624 1620 1643
247 1620 1643
624 634 1643
106 624 1644
624 634 1644
634 1645 1646
251 1645 1646
634 1643 1646
247 1643 1646
247 622 630
622 1615 1636
95 1615 1636
622 630 1636
251 630 1646
247 630 1646
635 1647 1649
634 1647 1649
635 1648 1649
252 1648 1649
635 1645 1647
634 1645 1647
635 1645 1650
251 1645 1650
634 1649 1651
252 1649 1651
634 1644 1651
106 1644 1651
635 1652 1653
632 1652 1653
635 1648 1653
252 1648 1653
635 1642 1652
632 1642 1652
635 1642 1650
251 1642 1650
632 636 1653
252 636 1653
632 636 1641
107 636 1641
234 586 1654
586 638 1654
97 586 1655
586 638 1655
637 1654 1657
234 1654 1657
637 1654 1656
638 1654 1656
637 1658 1659
253 1658 1659
637 1656 1658
638 1656 1658
585 1529 1661
234 1529 1661
585 1660 1661
639 1660 1661
585 1530 1662
96 1530 1662
585 1660 1662
639 1660 1662
637 1657 1661
234 1657 1661
637 639 1661
637 1659 1663
253 1659 1663
637 639 1663
253 640 1664
640 641 1664
640 1665 1666
108 1665 1666
640 641 1665
638 1658 1664
253 1658 1664
638 1664 1667
641 1664 1667
638 1655 1668
97 1655 1668
638 1667 1668
641 1667 1668
633 1638 1670
250 1638 1670
633 1669 1670
642 1669 1670
633 1640 1671
107 1640 1671
633 1669 1671
642 1669 1671
642 1672 1673
253 1672 1673
642 1670 1673
250 1670 1673
250 639 1637
639 1637 1662
96 1637 1662
639 1663 1673
253 1663 1673
250 639 1673
253 640 1675
640 1674 1675
643 1674 1675
640 1666 1676
108 1666 1676
640 1674 1676
643 1674 1676
642 1672 1675
253 1672 1675
642 1675 1677
643 1675 1677
642 1671 1678
107 1671 1678
642 1677 1678
643 1677 1678
644 1536 1679
98 1536 1679
644 1536 1680
97 1536 1680
644 1681 1682
109 1681 1682
644 1679 1682
98 1679 1682
641 1665 1683
108 1665 1683
641 644 1683
641 1668 1680
97 1668 1680
641 644 1680
645 1683 1684
644 1683 1684
108 645 1683
645 1681 1684
644 1681 1684
645 1681 1685
109 1681 1685
100 588 646
99 588 646
100 111 646
99 110 646
110 111 646
100 101 1687
101 1686 1687
112 1686 1687
100 111 1687
111 112 1687
594 1544 1689
102 1544 1689
594 1688 1689
648 1688 1689
594 1545 1690
101 1545 1690
594 1688 1690
648 1688 1690
647 1689 1692
102 1689 1692
647 1689 1691
648 1689 1691
647 1693 1694
113 1693 1694
647 1691 1693
648 1691 1693
112 648 1686
648 1686 1690
101 1686 1690
648 1693 1695
113 1693 1695
112 648 1695
240 604 650
103 604 1696
604 650 1696
240 649 650
254 649 1697
649 650 1697
240 603 651
102 603 651
240 649 651
254 649 651
254 652 1698
652 653 1698
114 652 653
650 1697 1698
254 1697 1698
650 1698 1699
653 1698 1699
650 1696 1700
103 1696 1700
650 1699 1700
653 1699 1700
654 1701 1703
647 1701 1703
654 1702 1703
254 1702 1703
654 1694 1701
647 1694 1701
654 1694 1704
113 1694 1704
647 651 1703
254 651 1703
647 651 1692
102 651 1692
254 652 1705
652 655 1705
114 652 655
654 1702 1705
254 1702 1705
654 1705 1706
655 1705 1706
654 1704 1707
113 1704 1707
654 1706 1707
655 1706 1707
611 1581 1709
243 1581 1709
611 1708 1709
657 1708 1709
611 1582 1710
104 1582 1710
611 1708 1710
657 1708 1710
243 656 1709
656 657 1709
255 656 657
243 610 658
103 610 658
243 656 658
255 656 658
255 659 660
115 659 1711
659 660 1711
255 657 660
657 1710 1712
104 1710 1712
657 660 1712
255 653 661
114 653 661
255 653 658
653 658 1700
103 658 1700
255 659 662
115 659 662
255 661 662
114 661 662
246 617 664
105 617 1713
617 664 1713
246 663 664
256 663 1714
663 664 1714
616 1598 1715
246 1598 1715
616 665 1715
616 1599 1716
104 1599 1716
616 665 1716
246 663 1715
663 665 1715
256 663 1717
663 665 1717
256 666 1718
666 667 1718
116 666 667
664 1714 1718
256 1714 1718
664 1718 1719
667 1718 1719
664 1713 1720
105 1713 1720
664 1719 1720
667 1719 1720
668 1721 1723
660 1721 1723
668 1722 1723
256 1722 1723
668 1711 1721
660 1711 1721
668 1711 1724
115 1711 1724
665 1723 1725
660 1723 1725
665 1717 1723
256 1717 1723
665 1712 1725
660 1712 1725
665 1712 1716
104 1712 1716
256 666 1726
666 669 1726
116 666 669
668 1722 1726
256 1722 1726
668 669 1726
668 1724 1727
115 1724 1727
668 669 1727
249 628 670
106 628 670
249 257 670
249 671 1632
105 671 1632
249 257 671
257 672 673
117 672 673
257 670 673
106 670 673
257 667 674
116 667 674
257 667 671
667 671 1720
105 671 1720
257 672 675
117 672 675
257 674 675
116 674 675
252 636 677
107 636 677
252 676 677
258 676 677
252 678 1651
106 678 1651
252 676 678
258 676 678
118 258 679
258 677 679
107 677 679
117 258 673
258 673 678
106 673 678
117 118 258
643 1676 1728
108 1676 1728
643 681 1728
643 1678 1729
107 1678 1729
643 681 1729
108 680 1728
680 681 1728
119 680 1730
680 681 1730
118 679 1731
679 681 1731
107 679 1729
679 681 1729
682 1731 1732
681 1731 1732
118 682 1731
682 1730 1732
681 1730 1732
682 1730 1733
119 1730 1733
645 1685 1734
109 1685 1734
645 683 1734
108 645 683
120 683 1735
683 1734 1735
109 1734 1735
119 680 683
108 680 683
119 120 683
