ID=3077328
numvertices=483
numsimplices=900
vertices
-1.500000e+00 -1.500000e+00
-1.312500e+00 -1.500000e+00
-1.125000e+00 -1.500000e+00
-9.375000e-01 -1.500000e+00
-7.500000e-01 -1.500000e+00
-5.625000e-01 -1.500000e+00
-3.750000e-01 -1.500000e+00
-1.875000e-01 -1.500000e+00
0.000000e+00 -1.500000e+00
1.875000e-01 -1.500000e+00
3.750000e-01 -1.500000e+00
5.625000e-01 -1.500000e+00
7.500000e-01 -1.500000e+00
9.375000e-01 -1.500000e+00
1.125000e+00 -1.500000e+00
1.312500e+00 -1.500000e+00
1.500000e+00 -1.500000e+00
-1.500000e+00 -1.312500e+00
-1.312500e+00 -1.312500e+00
-1.125000e+00 -1.312500e+00
-9.375000e-01 -1.312500e+00
-7.500000e-01 -1.312500e+00
-5.625000e-01 -1.312500e+00
-3.750000e-01 -1.312500e+00
-1.875000e-01 -1.312500e+00
0.000000e+00 -1.312500e+00
1.875000e-01 -1.312500e+00
3.750000e-01 -1.312500e+00
5.625000e-01 -1.312500e+00
7.500000e-01 -1.312500e+00
9.375000e-01 -1.312500e+00
1.125000e+00 -1.312500e+00
1.312500e+00 -1.312500e+00
1.500000e+00 -1.312500e+00
-1.500000e+00 -1.125000e+00
-1.312500e+00 -1.125000e+00
-1.125000e+00 -1.125000e+00
-9.375000e-01 -1.125000e+00
-7.500000e-01 -1.125000e+00
-5.625000e-01 -1.125000e+00
-3.750000e-01 -1.125000e+00
-1.875000e-01 -1.125000e+00
0.000000e+00 -1.125000e+00
1.875000e-01 -1.125000e+00
3.750000e-01 -1.125000e+00
5.625000e-01 -1.125000e+00
7.500000e-01 -1.125000e+00
9.375000e-01 -1.125000e+00
1.125000e+00 -1.125000e+00
1.312500e+00 -1.125000e+00
1.500000e+00 -1.125000e+00
-1.500000e+00 -9.375000e-01
-1.312500e+00 -9.375000e-01
-1.125000e+00 -9.375000e-01
-9.375000e-01 -9.375000e-01
-7.500000e-01 -9.375000e-01
-5.625000e-01 -9.375000e-01
-3.750000e-01 -9.375000e-01
-1.875000e-01 -9.375000e-01
0.000000e+00 -9.375000e-01
1.875000e-01 -9.375000e-01
3.750000e-01 -9.375000e-01
5.625000e-01 -9.375000e-01
7.500000e-01 -9.375000e-01
9.375000e-01 -9.375000e-01
1.125000e+00 -9.375000e-01
1.312500e+00 -9.375000e-01
1.500000e+00 -9.375000e-01
-1.500000e+00 -7.500000e-01
-1.312500e+00 -7.500000e-01
-1.125000e+00 -7.500000e-01
-9.375000e-01 -7.500000e-01
-7.500000e-01 -7.500000e-01
-5.625000e-01 -7.500000e-01
-3.750000e-01 -7.500000e-01
-1.875000e-01 -7.500000e-01
0.000000e+00 -7.500000e-01
1.875000e-01 -7.500000e-01
3.750000e-01 -7.500000e-01
5.625000e-01 -7.500000e-01
7.500000e-01 -7.500000e-01
9.375000e-01 -7.500000e-01
1.125000e+00 -7.500000e-01
1.312500e+00 -7.500000e-01
1.500000e+00 -7.500000e-01
-1.500000e+00 -5.625000e-01
-1.312500e+00 -5.625000e-01
-1.125000e+00 -5.625000e-01
-9.375000e-01 -5.625000e-01
-7.500000e-01 -5.625000e-01
-5.625000e-01 -5.625000e-01
-3.750000e-01 -5.625000e-01
-1.875000e-01 -5.625000e-01
0.000000e+00 -5.625000e-01
1.875000e-01 -5.625000e-01
3.750000e-01 -5.625000e-01
5.625000e-01 -5.625000e-01
7.500000e-01 -5.625000e-01
9.375000e-01 -5.625000e-01
1.125000e+00 -5.625000e-01
1.312500e+00 -5.625000e-01
1.500000e+00 -5.625000e-01
-1.500000e+00 -3.750000e-01
-1.312500e+00 -3.750000e-01
-1.125000e+00 -3.750000e-01
-9.375000e-01 -3.750000e-01
-7.500000e-01 -3.750000e-01
-5.625000e-01 -3.750000e-01
-3.750000e-01 -3.750000e-01
-1.875000e-01 -3.750000e-01
0.000000e+00 -3.750000e-01
1.875000e-01 -3.750000e-01
3.750000e-01 -3.750000e-01
5.625000e-01 -3.750000e-01
7.500000e-01 -3.750000e-01
9.375000e-01 -3.750000e-01
1.125000e+00 -3.750000e-01
1.312500e+00 -3.750000e-01
1.500000e+00 -3.750000e-01
-1.500000e+00 -1.875000e-01
-1.312500e+00 -1.875000e-01
-1.125000e+00 -1.875000e-01
-9.375000e-01 -1.875000e-01
-7.500000e-01 -1.875000e-01
-5.625000e-01 -1.875000e-01
-3.750000e-01 -1.875000e-01
-1.875000e-01 -1.875000e-01
0.000000e+00 -1.875000e-01
1.875000e-01 -1.875000e-01
3.750000e-01 -1.875000e-01
5.625000e-01 -1.875000e-01
7.500000e-01 -1.875000e-01
9.375000e-01 -1.875000e-01
1.125000e+00 -1.875000e-01
1.312500e+00 -1.875000e-01
1.500000e+00 -1.875000e-01
-1.500000e+00 0.000000e+00
-1.312500e+00 0.000000e+00
-1.125000e+00 0.000000e+00
-9.375000e-01 0.000000e+00
-7.500000e-01 0.000000e+00
-5.625000e-01 0.000000e+00
-3.750000e-01 0.000000e+00
-1.875000e-01 0.000000e+00
0.000000e+00 0.000000e+00
1.875000e-01 0.000000e+00
3.750000e-01 0.000000e+00
5.625000e-01 0.000000e+00
7.500000e-01 0.000000e+00
9.375000e-01 0.000000e+00
1.125000e+00 0.000000e+00
1.312500e+00 0.000000e+00
1.500000e+00 0.000000e+00
-1.500000e+00 1.875000e-01
-1.312500e+00 1.875000e-01
-1.125000e+00 1.875000e-01
-9.375000e-01 1.875000e-01
-7.500000e-01 1.875000e-01
-5.625000e-01 1.875000e-01
-3.750000e-01 1.875000e-01
-1.875000e-01 1.875000e-01
0.000000e+00 1.875000e-01
1.875000e-01 1.875000e-01
3.750000e-01 1.875000e-01
5.625000e-01 1.875000e-01
7.500000e-01 1.875000e-01
9.375000e-01 1.875000e-01
1.125000e+00 1.875000e-01
1.312500e+00 1.875000e-01
1.500000e+00 1.875000e-01
-1.500000e+00 3.750000e-01
-1.312500e+00 3.750000e-01
-1.125000e+00 3.750000e-01
-9.375000e-01 3.750000e-01
-7.500000e-01 3.750000e-01
-5.625000e-01 3.750000e-01
-3.750000e-01 3.750000e-01
-1.875000e-01 3.750000e-01
0.000000e+00 3.750000e-01
1.875000e-01 3.750000e-01
3.750000e-01 3.750000e-01
5.625000e-01 3.750000e-01
7.500000e-01 3.750000e-01
9.375000e-01 3.750000e-01
1.125000e+00 3.750000e-01
1.312500e+00 3.750000e-01
1.500000e+00 3.750000e-01
-1.500000e+00 5.625000e-01
-1.312500e+00 5.625000e-01
-1.125000e+00 5.625000e-01
-9.375000e-01 5.625000e-01
-7.500000e-01 5.625000e-01
-5.625000e-01 5.625000e-01
-3.750000e-01 5.625000e-01
-1.875000e-01 5.625000e-01
0.000000e+00 5.625000e-01
1.875000e-01 5.625000e-01
3.750000e-01 5.625000e-01
5.625000e-01 5.625000e-01
7.500000e-01 5.625000e-01
9.375000e-01 5.625000e-01
1.125000e+00 5.625000e-01
1.312500e+00 5.625000e-01
1.500000e+00 5.625000e-01
-1.500000e+00 7.500000e-01
-1.312500e+00 7.500000e-01
-1.125000e+00 7.500000e-01
-9.375000e-01 7.500000e-01
-7.500000e-01 7.500000e-01
-5.625000e-01 7.500000e-01
-3.750000e-01 7.500000e-01
-1.875000e-01 7.500000e-01
0.000000e+00 7.500000e-01
1.875000e-01 7.500000e-01
3.750000e-01 7.500000e-01
5.625000e-01 7.500000e-01
7.500000e-01 7.500000e-01
9.375000e-01 7.500000e-01
1.125000e+00 7.500000e-01
1.312500e+00 7.500000e-01
1.500000e+00 7.500000e-01
-1.500000e+00 9.375000e-01
-1.312500e+00 9.375000e-01
-1.125000e+00 9.375000e-01
-9.375000e-01 9.375000e-01
-7.500000e-01 9.375000e-01
-5.625000e-01 9.375000e-01
-3.750000e-01 9.375000e-01
-1.875000e-01 9.375000e-01
0.000000e+00 9.375000e-01
1.875000e-01 9.375000e-01
3.750000e-01 9.375000e-01
5.625000e-01 9.375000e-01
7.500000e-01 9.375000e-01
9.375000e-01 9.375000e-01
1.125000e+00 9.375000e-01
1.312500e+00 9.375000e-01
1.500000e+00 9.375000e-01
-1.500000e+00 1.125000e+00
-1.312500e+00 1.125000e+00
-1.125000e+00 1.125000e+00
-9.375000e-01 1.125000e+00
-7.500000e-01 1.125000e+00
-5.625000e-01 1.125000e+00
-3.750000e-01 1.125000e+00
-1.875000e-01 1.125000e+00
0.000000e+00 1.125000e+00
1.875000e-01 1.125000e+00
3.750000e-01 1.125000e+00
5.625000e-01 1.125000e+00
7.500000e-01 1.125000e+00
9.375000e-01 1.125000e+00
1.125000e+00 1.125000e+00
1.312500e+00 1.125000e+00
1.500000e+00 1.125000e+00
-1.500000e+00 1.312500e+00
-1.312500e+00 1.312500e+00
-1.125000e+00 1.312500e+00
-9.375000e-01 1.312500e+00
-7.500000e-01 1.312500e+00
-5.625000e-01 1.312500e+00
-3.750000e-01 1.312500e+00
-1.875000e-01 1.312500e+00
0.000000e+00 1.312500e+00
1.875000e-01 1.312500e+00
3.750000e-01 1.312500e+00
5.625000e-01 1.312500e+00
7.500000e-01 1.312500e+00
9.375000e-01 1.312500e+00
1.125000e+00 1.312500e+00
1.312500e+00 1.312500e+00
1.500000e+00 1.312500e+00
-1.500000e+00 1.500000e+00
-1.312500e+00 1.500000e+00
-1.125000e+00 1.500000e+00
-9.375000e-01 1.500000e+00
-7.500000e-01 1.500000e+00
-5.625000e-01 1.500000e+00
-3.750000e-01 1.500000e+00
-1.875000e-01 1.500000e+00
0.000000e+00 1.500000e+00
1.875000e-01 1.500000e+00
3.750000e-01 1.500000e+00
5.625000e-01 1.500000e+00
7.500000e-01 1.500000e+00
9.375000e-01 1.500000e+00
1.125000e+00 1.500000e+00
1.312500e+00 1.500000e+00
1.500000e+00 1.500000e+00
-4.687500e-01 -1.218750e+00
-4.687500e-01 -1.125000e+00
-2.812500e-01 -1.218750e+00
-2.812500e-01 -1.125000e+00
-9.375000e-02 -1.218750e+00
-9.375000e-02 -1.125000e+00
9.375000e-02 -1.218750e+00
9.375000e-02 -1.125000e+00
2.812500e-01 -1.218750e+00
2.812500e-01 -1.125000e+00
-5.625000e-01 -1.031250e+00
-6.562500e-01 -1.031250e+00
-6.562500e-01 -9.375000e-01
-3.750000e-01 -1.031250e+00
-4.687500e-01 -1.031250e+00
-4.687500e-01 -9.375000e-01
-1.875000e-01 -1.031250e+00
-2.812500e-01 -1.031250e+00
-2.812500e-01 -9.375000e-01
0.000000e+00 -1.031250e+00
-9.375000e-02 -1.031250e+00
-9.375000e-02 -9.375000e-01
1.875000e-01 -1.031250e+00
9.375000e-02 -1.031250e+00
9.375000e-02 -9.375000e-01
3.750000e-01 -1.031250e+00
2.812500e-01 -1.031250e+00
2.812500e-01 -9.375000e-01
4.687500e-01 -1.031250e+00
4.687500e-01 -9.375000e-01
-7.500000e-01 -8.437500e-01
-8.437500e-01 -8.437500e-01
-8.437500e-01 -7.500000e-01
-5.625000e-01 -8.437500e-01
-6.562500e-01 -8.437500e-01
-6.562500e-01 -7.500000e-01
-3.750000e-01 -8.437500e-01
-4.687500e-01 -8.437500e-01
-4.687500e-01 -7.500000e-01
-2.812500e-01 -8.437500e-01
-9.375000e-02 -8.437500e-01
9.375000e-02 -8.437500e-01
2.812500e-01 -8.437500e-01
5.625000e-01 -8.437500e-01
4.687500e-01 -8.437500e-01
6.562500e-01 -8.437500e-01
6.562500e-01 -7.500000e-01
-9.375000e-01 -6.562500e-01
-1.031250e+00 -6.562500e-01
-1.031250e+00 -5.625000e-01
-7.500000e-01 -6.562500e-01
-8.437500e-01 -6.562500e-01
-8.437500e-01 -5.625000e-01
-5.625000e-01 -6.562500e-01
-6.562500e-01 -6.562500e-01
-6.562500e-01 -5.625000e-01
-4.687500e-01 -6.562500e-01
7.500000e-01 -6.562500e-01
6.562500e-01 -6.562500e-01
8.437500e-01 -6.562500e-01
8.437500e-01 -5.625000e-01
-1.125000e+00 -4.687500e-01
-1.218750e+00 -4.687500e-01
-9.375000e-01 -4.687500e-01
-1.031250e+00 -4.687500e-01
-1.031250e+00 -3.750000e-01
-7.500000e-01 -4.687500e-01
-8.437500e-01 -4.687500e-01
-8.437500e-01 -3.750000e-01
-6.562500e-01 -4.687500e-01
9.375000e-01 -4.687500e-01
8.437500e-01 -4.687500e-01
1.031250e+00 -4.687500e-01
1.031250e+00 -3.750000e-01
-1.125000e+00 -2.812500e-01
-1.218750e+00 -2.812500e-01
-9.375000e-01 -2.812500e-01
-1.031250e+00 -2.812500e-01
-1.031250e+00 -1.875000e-01
-8.437500e-01 -2.812500e-01
9.375000e-01 -2.812500e-01
8.437500e-01 -2.812500e-01
1.125000e+00 -2.812500e-01
1.031250e+00 -2.812500e-01
1.031250e+00 -1.875000e-01
1.218750e+00 -2.812500e-01
-1.125000e+00 -9.375000e-02
-1.218750e+00 -9.375000e-02
-9.375000e-01 -9.375000e-02
-1.031250e+00 -9.375000e-02
-1.031250e+00 0.000000e+00
-8.437500e-01 -9.375000e-02
9.375000e-01 -9.375000e-02
8.437500e-01 -9.375000e-02
1.125000e+00 -9.375000e-02
1.031250e+00 -9.375000e-02
1.031250e+00 0.000000e+00
1.218750e+00 -9.375000e-02
-1.125000e+00 9.375000e-02
-1.218750e+00 9.375000e-02
-9.375000e-01 9.375000e-02
-1.031250e+00 9.375000e-02
-1.031250e+00 1.875000e-01
-8.437500e-01 9.375000e-02
9.375000e-01 9.375000e-02
8.437500e-01 9.375000e-02
1.125000e+00 9.375000e-02
1.031250e+00 9.375000e-02
1.031250e+00 1.875000e-01
1.218750e+00 9.375000e-02
-1.125000e+00 2.812500e-01
-1.218750e+00 2.812500e-01
-9.375000e-01 2.812500e-01
-1.031250e+00 2.812500e-01
-1.031250e+00 3.750000e-01
-8.437500e-01 2.812500e-01
9.375000e-01 2.812500e-01
8.437500e-01 2.812500e-01
8.437500e-01 3.750000e-01
1.125000e+00 2.812500e-01
1.031250e+00 2.812500e-01
1.031250e+00 3.750000e-01
1.218750e+00 2.812500e-01
-9.375000e-01 4.687500e-01
-1.031250e+00 4.687500e-01
-8.437500e-01 4.687500e-01
-8.437500e-01 5.625000e-01
7.500000e-01 4.687500e-01
6.562500e-01 4.687500e-01
6.562500e-01 5.625000e-01
9.375000e-01 4.687500e-01
8.437500e-01 4.687500e-01
8.437500e-01 5.625000e-01
1.125000e+00 4.687500e-01
1.031250e+00 4.687500e-01
1.031250e+00 5.625000e-01
1.218750e+00 4.687500e-01
-7.500000e-01 6.562500e-01
-8.437500e-01 6.562500e-01
-6.562500e-01 6.562500e-01
-6.562500e-01 7.500000e-01
5.625000e-01 6.562500e-01
4.687500e-01 6.562500e-01
4.687500e-01 7.500000e-01
7.500000e-01 6.562500e-01
6.562500e-01 6.562500e-01
6.562500e-01 7.500000e-01
9.375000e-01 6.562500e-01
8.437500e-01 6.562500e-01
8.437500e-01 7.500000e-01
1.031250e+00 6.562500e-01
-5.625000e-01 8.437500e-01
-6.562500e-01 8.437500e-01
-4.687500e-01 8.437500e-01
-4.687500e-01 9.375000e-01
-2.812500e-01 8.437500e-01
-2.812500e-01 9.375000e-01
-9.375000e-02 8.437500e-01
-9.375000e-02 9.375000e-01
9.375000e-02 8.437500e-01
9.375000e-02 9.375000e-01
3.750000e-01 8.437500e-01
2.812500e-01 8.437500e-01
2.812500e-01 9.375000e-01
5.625000e-01 8.437500e-01
4.687500e-01 8.437500e-01
4.687500e-01 9.375000e-01
7.500000e-01 8.437500e-01
6.562500e-01 8.437500e-01
6.562500e-01 9.375000e-01
8.437500e-01 8.437500e-01
-3.750000e-01 1.031250e+00
-4.687500e-01 1.031250e+00
-1.875000e-01 1.031250e+00
-2.812500e-01 1.031250e+00
-2.812500e-01 1.125000e+00
0.000000e+00 1.031250e+00
-9.375000e-02 1.031250e+00
-9.375000e-02 1.125000e+00
1.875000e-01 1.031250e+00
9.375000e-02 1.031250e+00
9.375000e-02 1.125000e+00
3.750000e-01 1.031250e+00
2.812500e-01 1.031250e+00
2.812500e-01 1.125000e+00
5.625000e-01 1.031250e+00
4.687500e-01 1.031250e+00
4.687500e-01 1.125000e+00
6.562500e-01 1.031250e+00
-2.812500e-01 1.218750e+00
-9.375000e-02 1.218750e+00
9.375000e-02 1.218750e+00
2.812500e-01 1.218750e+00
4.687500e-01 1.218750e+00
simplices
0 1 18
0 17 18
1 2 19
1 18 19
2 3 20
2 19 20
3 4 21
3 20 21
4 5 22
4 21 22
5 6 23
5 22 23
6 7 24
6 23 24
7 8 25
7 24 25
8 9 26
8 25 26
9 10 27
9 26 27
10 11 28
10 27 28
11 12 29
11 28 29
12 13 30
12 29 30
13 14 31
13 30 31
14 15 32
14 31 32
15 16 33
15 32 33
17 18 35
17 34 35
18 19 36
18 35 36
19 20 37
19 36 37
20 21 38
20 37 38
21 22 39
21 38 39
22 23 289
23 40 289
22 39 289
39 289 290
40 289 290
23 24 291
24 41 291
23 40 291
40 291 292
41 291 292
24 25 293
25 42 293
24 41 293
41 293 294
42 293 294
25 26 295
26 43 295
25 42 295
42 295 296
43 295 296
26 27 297
27 44 297
26 43 297
43 297 298
44 297 298
27 28 45
27 44 45
28 29 46
28 45 46
29 30 47
29 46 47
30 31 48
30 47 48
31 32 49
31 48 49
32 33 50
32 49 50
34 35 52
34 51 52
35 36 53
35 52 53
36 37 54
36 53 54
37 38 55
37 54 55
38 39 300
39 299 300
56 299 300
38 55 300
55 300 301
56 300 301
40 290 303
39 290 303
40 302 303
57 302 303
56 299 303
39 299 303
56 303 304
57 303 304
41 292 306
40 292 306
41 305 306
58 305 306
57 302 306
40 302 306
57 306 307
58 306 307
42 294 309
41 294 309
42 308 309
59 308 309
58 305 309
41 305 309
58 309 310
59 309 310
43 296 312
42 296 312
43 311 312
60 311 312
59 308 312
42 308 312
59 312 313
60 312 313
44 298 315
43 298 315
44 314 315
61 314 315
60 311 315
43 311 315
60 315 316
61 315 316
44 45 317
45 62 317
61 314 317
44 314 317
61 317 318
62 317 318
45 46 63
45 62 63
46 47 64
46 63 64
47 48 65
47 64 65
48 49 66
48 65 66
49 50 67
49 66 67
51 52 69
51 68 69
52 53 70
52 69 70
53 54 71
53 70 71
54 55 320
55 319 320
72 319 320
54 71 320
71 320 321
72 320 321
56 301 323
55 301 323
56 322 323
73 322 323
72 319 323
55 319 323
72 323 324
73 323 324
57 304 326
56 304 326
57 325 326
74 325 326
73 322 326
56 322 326
73 326 327
74 326 327
58 307 328
57 307 328
58 75 328
74 325 328
57 325 328
74 75 328
59 310 329
58 310 329
59 76 329
58 75 329
75 76 329
60 313 330
59 313 330
60 77 330
59 76 330
76 77 330
61 316 331
60 316 331
61 78 331
60 77 331
77 78 331
62 318 333
61 318 333
62 332 333
79 332 333
61 78 333
78 79 333
62 63 334
63 80 334
79 332 334
62 332 334
79 334 335
80 334 335
63 64 81
63 80 81
64 65 82
64 81 82
65 66 83
65 82 83
66 67 84
66 83 84
68 69 86
68 85 86
69 70 87
69 86 87
70 71 337
71 336 337
88 336 337
70 87 337
87 337 338
88 337 338
72 321 340
71 321 340
72 339 340
89 339 340
88 336 340
71 336 340
88 340 341
89 340 341
73 324 343
72 324 343
73 342 343
90 342 343
89 339 343
72 339 343
89 343 344
90 343 344
74 327 345
73 327 345
74 91 345
90 342 345
73 342 345
90 91 345
74 75 92
74 91 92
75 76 93
75 92 93
76 77 94
76 93 94
77 78 95
77 94 95
78 79 96
78 95 96
80 335 347
79 335 347
80 346 347
97 346 347
79 96 347
96 97 347
80 81 348
81 98 348
97 346 348
80 346 348
97 348 349
98 348 349
81 82 99
81 98 99
82 83 100
82 99 100
83 84 101
83 100 101
85 86 103
85 102 103
86 87 351
87 350 351
104 350 351
86 103 351
103 104 351
88 338 353
87 338 353
88 352 353
105 352 353
104 350 353
87 350 353
104 353 354
105 353 354
89 341 356
88 341 356
89 355 356
106 355 356
105 352 356
88 352 356
105 356 357
106 356 357
90 344 358
89 344 358
90 107 358
106 355 358
89 355 358
106 107 358
90 91 108
90 107 108
91 92 109
91 108 109
92 93 110
92 109 110
93 94 111
93 110 111
94 95 112
94 111 112
95 96 113
95 112 113
96 97 114
96 113 114
98 349 360
97 349 360
98 359 360
115 359 360
97 114 360
114 115 360
98 99 361
99 116 361
115 359 361
98 359 361
115 361 362
116 361 362
99 100 117
99 116 117
100 101 118
100 117 118
102 103 120
102 119 120
103 104 364
104 363 364
121 363 364
103 120 364
120 121 364
105 354 366
104 354 366
105 365 366
122 365 366
121 363 366
104 363 366
121 366 367
122 366 367
106 357 368
105 357 368
106 123 368
122 365 368
105 365 368
122 123 368
106 107 124
106 123 124
107 108 125
107 124 125
108 109 126
108 125 126
109 110 127
109 126 127
110 111 128
110 127 128
111 112 129
111 128 129
112 113 130
112 129 130
113 114 131
113 130 131
114 115 370
115 369 370
132 369 370
114 131 370
131 132 370
116 362 372
115 362 372
116 371 372
133 371 372
132 369 372
115 369 372
132 372 373
133 372 373
116 117 374
117 134 374
133 371 374
116 371 374
133 134 374
117 118 135
117 134 135
119 120 137
119 136 137
120 121 376
121 375 376
138 375 376
120 137 376
137 138 376
122 367 378
121 367 378
122 377 378
139 377 378
138 375 378
121 375 378
138 378 379
139 378 379
122 123 380
123 140 380
139 377 380
122 377 380
139 140 380
123 124 141
123 140 141
124 125 142
124 141 142
125 126 143
125 142 143
126 127 144
126 143 144
127 128 145
127 144 145
128 129 146
128 145 146
129 130 147
129 146 147
130 131 148
130 147 148
131 132 382
132 381 382
149 381 382
131 148 382
148 149 382
133 373 384
132 373 384
133 383 384
150 383 384
149 381 384
132 381 384
149 384 385
150 384 385
133 134 386
134 151 386
150 383 386
133 383 386
150 151 386
134 135 152
134 151 152
136 137 154
136 153 154
137 138 388
138 387 388
155 387 388
137 154 388
154 155 388
139 379 390
138 379 390
139 389 390
156 389 390
155 387 390
138 387 390
155 390 391
156 390 391
139 140 392
140 157 392
156 389 392
139 389 392
156 157 392
140 141 158
140 157 158
141 142 159
141 158 159
142 143 160
142 159 160
143 144 161
143 160 161
144 145 162
144 161 162
145 146 163
145 162 163
146 147 164
146 163 164
147 148 165
147 164 165
148 149 394
149 393 394
166 393 394
148 165 394
165 166 394
150 385 396
149 385 396
150 395 396
167 395 396
166 393 396
149 393 396
166 396 397
167 396 397
150 151 398
151 168 398
167 395 398
150 395 398
167 168 398
151 152 169
151 168 169
153 154 171
153 170 171
154 155 400
155 399 400
172 399 400
154 171 400
171 172 400
156 391 402
155 391 402
156 401 402
173 401 402
172 399 402
155 399 402
172 402 403
173 402 403
156 157 404
157 174 404
173 401 404
156 401 404
173 174 404
157 158 175
157 174 175
158 159 176
158 175 176
159 160 177
159 176 177
160 161 178
160 177 178
161 162 179
161 178 179
162 163 180
162 179 180
163 164 181
163 180 181
164 165 182
164 181 182
165 166 406
166 405 406
183 405 406
165 182 406
182 406 407
183 406 407
167 397 409
166 397 409
167 408 409
184 408 409
183 405 409
166 405 409
183 409 410
184 409 410
167 168 411
168 185 411
184 408 411
167 408 411
184 185 411
168 169 186
168 185 186
170 171 188
170 187 188
171 172 189
171 188 189
173 403 413
172 403 413
173 412 413
190 412 413
172 189 413
189 190 413
173 174 414
174 191 414
190 412 414
173 412 414
190 414 415
191 414 415
174 175 192
174 191 192
175 176 193
175 192 193
176 177 194
176 193 194
177 178 195
177 194 195
178 179 196
178 195 196
179 180 197
179 196 197
180 181 198
180 197 198
181 182 417
182 416 417
199 416 417
181 198 417
198 417 418
199 417 418
183 407 420
182 407 420
183 419 420
200 419 420
199 416 420
182 416 420
199 420 421
200 420 421
184 410 423
183 410 423
184 422 423
201 422 423
200 419 423
183 419 423
200 423 424
201 423 424
184 185 425
185 202 425
201 422 425
184 422 425
201 202 425
185 186 203
185 202 203
187 188 205
187 204 205
188 189 206
188 205 206
189 190 207
189 206 207
191 415 427
190 415 427
191 426 427
208 426 427
190 207 427
207 208 427
191 192 428
192 209 428
208 426 428
191 426 428
208 428 429
209 428 429
192 193 210
192 209 210
193 194 211
193 210 211
194 195 212
194 211 212
195 196 213
195 212 213
196 197 214
196 213 214
197 198 431
198 430 431
215 430 431
197 214 431
214 431 432
215 431 432
199 418 434
198 418 434
199 433 434
216 433 434
215 430 434
198 430 434
215 434 435
216 434 435
200 421 437
199 421 437
200 436 437
217 436 437
216 433 437
199 433 437
216 437 438
217 437 438
201 424 439
200 424 439
201 218 439
217 436 439
200 436 439
217 218 439
201 202 219
201 218 219
202 203 220
202 219 220
204 205 222
204 221 222
205 206 223
205 222 223
206 207 224
206 223 224
207 208 225
207 224 225
209 429 441
208 429 441
209 440 441
226 440 441
208 225 441
225 226 441
209 210 442
210 227 442
226 440 442
209 440 442
226 442 443
227 442 443
210 211 444
211 228 444
210 227 444
227 444 445
228 444 445
211 212 446
212 229 446
211 228 446
228 446 447
229 446 447
212 213 448
213 230 448
212 229 448
229 448 449
230 448 449
213 214 451
214 450 451
231 450 451
213 230 451
230 451 452
231 451 452
215 432 454
214 432 454
215 453 454
232 453 454
231 450 454
214 450 454
231 454 455
232 454 455
216 435 457
215 435 457
216 456 457
233 456 457
232 453 457
215 453 457
232 457 458
233 457 458
217 438 459
216 438 459
217 234 459
233 456 459
216 456 459
233 234 459
217 218 235
217 234 235
218 219 236
218 235 236
219 220 237
219 236 237
221 222 239
221 238 239
222 223 240
222 239 240
223 224 241
223 240 241
224 225 242
224 241 242
225 226 243
225 242 243
227 443 461
226 443 461
227 460 461
244 460 461
226 243 461
243 244 461
228 445 463
227 445 463
228 462 463
245 462 463
244 460 463
227 460 463
244 463 464
245 463 464
229 447 466
228 447 466
229 465 466
246 465 466
245 462 466
228 462 466
245 466 467
246 466 467
230 449 469
229 449 469
230 468 469
247 468 469
246 465 469
229 465 469
246 469 470
247 469 470
231 452 472
230 452 472
231 471 472
248 471 472
247 468 472
230 468 472
247 472 473
248 472 473
232 455 475
231 455 475
232 474 475
249 474 475
248 471 475
231 471 475
248 475 476
249 475 476
233 458 477
232 458 477
233 250 477
249 474 477
232 474 477
249 250 477
233 234 251
233 250 251
234 235 252
234 251 252
235 236 253
235 252 253
236 237 254
236 253 254
238 239 256
238 255 256
239 240 257
239 256 257
240 241 258
240 257 258
241 242 259
241 258 259
242 243 260
242 259 260
243 244 261
243 260 261
245 464 478
244 464 478
245 262 478
244 261 478
261 262 478
246 467 479
245 467 479
246 263 479
245 262 479
262 263 479
247 470 480
246 470 480
247 264 480
246 263 480
263 264 480
248 473 481
247 473 481
248 265 481
247 264 481
264 265 481
249 476 482
248 476 482
249 266 482
248 265 482
265 266 482
249 250 267
249 266 267
250 251 268
250 267 268
251 252 269
251 268 269
252 253 270
252 269 270
253 254 271
253 270 271
255 256 273
255 272 273
256 257 274
256 273 274
257 258 275
257 274 275
258 259 276
258 275 276
259 260 277
259 276 277
260 261 278
260 277 278
261 262 279
261 278 279
262 263 280
262 279 280
263 264 281
263 280 281
264 265 282
264 281 282
265 266 283
265 282 283
266 267 284
266 283 284
267 268 285
267 284 285
268 269 286
268 285 286
269 270 287
269 286 287
270 271 288
270 287 288
