ID=5121286
numvertices=1675
numsimplices=3270
vertices
-1.500000e+00 -1.500000e+00
-1.200000e+00 -1.500000e+00
-9.000000e-01 -1.500000e+00
-6.000000e-01 -1.500000e+00
-3.000000e-01 -1.500000e+00
0.000000e+00 -1.500000e+00
3.000000e-01 -1.500000e+00
6.000000e-01 -1.500000e+00
9.000000e-01 -1.500000e+00
1.200000e+00 -1.500000e+00
1.500000e+00 -1.500000e+00
-1.500000e+00 -1.200000e+00
-1.200000e+00 -1.200000e+00
-9.000000e-01 -1.200000e+00
-6.000000e-01 -1.200000e+00
-3.000000e-01 -1.200000e+00
0.000000e+00 -1.200000e+00
3.000000e-01 -1.200000e+00
6.000000e-01 -1.200000e+00
9.000000e-01 -1.200000e+00
1.200000e+00 -1.200000e+00
1.500000e+00 -1.200000e+00
-1.500000e+00 -9.000000e-01
-1.200000e+00 -9.000000e-01
-9.000000e-01 -9.000000e-01
-6.000000e-01 -9.000000e-01
-3.000000e-01 -9.000000e-01
0.000000e+00 -9.000000e-01
3.000000e-01 -9.000000e-01
6.000000e-01 -9.000000e-01
9.000000e-01 -9.000000e-01
1.200000e+00 -9.000000e-01
1.500000e+00 -9.000000e-01
-1.500000e+00 -6.000000e-01
-1.200000e+00 -6.000000e-01
-9.000000e-01 -6.000000e-01
-6.000000e-01 -6.000000e-01
-3.000000e-01 -6.000000e-01
0.000000e+00 -6.000000e-01
3.000000e-01 -6.000000e-01
6.000000e-01 -6.000000e-01
9.000000e-01 -6.000000e-01
1.200000e+00 -6.000000e-01
1.500000e+00 -6.000000e-01
-1.500000e+00 -3.000000e-01
-1.200000e+00 -3.000000e-01
-9.000000e-01 -3.000000e-01
-6.000000e-01 -3.000000e-01
-3.000000e-01 -3.000000e-01
0.000000e+00 -3.000000e-01
3.000000e-01 -3.000000e-01
6.000000e-01 -3.000000e-01
9.000000e-01 -3.000000e-01
1.200000e+00 -3.000000e-01
1.500000e+00 -3.000000e-01
-1.500000e+00 0.000000e+00
-1.200000e+00 0.000000e+00
-9.000000e-01 0.000000e+00
-6.000000e-01 0.000000e+00
-3.000000e-01 0.000000e+00
0.000000e+00 0.000000e+00
3.000000e-01 0.000000e+00
6.000000e-01 0.000000e+00
9.000000e-01 0.000000e+00
1.200000e+00 0.000000e+00
1.500000e+00 0.000000e+00
-1.500000e+00 3.000000e-01
-1.200000e+00 3.000000e-01
-9.000000e-01 3.000000e-01
-6.000000e-01 3.000000e-01
-3.000000e-01 3.000000e-01
0.000000e+00 3.000000e-01
3.000000e-01 3.000000e-01
6.000000e-01 3.000000e-01
9.000000e-01 3.000000e-01
1.200000e+00 3.000000e-01
1.500000e+00 3.000000e-01
-1.500000e+00 6.000000e-01
-1.200000e+00 6.000000e-01
-9.000000e-01 6.000000e-01
-6.000000e-01 6.000000e-01
-3.000000e-01 6.000000e-01
0.000000e+00 6.000000e-01
3.000000e-01 6.000000e-01
6.000000e-01 6.000000e-01
9.000000e-01 6.000000e-01
1.200000e+00 6.000000e-01
1.500000e+00 6.000000e-01
-1.500000e+00 9.000000e-01
-1.200000e+00 9.000000e-01
-9.000000e-01 9.000000e-01
-6.000000e-01 9.000000e-01
-3.000000e-01 9.000000e-01
0.000000e+00 9.000000e-01
3.000000e-01 9.000000e-01
6.000000e-01 9.000000e-01
9.000000e-01 9.000000e-01
1.200000e+00 9.000000e-01
1.500000e+00 9.000000e-01
-1.500000e+00 1.200000e+00
-1.200000e+00 1.200000e+00
-9.000000e-01 1.200000e+00
-6.000000e-01 1.200000e+00
-3.000000e-01 1.200000e+00
0.000000e+00 1.200000e+00
3.000000e-01 1.200000e+00
6.000000e-01 1.200000e+00
9.000000e-01 1.200000e+00
1.200000e+00 1.200000e+00
1.500000e+00 1.200000e+00
-1.500000e+00 1.500000e+00
-1.200000e+00 1.500000e+00
-9.000000e-01 1.500000e+00
-6.000000e-01 1.500000e+00
-3.000000e-01 1.500000e+00
0.000000e+00 1.500000e+00
3.000000e-01 1.500000e+00
6.000000e-01 1.500000e+00
9.000000e-01 1.500000e+00
1.200000e+00 1.500000e+00
1.500000e+00 1.500000e+00
-7.500000e-01 -1.350000e+00
-7.500000e-01 -1.200000e+00
-4.500000e-01 -1.350000e+00
-4.500000e-01 -1.200000e+00
-1.500000e-01 -1.350000e+00
-1.500000e-01 -1.200000e+00
1.500000e-01 -1.350000e+00
1.500000e-01 -1.200000e+00
4.500000e-01 -1.350000e+00
4.500000e-01 -1.200000e+00
-9.000000e-01 -1.050000e+00
-1.050000e+00 -1.050000e+00
-1.050000e+00 -9.000000e-01
-6.000000e-01 -1.050000e+00
-7.500000e-01 -1.050000e+00
-7.500000e-01 -9.000000e-01
-3.000000e-01 -1.050000e+00
-4.500000e-01 -1.050000e+00
-4.500000e-01 -9.000000e-01
0.000000e+00 -1.050000e+00
-1.500000e-01 -1.050000e+00
-1.500000e-01 -9.000000e-01
3.000000e-01 -1.050000e+00
1.500000e-01 -1.050000e+00
1.500000e-01 -9.000000e-01
6.000000e-01 -1.050000e+00
4.500000e-01 -1.050000e+00
4.500000e-01 -9.000000e-01
7.500000e-01 -1.050000e+00
7.500000e-01 -9.000000e-01
-1.200000e+00 -7.500000e-01
-1.350000e+00 -7.500000e-01
-9.000000e-01 -7.500000e-01
-1.050000e+00 -7.500000e-01
-1.050000e+00 -6.000000e-01
-6.000000e-01 -7.500000e-01
-7.500000e-01 -7.500000e-01
-7.500000e-01 -6.000000e-01
-4.500000e-01 -7.500000e-01
-1.500000e-01 -7.500000e-01
1.500000e-01 -7.500000e-01
4.500000e-01 -7.500000e-01
9.000000e-01 -7.500000e-01
7.500000e-01 -7.500000e-01
1.050000e+00 -7.500000e-01
1.050000e+00 -6.000000e-01
-1.200000e+00 -4.500000e-01
-1.350000e+00 -4.500000e-01
-9.000000e-01 -4.500000e-01
-1.050000e+00 -4.500000e-01
-1.050000e+00 -3.000000e-01
-7.500000e-01 -4.500000e-01
9.000000e-01 -4.500000e-01
7.500000e-01 -4.500000e-01
1.200000e+00 -4.500000e-01
1.050000e+00 -4.500000e-01
1.050000e+00 -3.000000e-01
1.350000e+00 -4.500000e-01
-1.200000e+00 -1.500000e-01
-1.350000e+00 -1.500000e-01
-9.000000e-01 -1.500000e-01
-1.050000e+00 -1.500000e-01
-1.050000e+00 0.000000e+00
-7.500000e-01 -1.500000e-01
9.000000e-01 -1.500000e-01
7.500000e-01 -1.500000e-01
1.200000e+00 -1.500000e-01
1.050000e+00 -1.500000e-01
1.050000e+00 0.000000e+00
1.350000e+00 -1.500000e-01
-1.200000e+00 1.500000e-01
-1.350000e+00 1.500000e-01
-9.000000e-01 1.500000e-01
-1.050000e+00 1.500000e-01
-1.050000e+00 3.000000e-01
-7.500000e-01 1.500000e-01
9.000000e-01 1.500000e-01
7.500000e-01 1.500000e-01
1.200000e+00 1.500000e-01
1.050000e+00 1.500000e-01
1.050000e+00 3.000000e-01
1.350000e+00 1.500000e-01
-1.200000e+00 4.500000e-01
-1.350000e+00 4.500000e-01
-9.000000e-01 4.500000e-01
-1.050000e+00 4.500000e-01
-1.050000e+00 6.000000e-01
-7.500000e-01 4.500000e-01
9.000000e-01 4.500000e-01
7.500000e-01 4.500000e-01
7.500000e-01 6.000000e-01
1.200000e+00 4.500000e-01
1.050000e+00 4.500000e-01
1.050000e+00 6.000000e-01
1.350000e+00 4.500000e-01
-9.000000e-01 7.500000e-01
-1.050000e+00 7.500000e-01
-7.500000e-01 7.500000e-01
-7.500000e-01 9.000000e-01
-4.500000e-01 7.500000e-01
-4.500000e-01 9.000000e-01
-1.500000e-01 7.500000e-01
-1.500000e-01 9.000000e-01
1.500000e-01 7.500000e-01
1.500000e-01 9.000000e-01
6.000000e-01 7.500000e-01
4.500000e-01 7.500000e-01
4.500000e-01 9.000000e-01
9.000000e-01 7.500000e-01
7.500000e-01 7.500000e-01
7.500000e-01 9.000000e-01
1.200000e+00 7.500000e-01
1.050000e+00 7.500000e-01
1.050000e+00 9.000000e-01
1.350000e+00 7.500000e-01
-6.000000e-01 1.050000e+00
-7.500000e-01 1.050000e+00
-3.000000e-01 1.050000e+00
-4.500000e-01 1.050000e+00
-4.500000e-01 1.200000e+00
0.000000e+00 1.050000e+00
-1.500000e-01 1.050000e+00
-1.500000e-01 1.200000e+00
3.000000e-01 1.050000e+00
1.500000e-01 1.050000e+00
1.500000e-01 1.200000e+00
6.000000e-01 1.050000e+00
4.500000e-01 1.050000e+00
4.500000e-01 1.200000e+00
9.000000e-01 1.050000e+00
7.500000e-01 1.050000e+00
7.500000e-01 1.200000e+00
1.050000e+00 1.050000e+00
-4.500000e-01 1.350000e+00
-1.500000e-01 1.350000e+00
1.500000e-01 1.350000e+00
4.500000e-01 1.350000e+00
7.500000e-01 1.350000e+00
-1.350000e+00 -1.350000e+00
-1.350000e+00 -1.200000e+00
-9.000000e-01 -1.350000e+00
-1.050000e+00 -1.350000e+00
-6.750000e-01 -1.275000e+00
-6.000000e-01 -1.350000e+00
-8.250000e-01 -1.275000e+00
-8.250000e-01 -1.200000e+00
-6.750000e-01 -1.200000e+00
3.000000e-01 -1.350000e+00
5.250000e-01 -1.425000e+00
3.750000e-01 -1.425000e+00
4.500000e-01 -1.500000e+00
5.250000e-01 -1.275000e+00
6.000000e-01 -1.350000e+00
3.750000e-01 -1.275000e+00
4.500000e-01 -1.275000e+00
3.750000e-01 -1.200000e+00
5.250000e-01 -1.200000e+00
9.000000e-01 -1.350000e+00
7.500000e-01 -1.350000e+00
7.500000e-01 -1.500000e+00
7.500000e-01 -1.200000e+00
1.200000e+00 -1.350000e+00
1.050000e+00 -1.350000e+00
1.050000e+00 -1.500000e+00
1.050000e+00 -1.200000e+00
1.500000e+00 -1.350000e+00
1.350000e+00 -1.350000e+00
1.350000e+00 -1.500000e+00
-1.200000e+00 -1.050000e+00
-1.350000e+00 -1.050000e+00
-1.350000e+00 -9.000000e-01
-9.750000e-01 -9.750000e-01
-1.125000e+00 -9.750000e-01
-1.050000e+00 -9.750000e-01
-9.750000e-01 -9.000000e-01
-7.500000e-01 -1.125000e+00
-6.750000e-01 -1.125000e+00
-8.250000e-01 -1.125000e+00
-6.750000e-01 -1.050000e+00
-6.000000e-01 -1.125000e+00
-6.750000e-01 -9.750000e-01
-3.750000e-01 -1.125000e+00
-5.250000e-01 -1.125000e+00
-3.750000e-01 -1.050000e+00
-3.750000e-01 -9.750000e-01
-3.000000e-01 -9.750000e-01
-5.250000e-01 -9.750000e-01
-4.500000e-01 -9.750000e-01
-5.250000e-01 -9.000000e-01
-7.500000e-02 -1.125000e+00
-2.250000e-01 -1.125000e+00
-7.500000e-02 -1.050000e+00
-7.500000e-02 -9.750000e-01
0.000000e+00 -9.750000e-01
-2.250000e-01 -1.050000e+00
-2.250000e-01 -9.750000e-01
7.500000e-02 -9.750000e-01
4.500000e-01 -1.125000e+00
5.250000e-01 -1.125000e+00
3.750000e-01 -1.125000e+00
5.250000e-01 -1.050000e+00
6.000000e-01 -1.125000e+00
5.250000e-01 -9.750000e-01
3.750000e-01 -9.750000e-01
4.500000e-01 -9.750000e-01
5.250000e-01 -9.000000e-01
8.250000e-01 -1.125000e+00
6.750000e-01 -1.125000e+00
9.000000e-01 -1.050000e+00
6.750000e-01 -9.750000e-01
6.750000e-01 -9.000000e-01
1.050000e+00 -1.050000e+00
1.050000e+00 -9.000000e-01
-1.275000e+00 -8.250000e-01
-1.425000e+00 -8.250000e-01
-1.200000e+00 -8.250000e-01
-1.275000e+00 -6.750000e-01
-1.200000e+00 -6.750000e-01
-1.425000e+00 -6.750000e-01
-1.500000e+00 -7.500000e-01
-1.350000e+00 -6.000000e-01
-9.750000e-01 -8.250000e-01
-1.125000e+00 -8.250000e-01
-9.750000e-01 -6.750000e-01
-1.125000e+00 -7.500000e-01
-1.125000e+00 -6.750000e-01
-1.125000e+00 -6.000000e-01
-9.750000e-01 -6.000000e-01
-6.750000e-01 -6.750000e-01
-6.000000e-01 -6.750000e-01
-3.750000e-01 -8.250000e-01
-5.250000e-01 -8.250000e-01
-3.750000e-01 -6.750000e-01
-3.000000e-01 -7.500000e-01
-5.250000e-01 -7.500000e-01
-5.250000e-01 -6.750000e-01
-4.500000e-01 -6.000000e-01
-7.500000e-02 -8.250000e-01
-2.250000e-01 -8.250000e-01
-7.500000e-02 -6.750000e-01
0.000000e+00 -7.500000e-01
-2.250000e-01 -6.750000e-01
-1.500000e-01 -6.000000e-01
1.500000e-01 -6.000000e-01
5.250000e-01 -8.250000e-01
6.000000e-01 -7.500000e-01
4.500000e-01 -6.000000e-01
7.500000e-01 -8.250000e-01
8.250000e-01 -8.250000e-01
6.750000e-01 -8.250000e-01
8.250000e-01 -7.500000e-01
9.000000e-01 -8.250000e-01
8.250000e-01 -6.750000e-01
7.500000e-01 -6.000000e-01
1.125000e+00 -8.250000e-01
9.750000e-01 -8.250000e-01
1.125000e+00 -6.750000e-01
1.200000e+00 -7.500000e-01
9.750000e-01 -6.750000e-01
1.050000e+00 -6.750000e-01
9.750000e-01 -6.000000e-01
1.350000e+00 -7.500000e-01
-1.050000e+00 -5.250000e-01
-9.750000e-01 -5.250000e-01
-1.125000e+00 -5.250000e-01
-9.750000e-01 -4.500000e-01
-9.000000e-01 -5.250000e-01
-9.750000e-01 -3.750000e-01
-9.000000e-01 -3.750000e-01
-1.125000e+00 -3.750000e-01
-1.125000e+00 -3.000000e-01
-6.750000e-01 -5.250000e-01
-8.250000e-01 -5.250000e-01
-6.750000e-01 -3.750000e-01
-6.000000e-01 -4.500000e-01
-8.250000e-01 -4.500000e-01
-8.250000e-01 -3.750000e-01
-7.500000e-01 -3.000000e-01
-3.000000e-01 -4.500000e-01
-4.500000e-01 -4.500000e-01
-4.500000e-01 -3.000000e-01
0.000000e+00 -4.500000e-01
-1.500000e-01 -4.500000e-01
-1.500000e-01 -3.000000e-01
3.000000e-01 -4.500000e-01
1.500000e-01 -4.500000e-01
1.500000e-01 -3.000000e-01
6.000000e-01 -4.500000e-01
4.500000e-01 -4.500000e-01
4.500000e-01 -3.000000e-01
7.500000e-01 -3.000000e-01
9.750000e-01 -5.250000e-01
-1.350000e+00 0.000000e+00
-1.050000e+00 -2.250000e-01
-9.750000e-01 -2.250000e-01
-1.125000e+00 -2.250000e-01
-4.500000e-01 -1.500000e-01
-1.500000e-01 -1.500000e-01
3.000000e-01 -1.500000e-01
1.500000e-01 -1.500000e-01
4.500000e-01 -1.500000e-01
8.250000e-01 -2.250000e-01
9.000000e-01 -2.250000e-01
7.500000e-01 0.000000e+00
1.125000e+00 -2.250000e-01
9.750000e-01 -2.250000e-01
1.125000e+00 -1.500000e-01
1.125000e+00 -7.500000e-02
1.200000e+00 -7.500000e-02
9.750000e-01 -1.500000e-01
9.750000e-01 -7.500000e-02
1.050000e+00 -7.500000e-02
9.750000e-01 0.000000e+00
1.125000e+00 0.000000e+00
1.275000e+00 -7.500000e-02
1.350000e+00 0.000000e+00
-1.275000e+00 7.500000e-02
-1.275000e+00 1.500000e-01
-1.200000e+00 7.500000e-02
-1.275000e+00 2.250000e-01
-1.200000e+00 2.250000e-01
-1.350000e+00 3.000000e-01
-1.125000e+00 7.500000e-02
-1.125000e+00 1.500000e-01
-1.125000e+00 2.250000e-01
-1.125000e+00 3.000000e-01
-7.500000e-01 3.000000e-01
1.500000e-01 1.500000e-01
1.500000e-01 3.000000e-01
6.000000e-01 1.500000e-01
4.500000e-01 1.500000e-01
4.500000e-01 3.000000e-01
8.250000e-01 7.500000e-02
6.750000e-01 7.500000e-02
8.250000e-01 1.500000e-01
9.000000e-01 7.500000e-02
8.250000e-01 2.250000e-01
9.000000e-01 2.250000e-01
6.750000e-01 2.250000e-01
7.500000e-01 3.000000e-01
1.050000e+00 7.500000e-02
1.125000e+00 7.500000e-02
9.750000e-01 7.500000e-02
1.125000e+00 1.500000e-01
1.200000e+00 7.500000e-02
1.125000e+00 2.250000e-01
1.200000e+00 2.250000e-01
9.750000e-01 1.500000e-01
9.750000e-01 2.250000e-01
1.050000e+00 2.250000e-01
9.750000e-01 3.000000e-01
1.125000e+00 3.000000e-01
1.275000e+00 7.500000e-02
1.275000e+00 1.500000e-01
1.275000e+00 2.250000e-01
1.350000e+00 3.000000e-01
-1.050000e+00 3.750000e-01
-9.750000e-01 3.750000e-01
-1.125000e+00 3.750000e-01
-9.000000e-01 3.750000e-01
-9.750000e-01 5.250000e-01
-9.000000e-01 5.250000e-01
-6.750000e-01 3.750000e-01
-8.250000e-01 3.750000e-01
-6.750000e-01 5.250000e-01
-6.000000e-01 4.500000e-01
-8.250000e-01 4.500000e-01
-8.250000e-01 5.250000e-01
-7.500000e-01 6.000000e-01
-4.500000e-01 4.500000e-01
0.000000e+00 4.500000e-01
-1.500000e-01 4.500000e-01
3.000000e-01 4.500000e-01
1.500000e-01 4.500000e-01
1.500000e-01 6.000000e-01
6.000000e-01 4.500000e-01
4.500000e-01 4.500000e-01
4.500000e-01 6.000000e-01
8.250000e-01 5.250000e-01
6.750000e-01 5.250000e-01
7.500000e-01 5.250000e-01
6.750000e-01 6.000000e-01
8.250000e-01 6.000000e-01
1.050000e+00 3.750000e-01
1.125000e+00 3.750000e-01
9.750000e-01 3.750000e-01
1.125000e+00 5.250000e-01
9.750000e-01 5.250000e-01
1.050000e+00 5.250000e-01
9.750000e-01 6.000000e-01
1.125000e+00 6.000000e-01
1.425000e+00 3.750000e-01
1.275000e+00 3.750000e-01
1.425000e+00 5.250000e-01
1.500000e+00 4.500000e-01
1.350000e+00 6.000000e-01
-1.350000e+00 7.500000e-01
-1.350000e+00 9.000000e-01
-1.500000e+00 7.500000e-01
-1.050000e+00 9.000000e-01
-6.750000e-01 6.750000e-01
-6.750000e-01 8.250000e-01
-6.000000e-01 7.500000e-01
-6.750000e-01 9.000000e-01
-3.750000e-01 8.250000e-01
-3.000000e-01 7.500000e-01
-5.250000e-01 8.250000e-01
-4.500000e-01 8.250000e-01
-5.250000e-01 9.000000e-01
-7.500000e-02 8.250000e-01
0.000000e+00 7.500000e-01
-2.250000e-01 8.250000e-01
-2.250000e-01 9.000000e-01
-7.500000e-02 9.000000e-01
2.250000e-01 8.250000e-01
3.000000e-01 7.500000e-01
7.500000e-02 8.250000e-01
7.500000e-02 9.000000e-01
2.250000e-01 9.000000e-01
5.250000e-01 6.750000e-01
6.000000e-01 6.750000e-01
5.250000e-01 8.250000e-01
6.000000e-01 8.250000e-01
3.750000e-01 8.250000e-01
4.500000e-01 8.250000e-01
3.750000e-01 9.000000e-01
7.500000e-01 6.750000e-01
8.250000e-01 6.750000e-01
6.750000e-01 6.750000e-01
8.250000e-01 7.500000e-01
9.000000e-01 6.750000e-01
8.250000e-01 8.250000e-01
9.000000e-01 8.250000e-01
6.750000e-01 7.500000e-01
6.750000e-01 8.250000e-01
7.500000e-01 8.250000e-01
6.750000e-01 9.000000e-01
8.250000e-01 9.000000e-01
1.125000e+00 6.750000e-01
9.750000e-01 6.750000e-01
1.125000e+00 8.250000e-01
9.750000e-01 8.250000e-01
1.050000e+00 8.250000e-01
9.750000e-01 9.000000e-01
1.125000e+00 9.000000e-01
-1.200000e+00 1.050000e+00
-1.350000e+00 1.050000e+00
-1.350000e+00 1.200000e+00
-1.500000e+00 1.050000e+00
-9.000000e-01 1.050000e+00
-1.050000e+00 1.050000e+00
-1.050000e+00 1.200000e+00
-7.500000e-01 9.750000e-01
-6.750000e-01 9.750000e-01
-8.250000e-01 9.750000e-01
-5.250000e-01 9.750000e-01
-3.750000e-01 1.125000e+00
-5.250000e-01 1.125000e+00
-4.500000e-01 1.125000e+00
-5.250000e-01 1.200000e+00
-3.750000e-01 1.200000e+00
-1.500000e-01 9.750000e-01
-7.500000e-02 9.750000e-01
-2.250000e-01 9.750000e-01
-7.500000e-02 1.050000e+00
0.000000e+00 9.750000e-01
-7.500000e-02 1.125000e+00
-2.250000e-01 1.125000e+00
-1.500000e-01 1.125000e+00
-7.500000e-02 1.200000e+00
1.500000e-01 9.750000e-01
2.250000e-01 9.750000e-01
7.500000e-02 9.750000e-01
2.250000e-01 1.050000e+00
3.000000e-01 9.750000e-01
2.250000e-01 1.125000e+00
7.500000e-02 1.125000e+00
7.500000e-02 1.200000e+00
2.250000e-01 1.200000e+00
3.750000e-01 9.750000e-01
5.250000e-01 1.125000e+00
6.000000e-01 1.125000e+00
3.750000e-01 1.125000e+00
4.500000e-01 1.125000e+00
5.250000e-01 1.200000e+00
7.500000e-01 9.750000e-01
8.250000e-01 9.750000e-01
6.750000e-01 9.750000e-01
8.250000e-01 1.050000e+00
9.000000e-01 9.750000e-01
8.250000e-01 1.125000e+00
9.000000e-01 1.125000e+00
6.750000e-01 1.050000e+00
6.750000e-01 1.125000e+00
1.125000e+00 9.750000e-01
9.750000e-01 9.750000e-01
1.200000e+00 1.050000e+00
9.750000e-01 1.125000e+00
1.050000e+00 1.200000e+00
1.350000e+00 1.050000e+00
-1.350000e+00 1.350000e+00
-1.050000e+00 1.350000e+00
-6.000000e-01 1.350000e+00
-7.500000e-01 1.350000e+00
-4.500000e-01 1.275000e+00
-3.750000e-01 1.275000e+00
-5.250000e-01 1.275000e+00
-3.000000e-01 1.350000e+00
-7.500000e-02 1.275000e+00
-7.500000e-02 1.425000e+00
0.000000e+00 1.350000e+00
-2.250000e-01 1.425000e+00
-1.500000e-01 1.500000e+00
1.500000e-01 1.275000e+00
2.250000e-01 1.275000e+00
7.500000e-02 1.275000e+00
2.250000e-01 1.425000e+00
3.000000e-01 1.350000e+00
7.500000e-02 1.425000e+00
1.500000e-01 1.500000e+00
5.250000e-01 1.275000e+00
6.000000e-01 1.350000e+00
1.050000e+00 1.350000e+00
-1.275000e+00 -1.275000e+00
-1.200000e+00 -1.350000e+00
-1.275000e+00 -1.200000e+00
-1.050000e+00 -1.200000e+00
-6.750000e-01 -1.425000e+00
-7.500000e-01 -1.500000e+00
-6.000000e-01 -1.275000e+00
-6.000000e-01 -1.425000e+00
-3.750000e-01 -1.425000e+00
-5.250000e-01 -1.425000e+00
-4.500000e-01 -1.500000e+00
-3.750000e-01 -1.275000e+00
-3.000000e-01 -1.350000e+00
-5.250000e-01 -1.350000e+00
-5.250000e-01 -1.275000e+00
-4.500000e-01 -1.275000e+00
-5.250000e-01 -1.200000e+00
-3.750000e-01 -1.200000e+00
-7.500000e-02 -1.425000e+00
-2.250000e-01 -1.425000e+00
-1.500000e-01 -1.500000e+00
-7.500000e-02 -1.275000e+00
0.000000e+00 -1.350000e+00
-2.250000e-01 -1.275000e+00
-1.500000e-01 -1.275000e+00
-2.250000e-01 -1.200000e+00
-7.500000e-02 -1.200000e+00
2.250000e-01 -1.425000e+00
1.500000e-01 -1.500000e+00
2.250000e-01 -1.350000e+00
3.000000e-01 -1.275000e+00
2.250000e-01 -1.275000e+00
3.000000e-01 -1.425000e+00
7.500000e-02 -1.275000e+00
7.500000e-02 -1.200000e+00
2.250000e-01 -1.200000e+00
4.500000e-01 -1.425000e+00
4.125000e-01 -1.462500e+00
4.125000e-01 -1.387500e+00
3.750000e-01 -1.500000e+00
3.375000e-01 -1.462500e+00
5.625000e-01 -1.312500e+00
5.250000e-01 -1.350000e+00
4.875000e-01 -1.312500e+00
6.000000e-01 -1.275000e+00
5.625000e-01 -1.237500e+00
4.125000e-01 -1.312500e+00
3.750000e-01 -1.350000e+00
3.375000e-01 -1.237500e+00
4.125000e-01 -1.237500e+00
4.500000e-01 -1.312500e+00
3.750000e-01 -1.237500e+00
4.125000e-01 -1.200000e+00
4.875000e-01 -1.275000e+00
4.875000e-01 -1.237500e+00
8.250000e-01 -1.425000e+00
8.250000e-01 -1.350000e+00
9.000000e-01 -1.425000e+00
8.250000e-01 -1.275000e+00
9.000000e-01 -1.275000e+00
6.750000e-01 -1.275000e+00
6.750000e-01 -1.200000e+00
9.750000e-01 -1.425000e+00
9.750000e-01 -1.275000e+00
1.350000e+00 -1.425000e+00
1.425000e+00 -1.500000e+00
1.425000e+00 -1.425000e+00
1.275000e+00 -1.500000e+00
1.275000e+00 -1.425000e+00
1.425000e+00 -1.275000e+00
1.275000e+00 -1.275000e+00
1.350000e+00 -1.200000e+00
-1.350000e+00 -1.125000e+00
-1.275000e+00 -1.125000e+00
-1.425000e+00 -1.125000e+00
-1.200000e+00 -1.125000e+00
-1.275000e+00 -9.750000e-01
-1.500000e+00 -1.050000e+00
-1.275000e+00 -9.000000e-01
-1.125000e+00 -1.125000e+00
-9.375000e-01 -9.375000e-01
-9.000000e-01 -9.750000e-01
-1.087500e+00 -1.012500e+00
-1.125000e+00 -1.050000e+00
-1.087500e+00 -9.750000e-01
-1.050000e+00 -9.375000e-01
-1.087500e+00 -9.375000e-01
-1.125000e+00 -9.000000e-01
-1.012500e+00 -9.375000e-01
-9.750000e-01 -9.375000e-01
-1.012500e+00 -9.000000e-01
-9.375000e-01 -9.000000e-01
-6.375000e-01 -1.087500e+00
-6.375000e-01 -1.050000e+00
-6.375000e-01 -1.012500e+00
-6.375000e-01 -9.375000e-01
-6.000000e-01 -9.750000e-01
-6.750000e-01 -1.012500e+00
-7.125000e-01 -1.012500e+00
-8.250000e-01 -9.750000e-01
-7.500000e-01 -9.750000e-01
-8.250000e-01 -9.000000e-01
-7.125000e-01 -9.375000e-01
-6.750000e-01 -9.000000e-01
-3.000000e-01 -1.125000e+00
-4.125000e-01 -1.012500e+00
-5.625000e-01 -1.012500e+00
-5.625000e-01 -9.375000e-01
-4.875000e-01 -1.012500e+00
-5.250000e-01 -1.050000e+00
-4.875000e-01 -9.750000e-01
-4.500000e-01 -9.375000e-01
-4.875000e-01 -9.375000e-01
-4.500000e-01 -1.012500e+00
-4.125000e-01 -9.750000e-01
-4.125000e-01 -9.375000e-01
-3.750000e-01 -9.000000e-01
-1.125000e-01 -1.087500e+00
-1.500000e-01 -1.125000e+00
-1.875000e-01 -1.087500e+00
-3.750000e-02 -1.087500e+00
0.000000e+00 -1.125000e+00
-7.500000e-02 -1.087500e+00
-3.750000e-02 -1.050000e+00
-1.125000e-01 -1.050000e+00
-3.750000e-02 -9.750000e-01
0.000000e+00 -1.012500e+00
-3.750000e-02 -1.012500e+00
0.000000e+00 -9.375000e-01
-3.750000e-02 -9.375000e-01
-7.500000e-02 -1.012500e+00
-1.125000e-01 -1.012500e+00
-2.625000e-01 -1.012500e+00
-2.625000e-01 -9.375000e-01
-2.625000e-01 -1.050000e+00
-1.875000e-01 -1.012500e+00
-2.625000e-01 -1.087500e+00
-2.250000e-01 -1.087500e+00
-1.875000e-01 -9.375000e-01
-1.500000e-01 -9.750000e-01
-2.250000e-01 -9.000000e-01
-1.125000e-01 -9.375000e-01
-7.500000e-02 -9.000000e-01
1.500000e-01 -1.125000e+00
2.250000e-01 -1.125000e+00
7.500000e-02 -1.125000e+00
2.250000e-01 -1.050000e+00
3.000000e-01 -1.125000e+00
2.250000e-01 -9.750000e-01
3.000000e-01 -9.750000e-01
3.750000e-02 -9.750000e-01
3.750000e-02 -1.012500e+00
3.750000e-02 -9.375000e-01
7.500000e-02 -1.050000e+00
7.500000e-02 -9.000000e-01
5.625000e-01 -1.162500e+00
4.125000e-01 -1.162500e+00
6.000000e-01 -1.087500e+00
5.625000e-01 -1.087500e+00
6.000000e-01 -1.162500e+00
5.625000e-01 -9.375000e-01
6.000000e-01 -9.750000e-01
4.125000e-01 -1.012500e+00
3.750000e-01 -1.050000e+00
4.125000e-01 -9.750000e-01
4.500000e-01 -9.375000e-01
4.125000e-01 -9.375000e-01
3.750000e-01 -9.000000e-01
4.875000e-01 -9.375000e-01
5.625000e-01 -9.000000e-01
7.500000e-01 -1.125000e+00
7.125000e-01 -1.087500e+00
6.375000e-01 -1.162500e+00
9.000000e-01 -9.750000e-01
8.250000e-01 -9.750000e-01
9.000000e-01 -1.125000e+00
7.125000e-01 -1.012500e+00
6.750000e-01 -1.050000e+00
6.375000e-01 -1.125000e+00
6.375000e-01 -1.087500e+00
7.125000e-01 -9.375000e-01
7.500000e-01 -9.750000e-01
8.250000e-01 -9.000000e-01
1.125000e+00 -1.125000e+00
9.750000e-01 -1.125000e+00
1.125000e+00 -9.750000e-01
1.200000e+00 -1.050000e+00
9.750000e-01 -1.050000e+00
9.750000e-01 -9.750000e-01
9.750000e-01 -9.000000e-01
1.125000e+00 -9.000000e-01
1.350000e+00 -1.050000e+00
1.350000e+00 -9.000000e-01
-1.312500e+00 -8.625000e-01
-1.312500e+00 -7.875000e-01
-1.350000e+00 -8.250000e-01
-1.237500e+00 -8.625000e-01
-1.200000e+00 -8.625000e-01
-1.275000e+00 -7.500000e-01
-1.237500e+00 -6.750000e-01
-1.200000e+00 -7.125000e-01
-1.237500e+00 -7.125000e-01
-1.200000e+00 -6.375000e-01
-1.237500e+00 -6.375000e-01
-1.312500e+00 -7.125000e-01
-1.462500e+00 -7.125000e-01
-1.425000e+00 -7.500000e-01
-1.387500e+00 -7.125000e-01
-1.500000e+00 -6.750000e-01
-1.462500e+00 -6.375000e-01
-1.350000e+00 -6.750000e-01
-1.275000e+00 -6.000000e-01
-1.387500e+00 -6.375000e-01
-1.425000e+00 -6.000000e-01
-9.750000e-01 -8.625000e-01
-1.012500e+00 -8.625000e-01
-9.375000e-01 -8.625000e-01
-1.012500e+00 -7.875000e-01
-1.050000e+00 -8.250000e-01
-1.162500e+00 -8.625000e-01
-9.375000e-01 -7.875000e-01
-9.000000e-01 -8.250000e-01
-9.750000e-01 -7.500000e-01
-9.375000e-01 -7.125000e-01
-9.375000e-01 -6.375000e-01
-9.000000e-01 -6.750000e-01
-1.012500e+00 -7.125000e-01
-1.162500e+00 -6.750000e-01
-1.162500e+00 -7.125000e-01
-1.162500e+00 -6.375000e-01
-1.162500e+00 -8.250000e-01
-1.162500e+00 -7.875000e-01
-1.050000e+00 -6.750000e-01
-1.012500e+00 -6.375000e-01
-1.012500e+00 -6.000000e-01
-9.375000e-01 -6.000000e-01
-6.750000e-01 -8.250000e-01
-8.250000e-01 -8.250000e-01
-8.250000e-01 -7.500000e-01
-8.250000e-01 -6.750000e-01
-4.125000e-01 -7.875000e-01
-4.500000e-01 -8.250000e-01
-4.875000e-01 -8.625000e-01
-4.875000e-01 -7.875000e-01
-3.375000e-01 -7.125000e-01
-3.750000e-01 -7.500000e-01
-4.125000e-01 -7.125000e-01
-3.000000e-01 -6.750000e-01
-3.375000e-01 -6.375000e-01
-3.375000e-01 -7.875000e-01
-3.000000e-01 -8.250000e-01
-4.500000e-01 -6.750000e-01
-3.750000e-01 -6.000000e-01
-1.500000e-01 -8.250000e-01
-2.625000e-01 -8.625000e-01
-1.875000e-01 -7.875000e-01
-2.625000e-01 -7.125000e-01
-1.875000e-01 -7.125000e-01
-2.250000e-01 -7.500000e-01
-2.625000e-01 -6.375000e-01
-2.625000e-01 -7.875000e-01
-1.500000e-01 -6.750000e-01
-2.250000e-01 -6.000000e-01
7.500000e-02 -8.250000e-01
3.000000e-01 -7.500000e-01
5.250000e-01 -8.625000e-01
4.875000e-01 -8.625000e-01
5.625000e-01 -8.625000e-01
4.875000e-01 -7.875000e-01
4.500000e-01 -8.250000e-01
3.750000e-01 -8.250000e-01
5.250000e-01 -7.500000e-01
6.000000e-01 -6.750000e-01
5.250000e-01 -6.750000e-01
5.625000e-01 -7.875000e-01
6.000000e-01 -8.250000e-01
3.750000e-01 -6.750000e-01
4.500000e-01 -6.750000e-01
3.750000e-01 -6.000000e-01
7.875000e-01 -8.625000e-01
8.625000e-01 -8.625000e-01
7.875000e-01 -8.250000e-01
7.500000e-01 -8.625000e-01
7.875000e-01 -7.875000e-01
7.500000e-01 -7.875000e-01
7.125000e-01 -8.625000e-01
7.125000e-01 -7.875000e-01
8.625000e-01 -8.250000e-01
9.000000e-01 -7.875000e-01
8.625000e-01 -7.875000e-01
9.000000e-01 -8.625000e-01
8.250000e-01 -7.875000e-01
8.625000e-01 -7.500000e-01
7.875000e-01 -7.500000e-01
8.625000e-01 -7.125000e-01
9.000000e-01 -6.750000e-01
7.875000e-01 -7.125000e-01
6.750000e-01 -7.500000e-01
6.750000e-01 -6.750000e-01
6.375000e-01 -7.875000e-01
7.500000e-01 -6.750000e-01
8.250000e-01 -6.000000e-01
6.750000e-01 -6.000000e-01
1.087500e+00 -7.875000e-01
1.050000e+00 -8.250000e-01
1.162500e+00 -8.625000e-01
1.012500e+00 -7.875000e-01
9.375000e-01 -8.625000e-01
1.162500e+00 -7.125000e-01
1.125000e+00 -7.500000e-01
1.087500e+00 -7.125000e-01
1.200000e+00 -6.750000e-01
1.162500e+00 -6.375000e-01
1.162500e+00 -7.875000e-01
1.200000e+00 -8.250000e-01
9.375000e-01 -7.125000e-01
9.375000e-01 -6.375000e-01
1.012500e+00 -7.125000e-01
9.750000e-01 -7.500000e-01
9.375000e-01 -8.250000e-01
9.375000e-01 -7.875000e-01
1.012500e+00 -6.750000e-01
1.050000e+00 -6.375000e-01
1.012500e+00 -6.375000e-01
1.050000e+00 -7.125000e-01
9.750000e-01 -6.375000e-01
1.012500e+00 -6.000000e-01
9.375000e-01 -6.000000e-01
1.087500e+00 -6.375000e-01
1.125000e+00 -6.000000e-01
1.425000e+00 -8.250000e-01
1.275000e+00 -8.250000e-01
1.500000e+00 -7.500000e-01
1.275000e+00 -6.750000e-01
1.350000e+00 -6.000000e-01
-1.275000e+00 -5.250000e-01
-1.425000e+00 -5.250000e-01
-1.500000e+00 -4.500000e-01
-1.350000e+00 -3.000000e-01
-9.750000e-01 -5.625000e-01
-1.012500e+00 -5.625000e-01
-9.375000e-01 -5.625000e-01
-1.012500e+00 -5.250000e-01
-1.050000e+00 -5.625000e-01
-1.012500e+00 -4.875000e-01
-1.050000e+00 -4.875000e-01
-1.087500e+00 -5.625000e-01
-1.087500e+00 -4.875000e-01
-1.125000e+00 -4.500000e-01
-3.750000e-01 -5.250000e-01
-3.750000e-01 -3.750000e-01
-5.250000e-01 -3.750000e-01
-5.250000e-01 -3.000000e-01
-3.750000e-01 -3.000000e-01
-2.250000e-01 -5.250000e-01
2.250000e-01 -3.750000e-01
7.500000e-02 -3.750000e-01
1.500000e-01 -3.750000e-01
2.250000e-01 -3.000000e-01
3.750000e-01 -5.250000e-01
5.250000e-01 -3.750000e-01
3.750000e-01 -3.750000e-01
4.500000e-01 -3.750000e-01
5.250000e-01 -3.000000e-01
7.500000e-01 -5.250000e-01
8.250000e-01 -5.250000e-01
6.750000e-01 -5.250000e-01
8.250000e-01 -4.500000e-01
9.000000e-01 -5.250000e-01
8.250000e-01 -3.750000e-01
8.250000e-01 -3.000000e-01
1.050000e+00 -5.250000e-01
1.125000e+00 -5.250000e-01
1.012500e+00 -5.625000e-01
9.375000e-01 -5.625000e-01
1.012500e+00 -4.875000e-01
1.125000e+00 -3.750000e-01
9.750000e-01 -4.500000e-01
9.750000e-01 -3.750000e-01
9.375000e-01 -4.875000e-01
1.050000e+00 -3.750000e-01
9.750000e-01 -3.000000e-01
1.125000e+00 -3.000000e-01
1.350000e+00 -3.000000e-01
-1.275000e+00 -2.250000e-01
-1.425000e+00 -2.250000e-01
-1.275000e+00 -1.500000e-01
-1.200000e+00 -2.250000e-01
-1.275000e+00 -7.500000e-02
-1.200000e+00 -7.500000e-02
-1.425000e+00 -7.500000e-02
-1.500000e+00 -1.500000e-01
-1.275000e+00 0.000000e+00
-1.425000e+00 0.000000e+00
-9.000000e-01 -2.250000e-01
-9.750000e-01 -1.500000e-01
-9.750000e-01 -7.500000e-02
-9.000000e-01 -7.500000e-02
-1.125000e+00 -7.500000e-02
-1.125000e+00 0.000000e+00
-6.750000e-01 -2.250000e-01
-8.250000e-01 -2.250000e-01
-6.750000e-01 -7.500000e-02
-6.000000e-01 -1.500000e-01
-8.250000e-01 -1.500000e-01
-8.250000e-01 -7.500000e-02
-7.500000e-01 0.000000e+00
-4.500000e-01 -2.250000e-01
-3.750000e-01 -2.250000e-01
-5.250000e-01 -2.250000e-01
-3.750000e-01 -7.500000e-02
-3.000000e-01 -1.500000e-01
-5.250000e-01 -7.500000e-02
-4.500000e-01 0.000000e+00
-2.250000e-01 -2.250000e-01
-7.500000e-02 -7.500000e-02
0.000000e+00 -1.500000e-01
-2.250000e-01 -7.500000e-02
-1.500000e-01 0.000000e+00
2.250000e-01 -2.250000e-01
1.500000e-01 0.000000e+00
5.250000e-01 -2.250000e-01
5.250000e-01 -7.500000e-02
6.000000e-01 -1.500000e-01
3.750000e-01 -7.500000e-02
4.500000e-01 0.000000e+00
7.875000e-01 -2.625000e-01
7.875000e-01 -1.875000e-01
7.500000e-01 -2.250000e-01
8.625000e-01 -2.625000e-01
6.750000e-01 -2.250000e-01
9.000000e-01 -1.875000e-01
8.625000e-01 -1.875000e-01
8.250000e-01 -1.500000e-01
8.250000e-01 -7.500000e-02
9.000000e-01 -7.500000e-02
6.750000e-01 -7.500000e-02
7.500000e-01 -7.500000e-02
8.250000e-01 0.000000e+00
6.750000e-01 0.000000e+00
1.162500e+00 -2.625000e-01
1.087500e+00 -1.875000e-01
1.050000e+00 -2.250000e-01
9.375000e-01 -2.625000e-01
1.012500e+00 -1.875000e-01
1.162500e+00 -1.875000e-01
1.200000e+00 -2.250000e-01
1.125000e+00 -1.875000e-01
1.162500e+00 -1.500000e-01
1.087500e+00 -1.500000e-01
1.162500e+00 -7.500000e-02
1.200000e+00 -1.125000e-01
1.162500e+00 -1.125000e-01
1.200000e+00 -3.750000e-02
1.162500e+00 -3.750000e-02
1.087500e+00 -1.125000e-01
9.375000e-01 -1.125000e-01
9.375000e-01 -3.750000e-02
9.750000e-01 -1.125000e-01
9.375000e-01 -1.500000e-01
1.012500e+00 -1.125000e-01
1.012500e+00 -1.500000e-01
9.375000e-01 -2.250000e-01
9.375000e-01 -1.875000e-01
1.050000e+00 -3.750000e-02
1.012500e+00 -3.750000e-02
1.050000e+00 -1.125000e-01
9.750000e-01 -3.750000e-02
1.012500e+00 0.000000e+00
9.375000e-01 0.000000e+00
1.087500e+00 -7.500000e-02
1.087500e+00 -3.750000e-02
1.087500e+00 0.000000e+00
1.162500e+00 0.000000e+00
1.275000e+00 -2.250000e-01
1.425000e+00 -7.500000e-02
1.500000e+00 -1.500000e-01
1.237500e+00 -7.500000e-02
1.237500e+00 -1.125000e-01
1.237500e+00 -3.750000e-02
1.312500e+00 -1.125000e-01
1.275000e+00 -1.500000e-01
1.350000e+00 -7.500000e-02
1.425000e+00 0.000000e+00
1.275000e+00 0.000000e+00
-1.312500e+00 3.750000e-02
-1.350000e+00 7.500000e-02
-1.237500e+00 3.750000e-02
-1.425000e+00 7.500000e-02
-1.237500e+00 7.500000e-02
-1.200000e+00 1.125000e-01
-1.237500e+00 1.125000e-01
-1.200000e+00 3.750000e-02
-1.425000e+00 2.250000e-01
-1.500000e+00 1.500000e-01
-1.425000e+00 3.000000e-01
-1.162500e+00 3.750000e-02
-9.750000e-01 2.250000e-01
-1.162500e+00 2.625000e-01
-1.162500e+00 1.125000e-01
-1.087500e+00 2.625000e-01
-1.050000e+00 2.250000e-01
-1.087500e+00 3.000000e-01
-1.162500e+00 3.000000e-01
-9.750000e-01 3.000000e-01
-6.750000e-01 7.500000e-02
-8.250000e-01 7.500000e-02
-6.750000e-01 2.250000e-01
-6.000000e-01 1.500000e-01
-8.250000e-01 2.250000e-01
-6.750000e-01 3.000000e-01
-8.250000e-01 3.000000e-01
-4.500000e-01 1.500000e-01
-4.500000e-01 3.000000e-01
0.000000e+00 1.500000e-01
-1.500000e-01 1.500000e-01
2.250000e-01 7.500000e-02
7.500000e-02 7.500000e-02
2.250000e-01 2.250000e-01
3.000000e-01 1.500000e-01
7.500000e-02 2.250000e-01
5.250000e-01 7.500000e-02
6.000000e-01 7.500000e-02
5.250000e-01 2.250000e-01
6.000000e-01 2.250000e-01
7.875000e-01 1.125000e-01
7.500000e-01 7.500000e-02
8.625000e-01 3.750000e-02
7.125000e-01 1.125000e-01
6.375000e-01 3.750000e-02
8.625000e-01 7.500000e-02
9.000000e-01 1.125000e-01
8.625000e-01 1.125000e-01
9.000000e-01 3.750000e-02
8.250000e-01 1.125000e-01
8.625000e-01 1.500000e-01
7.875000e-01 1.500000e-01
9.000000e-01 1.875000e-01
8.625000e-01 1.875000e-01
9.000000e-01 2.625000e-01
8.625000e-01 2.625000e-01
7.875000e-01 1.875000e-01
6.375000e-01 1.875000e-01
7.125000e-01 1.875000e-01
6.750000e-01 1.500000e-01
6.375000e-01 2.625000e-01
6.375000e-01 1.125000e-01
7.500000e-01 2.250000e-01
8.250000e-01 3.000000e-01
6.750000e-01 3.000000e-01
1.125000e+00 3.750000e-02
1.087500e+00 3.750000e-02
1.162500e+00 3.750000e-02
1.087500e+00 7.500000e-02
1.050000e+00 3.750000e-02
1.087500e+00 1.125000e-01
1.050000e+00 1.125000e-01
1.012500e+00 3.750000e-02
9.375000e-01 3.750000e-02
1.012500e+00 1.125000e-01
1.162500e+00 7.500000e-02
1.200000e+00 1.125000e-01
1.162500e+00 1.125000e-01
1.200000e+00 3.750000e-02
1.125000e+00 1.125000e-01
1.162500e+00 1.500000e-01
1.087500e+00 1.500000e-01
1.162500e+00 1.875000e-01
1.087500e+00 1.875000e-01
9.375000e-01 2.250000e-01
9.375000e-01 1.875000e-01
9.375000e-01 2.625000e-01
9.750000e-01 1.875000e-01
9.375000e-01 1.500000e-01
1.012500e+00 1.875000e-01
1.012500e+00 1.500000e-01
9.375000e-01 1.125000e-01
1.012500e+00 2.250000e-01
1.050000e+00 2.625000e-01
1.012500e+00 2.625000e-01
1.050000e+00 1.875000e-01
9.750000e-01 2.625000e-01
1.012500e+00 3.000000e-01
9.375000e-01 3.000000e-01
1.087500e+00 2.625000e-01
1.350000e+00 7.500000e-02
1.425000e+00 7.500000e-02
1.312500e+00 3.750000e-02
1.312500e+00 1.125000e-01
1.237500e+00 3.750000e-02
1.425000e+00 2.250000e-01
1.500000e+00 1.500000e-01
1.237500e+00 1.875000e-01
1.237500e+00 1.500000e-01
1.312500e+00 1.875000e-01
1.312500e+00 1.500000e-01
1.237500e+00 7.500000e-02
1.237500e+00 1.125000e-01
1.275000e+00 1.125000e-01
1.350000e+00 2.250000e-01
-1.350000e+00 3.750000e-01
-1.275000e+00 3.750000e-01
-1.425000e+00 3.750000e-01
-1.275000e+00 4.500000e-01
-1.200000e+00 3.750000e-01
-1.275000e+00 5.250000e-01
-1.200000e+00 5.250000e-01
-1.500000e+00 4.500000e-01
-1.350000e+00 6.000000e-01
-1.012500e+00 3.375000e-01
-9.375000e-01 3.375000e-01
-1.050000e+00 3.375000e-01
-1.012500e+00 4.125000e-01
-1.050000e+00 4.125000e-01
-1.125000e+00 3.375000e-01
-1.087500e+00 3.375000e-01
-1.162500e+00 3.375000e-01
-1.087500e+00 3.750000e-01
-1.087500e+00 4.125000e-01
-9.000000e-01 4.125000e-01
-9.375000e-01 4.125000e-01
-9.000000e-01 3.375000e-01
-9.750000e-01 4.500000e-01
-9.375000e-01 5.250000e-01
-9.000000e-01 4.875000e-01
-9.375000e-01 4.875000e-01
-9.000000e-01 5.625000e-01
-9.375000e-01 5.625000e-01
-1.125000e+00 4.500000e-01
-1.125000e+00 5.250000e-01
-9.750000e-01 6.000000e-01
-7.125000e-01 3.375000e-01
-7.125000e-01 4.125000e-01
-7.500000e-01 3.750000e-01
-7.875000e-01 4.125000e-01
-8.625000e-01 3.375000e-01
-6.750000e-01 4.500000e-01
-7.125000e-01 4.875000e-01
-8.625000e-01 5.250000e-01
-8.625000e-01 4.875000e-01
-8.625000e-01 5.625000e-01
-8.250000e-01 4.875000e-01
-8.625000e-01 4.500000e-01
-7.875000e-01 4.875000e-01
-7.875000e-01 4.500000e-01
-8.625000e-01 3.750000e-01
-8.625000e-01 4.125000e-01
-7.125000e-01 5.625000e-01
-7.500000e-01 5.250000e-01
-6.750000e-01 6.000000e-01
-8.250000e-01 6.000000e-01
-3.750000e-01 3.750000e-01
-5.250000e-01 3.750000e-01
-3.750000e-01 5.250000e-01
-3.000000e-01 4.500000e-01
-4.500000e-01 6.000000e-01
-1.500000e-01 6.000000e-01
2.250000e-01 5.250000e-01
3.000000e-01 5.250000e-01
2.250000e-01 6.000000e-01
5.250000e-01 3.750000e-01
3.750000e-01 3.750000e-01
5.250000e-01 4.500000e-01
6.000000e-01 3.750000e-01
5.250000e-01 5.250000e-01
6.000000e-01 5.250000e-01
3.750000e-01 4.500000e-01
3.750000e-01 5.250000e-01
3.750000e-01 6.000000e-01
5.250000e-01 6.000000e-01
8.250000e-01 3.750000e-01
6.750000e-01 3.750000e-01
9.000000e-01 3.750000e-01
9.000000e-01 5.250000e-01
1.012500e+00 3.375000e-01
9.375000e-01 3.375000e-01
1.125000e+00 4.500000e-01
1.162500e+00 4.875000e-01
1.162500e+00 5.625000e-01
1.200000e+00 5.250000e-01
1.087500e+00 4.875000e-01
9.375000e-01 4.875000e-01
9.375000e-01 5.625000e-01
1.012500e+00 4.875000e-01
9.750000e-01 4.500000e-01
1.012500e+00 5.625000e-01
9.750000e-01 5.625000e-01
1.012500e+00 6.000000e-01
1.087500e+00 5.625000e-01
1.087500e+00 6.000000e-01
1.162500e+00 6.000000e-01
1.387500e+00 4.125000e-01
1.350000e+00 3.750000e-01
1.425000e+00 4.500000e-01
1.462500e+00 4.125000e-01
1.500000e+00 3.750000e-01
1.275000e+00 5.250000e-01
1.425000e+00 6.000000e-01
1.275000e+00 6.000000e-01
-9.750000e-01 6.750000e-01
-9.750000e-01 8.250000e-01
-9.750000e-01 9.000000e-01
-8.250000e-01 6.750000e-01
-6.000000e-01 8.250000e-01
-6.375000e-01 8.625000e-01
-8.250000e-01 8.250000e-01
-7.500000e-01 8.250000e-01
-8.250000e-01 9.000000e-01
-7.125000e-01 8.625000e-01
-7.125000e-01 9.000000e-01
-6.375000e-01 9.000000e-01
-5.625000e-01 8.625000e-01
-4.875000e-01 8.625000e-01
-4.875000e-01 9.000000e-01
-5.625000e-01 9.000000e-01
-3.750000e-01 9.000000e-01
-7.500000e-02 6.750000e-01
0.000000e+00 8.250000e-01
-3.750000e-02 8.625000e-01
0.000000e+00 6.750000e-01
-1.500000e-01 8.250000e-01
-1.125000e-01 8.625000e-01
-7.500000e-02 8.625000e-01
-3.750000e-02 9.000000e-01
1.500000e-01 6.750000e-01
2.250000e-01 6.750000e-01
7.500000e-02 6.750000e-01
3.000000e-01 8.250000e-01
7.500000e-02 7.500000e-01
4.875000e-01 6.375000e-01
4.875000e-01 7.125000e-01
4.500000e-01 6.750000e-01
5.625000e-01 6.375000e-01
3.750000e-01 6.750000e-01
5.625000e-01 6.750000e-01
6.000000e-01 7.125000e-01
5.625000e-01 7.125000e-01
6.000000e-01 6.375000e-01
5.250000e-01 7.500000e-01
5.625000e-01 8.250000e-01
6.000000e-01 7.875000e-01
5.625000e-01 7.875000e-01
6.000000e-01 8.625000e-01
5.625000e-01 8.625000e-01
3.375000e-01 7.875000e-01
4.125000e-01 7.875000e-01
3.750000e-01 7.500000e-01
5.250000e-01 9.000000e-01
8.625000e-01 6.375000e-01
7.875000e-01 7.125000e-01
6.375000e-01 6.375000e-01
7.125000e-01 7.125000e-01
8.625000e-01 7.125000e-01
9.000000e-01 6.375000e-01
8.625000e-01 7.500000e-01
7.875000e-01 7.500000e-01
8.625000e-01 7.875000e-01
8.625000e-01 8.625000e-01
8.250000e-01 7.875000e-01
7.875000e-01 7.875000e-01
6.375000e-01 8.250000e-01
6.375000e-01 7.875000e-01
6.375000e-01 8.625000e-01
6.375000e-01 7.500000e-01
6.375000e-01 7.125000e-01
6.750000e-01 7.125000e-01
7.875000e-01 8.625000e-01
8.250000e-01 8.625000e-01
7.875000e-01 9.000000e-01
8.625000e-01 9.000000e-01
1.125000e+00 6.375000e-01
1.087500e+00 6.375000e-01
1.162500e+00 6.375000e-01
1.087500e+00 7.125000e-01
1.050000e+00 6.750000e-01
1.012500e+00 6.375000e-01
9.375000e-01 6.375000e-01
1.012500e+00 7.125000e-01
1.162500e+00 7.125000e-01
1.200000e+00 6.750000e-01
1.125000e+00 7.500000e-01
1.162500e+00 7.875000e-01
1.162500e+00 8.625000e-01
1.200000e+00 8.250000e-01
1.087500e+00 7.875000e-01
9.375000e-01 8.625000e-01
1.012500e+00 7.875000e-01
9.750000e-01 7.500000e-01
9.375000e-01 6.750000e-01
9.375000e-01 7.125000e-01
1.012500e+00 8.250000e-01
1.050000e+00 8.625000e-01
1.012500e+00 8.625000e-01
1.050000e+00 7.875000e-01
9.375000e-01 9.000000e-01
1.087500e+00 8.625000e-01
1.125000e+00 8.625000e-01
1.087500e+00 9.000000e-01
1.162500e+00 9.000000e-01
1.350000e+00 6.750000e-01
1.425000e+00 6.750000e-01
1.275000e+00 6.750000e-01
1.500000e+00 7.500000e-01
1.275000e+00 8.250000e-01
1.350000e+00 9.000000e-01
-1.050000e+00 9.750000e-01
-9.750000e-01 9.750000e-01
-1.125000e+00 9.750000e-01
-9.000000e-01 9.750000e-01
-9.750000e-01 1.125000e+00
-9.000000e-01 1.125000e+00
-1.125000e+00 1.125000e+00
-1.125000e+00 1.200000e+00
-9.750000e-01 1.200000e+00
-6.750000e-01 9.375000e-01
-7.125000e-01 9.375000e-01
-6.375000e-01 9.375000e-01
-7.125000e-01 9.750000e-01
-7.500000e-01 9.375000e-01
-7.125000e-01 1.012500e+00
-7.500000e-01 1.012500e+00
-7.875000e-01 9.375000e-01
-8.625000e-01 9.375000e-01
-7.875000e-01 9.750000e-01
-7.875000e-01 1.012500e+00
-6.375000e-01 1.012500e+00
-6.000000e-01 9.750000e-01
-6.750000e-01 1.050000e+00
-6.750000e-01 1.125000e+00
-6.000000e-01 1.125000e+00
-8.250000e-01 1.050000e+00
-8.250000e-01 1.125000e+00
-8.625000e-01 1.012500e+00
-7.500000e-01 1.200000e+00
-4.500000e-01 9.750000e-01
-3.750000e-01 9.750000e-01
-5.250000e-01 9.375000e-01
-4.875000e-01 9.375000e-01
-5.625000e-01 9.375000e-01
-4.875000e-01 1.012500e+00
-3.750000e-01 1.050000e+00
-3.000000e-01 9.750000e-01
-3.375000e-01 1.087500e+00
-3.375000e-01 1.162500e+00
-3.000000e-01 1.125000e+00
-4.125000e-01 1.087500e+00
-5.625000e-01 1.087500e+00
-5.625000e-01 1.162500e+00
-4.875000e-01 1.087500e+00
-5.250000e-01 1.050000e+00
-5.625000e-01 1.012500e+00
-4.875000e-01 1.125000e+00
-4.500000e-01 1.162500e+00
-4.875000e-01 1.162500e+00
-4.500000e-01 1.087500e+00
-5.250000e-01 1.162500e+00
-4.875000e-01 1.200000e+00
-5.625000e-01 1.200000e+00
-4.125000e-01 1.125000e+00
-4.125000e-01 1.162500e+00
-3.750000e-01 1.162500e+00
-4.125000e-01 1.200000e+00
-3.375000e-01 1.200000e+00
-3.750000e-02 9.375000e-01
-1.125000e-01 1.012500e+00
-1.500000e-01 1.012500e+00
-1.875000e-01 9.375000e-01
-2.625000e-01 9.375000e-01
-1.875000e-01 9.750000e-01
-1.875000e-01 1.012500e+00
0.000000e+00 1.125000e+00
-1.125000e-01 1.087500e+00
-2.625000e-01 1.087500e+00
-2.625000e-01 1.162500e+00
-1.875000e-01 1.087500e+00
-2.250000e-01 1.050000e+00
-2.625000e-01 1.012500e+00
-1.875000e-01 1.125000e+00
-1.500000e-01 1.162500e+00
-1.875000e-01 1.162500e+00
-1.500000e-01 1.087500e+00
-2.250000e-01 1.200000e+00
-1.125000e-01 1.125000e+00
-1.125000e-01 1.162500e+00
1.875000e-01 1.012500e+00
1.875000e-01 1.050000e+00
2.625000e-01 1.087500e+00
2.625000e-01 1.162500e+00
3.000000e-01 1.125000e+00
2.250000e-01 1.087500e+00
1.875000e-01 1.087500e+00
3.750000e-02 1.087500e+00
3.750000e-02 1.162500e+00
1.125000e-01 1.087500e+00
7.500000e-02 1.050000e+00
1.125000e-01 1.162500e+00
1.500000e-01 1.125000e+00
7.500000e-02 1.162500e+00
1.125000e-01 1.200000e+00
3.750000e-02 1.200000e+00
1.875000e-01 1.162500e+00
1.875000e-01 1.200000e+00
2.625000e-01 1.200000e+00
4.500000e-01 9.750000e-01
5.250000e-01 9.750000e-01
4.125000e-01 1.012500e+00
5.250000e-01 1.050000e+00
5.625000e-01 1.162500e+00
4.875000e-01 1.087500e+00
4.125000e-01 1.087500e+00
3.750000e-01 1.050000e+00
3.375000e-01 1.012500e+00
4.125000e-01 1.125000e+00
4.500000e-01 1.162500e+00
4.125000e-01 1.162500e+00
4.500000e-01 1.087500e+00
3.750000e-01 1.200000e+00
4.875000e-01 1.162500e+00
5.250000e-01 1.162500e+00
5.625000e-01 1.200000e+00
7.875000e-01 9.375000e-01
8.625000e-01 9.375000e-01
7.875000e-01 1.012500e+00
7.875000e-01 1.050000e+00
8.625000e-01 1.087500e+00
8.625000e-01 1.162500e+00
8.250000e-01 1.087500e+00
7.875000e-01 1.087500e+00
6.375000e-01 1.162500e+00
7.125000e-01 1.087500e+00
7.125000e-01 1.162500e+00
7.500000e-01 1.125000e+00
6.750000e-01 1.200000e+00
7.875000e-01 1.162500e+00
8.250000e-01 1.200000e+00
1.125000e+00 9.375000e-01
1.087500e+00 9.375000e-01
1.162500e+00 9.375000e-01
1.050000e+00 9.750000e-01
9.750000e-01 9.375000e-01
1.012500e+00 9.375000e-01
9.375000e-01 9.375000e-01
1.200000e+00 1.125000e+00
1.125000e+00 1.125000e+00
1.200000e+00 9.750000e-01
1.275000e+00 9.750000e-01
1.275000e+00 1.050000e+00
1.275000e+00 1.125000e+00
1.350000e+00 1.200000e+00
-1.200000e+00 1.350000e+00
-1.050000e+00 1.275000e+00
-9.750000e-01 1.275000e+00
-1.125000e+00 1.275000e+00
-9.750000e-01 1.425000e+00
-9.000000e-01 1.350000e+00
-1.125000e+00 1.425000e+00
-1.050000e+00 1.500000e+00
-6.750000e-01 1.275000e+00
-8.250000e-01 1.275000e+00
-6.000000e-01 1.275000e+00
-6.750000e-01 1.425000e+00
-6.000000e-01 1.425000e+00
-8.250000e-01 1.425000e+00
-7.500000e-01 1.500000e+00
-4.125000e-01 1.237500e+00
-3.375000e-01 1.237500e+00
-4.500000e-01 1.237500e+00
-4.125000e-01 1.312500e+00
-4.500000e-01 1.312500e+00
-4.875000e-01 1.237500e+00
-5.625000e-01 1.237500e+00
-4.875000e-01 1.275000e+00
-4.875000e-01 1.312500e+00
-3.750000e-01 1.350000e+00
-3.000000e-01 1.425000e+00
-3.750000e-01 1.425000e+00
-3.375000e-01 1.312500e+00
-3.000000e-01 1.275000e+00
-5.250000e-01 1.350000e+00
-5.250000e-01 1.425000e+00
-4.500000e-01 1.500000e+00
-2.250000e-01 1.275000e+00
0.000000e+00 1.275000e+00
2.250000e-01 1.237500e+00
1.875000e-01 1.237500e+00
2.625000e-01 1.237500e+00
1.875000e-01 1.275000e+00
1.500000e-01 1.237500e+00
1.875000e-01 1.312500e+00
1.500000e-01 1.312500e+00
7.500000e-02 1.237500e+00
1.125000e-01 1.237500e+00
3.750000e-02 1.237500e+00
1.125000e-01 1.312500e+00
2.625000e-01 1.387500e+00
2.250000e-01 1.350000e+00
1.875000e-01 1.387500e+00
3.000000e-01 1.425000e+00
2.625000e-01 1.462500e+00
2.625000e-01 1.312500e+00
3.000000e-01 1.275000e+00
7.500000e-02 1.350000e+00
1.875000e-01 1.462500e+00
1.500000e-01 1.425000e+00
2.250000e-01 1.500000e+00
5.625000e-01 1.237500e+00
4.875000e-01 1.312500e+00
4.500000e-01 1.275000e+00
3.750000e-01 1.275000e+00
5.250000e-01 1.350000e+00
6.000000e-01 1.425000e+00
5.250000e-01 1.425000e+00
5.625000e-01 1.312500e+00
6.000000e-01 1.275000e+00
3.750000e-01 1.350000e+00
3.750000e-01 1.425000e+00
4.500000e-01 1.500000e+00
8.250000e-01 1.275000e+00
6.750000e-01 1.275000e+00
8.250000e-01 1.425000e+00
9.000000e-01 1.350000e+00
6.750000e-01 1.350000e+00
6.750000e-01 1.425000e+00
7.500000e-01 1.500000e+00
1.125000e+00 1.425000e+00
1.200000e+00 1.350000e+00
9.750000e-01 1.425000e+00
1.050000e+00 1.500000e+00
1.500000e+00 1.350000e+00
1.350000e+00 1.350000e+00
1.350000e+00 1.500000e+00
simplices
0 1 259
259 644 645
12 644 645
1 259 645
0 11 259
11 259 260
259 260 644
260 644 646
12 644 646
1 2 262
2 261 262
13 261 262
12 262 645
1 262 645
13 262 647
12 262 647
121 648 649
3 648 649
2 121 649
121 263 264
14 263 650
263 264 650
121 264 648
264 648 651
3 648 651
121 261 265
13 261 265
2 121 261
121 122 265
122 265 266
13 265 266
121 122 263
122 263 267
14 263 267
123 652 654
4 652 654
123 653 654
3 653 654
123 655 656
15 655 656
123 652 656
4 652 656
264 657 658
123 657 658
264 650 658
14 650 658
264 653 657
123 653 657
264 651 653
3 651 653
124 658 659
123 658 659
124 658 660
14 658 660
124 655 659
123 655 659
124 655 661
15 655 661
125 662 664
5 662 664
125 663 664
4 663 664
125 665 666
16 665 666
125 662 666
5 662 666
125 656 667
15 656 667
125 656 663
4 656 663
126 667 668
125 667 668
126 667 669
15 667 669
126 665 668
125 665 668
126 665 670
16 665 670
127 671 672
6 671 672
5 127 672
268 673 675
127 673 675
268 674 675
17 674 675
268 671 673
127 671 673
268 671 676
6 671 676
127 666 677
16 666 677
5 127 666
127 128 677
128 677 678
16 677 678
127 128 675
128 675 679
17 675 679
129 269 680
269 271 680
7 269 271
270 680 682
129 680 682
270 680 681
271 680 681
270 683 684
6 683 684
270 681 683
271 681 683
272 686 687
129 686 687
272 685 686
273 685 686
272 688 689
18 688 689
272 685 688
273 685 688
129 269 686
269 273 686
7 269 273
268 274 691
274 690 691
129 690 691
268 274 674
274 674 692
17 674 692
268 270 691
270 682 691
129 682 691
268 270 676
270 676 684
6 676 684
274 275 693
130 275 693
274 275 690
275 690 694
129 690 694
276 693 695
274 693 695
276 693 696
130 693 696
276 692 695
274 692 695
17 276 692
275 697 698
272 697 698
130 275 698
275 687 697
272 687 697
275 687 694
129 687 694
272 277 698
130 277 698
272 277 689
18 277 689
279 280 699
8 280 699
7 279 280
278 699 701
8 699 701
278 699 700
279 699 700
278 702 703
19 702 703
278 700 702
279 700 702
273 688 704
18 688 704
273 279 704
7 273 279
279 281 704
281 704 705
18 704 705
279 281 702
19 281 702
9 283 284
283 284 706
8 284 706
9 282 283
20 282 283
278 703 707
19 703 707
278 283 707
278 701 706
8 701 706
278 283 706
283 285 707
19 285 707
20 283 285
288 708 710
287 708 710
288 709 710
10 709 710
288 708 712
287 708 712
288 711 712
9 711 712
10 286 710
286 287 710
21 286 713
286 287 713
20 282 714
282 287 714
9 282 712
282 287 712
287 713 715
21 713 715
287 714 715
20 714 715
260 646 717
12 646 717
260 716 717
290 716 717
11 260 718
260 716 718
290 716 718
289 717 719
12 717 719
289 290 717
23 289 720
289 290 720
22 290 721
290 718 721
11 718 721
22 290 291
290 291 720
291 720 722
23 720 722
13 132 647
132 647 723
12 647 723
13 131 132
131 292 725
292 724 725
24 724 725
131 132 292
289 293 727
293 726 727
132 726 727
23 289 293
289 723 727
132 723 727
289 719 723
12 719 723
294 728 730
293 728 730
294 729 730
133 729 730
294 726 728
293 726 728
132 294 726
293 730 731
133 730 731
23 293 731
292 294 732
294 729 732
133 729 732
132 292 294
295 732 733
292 732 733
295 732 734
133 732 734
295 724 733
292 724 733
295 724 735
24 724 735
122 267 297
14 267 297
122 296 297
135 296 297
122 266 298
13 266 298
122 296 298
135 296 298
297 300 736
134 300 736
14 297 300
297 299 736
299 736 737
134 736 737
135 297 299
301 738 740
134 738 740
301 739 740
25 739 740
299 737 738
134 737 738
299 738 741
301 738 741
135 299 742
299 741 742
301 741 742
131 725 743
24 725 743
131 135 743
13 131 298
131 135 298
136 743 744
135 743 744
136 743 745
24 743 745
301 744 746
136 744 746
301 742 744
135 742 744
301 746 747
136 746 747
301 739 747
25 739 747
124 302 661
15 302 661
124 138 302
124 303 660
14 303 660
124 138 303
137 302 748
15 302 748
137 302 304
138 302 304
137 305 306
26 305 306
137 304 305
138 304 749
304 305 749
307 740 750
134 740 750
307 740 751
25 740 751
307 752 753
138 752 753
307 750 753
134 750 753
134 300 303
14 300 303
138 303 753
134 303 753
308 754 756
307 754 756
308 755 756
139 755 756
308 752 754
307 752 754
308 752 757
138 752 757
307 309 756
139 309 756
307 309 751
25 309 751
308 758 759
305 758 759
308 755 759
139 755 759
308 749 758
305 749 758
308 749 757
138 749 757
305 759 760
139 759 760
26 305 760
126 310 670
16 310 670
310 761 762
141 761 762
126 310 762
126 311 669
15 311 669
311 762 763
141 762 763
126 311 762
310 764 765
140 764 765
16 310 765
312 764 766
310 764 766
312 764 767
140 764 767
312 761 766
310 761 766
312 761 768
141 761 768
314 769 771
313 769 771
314 770 771
140 770 771
314 769 773
313 769 773
314 772 773
27 772 773
312 767 771
140 767 771
312 771 774
313 771 774
312 768 775
141 768 775
312 774 775
313 774 775
137 306 776
306 316 776
26 306 777
306 316 777
315 776 778
137 776 778
315 316 776
141 315 779
315 316 779
311 748 780
137 748 780
15 311 748
315 780 781
311 780 781
315 778 780
137 778 780
315 763 781
311 763 781
141 315 763
316 782 783
142 782 783
316 779 783
141 779 783
316 782 784
142 782 784
316 777 784
26 777 784
313 783 785
142 783 785
313 775 783
141 775 783
313 785 786
142 785 786
313 773 786
27 773 786
128 679 788
17 679 788
128 787 788
144 787 788
128 678 789
16 678 789
128 787 789
144 787 789
143 788 791
17 788 791
143 788 790
144 788 790
143 792 793
28 792 793
143 790 792
144 790 792
314 770 795
140 770 795
314 794 795
317 794 795
314 772 796
27 772 796
314 794 796
317 794 796
144 317 797
317 795 797
140 795 797
140 765 789
16 765 789
140 789 797
144 789 797
144 145 317
145 317 798
317 796 798
27 796 798
144 145 792
28 145 792
130 277 319
18 277 799
277 319 799
130 318 319
147 318 319
276 696 800
130 696 800
276 320 800
17 276 320
130 318 800
318 320 800
147 318 320
319 322 802
322 801 802
146 801 802
319 322 799
322 799 803
18 799 803
319 321 802
146 321 802
147 319 321
146 323 805
323 804 805
29 804 805
146 321 323
147 321 323
143 324 793
28 324 793
324 806 807
147 806 807
143 324 807
143 320 791
17 320 791
147 320 807
143 320 807
325 808 810
324 808 810
325 809 810
148 809 810
325 806 808
324 806 808
147 325 806
324 810 811
148 810 811
28 324 811
323 325 812
325 809 812
148 809 812
147 323 325
323 326 812
148 326 812
323 326 804
326 804 813
29 804 813
281 327 814
149 327 814
19 281 327
281 328 814
328 814 815
149 814 815
281 328 705
328 705 816
18 705 816
149 329 818
329 817 818
30 817 818
149 327 329
19 327 819
327 329 819
146 330 805
29 330 805
330 820 821
149 820 821
146 330 821
322 801 823
146 801 823
322 822 823
328 822 823
322 803 816
18 803 816
322 816 822
328 816 822
328 815 821
149 815 821
328 821 823
146 821 823
330 824 825
150 824 825
330 820 825
149 820 825
330 331 824
150 331 824
29 330 331
150 818 825
149 818 825
150 818 826
30 818 826
20 285 827
285 332 827
19 285 828
285 332 828
332 829 830
31 829 830
332 827 830
20 827 830
329 817 832
30 817 832
329 831 832
332 831 832
329 819 828
19 819 828
329 828 831
332 828 831
332 333 832
333 832 833
30 832 833
332 333 829
333 829 834
31 829 834
21 715 835
20 715 835
21 32 835
31 830 835
20 830 835
31 835 836
32 835 836
334 837 839
291 837 839
334 838 839
152 838 839
334 722 837
291 722 837
334 722 840
23 722 840
291 335 839
152 335 839
22 291 335
151 334 336
334 336 840
336 840 841
23 840 841
334 838 842
152 838 842
151 334 842
338 843 845
337 843 845
338 844 845
151 844 845
338 843 847
337 843 847
338 846 847
34 846 847
337 842 848
152 842 848
337 842 845
151 842 845
339 850 851
152 850 851
339 849 850
340 849 850
339 852 853
33 852 853
339 849 852
340 849 852
152 335 850
335 340 850
22 335 340
337 848 854
152 848 854
337 341 854
337 847 855
34 847 855
337 341 855
339 851 854
152 851 854
339 854 856
341 854 856
339 853 857
33 853 857
339 856 857
341 856 857
295 734 859
133 734 859
295 858 859
342 858 859
295 735 860
24 735 860
295 858 860
342 858 860
342 861 862
154 861 862
342 859 862
133 859 862
133 343 731
343 731 863
23 731 863
154 343 862
133 343 862
342 864 865
153 864 865
342 860 865
24 860 865
342 861 866
154 861 866
342 864 866
153 864 866
344 867 869
153 867 869
344 868 869
35 868 869
344 866 870
154 866 870
344 866 867
153 866 867
338 844 872
151 844 872
338 871 872
346 871 872
338 846 873
34 846 873
338 871 873
346 871 873
151 345 872
345 346 872
154 345 346
151 336 875
336 874 875
343 874 875
336 841 863
23 841 863
336 863 874
343 863 874
343 345 875
151 345 875
154 343 345
155 346 876
154 346 876
155 346 347
346 347 873
34 347 873
344 876 877
155 876 877
344 870 876
154 870 876
344 348 877
348 877 878
155 877 878
344 348 868
348 868 879
35 868 879
136 747 880
25 747 880
136 157 880
136 745 881
24 745 881
136 157 881
25 156 880
156 157 880
156 349 350
36 349 350
156 157 349
153 869 883
35 869 883
153 882 883
157 882 883
153 865 881
24 865 881
153 881 882
157 881 882
157 158 883
35 158 883
157 158 349
36 158 349
139 351 760
26 351 760
351 884 885
159 884 885
139 351 885
139 309 886
309 352 886
25 309 352
352 885 887
159 885 887
352 885 886
139 885 886
353 889 890
159 889 890
353 888 889
354 888 889
353 891 892
37 891 892
353 888 891
354 888 891
351 884 889
159 884 889
351 889 893
354 889 893
26 351 894
351 893 894
354 893 894
156 350 356
36 350 356
156 355 356
159 355 356
25 156 352
156 352 355
352 355 887
159 355 887
353 890 895
159 890 895
353 357 895
353 892 896
37 892 896
353 357 896
159 356 895
356 357 895
36 356 357
142 358 786
27 358 786
160 358 897
142 358 897
142 359 784
359 784 898
26 784 898
359 897 899
160 897 899
142 359 897
160 360 361
38 360 361
160 358 361
27 358 361
362 900 902
354 900 902
362 901 902
160 901 902
362 891 900
354 891 900
362 891 903
37 891 903
359 902 904
354 902 904
359 899 902
160 899 902
359 894 904
354 894 904
359 894 898
26 894 898
160 360 905
360 363 905
38 360 363
362 901 905
160 901 905
362 363 905
362 903 906
37 903 906
362 363 906
28 145 161
145 798 907
27 798 907
145 161 907
39 161 908
28 161 908
38 161 361
161 361 907
27 361 907
39 161 364
38 161 364
148 326 910
326 909 910
365 909 910
326 813 911
29 813 911
326 909 911
365 909 911
365 912 913
162 912 913
365 910 913
148 910 913
148 811 914
28 811 914
148 913 914
162 913 914
366 915 917
162 915 917
366 916 917
40 916 917
365 912 915
162 912 915
365 915 918
366 915 918
365 911 919
29 911 919
365 918 919
366 918 919
162 908 920
39 908 920
162 908 914
28 908 914
367 917 921
162 917 921
40 367 917
367 920 921
162 920 921
367 920 922
39 920 922
369 826 923
150 826 923
369 826 924
30 826 924
368 923 926
150 923 926
368 923 925
369 923 925
368 927 928
164 927 928
368 925 927
369 925 927
150 331 929
331 370 929
29 331 370
368 926 929
150 926 929
368 370 929
368 928 930
164 928 930
368 370 930
372 931 933
369 931 933
372 932 933
163 932 933
372 924 931
369 924 931
372 924 934
30 924 934
371 933 935
369 933 935
371 933 936
163 933 936
371 927 935
369 927 935
371 927 937
164 927 937
373 938 939
163 938 939
41 373 939
371 936 938
163 936 938
371 373 938
371 937 940
164 937 940
371 373 940
366 941 942
164 941 942
366 916 942
40 916 942
370 941 943
366 941 943
370 930 941
164 930 941
370 919 943
366 919 943
29 370 919
373 940 944
164 940 944
373 374 944
41 373 945
373 374 945
374 942 944
164 942 944
374 942 946
40 942 946
333 375 948
375 947 948
165 947 948
333 375 834
375 834 949
31 834 949
333 376 948
376 948 950
165 948 950
333 376 833
376 833 951
30 833 951
377 953 954
165 953 954
377 952 953
378 952 953
377 955 956
42 955 956
377 952 955
378 952 955
375 947 953
165 947 953
375 953 957
378 953 957
375 949 958
31 949 958
375 957 958
378 957 958
379 939 959
163 939 959
379 939 960
41 939 960
379 961 962
165 961 962
379 959 962
163 959 962
372 932 964
163 932 964
372 963 964
376 963 964
372 934 951
30 934 951
372 951 963
376 951 963
376 950 962
165 950 962
376 962 964
163 962 964
380 965 967
379 965 967
380 966 967
166 966 967
380 961 965
379 961 965
380 961 968
165 961 968
381 967 969
379 967 969
381 967 970
166 967 970
381 960 969
379 960 969
381 960 971
41 960 971
377 380 972
380 966 972
166 966 972
377 380 954
380 954 968
165 954 968
377 972 973
166 972 973
377 956 973
42 956 973
382 836 974
32 836 974
382 836 975
31 836 975
43 382 976
382 974 976
32 974 976
378 955 977
42 955 977
378 382 977
378 958 975
31 958 975
378 382 975
43 382 978
382 977 978
42 977 978
168 341 979
341 855 979
34 855 979
168 341 980
341 857 980
33 857 980
34 167 979
167 168 979
45 167 168
44 168 981
168 980 981
33 980 981
45 168 982
44 168 982
348 878 984
155 878 984
348 983 984
384 983 984
348 879 985
35 879 985
348 983 985
384 983 985
383 984 987
155 984 987
383 984 986
384 984 986
383 988 989
170 988 989
383 986 988
384 986 988
155 347 990
347 385 990
34 347 385
383 987 990
155 987 990
383 385 990
383 989 991
170 989 991
383 385 991
169 384 387
384 387 985
35 387 985
169 384 386
384 386 988
170 386 988
169 388 389
46 388 389
169 386 388
170 386 388
45 167 390
170 390 992
167 390 992
34 167 385
385 991 992
170 991 992
167 385 992
170 171 390
171 390 391
45 390 391
170 171 388
46 171 388
36 158 392
158 172 392
35 158 393
158 172 393
172 394 395
47 394 395
172 392 395
36 392 395
169 389 397
46 389 397
169 396 397
172 396 397
169 387 393
35 387 393
169 393 396
172 393 396
172 394 398
47 394 398
172 397 398
46 397 398
357 896 993
37 896 993
357 400 993
36 357 400
37 399 993
399 400 993
48 399 994
399 400 994
47 395 995
395 400 995
36 395 400
400 401 995
401 995 996
47 995 996
400 401 994
401 994 997
48 994 997
38 363 403
363 906 998
37 906 998
363 403 998
38 402 403
49 402 403
48 399 403
37 399 998
399 403 998
48 403 404
49 403 404
39 364 406
38 364 406
39 405 406
50 405 999
405 406 999
49 402 1000
402 406 1000
38 402 406
407 1000 1001
406 1000 1001
49 407 1000
407 999 1001
406 999 1001
407 999 1002
50 999 1002
40 367 409
367 922 1003
39 922 1003
367 409 1003
40 408 409
51 408 1004
408 409 1004
50 405 1005
405 409 1005
39 405 1003
405 409 1003
410 1005 1006
409 1005 1006
50 410 1005
410 1004 1006
409 1004 1006
410 1004 1007
51 1004 1007
374 1008 1009
174 1008 1009
374 945 1009
41 945 1009
374 1008 1010
174 1008 1010
374 946 1010
40 946 1010
173 1009 1012
41 1009 1012
173 1009 1011
174 1009 1011
52 173 1013
173 1011 1013
174 1011 1013
51 174 408
174 408 1010
40 408 1010
174 411 1013
411 1013 1014
52 1013 1014
51 174 411
166 973 1016
42 973 1016
166 1015 1016
176 1015 1016
381 970 1017
166 970 1017
381 412 1017
381 971 1018
41 971 1018
381 412 1018
412 1015 1019
176 1015 1019
412 1015 1017
166 1015 1017
42 175 1016
175 176 1016
53 175 1020
175 176 1020
52 173 1022
173 1021 1022
176 1021 1022
412 1012 1023
173 1012 1023
412 1012 1018
41 1012 1018
412 1019 1021
176 1019 1021
412 1021 1023
173 1021 1023
177 1022 1024
176 1022 1024
177 1022 1025
52 1022 1025
177 1020 1024
176 1020 1024
177 1020 1026
53 1020 1026
43 178 978
42 178 978
43 54 178
53 175 178
42 175 178
54 178 1027
53 178 1027
180 982 1028
45 982 1028
180 982 1029
44 982 1029
179 1028 1031
45 1028 1031
179 1028 1030
180 1028 1030
179 1032 1033
56 1032 1033
179 1030 1032
180 1030 1032
180 1034 1035
55 1034 1035
180 1029 1035
44 1029 1035
180 413 1032
413 1032 1036
56 1032 1036
180 413 1034
413 1034 1037
55 1034 1037
46 171 415
171 414 415
182 414 415
171 391 416
45 391 416
171 414 416
182 414 416
181 415 1038
46 415 1038
182 415 1039
181 415 1039
181 1040 1041
57 1040 1041
181 1039 1040
182 1039 1040
179 1033 1042
56 1033 1042
179 182 1042
179 416 1031
45 416 1031
179 182 416
182 183 1042
183 1042 1043
56 1042 1043
182 183 1040
57 183 1040
184 398 1044
47 398 1044
184 398 1045
46 398 1045
184 1046 1047
58 1046 1047
184 1044 1047
47 1044 1047
181 1041 1049
57 1041 1049
181 1048 1049
184 1048 1049
181 1038 1045
46 1038 1045
181 1045 1048
184 1045 1048
184 1046 1050
58 1046 1050
184 1049 1050
57 1049 1050
401 997 1052
48 997 1052
401 1051 1052
417 1051 1052
401 996 1053
47 996 1053
401 1051 1053
417 1051 1053
417 1054 1055
59 1054 1055
417 1052 1055
48 1052 1055
417 1047 1056
58 1047 1056
417 1047 1053
47 1047 1053
417 1054 1057
59 1054 1057
417 1056 1057
58 1056 1057
49 404 418
48 404 1058
404 418 1058
418 1059 1060
60 1059 1060
49 418 1060
418 1055 1061
59 1055 1061
418 1055 1058
48 1055 1058
418 1059 1062
60 1059 1062
418 1061 1062
59 1061 1062
407 1002 1063
50 1002 1063
407 420 1063
49 407 420
50 419 1063
419 420 1063
61 419 420
60 420 1060
49 420 1060
61 420 1064
60 420 1064
410 1007 1065
51 1007 1065
410 421 1065
50 410 421
421 1066 1067
62 1066 1067
421 1065 1067
51 1065 1067
61 419 1068
419 421 1068
50 419 421
421 1066 1069
62 1066 1069
421 1068 1069
61 1068 1069
422 1070 1072
411 1070 1072
422 1071 1072
186 1071 1072
422 1014 1070
411 1014 1070
422 1014 1073
52 1014 1073
411 1072 1074
186 1072 1074
51 411 1074
422 423 1076
423 1075 1076
185 1075 1076
422 423 1073
52 423 1073
422 1071 1077
186 1071 1077
422 1076 1077
185 1076 1077
185 1078 1079
63 1078 1079
185 1077 1078
186 1077 1078
186 1067 1080
62 1067 1080
186 1067 1074
51 1067 1074
424 1078 1081
186 1078 1081
424 1078 1082
63 1078 1082
424 1080 1081
186 1080 1081
424 1080 1083
62 1080 1083
177 425 1026
425 1026 1084
53 1026 1084
425 1085 1086
188 1085 1086
177 425 1086
177 426 1025
426 1025 1087
52 1025 1087
426 1086 1088
188 1086 1088
177 426 1086
425 1089 1090
187 1089 1090
425 1084 1090
53 1084 1090
427 1089 1091
425 1089 1091
427 1089 1092
187 1089 1092
427 1085 1091
425 1085 1091
427 1085 1093
188 1085 1093
429 1094 1096
428 1094 1096
429 1095 1096
187 1095 1096
429 1094 1098
428 1094 1098
429 1097 1098
64 1097 1098
427 1092 1096
187 1092 1096
427 428 1096
427 1093 1099
188 1093 1099
427 428 1099
431 1079 1100
185 1079 1100
431 1079 1101
63 1079 1101
430 1100 1103
185 1100 1103
430 1100 1102
431 1100 1102
430 1104 1105
188 1104 1105
430 1102 1104
431 1102 1104
423 1075 1107
185 1075 1107
423 1106 1107
426 1106 1107
52 423 1087
423 1087 1106
426 1087 1106
426 430 1107
430 1103 1107
185 1103 1107
426 430 1088
430 1088 1105
188 1088 1105
431 432 1109
432 1108 1109
189 1108 1109
431 432 1104
432 1104 1110
188 1104 1110
433 1109 1111
431 1109 1111
433 1109 1112
189 1109 1112
433 1101 1111
431 1101 1111
433 1101 1113
63 1101 1113
432 1114 1115
428 1114 1115
432 1108 1115
189 1108 1115
432 1099 1114
428 1099 1114
432 1099 1110
188 1099 1110
428 434 1115
434 1115 1116
189 1115 1116
428 434 1098
434 1098 1117
64 1098 1117
54 190 1027
190 1027 1118
53 1027 1118
190 1119 1120
65 1119 1120
54 190 1120
429 1095 1122
187 1095 1122
429 1121 1122
435 1121 1122
429 1097 1123
64 1097 1123
429 1121 1123
435 1121 1123
435 1124 1125
190 1124 1125
435 1122 1125
187 1122 1125
187 1090 1118
53 1090 1118
187 1118 1125
190 1118 1125
436 1119 1126
190 1119 1126
436 1119 1127
65 1119 1127
435 1124 1126
190 1124 1126
435 436 1126
435 1123 1128
64 1123 1128
435 436 1128
437 1129 1130
413 1129 1130
192 437 1130
437 1036 1129
413 1036 1129
437 1036 1131
56 1036 1131
413 1130 1132
192 1130 1132
413 1037 1132
55 1037 1132
439 1133 1135
437 1133 1135
439 1134 1135
191 1134 1135
439 1131 1133
437 1131 1133
439 1131 1136
56 1131 1136
437 438 1135
191 438 1135
192 437 438
191 440 441
67 440 441
191 438 440
192 438 440
192 1137 1138
66 1137 1138
192 1132 1138
55 1132 1138
192 440 442
67 440 442
192 442 1137
442 1137 1139
66 1137 1139
57 183 194
183 443 1043
443 1043 1140
56 1043 1140
183 194 443
57 193 194
68 193 1141
193 194 1141
191 441 445
67 441 1142
441 445 1142
191 444 445
194 444 445
439 1134 1143
191 1134 1143
439 443 1143
439 1136 1140
56 1136 1140
439 443 1140
443 444 1143
191 444 1143
194 443 444
445 1144 1145
195 1144 1145
194 445 1145
445 446 1144
446 1144 1146
195 1144 1146
445 446 1142
446 1142 1147
67 1142 1147
195 1141 1145
194 1141 1145
195 1141 1148
68 1141 1148
196 1050 1149
58 1050 1149
196 1050 1150
57 1050 1150
196 1151 1152
69 1151 1152
196 1149 1152
58 1149 1152
68 193 1153
193 196 1153
57 193 1150
193 196 1150
196 447 1151
447 1151 1154
69 1151 1154
196 447 1153
447 1153 1155
68 1153 1155
59 1057 1156
58 1057 1156
59 70 1156
69 1152 1156
58 1152 1156
69 1156 1157
70 1156 1157
60 1062 1159
59 1062 1159
60 1158 1159
71 1158 1159
59 70 1159
70 71 1159
448 1064 1160
61 1064 1160
448 1064 1161
60 1064 1161
448 1162 1163
72 1162 1163
448 1160 1163
61 1160 1163
448 1158 1164
71 1158 1164
448 1158 1161
60 1158 1161
448 449 1164
71 449 1164
448 449 1162
72 449 1162
451 1069 1165
62 1069 1165
61 451 1069
450 1165 1166
62 1165 1166
450 451 1165
450 1167 1168
73 1167 1168
450 451 1167
72 451 1163
61 451 1163
72 451 452
451 452 1167
73 452 1167
424 453 1170
453 1169 1170
198 1169 1170
424 453 1082
453 1082 1171
63 1082 1171
424 454 1170
454 1170 1172
198 1170 1172
424 454 1083
454 1083 1173
62 1083 1173
456 1174 1176
453 1174 1176
456 1175 1176
197 1175 1176
456 1171 1174
453 1171 1174
456 1171 1177
63 1171 1177
455 1176 1178
453 1176 1178
455 1176 1179
197 1176 1179
455 1169 1178
453 1169 1178
455 1169 1180
198 1169 1180
457 458 1182
458 1181 1182
197 1181 1182
457 458 1184
458 1183 1184
74 1183 1184
455 1179 1182
197 1179 1182
455 457 1182
455 1180 1185
198 1180 1185
455 457 1185
459 1186 1188
450 1186 1188
459 1187 1188
198 1187 1188
459 1168 1186
450 1168 1186
459 1168 1189
73 1168 1189
454 1188 1190
450 1188 1190
454 1172 1188
198 1172 1188
454 1166 1190
450 1166 1190
454 1166 1173
62 1166 1173
457 1185 1191
198 1185 1191
457 460 1191
457 1184 1192
74 1184 1192
457 460 1192
459 1187 1191
198 1187 1191
459 460 1191
459 1189 1193
73 1189 1193
459 460 1193
434 1116 1195
189 1116 1195
434 1194 1195
462 1194 1195
434 1117 1196
64 1117 1196
434 1194 1196
462 1194 1196
461 1195 1198
189 1195 1198
461 1195 1197
462 1195 1197
461 1199 1200
200 1199 1200
461 1197 1199
462 1197 1199
433 1112 1201
189 1112 1201
433 463 1201
433 1113 1202
63 1113 1202
433 463 1202
461 1198 1201
189 1198 1201
461 463 1201
461 1200 1203
200 1200 1203
461 463 1203
465 1204 1206
462 1204 1206
465 1205 1206
199 1205 1206
465 1196 1204
462 1196 1204
465 1196 1207
64 1196 1207
464 1206 1208
462 1206 1208
464 1206 1209
199 1206 1209
464 1199 1208
462 1199 1208
464 1199 1210
200 1199 1210
466 467 1211
199 467 1211
75 466 467
464 1209 1211
199 1209 1211
464 466 1211
464 1210 1212
200 1210 1212
464 466 1212
458 1181 1214
197 1181 1214
458 1213 1214
469 1213 1214
458 1183 1215
74 1183 1215
458 1213 1215
469 1213 1215
468 1214 1217
197 1214 1217
468 1214 1216
469 1214 1216
468 1218 1219
200 1218 1219
468 1216 1218
469 1216 1218
456 1175 1220
197 1175 1220
456 463 1220
456 1177 1202
63 1177 1202
456 463 1202
463 468 1220
468 1217 1220
197 1217 1220
463 468 1203
468 1203 1219
200 1203 1219
470 1221 1223
469 1221 1223
470 1222 1223
201 1222 1223
470 1218 1221
469 1218 1221
470 1218 1224
200 1218 1224
471 1223 1225
469 1223 1225
471 1223 1226
201 1223 1226
471 1215 1225
469 1215 1225
471 1215 1227
74 1215 1227
466 470 1228
470 1222 1228
201 1222 1228
466 470 1212
470 1212 1224
200 1212 1224
466 472 1228
201 472 1228
75 466 472
436 1229 1230
202 1229 1230
436 1127 1230
65 1127 1230
473 1229 1231
436 1229 1231
473 1229 1232
202 1229 1232
473 1128 1231
436 1128 1231
473 1128 1233
64 1128 1233
202 1234 1235
76 1234 1235
202 1230 1235
65 1230 1235
199 467 1236
467 475 1236
75 467 475
474 1236 1237
199 1236 1237
474 475 1236
474 1238 1239
202 1238 1239
474 475 1238
465 1205 1241
199 1205 1241
465 1240 1241
473 1240 1241
465 1207 1233
64 1207 1233
465 1233 1240
473 1233 1240
474 1241 1242
473 1241 1242
474 1237 1241
199 1237 1241
474 1232 1242
473 1232 1242
474 1232 1239
202 1232 1239
476 1234 1243
202 1234 1243
76 476 1234
475 1238 1243
202 1238 1243
475 476 1243
75 475 476
442 1244 1245
204 1244 1245
67 442 1245
442 1244 1246
204 1244 1246
442 1139 1246
66 1139 1246
203 1245 1248
67 1245 1248
203 1245 1247
204 1245 1247
203 1249 1250
78 1249 1250
203 1247 1249
204 1247 1249
77 204 1251
204 1246 1251
66 1246 1251
204 1249 1252
78 1249 1252
77 204 1252
478 1148 1253
195 1148 1253
478 1148 1254
68 1148 1254
477 1253 1255
195 1253 1255
477 478 1253
477 1256 1257
206 1256 1257
477 478 1256
446 1146 1259
195 1146 1259
446 1258 1259
479 1258 1259
446 1147 1260
67 1147 1260
446 1258 1260
479 1258 1260
477 1255 1259
195 1255 1259
477 1259 1261
479 1259 1261
477 1257 1262
206 1257 1262
477 1261 1262
479 1261 1262
478 480 1264
480 1263 1264
205 1263 1264
478 480 1254
480 1254 1265
68 1254 1265
478 1256 1266
206 1256 1266
478 1264 1266
205 1264 1266
482 1267 1269
481 1267 1269
482 1268 1269
205 1268 1269
482 1267 1271
481 1267 1271
482 1270 1271
79 1270 1271
206 481 1266
481 1266 1269
205 1266 1269
203 1250 1273
78 1250 1273
203 1272 1273
206 1272 1273
203 479 1248
479 1248 1260
67 1248 1260
479 1262 1272
206 1262 1272
203 479 1272
206 207 1273
78 207 1273
206 207 481
207 481 1274
481 1271 1274
79 1271 1274
483 1275 1277
447 1275 1277
483 1276 1277
208 1276 1277
483 1154 1275
447 1154 1275
69 483 1154
447 484 1277
484 1277 1278
208 1277 1278
447 484 1155
484 1155 1279
68 1155 1279
485 1280 1281
208 1280 1281
485 486 1280
80 485 486
483 1276 1280
208 1276 1280
483 486 1280
69 483 486
482 1268 1283
205 1268 1283
482 1282 1283
488 1282 1283
482 1270 1284
79 1270 1284
482 1282 1284
488 1282 1284
487 1283 1286
205 1283 1286
487 1283 1285
488 1283 1285
487 1287 1288
208 1287 1288
487 1285 1287
488 1285 1287
480 1263 1290
205 1263 1290
480 1289 1290
484 1289 1290
480 1265 1279
68 1265 1279
480 1279 1289
484 1279 1289
484 487 1290
487 1286 1290
205 1286 1290
484 487 1278
487 1278 1288
208 1278 1288
485 1281 1292
208 1281 1292
485 1291 1292
489 1291 1292
80 485 1293
485 1291 1293
489 1291 1293
488 1287 1292
208 1287 1292
488 489 1292
488 1284 1294
79 1284 1294
488 489 1294
490 1157 1295
70 1157 1295
490 1157 1296
69 1157 1296
490 1297 1298
81 1297 1298
490 1295 1298
70 1295 1298
80 486 490
69 486 1296
486 490 1296
490 1297 1299
81 1297 1299
80 490 1299
70 71 492
71 491 492
82 491 492
81 492 1298
70 492 1298
82 492 1300
81 492 1300
72 449 494
71 449 494
72 493 494
493 1301 1302
83 1301 1302
493 494 1301
82 491 494
71 491 494
82 494 495
494 495 1301
495 1301 1303
83 1301 1303
73 452 1304
452 497 1304
72 452 1305
452 497 1305
496 1304 1307
73 1304 1307
496 1304 1306
497 1304 1306
496 1308 1309
84 1308 1309
496 1306 1308
497 1306 1308
493 1302 1311
83 1302 1311
493 1310 1311
497 1310 1311
72 493 1305
493 1305 1310
497 1305 1310
497 498 1311
498 1311 1312
83 1311 1312
497 498 1308
498 1308 1313
84 1308 1313
210 460 1314
460 1192 1314
74 1192 1314
210 460 1315
460 1193 1315
73 1193 1315
209 1314 1316
74 1314 1316
209 210 1314
209 499 1317
85 499 1317
209 210 499
210 496 500
496 500 1309
84 500 1309
210 496 1315
496 1307 1315
73 1307 1315
211 500 501
210 500 501
211 500 502
84 500 502
211 499 501
210 499 501
211 499 503
85 499 503
201 472 505
75 472 505
201 504 505
213 504 505
471 1226 1318
201 1226 1318
471 506 1318
471 1227 1319
74 1227 1319
471 506 1319
201 504 1318
504 506 1318
213 504 506
75 212 505
213 505 1320
212 505 1320
507 1321 1323
212 1321 1323
507 1322 1323
86 1322 1323
507 1320 1324
213 1320 1324
507 1320 1321
212 1320 1321
508 1317 1325
209 1317 1325
508 1317 1326
85 1317 1326
508 1327 1328
213 1327 1328
508 1325 1328
209 1325 1328
209 506 1316
506 1316 1319
74 1316 1319
213 506 1328
209 506 1328
508 509 1329
214 509 1329
508 509 1327
213 509 1327
510 1329 1330
508 1329 1330
510 1329 1331
214 1329 1331
510 1326 1330
508 1326 1330
85 510 1326
507 509 1332
214 509 1332
507 509 1324
213 509 1324
507 511 1332
511 1332 1333
214 1332 1333
507 511 1322
511 1322 1334
86 1322 1334
476 512 1336
512 1335 1336
215 1335 1336
76 476 512
476 513 1336
215 513 1336
75 476 513
215 514 1337
514 515 1337
87 514 515
512 1335 1337
215 1335 1337
512 1337 1338
515 1337 1338
76 512 1339
512 1338 1339
515 1338 1339
212 1323 1340
86 1323 1340
212 215 1340
75 212 513
212 215 513
215 514 516
87 514 1341
514 516 1341
215 516 1340
516 1340 1342
86 1340 1342
78 517 1252
77 517 1252
78 89 517
88 517 519
77 517 519
88 517 518
89 517 518
207 1274 1343
79 1274 1343
207 217 1343
78 207 217
79 216 1343
216 217 1343
90 216 1344
216 217 1344
78 89 217
217 520 1344
520 1344 1345
90 1344 1345
89 217 520
218 489 521
489 521 1293
80 521 1293
218 489 1346
489 1294 1346
79 1294 1346
218 522 523
522 1347 1348
91 1347 1348
522 523 1347
218 521 523
80 521 523
90 216 1349
216 218 1349
79 216 1346
216 218 1346
219 1349 1350
218 1349 1350
219 1349 1351
90 1349 1351
522 1350 1352
219 1350 1352
218 522 1350
522 524 1352
524 1352 1353
219 1352 1353
522 524 1348
524 1348 1354
91 1348 1354
81 220 1299
80 220 1299
220 525 526
92 525 526
81 220 526
220 523 527
523 527 1347
527 1347 1355
91 1347 1355
80 220 523
527 528 1356
221 528 1356
220 527 528
527 529 1356
529 1356 1357
221 1356 1357
527 529 1355
529 1355 1358
91 1355 1358
221 525 528
220 525 528
221 525 1359
92 525 1359
222 1300 1360
82 1300 1360
81 222 1300
222 530 531
530 1361 1362
93 1361 1362
530 531 1361
222 531 1360
531 1360 1363
82 1360 1363
222 526 532
92 526 532
81 222 526
223 532 1364
222 532 1364
223 532 533
92 532 533
530 1364 1365
223 1364 1365
222 530 1364
534 1365 1366
530 1365 1366
223 534 1365
534 1362 1366
530 1362 1366
534 1362 1367
93 1362 1367
495 1368 1369
224 1368 1369
495 1303 1369
83 1303 1369
495 1368 1370
224 1368 1370
82 495 1370
224 535 536
94 535 1371
535 536 1371
224 536 1369
83 536 1369
531 537 1372
224 537 1372
531 537 1361
93 537 1361
531 1370 1372
224 1370 1372
531 1363 1370
82 1363 1370
224 225 537
225 537 538
93 537 538
224 225 535
225 535 539
94 535 539
540 1373 1375
498 1373 1375
540 1374 1375
227 1374 1375
540 1313 1373
498 1313 1373
540 1313 1376
84 1313 1376
498 1375 1377
227 1375 1377
498 1312 1377
83 1312 1377
541 1378 1380
540 1378 1380
541 1379 1380
226 1379 1380
541 1376 1378
540 1376 1378
541 1376 1381
84 1376 1381
540 1374 1382
227 1374 1382
540 1380 1382
226 1380 1382
543 1383 1385
542 1383 1385
543 1384 1385
226 1384 1385
543 1383 1387
542 1383 1387
543 1386 1387
95 1386 1387
227 542 1382
542 1382 1385
226 1382 1385
544 1388 1390
536 1388 1390
544 1389 1390
227 1389 1390
544 1371 1388
536 1371 1388
94 544 1371
536 1377 1390
227 1377 1390
83 536 1377
228 544 545
544 545 1389
227 545 1389
228 544 546
94 544 546
228 542 545
227 542 545
228 542 1391
542 1387 1391
95 1387 1391
211 503 548
85 503 1392
503 548 1392
211 547 548
230 547 1393
547 548 1393
211 502 549
84 502 1394
502 549 1394
211 547 549
230 547 1395
547 549 1395
548 551 1396
229 551 1396
548 551 1392
551 1392 1397
85 1392 1397
548 550 1396
550 1396 1398
229 1396 1398
548 550 1393
550 1393 1399
230 1393 1399
552 553 1400
229 553 1400
552 553 1401
96 553 1401
550 1398 1400
229 1398 1400
550 1400 1402
552 1400 1402
550 1399 1403
230 1399 1403
550 1402 1403
552 1402 1403
543 1384 1405
226 1384 1405
543 1404 1405
555 1404 1405
543 1386 1406
95 1386 1406
543 1404 1406
555 1404 1406
554 1405 1407
226 1405 1407
554 555 1405
230 554 555
541 1379 1408
226 1379 1408
541 549 1408
541 1381 1394
84 1381 1394
541 549 1394
554 1408 1409
549 1408 1409
554 1407 1408
226 1407 1408
554 1395 1409
549 1395 1409
230 554 1395
231 555 556
230 555 556
231 555 557
555 557 1406
95 557 1406
552 556 1410
231 556 1410
552 556 1403
230 556 1403
558 1410 1411
552 1410 1411
558 1410 1412
231 1410 1412
558 1401 1411
552 1401 1411
558 1401 1413
96 1401 1413
511 1333 1415
214 1333 1415
511 1414 1415
559 1414 1415
511 1334 1416
86 1334 1416
511 1414 1416
559 1414 1416
559 1417 1418
233 1417 1418
559 1415 1418
214 1415 1418
510 1331 1419
214 1331 1419
510 560 1419
85 510 1420
510 560 1420
560 1418 1421
233 1418 1421
560 1418 1419
214 1418 1419
559 1422 1423
232 1422 1423
559 1416 1423
86 1416 1423
559 1417 1424
233 1417 1424
559 1422 1424
232 1422 1424
561 1425 1427
232 1425 1427
561 1426 1427
97 1426 1427
561 1424 1428
233 1424 1428
561 1424 1425
232 1424 1425
229 553 562
96 553 1429
553 562 1429
562 1430 1431
233 1430 1431
229 562 1431
229 551 1433
551 1432 1433
560 1432 1433
551 1397 1420
85 1397 1420
551 1420 1432
560 1420 1432
560 1421 1431
233 1421 1431
560 1431 1433
229 1431 1433
563 1434 1436
562 1434 1436
563 1435 1436
234 1435 1436
563 1430 1434
562 1430 1434
563 1430 1437
233 1430 1437
562 564 1436
234 564 1436
562 564 1429
564 1429 1438
96 1429 1438
561 563 1439
563 1435 1439
234 1435 1439
561 563 1428
563 1428 1437
233 1428 1437
565 1439 1440
561 1439 1440
565 1439 1441
234 1439 1441
565 1426 1440
561 1426 1440
565 1426 1442
97 1426 1442
516 1443 1444
235 1443 1444
516 1341 1444
87 1341 1444
516 1443 1445
235 1443 1445
516 1342 1445
86 1342 1445
98 235 1446
235 1444 1446
87 1444 1446
232 1427 1447
97 1427 1447
232 235 1447
232 1423 1445
86 1423 1445
232 235 1445
98 235 1448
235 1447 1448
97 1447 1448
89 518 567
88 518 567
89 566 567
100 566 567
99 567 569
88 567 569
99 567 568
100 567 568
520 1345 1450
90 1345 1450
520 1449 1450
571 1449 1450
89 520 1451
520 1449 1451
571 1449 1451
570 1450 1452
90 1450 1452
570 571 1450
570 1453 1454
101 1453 1454
570 571 1453
100 566 1455
566 571 1455
89 566 1451
566 571 1451
571 572 1455
572 1455 1456
100 1455 1456
571 572 1453
572 1453 1457
101 1453 1457
524 1353 1459
219 1353 1459
524 1458 1459
574 1458 1459
524 1354 1460
91 1354 1460
524 1458 1460
574 1458 1460
573 1459 1462
219 1459 1462
573 1459 1461
574 1459 1461
573 1463 1464
237 1463 1464
573 1461 1463
574 1461 1463
575 1351 1465
219 1351 1465
575 1351 1466
90 1351 1466
573 1462 1465
219 1462 1465
573 1465 1467
575 1465 1467
573 1464 1468
237 1464 1468
573 1467 1468
575 1467 1468
574 1469 1470
236 1469 1470
574 1460 1470
91 1460 1470
574 1463 1471
237 1463 1471
574 1469 1471
236 1469 1471
236 1472 1473
102 1472 1473
236 1471 1472
237 1471 1472
570 1474 1475
237 1474 1475
570 1454 1475
101 1454 1475
575 1474 1476
570 1474 1476
575 1468 1474
237 1468 1474
575 1452 1476
570 1452 1476
575 1452 1466
90 1452 1466
237 1472 1477
102 1472 1477
237 1475 1477
101 1475 1477
221 1359 1479
92 1359 1479
221 1478 1479
239 1478 1479
529 1357 1481
221 1357 1481
529 1480 1481
576 1480 1481
529 1358 1482
91 1358 1482
529 1480 1482
576 1480 1482
576 1478 1483
239 1478 1483
576 1478 1481
221 1478 1481
238 1479 1485
92 1479 1485
238 1479 1484
239 1479 1484
577 1486 1488
238 1486 1488
577 1487 1488
103 1487 1488
577 1484 1489
239 1484 1489
577 1484 1486
238 1484 1486
578 1473 1490
236 1473 1490
578 1473 1491
102 1473 1491
578 1492 1493
239 1492 1493
578 1490 1493
236 1490 1493
576 1470 1494
236 1470 1494
576 1470 1482
91 1470 1482
576 1483 1493
239 1483 1493
576 1493 1494
236 1493 1494
579 1495 1497
578 1495 1497
579 1496 1497
240 1496 1497
579 1492 1495
578 1492 1495
579 1492 1498
239 1492 1498
580 1497 1499
578 1497 1499
580 1497 1500
240 1497 1500
580 1491 1499
578 1491 1499
580 1491 1501
102 1491 1501
579 1502 1503
577 1502 1503
579 1496 1503
240 1496 1503
579 1489 1502
577 1489 1502
579 1489 1498
239 1489 1498
581 1503 1504
577 1503 1504
581 1503 1505
240 1503 1505
581 1487 1504
577 1487 1504
581 1487 1506
103 1487 1506
223 534 583
534 1367 1507
93 1367 1507
534 583 1507
223 582 583
582 1508 1509
242 1508 1509
582 583 1508
223 533 1510
533 584 1510
92 533 1511
533 584 1511
223 582 1510
582 1510 1512
584 1510 1512
582 1509 1513
242 1509 1513
582 1512 1513
584 1512 1513
241 583 586
583 586 1507
93 586 1507
241 583 585
583 585 1508
242 585 1508
241 587 1514
104 587 1514
241 585 587
242 585 1515
585 587 1515
588 1488 1516
238 1488 1516
588 1488 1517
103 1488 1517
588 1518 1519
242 1518 1519
588 1516 1519
238 1516 1519
584 1485 1520
238 1485 1520
584 1485 1511
92 1485 1511
584 1513 1519
242 1513 1519
584 1519 1520
238 1519 1520
589 1521 1523
588 1521 1523
589 1522 1523
243 1522 1523
589 1518 1521
588 1518 1521
589 1518 1524
242 1518 1524
588 1523 1525
243 1523 1525
588 1517 1525
103 1517 1525
589 1526 1527
587 1526 1527
589 1522 1527
243 1522 1527
589 1515 1526
587 1515 1526
589 1515 1524
242 1515 1524
587 590 1527
243 590 1527
104 587 590
225 539 592
94 539 592
225 591 592
245 591 1528
591 592 1528
225 538 593
93 538 593
225 591 593
245 591 593
244 592 595
94 592 595
244 592 594
592 594 1528
594 1528 1529
245 1528 1529
596 1530 1532
244 1530 1532
596 1531 1532
105 1531 1532
244 594 1530
594 1530 1533
596 1530 1533
594 1529 1534
245 1529 1534
594 1533 1534
596 1533 1534
597 1514 1535
241 1514 1535
597 1514 1536
104 1514 1536
597 1537 1538
245 1537 1538
597 1535 1538
241 1535 1538
241 586 593
93 586 593
245 593 1538
241 593 1538
597 1539 1540
246 1539 1540
597 1537 1540
245 1537 1540
598 1539 1541
597 1539 1541
598 1539 1542
246 1539 1542
598 1536 1541
597 1536 1541
598 1536 1543
104 1536 1543
596 1540 1544
246 1540 1544
596 1534 1540
245 1534 1540
596 599 1544
599 1544 1545
246 1544 1545
596 599 1531
599 1531 1546
105 1531 1546
228 1391 1548
95 1391 1548
228 1547 1548
248 1547 1548
228 546 600
94 546 600
600 1547 1549
248 1547 1549
228 600 1547
95 247 1548
247 1548 1550
248 1548 1550
247 601 602
601 602 1551
106 602 1551
601 1550 1552
248 1550 1552
247 601 1550
244 603 1532
105 603 1532
603 1553 1554
248 1553 1554
244 603 1554
244 595 1555
595 600 1555
94 595 600
600 1549 1554
248 1549 1554
600 1554 1555
244 1554 1555
604 1556 1558
603 1556 1558
604 1557 1558
249 1557 1558
604 1553 1556
603 1553 1556
604 1553 1559
248 1553 1559
603 1558 1560
249 1558 1560
105 603 1560
601 604 1561
604 1557 1561
249 1557 1561
601 604 1552
604 1552 1559
248 1552 1559
605 1561 1562
601 1561 1562
249 605 1561
605 1551 1562
601 1551 1562
605 1551 1563
106 1551 1563
558 1412 1564
231 1412 1564
558 607 1564
558 1413 1565
96 1413 1565
558 607 1565
231 606 1564
606 607 1564
251 606 1566
606 607 1566
231 557 608
95 557 608
231 606 608
251 606 608
250 607 610
607 610 1565
96 610 1565
250 607 609
607 609 1566
609 1566 1567
251 1566 1567
611 612 1568
250 612 1568
611 612 1569
107 612 1569
250 609 1568
609 1568 1570
611 1568 1570
609 1567 1571
251 1567 1571
609 1570 1571
611 1570 1571
247 602 614
106 602 1572
602 614 1572
247 613 614
251 613 1573
613 614 1573
95 247 608
247 608 613
251 608 613
614 1574 1575
252 1574 1575
614 1573 1575
251 1573 1575
614 1574 1576
252 1574 1576
614 1572 1576
106 1572 1576
611 1575 1577
252 1575 1577
611 1571 1575
251 1571 1575
611 1577 1578
252 1577 1578
611 1569 1578
107 1569 1578
565 1441 1580
234 1441 1580
565 1579 1580
615 1579 1580
565 1442 1581
97 1442 1581
565 1579 1581
615 1579 1581
253 615 1582
615 1580 1582
234 1580 1582
234 564 1584
564 1583 1584
616 1583 1584
564 1438 1585
96 1438 1585
564 1583 1585
616 1583 1585
253 616 1582
616 1582 1584
234 1582 1584
253 617 1587
617 1586 1587
108 1586 1587
253 615 617
615 1581 1588
97 1581 1588
615 617 1588
250 612 618
107 612 618
250 253 618
250 610 616
96 610 1585
610 616 1585
250 253 616
253 619 1587
108 619 1587
253 618 619
107 618 619
98 620 1448
620 1448 1589
97 1448 1589
98 109 620
617 1586 1591
108 1586 1591
617 1590 1591
620 1590 1591
617 1588 1589
97 1588 1589
617 1589 1590
620 1589 1590
109 620 1592
620 1591 1592
108 1591 1592
100 568 621
99 568 621
111 621 1593
100 621 1593
99 110 621
110 111 621
572 1457 1595
101 1457 1595
572 1594 1595
622 1594 1595
572 1456 1596
100 1456 1596
572 1594 1596
622 1594 1596
622 1597 1598
112 1597 1598
622 1595 1598
101 1595 1598
622 1593 1599
111 1593 1599
622 1593 1596
100 1593 1596
622 1597 1600
112 1597 1600
622 1599 1600
111 1599 1600
624 1477 1601
102 1477 1601
624 1477 1602
101 1477 1602
623 1601 1603
102 1601 1603
623 624 1601
623 1604 1605
113 1604 1605
623 624 1604
624 1598 1606
112 1598 1606
624 1598 1602
101 1598 1602
624 1604 1607
113 1604 1607
624 1606 1607
112 1606 1607
581 1505 1608
240 1505 1608
581 626 1608
581 1506 1609
103 1506 1609
581 626 1609
625 1608 1610
240 1608 1610
625 626 1608
625 1611 1612
254 1611 1612
625 626 1611
580 1500 1613
240 1500 1613
580 627 1613
580 1501 1614
102 1501 1614
580 627 1614
625 1610 1613
240 1610 1613
625 1613 1615
627 1613 1615
625 1612 1616
254 1612 1616
625 1615 1616
627 1615 1616
628 1617 1619
254 1617 1619
628 1618 1619
114 1618 1619
626 1611 1617
254 1611 1617
626 1617 1620
628 1617 1620
626 1609 1621
103 1609 1621
626 1620 1621
628 1620 1621
623 1622 1623
254 1622 1623
623 1605 1623
113 1605 1623
623 627 1622
627 1616 1622
254 1616 1622
623 627 1603
627 1603 1614
102 1603 1614
254 1619 1624
114 1619 1624
254 1623 1624
113 1623 1624
243 590 629
104 590 629
243 255 629
243 1525 1625
103 1525 1625
243 255 1625
255 630 631
115 630 631
255 629 631
104 629 1626
629 631 1626
255 628 632
628 632 1618
114 632 1618
255 628 1625
628 1621 1625
103 1621 1625
255 630 633
115 630 633
255 632 633
114 632 633
599 1545 1628
246 1545 1628
599 1627 1628
635 1627 1628
599 1546 1629
105 1546 1629
599 1627 1629
635 1627 1629
634 1628 1631
246 1628 1631
634 1628 1630
635 1628 1630
634 1632 1633
256 1632 1633
634 1630 1632
635 1630 1632
598 1542 1635
246 1542 1635
598 1634 1635
636 1634 1635
598 1543 1636
104 1543 1636
598 1634 1636
636 1634 1636
634 1631 1635
246 1631 1635
634 636 1635
634 1633 1637
256 1633 1637
634 636 1637
637 1639 1640
256 1639 1640
637 1638 1639
638 1638 1639
637 1641 1642
116 1641 1642
637 1638 1641
638 1638 1641
635 1632 1639
256 1632 1639
635 1639 1643
638 1639 1643
635 1629 1644
105 1629 1644
635 1643 1644
638 1643 1644
631 639 1645
256 639 1645
115 631 639
631 636 1645
636 1637 1645
256 1637 1645
631 636 1626
636 1626 1636
104 1626 1636
637 1640 1647
256 1640 1647
637 1646 1647
640 1646 1647
637 1642 1648
116 1642 1648
637 1646 1648
640 1646 1648
256 639 1647
639 640 1647
115 639 640
249 605 641
605 1563 1649
106 1563 1649
605 641 1649
641 1650 1651
257 1650 1651
249 641 1651
249 1560 1652
105 1560 1652
249 1651 1652
257 1651 1652
642 1653 1655
257 1653 1655
642 1654 1655
117 1654 1655
641 1650 1653
257 1650 1653
641 1653 1656
642 1653 1656
641 1649 1657
106 1649 1657
641 1656 1657
642 1656 1657
638 1658 1659
257 1658 1659
638 1641 1659
116 1641 1659
638 1652 1658
257 1652 1658
638 1644 1652
105 1644 1652
257 1655 1660
117 1655 1660
257 1659 1660
116 1659 1660
252 1578 1661
107 1578 1661
252 258 1661
252 1576 1662
106 1576 1662
252 258 1662
258 1663 1664
118 1663 1664
258 1661 1664
107 1661 1664
642 1665 1666
258 1665 1666
642 1654 1666
117 1654 1666
642 1662 1665
258 1662 1665
642 1657 1662
106 1657 1662
258 1663 1667
118 1663 1667
258 1666 1667
117 1666 1667
108 619 643
107 619 643
643 1668 1669
119 1668 1669
108 643 1669
643 1664 1670
118 1664 1670
107 643 1664
643 1668 1671
119 1668 1671
643 1670 1671
118 1670 1671
109 1592 1673
108 1592 1673
109 1672 1673
120 1672 1673
119 1669 1673
108 1669 1673
119 1673 1674
120 1673 1674
