ID=1539720
numvertices=467
numsimplices=868
vertices
-1.500000e+00 -1.500000e+00
-1.312500e+00 -1.500000e+00
-1.125000e+00 -1.500000e+00
-9.375000e-01 -1.500000e+00
-7.500000e-01 -1.500000e+00
-5.625000e-01 -1.500000e+00
-3.750000e-01 -1.500000e+00
-1.875000e-01 -1.500000e+00
0.000000e+00 -1.500000e+00
1.875000e-01 -1.500000e+00
3.750000e-01 -1.500000e+00
5.625000e-01 -1.500000e+00
7.500000e-01 -1.500000e+00
9.375000e-01 -1.500000e+00
1.125000e+00 -1.500000e+00
1.312500e+00 -1.500000e+00
1.500000e+00 -1.500000e+00
-1.500000e+00 -1.312500e+00
-1.312500e+00 -1.312500e+00
-1.125000e+00 -1.312500e+00
-9.375000e-01 -1.312500e+00
-7.500000e-01 -1.312500e+00
-5.625000e-01 -1.312500e+00
-3.750000e-01 -1.312500e+00
-1.875000e-01 -1.312500e+00
0.000000e+00 -1.312500e+00
1.875000e-01 -1.312500e+00
3.750000e-01 -1.312500e+00
5.625000e-01 -1.312500e+00
7.500000e-01 -1.312500e+00
9.375000e-01 -1.312500e+00
1.125000e+00 -1.312500e+00
1.312500e+00 -1.312500e+00
1.500000e+00 -1.312500e+00
-1.500000e+00 -1.125000e+00
-1.312500e+00 -1.125000e+00
-1.125000e+00 -1.125000e+00
-9.375000e-01 -1.125000e+00
-7.500000e-01 -1.125000e+00
-5.625000e-01 -1.125000e+00
-3.750000e-01 -1.125000e+00
-1.875000e-01 -1.125000e+00
0.000000e+00 -1.125000e+00
1.875000e-01 -1.125000e+00
3.750000e-01 -1.125000e+00
5.625000e-01 -1.125000e+00
7.500000e-01 -1.125000e+00
9.375000e-01 -1.125000e+00
1.125000e+00 -1.125000e+00
1.312500e+00 -1.125000e+00
1.500000e+00 -1.125000e+00
-1.500000e+00 -9.375000e-01
-1.312500e+00 -9.375000e-01
-1.125000e+00 -9.375000e-01
-9.375000e-01 -9.375000e-01
-7.500000e-01 -9.375000e-01
-5.625000e-01 -9.375000e-01
-3.750000e-01 -9.375000e-01
-1.875000e-01 -9.375000e-01
0.000000e+00 -9.375000e-01
1.875000e-01 -9.375000e-01
3.750000e-01 -9.375000e-01
5.625000e-01 -9.375000e-01
7.500000e-01 -9.375000e-01
9.375000e-01 -9.375000e-01
1.125000e+00 -9.375000e-01
1.312500e+00 -9.375000e-01
1.500000e+00 -9.375000e-01
-1.500000e+00 -7.500000e-01
-1.312500e+00 -7.500000e-01
-1.125000e+00 -7.500000e-01
-9.375000e-01 -7.500000e-01
-7.500000e-01 -7.500000e-01
-5.625000e-01 -7.500000e-01
-3.750000e-01 -7.500000e-01
-1.875000e-01 -7.500000e-01
0.000000e+00 -7.500000e-01
1.875000e-01 -7.500000e-01
3.750000e-01 -7.500000e-01
5.625000e-01 -7.500000e-01
7.500000e-01 -7.500000e-01
9.375000e-01 -7.500000e-01
1.125000e+00 -7.500000e-01
1.312500e+00 -7.500000e-01
1.500000e+00 -7.500000e-01
-1.500000e+00 -5.625000e-01
-1.312500e+00 -5.625000e-01
-1.125000e+00 -5.625000e-01
-9.375000e-01 -5.625000e-01
-7.500000e-01 -5.625000e-01
-5.625000e-01 -5.625000e-01
-3.750000e-01 -5.625000e-01
-1.875000e-01 -5.625000e-01
0.000000e+00 -5.625000e-01
1.875000e-01 -5.625000e-01
3.750000e-01 -5.625000e-01
5.625000e-01 -5.625000e-01
7.500000e-01 -5.625000e-01
9.375000e-01 -5.625000e-01
1.125000e+00 -5.625000e-01
1.312500e+00 -5.625000e-01
1.500000e+00 -5.625000e-01
-1.500000e+00 -3.750000e-01
-1.312500e+00 -3.750000e-01
-1.125000e+00 -3.750000e-01
-9.375000e-01 -3.750000e-01
-7.500000e-01 -3.750000e-01
-5.625000e-01 -3.750000e-01
-3.750000e-01 -3.750000e-01
-1.875000e-01 -3.750000e-01
0.000000e+00 -3.750000e-01
1.875000e-01 -3.750000e-01
3.750000e-01 -3.750000e-01
5.625000e-01 -3.750000e-01
7.500000e-01 -3.750000e-01
9.375000e-01 -3.750000e-01
1.125000e+00 -3.750000e-01
1.312500e+00 -3.750000e-01
1.500000e+00 -3.750000e-01
-1.500000e+00 -1.875000e-01
-1.312500e+00 -1.875000e-01
-1.125000e+00 -1.875000e-01
-9.375000e-01 -1.875000e-01
-7.500000e-01 -1.875000e-01
-5.625000e-01 -1.875000e-01
-3.750000e-01 -1.875000e-01
-1.875000e-01 -1.875000e-01
0.000000e+00 -1.875000e-01
1.875000e-01 -1.875000e-01
3.750000e-01 -1.875000e-01
5.625000e-01 -1.875000e-01
7.500000e-01 -1.875000e-01
9.375000e-01 -1.875000e-01
1.125000e+00 -1.875000e-01
1.312500e+00 -1.875000e-01
1.500000e+00 -1.875000e-01
-1.500000e+00 0.000000e+00
-1.312500e+00 0.000000e+00
-1.125000e+00 0.000000e+00
-9.375000e-01 0.000000e+00
-7.500000e-01 0.000000e+00
-5.625000e-01 0.000000e+00
-3.750000e-01 0.000000e+00
-1.875000e-01 0.000000e+00
0.000000e+00 0.000000e+00
1.875000e-01 0.000000e+00
3.750000e-01 0.000000e+00
5.625000e-01 0.000000e+00
7.500000e-01 0.000000e+00
9.375000e-01 0.000000e+00
1.125000e+00 0.000000e+00
1.312500e+00 0.000000e+00
1.500000e+00 0.000000e+00
-1.500000e+00 1.875000e-01
-1.312500e+00 1.875000e-01
-1.125000e+00 1.875000e-01
-9.375000e-01 1.875000e-01
-7.500000e-01 1.875000e-01
-5.625000e-01 1.875000e-01
-3.750000e-01 1.875000e-01
-1.875000e-01 1.875000e-01
0.000000e+00 1.875000e-01
1.875000e-01 1.875000e-01
3.750000e-01 1.875000e-01
5.625000e-01 1.875000e-01
7.500000e-01 1.875000e-01
9.375000e-01 1.875000e-01
1.125000e+00 1.875000e-01
1.312500e+00 1.875000e-01
1.500000e+00 1.875000e-01
-1.500000e+00 3.750000e-01
-1.312500e+00 3.750000e-01
-1.125000e+00 3.750000e-01
-9.375000e-01 3.750000e-01
-7.500000e-01 3.750000e-01
-5.625000e-01 3.750000e-01
-3.750000e-01 3.750000e-01
-1.875000e-01 3.750000e-01
0.000000e+00 3.750000e-01
1.875000e-01 3.750000e-01
3.750000e-01 3.750000e-01
5.625000e-01 3.750000e-01
7.500000e-01 3.750000e-01
9.375000e-01 3.750000e-01
1.125000e+00 3.750000e-01
1.312500e+00 3.750000e-01
1.500000e+00 3.750000e-01
-1.500000e+00 5.625000e-01
-1.312500e+00 5.625000e-01
-1.125000e+00 5.625000e-01
-9.375000e-01 5.625000e-01
-7.500000e-01 5.625000e-01
-5.625000e-01 5.625000e-01
-3.750000e-01 5.625000e-01
-1.875000e-01 5.625000e-01
0.000000e+00 5.625000e-01
1.875000e-01 5.625000e-01
3.750000e-01 5.625000e-01
5.625000e-01 5.625000e-01
7.500000e-01 5.625000e-01
9.375000e-01 5.625000e-01
1.125000e+00 5.625000e-01
1.312500e+00 5.625000e-01
1.500000e+00 5.625000e-01
-1.500000e+00 7.500000e-01
-1.312500e+00 7.500000e-01
-1.125000e+00 7.500000e-01
-9.375000e-01 7.500000e-01
-7.500000e-01 7.500000e-01
-5.625000e-01 7.500000e-01
-3.750000e-01 7.500000e-01
-1.875000e-01 7.500000e-01
0.000000e+00 7.500000e-01
1.875000e-01 7.500000e-01
3.750000e-01 7.500000e-01
5.625000e-01 7.500000e-01
7.500000e-01 7.500000e-01
9.375000e-01 7.500000e-01
1.125000e+00 7.500000e-01
1.312500e+00 7.500000e-01
1.500000e+00 7.500000e-01
-1.500000e+00 9.375000e-01
-1.312500e+00 9.375000e-01
-1.125000e+00 9.375000e-01
-9.375000e-01 9.375000e-01
-7.500000e-01 9.375000e-01
-5.625000e-01 9.375000e-01
-3.750000e-01 9.375000e-01
-1.875000e-01 9.375000e-01
0.000000e+00 9.375000e-01
1.875000e-01 9.375000e-01
3.750000e-01 9.375000e-01
5.625000e-01 9.375000e-01
7.500000e-01 9.375000e-01
9.375000e-01 9.375000e-01
1.125000e+00 9.375000e-01
1.312500e+00 9.375000e-01
1.500000e+00 9.375000e-01
-1.500000e+00 1.125000e+00
-1.312500e+00 1.125000e+00
-1.125000e+00 1.125000e+00
-9.375000e-01 1.125000e+00
-7.500000e-01 1.125000e+00
-5.625000e-01 1.125000e+00
-3.750000e-01 1.125000e+00
-1.875000e-01 1.125000e+00
0.000000e+00 1.125000e+00
1.875000e-01 1.125000e+00
3.750000e-01 1.125000e+00
5.625000e-01 1.125000e+00
7.500000e-01 1.125000e+00
9.375000e-01 1.125000e+00
1.125000e+00 1.125000e+00
1.312500e+00 1.125000e+00
1.500000e+00 1.125000e+00
-1.500000e+00 1.312500e+00
-1.312500e+00 1.312500e+00
-1.125000e+00 1.312500e+00
-9.375000e-01 1.312500e+00
-7.500000e-01 1.312500e+00
-5.625000e-01 1.312500e+00
-3.750000e-01 1.312500e+00
-1.875000e-01 1.312500e+00
0.000000e+00 1.312500e+00
1.875000e-01 1.312500e+00
3.750000e-01 1.312500e+00
5.625000e-01 1.312500e+00
7.500000e-01 1.312500e+00
9.375000e-01 1.312500e+00
1.125000e+00 1.312500e+00
1.312500e+00 1.312500e+00
1.500000e+00 1.312500e+00
-1.500000e+00 1.500000e+00
-1.312500e+00 1.500000e+00
-1.125000e+00 1.500000e+00
-9.375000e-01 1.500000e+00
-7.500000e-01 1.500000e+00
-5.625000e-01 1.500000e+00
-3.750000e-01 1.500000e+00
-1.875000e-01 1.500000e+00
0.000000e+00 1.500000e+00
1.875000e-01 1.500000e+00
3.750000e-01 1.500000e+00
5.625000e-01 1.500000e+00
7.500000e-01 1.500000e+00
9.375000e-01 1.500000e+00
1.125000e+00 1.500000e+00
1.312500e+00 1.500000e+00
1.500000e+00 1.500000e+00
-2.812500e-01 -1.031250e+00
-2.812500e-01 -9.375000e-01
-9.375000e-02 -1.031250e+00
-9.375000e-02 -9.375000e-01
9.375000e-02 -1.031250e+00
9.375000e-02 -9.375000e-01
2.812500e-01 -1.031250e+00
2.812500e-01 -9.375000e-01
-3.750000e-01 -8.437500e-01
-4.687500e-01 -8.437500e-01
-4.687500e-01 -7.500000e-01
-1.875000e-01 -8.437500e-01
-2.812500e-01 -8.437500e-01
-2.812500e-01 -7.500000e-01
0.000000e+00 -8.437500e-01
-9.375000e-02 -8.437500e-01
-9.375000e-02 -7.500000e-01
1.875000e-01 -8.437500e-01
9.375000e-02 -8.437500e-01
9.375000e-02 -7.500000e-01
3.750000e-01 -8.437500e-01
2.812500e-01 -8.437500e-01
2.812500e-01 -7.500000e-01
4.687500e-01 -8.437500e-01
4.687500e-01 -7.500000e-01
-5.625000e-01 -6.562500e-01
-6.562500e-01 -6.562500e-01
-6.562500e-01 -5.625000e-01
-3.750000e-01 -6.562500e-01
-4.687500e-01 -6.562500e-01
-4.687500e-01 -5.625000e-01
-1.875000e-01 -6.562500e-01
-2.812500e-01 -6.562500e-01
-2.812500e-01 -5.625000e-01
-9.375000e-02 -6.562500e-01
9.375000e-02 -6.562500e-01
2.812500e-01 -6.562500e-01
5.625000e-01 -6.562500e-01
4.687500e-01 -6.562500e-01
6.562500e-01 -6.562500e-01
6.562500e-01 -5.625000e-01
-7.500000e-01 -4.687500e-01
-8.437500e-01 -4.687500e-01
-8.437500e-01 -3.750000e-01
-5.625000e-01 -4.687500e-01
-6.562500e-01 -4.687500e-01
-6.562500e-01 -3.750000e-01
-3.750000e-01 -4.687500e-01
-4.687500e-01 -4.687500e-01
-4.687500e-01 -3.750000e-01
-2.812500e-01 -4.687500e-01
7.500000e-01 -4.687500e-01
6.562500e-01 -4.687500e-01
8.437500e-01 -4.687500e-01
8.437500e-01 -3.750000e-01
-9.375000e-01 -2.812500e-01
-1.031250e+00 -2.812500e-01
-7.500000e-01 -2.812500e-01
-8.437500e-01 -2.812500e-01
-8.437500e-01 -1.875000e-01
-5.625000e-01 -2.812500e-01
-6.562500e-01 -2.812500e-01
-6.562500e-01 -1.875000e-01
-4.687500e-01 -2.812500e-01
9.375000e-01 -2.812500e-01
8.437500e-01 -2.812500e-01
1.031250e+00 -2.812500e-01
1.031250e+00 -1.875000e-01
-9.375000e-01 -9.375000e-02
-1.031250e+00 -9.375000e-02
-7.500000e-01 -9.375000e-02
-8.437500e-01 -9.375000e-02
-8.437500e-01 0.000000e+00
-6.562500e-01 -9.375000e-02
9.375000e-01 -9.375000e-02
8.437500e-01 -9.375000e-02
1.125000e+00 -9.375000e-02
1.031250e+00 -9.375000e-02
1.031250e+00 0.000000e+00
1.218750e+00 -9.375000e-02
-9.375000e-01 9.375000e-02
-1.031250e+00 9.375000e-02
-7.500000e-01 9.375000e-02
-8.437500e-01 9.375000e-02
-8.437500e-01 1.875000e-01
-6.562500e-01 9.375000e-02
9.375000e-01 9.375000e-02
8.437500e-01 9.375000e-02
1.125000e+00 9.375000e-02
1.031250e+00 9.375000e-02
1.031250e+00 1.875000e-01
1.218750e+00 9.375000e-02
-9.375000e-01 2.812500e-01
-1.031250e+00 2.812500e-01
-7.500000e-01 2.812500e-01
-8.437500e-01 2.812500e-01
-8.437500e-01 3.750000e-01
-6.562500e-01 2.812500e-01
9.375000e-01 2.812500e-01
8.437500e-01 2.812500e-01
8.437500e-01 3.750000e-01
1.125000e+00 2.812500e-01
1.031250e+00 2.812500e-01
1.031250e+00 3.750000e-01
1.218750e+00 2.812500e-01
-7.500000e-01 4.687500e-01
-8.437500e-01 4.687500e-01
-6.562500e-01 4.687500e-01
-6.562500e-01 5.625000e-01
7.500000e-01 4.687500e-01
6.562500e-01 4.687500e-01
6.562500e-01 5.625000e-01
9.375000e-01 4.687500e-01
8.437500e-01 4.687500e-01
8.437500e-01 5.625000e-01
1.125000e+00 4.687500e-01
1.031250e+00 4.687500e-01
1.031250e+00 5.625000e-01
1.218750e+00 4.687500e-01
-7.500000e-01 6.562500e-01
-8.437500e-01 6.562500e-01
-5.625000e-01 6.562500e-01
-6.562500e-01 6.562500e-01
-6.562500e-01 7.500000e-01
-4.687500e-01 6.562500e-01
5.625000e-01 6.562500e-01
4.687500e-01 6.562500e-01
4.687500e-01 7.500000e-01
7.500000e-01 6.562500e-01
6.562500e-01 6.562500e-01
6.562500e-01 7.500000e-01
9.375000e-01 6.562500e-01
8.437500e-01 6.562500e-01
8.437500e-01 7.500000e-01
1.031250e+00 6.562500e-01
-5.625000e-01 8.437500e-01
-6.562500e-01 8.437500e-01
-4.687500e-01 8.437500e-01
-4.687500e-01 9.375000e-01
-2.812500e-01 8.437500e-01
-2.812500e-01 9.375000e-01
-9.375000e-02 8.437500e-01
-9.375000e-02 9.375000e-01
9.375000e-02 8.437500e-01
9.375000e-02 9.375000e-01
3.750000e-01 8.437500e-01
2.812500e-01 8.437500e-01
2.812500e-01 9.375000e-01
5.625000e-01 8.437500e-01
4.687500e-01 8.437500e-01
4.687500e-01 9.375000e-01
7.500000e-01 8.437500e-01
6.562500e-01 8.437500e-01
6.562500e-01 9.375000e-01
8.437500e-01 8.437500e-01
-3.750000e-01 1.031250e+00
-4.687500e-01 1.031250e+00
-1.875000e-01 1.031250e+00
-2.812500e-01 1.031250e+00
-2.812500e-01 1.125000e+00
0.000000e+00 1.031250e+00
-9.375000e-02 1.031250e+00
-9.375000e-02 1.125000e+00
1.875000e-01 1.031250e+00
9.375000e-02 1.031250e+00
9.375000e-02 1.125000e+00
3.750000e-01 1.031250e+00
2.812500e-01 1.031250e+00
2.812500e-01 1.125000e+00
5.625000e-01 1.031250e+00
4.687500e-01 1.031250e+00
4.687500e-01 1.125000e+00
6.562500e-01 1.031250e+00
-2.812500e-01 1.218750e+00
-9.375000e-02 1.218750e+00
9.375000e-02 1.218750e+00
2.812500e-01 1.218750e+00
4.687500e-01 1.218750e+00
simplices
0 1 18
0 17 18
1 2 19
1 18 19
2 3 20
2 19 20
3 4 21
3 20 21
4 5 22
4 21 22
5 6 23
5 22 23
6 7 24
6 23 24
7 8 25
7 24 25
8 9 26
8 25 26
9 10 27
9 26 27
10 11 28
10 27 28
11 12 29
11 28 29
12 13 30
12 29 30
13 14 31
13 30 31
14 15 32
14 31 32
15 16 33
15 32 33
17 18 35
17 34 35
18 19 36
18 35 36
19 20 37
19 36 37
20 21 38
20 37 38
21 22 39
21 38 39
22 23 40
22 39 40
23 24 41
23 40 41
24 25 42
24 41 42
25 26 43
25 42 43
26 27 44
26 43 44
27 28 45
27 44 45
28 29 46
28 45 46
29 30 47
29 46 47
30 31 48
30 47 48
31 32 49
31 48 49
32 33 50
32 49 50
34 35 52
34 51 52
35 36 53
35 52 53
36 37 54
36 53 54
37 38 55
37 54 55
38 39 56
38 55 56
39 40 57
39 56 57
40 41 289
41 58 289
40 57 289
57 289 290
58 289 290
41 42 291
42 59 291
41 58 291
58 291 292
59 291 292
42 43 293
43 60 293
42 59 293
59 293 294
60 293 294
43 44 295
44 61 295
43 60 295
60 295 296
61 295 296
44 45 62
44 61 62
45 46 63
45 62 63
46 47 64
46 63 64
47 48 65
47 64 65
48 49 66
48 65 66
49 50 67
49 66 67
51 52 69
51 68 69
52 53 70
52 69 70
53 54 71
53 70 71
54 55 72
54 71 72
55 56 73
55 72 73
56 57 298
57 297 298
74 297 298
56 73 298
73 298 299
74 298 299
58 290 301
57 290 301
58 300 301
75 300 301
74 297 301
57 297 301
74 301 302
75 301 302
59 292 304
58 292 304
59 303 304
76 303 304
75 300 304
58 300 304
75 304 305
76 304 305
60 294 307
59 294 307
60 306 307
77 306 307
76 303 307
59 303 307
76 307 308
77 307 308
61 296 310
60 296 310
61 309 310
78 309 310
77 306 310
60 306 310
77 310 311
78 310 311
61 62 312
62 79 312
78 309 312
61 309 312
78 312 313
79 312 313
62 63 80
62 79 80
63 64 81
63 80 81
64 65 82
64 81 82
65 66 83
65 82 83
66 67 84
66 83 84
68 69 86
68 85 86
69 70 87
69 86 87
70 71 88
70 87 88
71 72 89
71 88 89
72 73 315
73 314 315
90 314 315
72 89 315
89 315 316
90 315 316
74 299 318
73 299 318
74 317 318
91 317 318
90 314 318
73 314 318
90 318 319
91 318 319
75 302 321
74 302 321
75 320 321
92 320 321
91 317 321
74 317 321
91 321 322
92 321 322
76 305 323
75 305 323
76 93 323
92 320 323
75 320 323
92 93 323
77 308 324
76 308 324
77 94 324
76 93 324
93 94 324
78 311 325
77 311 325
78 95 325
77 94 325
94 95 325
79 313 327
78 313 327
79 326 327
96 326 327
78 95 327
95 96 327
79 80 328
80 97 328
96 326 328
79 326 328
96 328 329
97 328 329
80 81 98
80 97 98
81 82 99
81 98 99
82 83 100
82 99 100
83 84 101
83 100 101
85 86 103
85 102 103
86 87 104
86 103 104
87 88 105
87 104 105
88 89 331
89 330 331
106 330 331
88 105 331
105 331 332
106 331 332
90 316 334
89 316 334
90 333 334
107 333 334
106 330 334
89 330 334
106 334 335
107 334 335
91 319 337
90 319 337
91 336 337
108 336 337
107 333 337
90 333 337
107 337 338
108 337 338
92 322 339
91 322 339
92 109 339
108 336 339
91 336 339
108 109 339
92 93 110
92 109 110
93 94 111
93 110 111
94 95 112
94 111 112
95 96 113
95 112 113
97 329 341
96 329 341
97 340 341
114 340 341
96 113 341
113 114 341
97 98 342
98 115 342
114 340 342
97 340 342
114 342 343
115 342 343
98 99 116
98 115 116
99 100 117
99 116 117
100 101 118
100 117 118
102 103 120
102 119 120
103 104 121
103 120 121
104 105 345
105 344 345
122 344 345
104 121 345
121 122 345
106 332 347
105 332 347
106 346 347
123 346 347
122 344 347
105 344 347
122 347 348
123 347 348
107 335 350
106 335 350
107 349 350
124 349 350
123 346 350
106 346 350
123 350 351
124 350 351
108 338 352
107 338 352
108 125 352
124 349 352
107 349 352
124 125 352
108 109 126
108 125 126
109 110 127
109 126 127
110 111 128
110 127 128
111 112 129
111 128 129
112 113 130
112 129 130
113 114 131
113 130 131
115 343 354
114 343 354
115 353 354
132 353 354
114 131 354
131 132 354
115 116 355
116 133 355
132 353 355
115 353 355
132 355 356
133 355 356
116 117 134
116 133 134
117 118 135
117 134 135
119 120 137
119 136 137
120 121 138
120 137 138
121 122 358
122 357 358
139 357 358
121 138 358
138 139 358
123 348 360
122 348 360
123 359 360
140 359 360
139 357 360
122 357 360
139 360 361
140 360 361
124 351 362
123 351 362
124 141 362
140 359 362
123 359 362
140 141 362
124 125 142
124 141 142
125 126 143
125 142 143
126 127 144
126 143 144
127 128 145
127 144 145
128 129 146
128 145 146
129 130 147
129 146 147
130 131 148
130 147 148
131 132 364
132 363 364
149 363 364
131 148 364
148 149 364
133 356 366
132 356 366
133 365 366
150 365 366
149 363 366
132 363 366
149 366 367
150 366 367
133 134 368
134 151 368
150 365 368
133 365 368
150 151 368
134 135 152
134 151 152
136 137 154
136 153 154
137 138 155
137 154 155
138 139 370
139 369 370
156 369 370
138 155 370
155 156 370
140 361 372
139 361 372
140 371 372
157 371 372
156 369 372
139 369 372
156 372 373
157 372 373
140 141 374
141 158 374
157 371 374
140 371 374
157 158 374
141 142 159
141 158 159
142 143 160
142 159 160
143 144 161
143 160 161
144 145 162
144 161 162
145 146 163
145 162 163
146 147 164
146 163 164
147 148 165
147 164 165
148 149 376
149 375 376
166 375 376
148 165 376
165 166 376
150 367 378
149 367 378
150 377 378
167 377 378
166 375 378
149 375 378
166 378 379
167 378 379
150 151 380
151 168 380
167 377 380
150 377 380
167 168 380
151 152 169
151 168 169
153 154 171
153 170 171
154 155 172
154 171 172
155 156 382
156 381 382
173 381 382
155 172 382
172 173 382
157 373 384
156 373 384
157 383 384
174 383 384
173 381 384
156 381 384
173 384 385
174 384 385
157 158 386
158 175 386
174 383 386
157 383 386
174 175 386
158 159 176
158 175 176
159 160 177
159 176 177
160 161 178
160 177 178
161 162 179
161 178 179
162 163 180
162 179 180
163 164 181
163 180 181
164 165 182
164 181 182
165 166 388
166 387 388
183 387 388
165 182 388
182 388 389
183 388 389
167 379 391
166 379 391
167 390 391
184 390 391
183 387 391
166 387 391
183 391 392
184 391 392
167 168 393
168 185 393
184 390 393
167 390 393
184 185 393
168 169 186
168 185 186
170 171 188
170 187 188
171 172 189
171 188 189
172 173 190
172 189 190
174 385 395
173 385 395
174 394 395
191 394 395
173 190 395
190 191 395
174 175 396
175 192 396
191 394 396
174 394 396
191 396 397
192 396 397
175 176 193
175 192 193
176 177 194
176 193 194
177 178 195
177 194 195
178 179 196
178 195 196
179 180 197
179 196 197
180 181 198
180 197 198
181 182 399
182 398 399
199 398 399
181 198 399
198 399 400
199 399 400
183 389 402
182 389 402
183 401 402
200 401 402
199 398 402
182 398 402
199 402 403
200 402 403
184 392 405
183 392 405
184 404 405
201 404 405
200 401 405
183 401 405
200 405 406
201 405 406
184 185 407
185 202 407
201 404 407
184 404 407
201 202 407
185 186 203
185 202 203
187 188 205
187 204 205
188 189 206
188 205 206
189 190 207
189 206 207
190 191 409
191 408 409
208 408 409
190 207 409
207 208 409
192 397 411
191 397 411
192 410 411
209 410 411
208 408 411
191 408 411
208 411 412
209 411 412
192 193 413
193 210 413
209 410 413
192 410 413
209 210 413
193 194 211
193 210 211
194 195 212
194 211 212
195 196 213
195 212 213
196 197 214
196 213 214
197 198 415
198 414 415
215 414 415
197 214 415
214 415 416
215 415 416
199 400 418
198 400 418
199 417 418
216 417 418
215 414 418
198 414 418
215 418 419
216 418 419
200 403 421
199 403 421
200 420 421
217 420 421
216 417 421
199 417 421
216 421 422
217 421 422
201 406 423
200 406 423
201 218 423
217 420 423
200 420 423
217 218 423
201 202 219
201 218 219
202 203 220
202 219 220
204 205 222
204 221 222
205 206 223
205 222 223
206 207 224
206 223 224
207 208 225
207 224 225
209 412 425
208 412 425
209 424 425
226 424 425
208 225 425
225 226 425
209 210 426
210 227 426
226 424 426
209 424 426
226 426 427
227 426 427
210 211 428
211 228 428
210 227 428
227 428 429
228 428 429
211 212 430
212 229 430
211 228 430
228 430 431
229 430 431
212 213 432
213 230 432
212 229 432
229 432 433
230 432 433
213 214 435
214 434 435
231 434 435
213 230 435
230 435 436
231 435 436
215 416 438
214 416 438
215 437 438
232 437 438
231 434 438
214 434 438
231 438 439
232 438 439
216 419 441
215 419 441
216 440 441
233 440 441
232 437 441
215 437 441
232 441 442
233 441 442
217 422 443
216 422 443
217 234 443
233 440 443
216 440 443
233 234 443
217 218 235
217 234 235
218 219 236
218 235 236
219 220 237
219 236 237
221 222 239
221 238 239
222 223 240
222 239 240
223 224 241
223 240 241
224 225 242
224 241 242
225 226 243
225 242 243
227 427 445
226 427 445
227 444 445
244 444 445
226 243 445
243 244 445
228 429 447
227 429 447
228 446 447
245 446 447
244 444 447
227 444 447
244 447 448
245 447 448
229 431 450
228 431 450
229 449 450
246 449 450
245 446 450
228 446 450
245 450 451
246 450 451
230 433 453
229 433 453
230 452 453
247 452 453
246 449 453
229 449 453
246 453 454
247 453 454
231 436 456
230 436 456
231 455 456
248 455 456
247 452 456
230 452 456
247 456 457
248 456 457
232 439 459
231 439 459
232 458 459
249 458 459
248 455 459
231 455 459
248 459 460
249 459 460
233 442 461
232 442 461
233 250 461
249 458 461
232 458 461
249 250 461
233 234 251
233 250 251
234 235 252
234 251 252
235 236 253
235 252 253
236 237 254
236 253 254
238 239 256
238 255 256
239 240 257
239 256 257
240 241 258
240 257 258
241 242 259
241 258 259
242 243 260
242 259 260
243 244 261
243 260 261
245 448 462
244 448 462
245 262 462
244 261 462
261 262 462
246 451 463
245 451 463
246 263 463
245 262 463
262 263 463
247 454 464
246 454 464
247 264 464
246 263 464
263 264 464
248 457 465
247 457 465
248 265 465
247 264 465
264 265 465
249 460 466
248 460 466
249 266 466
248 265 466
265 266 466
249 250 267
249 266 267
250 251 268
250 267 268
251 252 269
251 268 269
252 253 270
252 269 270
253 254 271
253 270 271
255 256 273
255 272 273
256 257 274
256 273 274
257 258 275
257 274 275
258 259 276
258 275 276
259 260 277
259 276 277
260 261 278
260 277 278
261 262 279
261 278 279
262 263 280
262 279 280
263 264 281
263 280 281
264 265 282
264 281 282
265 266 283
265 282 283
266 267 284
266 283 284
267 268 285
267 284 285
268 269 286
268 285 286
269 270 287
269 286 287
270 271 288
270 287 288
