ID=5044537
numvertices=1443
numsimplices=2812
vertices
-1.500000e+00 -1.500000e+00
-1.333333e+00 -1.500000e+00
-1.166667e+00 -1.500000e+00
-1.000000e+00 -1.500000e+00
-8.333333e-01 -1.500000e+00
-6.666667e-01 -1.500000e+00
-5.000000e-01 -1.500000e+00
-3.333333e-01 -1.500000e+00
-1.666667e-01 -1.500000e+00
0.000000e+00 -1.500000e+00
1.666667e-01 -1.500000e+00
3.333333e-01 -1.500000e+00
5.000000e-01 -1.500000e+00
6.666667e-01 -1.500000e+00
8.333333e-01 -1.500000e+00
1.000000e+00 -1.500000e+00
1.166667e+00 -1.500000e+00
1.333333e+00 -1.500000e+00
1.500000e+00 -1.500000e+00
-1.500000e+00 -1.333333e+00
-1.333333e+00 -1.333333e+00
-1.166667e+00 -1.333333e+00
-1.000000e+00 -1.333333e+00
-8.333333e-01 -1.333333e+00
-6.666667e-01 -1.333333e+00
-5.000000e-01 -1.333333e+00
-3.333333e-01 -1.333333e+00
-1.666667e-01 -1.333333e+00
0.000000e+00 -1.333333e+00
1.666667e-01 -1.333333e+00
3.333333e-01 -1.333333e+00
5.000000e-01 -1.333333e+00
6.666667e-01 -1.333333e+00
8.333333e-01 -1.333333e+00
1.000000e+00 -1.333333e+00
1.166667e+00 -1.333333e+00
1.333333e+00 -1.333333e+00
1.500000e+00 -1.333333e+00
-1.500000e+00 -1.166667e+00
-1.333333e+00 -1.166667e+00
-1.166667e+00 -1.166667e+00
-1.000000e+00 -1.166667e+00
-8.333333e-01 -1.166667e+00
-6.666667e-01 -1.166667e+00
-5.000000e-01 -1.166667e+00
-3.333333e-01 -1.166667e+00
-1.666667e-01 -1.166667e+00
0.000000e+00 -1.166667e+00
1.666667e-01 -1.166667e+00
3.333333e-01 -1.166667e+00
5.000000e-01 -1.166667e+00
6.666667e-01 -1.166667e+00
8.333333e-01 -1.166667e+00
1.000000e+00 -1.166667e+00
1.166667e+00 -1.166667e+00
1.333333e+00 -1.166667e+00
1.500000e+00 -1.166667e+00
-1.500000e+00 -1.000000e+00
-1.333333e+00 -1.000000e+00
-1.166667e+00 -1.000000e+00
-1.000000e+00 -1.000000e+00
-8.333333e-01 -1.000000e+00
-6.666667e-01 -1.000000e+00
-5.000000e-01 -1.000000e+00
-3.333333e-01 -1.000000e+00
-1.666667e-01 -1.000000e+00
0.000000e+00 -1.000000e+00
1.666667e-01 -1.000000e+00
3.333333e-01 -1.000000e+00
5.000000e-01 -1.000000e+00
6.666667e-01 -1.000000e+00
8.333333e-01 -1.000000e+00
1.000000e+00 -1.000000e+00
1.166667e+00 -1.000000e+00
1.333333e+00 -1.000000e+00
1.500000e+00 -1.000000e+00
-1.500000e+00 -8.333333e-01
-1.333333e+00 -8.333333e-01
-1.166667e+00 -8.333333e-01
-1.000000e+00 -8.333333e-01
-8.333333e-01 -8.333333e-01
-6.666667e-01 -8.333333e-01
-5.000000e-01 -8.333333e-01
-3.333333e-01 -8.333333e-01
-1.666667e-01 -8.333333e-01
0.000000e+00 -8.333333e-01
1.666667e-01 -8.333333e-01
3.333333e-01 -8.333333e-01
5.000000e-01 -8.333333e-01
6.666667e-01 -8.333333e-01
8.333333e-01 -8.333333e-01
1.000000e+00 -8.333333e-01
1.166667e+00 -8.333333e-01
1.333333e+00 -8.333333e-01
1.500000e+00 -8.333333e-01
-1.500000e+00 -6.666667e-01
-1.333333e+00 -6.666667e-01
-1.166667e+00 -6.666667e-01
-1.000000e+00 -6.666667e-01
-8.333333e-01 -6.666667e-01
-6.666667e-01 -6.666667e-01
-5.000000e-01 -6.666667e-01
-3.333333e-01 -6.666667e-01
-1.666667e-01 -6.666667e-01
0.000000e+00 -6.666667e-01
1.666667e-01 -6.666667e-01
3.333333e-01 -6.666667e-01
5.000000e-01 -6.666667e-01
6.666667e-01 -6.666667e-01
8.333333e-01 -6.666667e-01
1.000000e+00 -6.666667e-01
1.166667e+00 -6.666667e-01
1.333333e+00 -6.666667e-01
1.500000e+00 -6.666667e-01
-1.500000e+00 -5.000000e-01
-1.333333e+00 -5.000000e-01
-1.166667e+00 -5.000000e-01
-1.000000e+00 -5.000000e-01
-8.333333e-01 -5.000000e-01
-6.666667e-01 -5.000000e-01
-5.000000e-01 -5.000000e-01
-3.333333e-01 -5.000000e-01
-1.666667e-01 -5.000000e-01
0.000000e+00 -5.000000e-01
1.666667e-01 -5.000000e-01
3.333333e-01 -5.000000e-01
5.000000e-01 -5.000000e-01
6.666667e-01 -5.000000e-01
8.333333e-01 -5.000000e-01
1.000000e+00 -5.000000e-01
1.166667e+00 -5.000000e-01
1.333333e+00 -5.000000e-01
1.500000e+00 -5.000000e-01
-1.500000e+00 -3.333333e-01
-1.333333e+00 -3.333333e-01
-1.166667e+00 -3.333333e-01
-1.000000e+00 -3.333333e-01
-8.333333e-01 -3.333333e-01
-6.666667e-01 -3.333333e-01
-5.000000e-01 -3.333333e-01
-3.333333e-01 -3.333333e-01
-1.666667e-01 -3.333333e-01
0.000000e+00 -3.333333e-01
1.666667e-01 -3.333333e-01
3.333333e-01 -3.333333e-01
5.000000e-01 -3.333333e-01
6.666667e-01 -3.333333e-01
8.333333e-01 -3.333333e-01
1.000000e+00 -3.333333e-01
1.166667e+00 -3.333333e-01
1.333333e+00 -3.333333e-01
1.500000e+00 -3.333333e-01
-1.500000e+00 -1.666667e-01
-1.333333e+00 -1.666667e-01
-1.166667e+00 -1.666667e-01
-1.000000e+00 -1.666667e-01
-8.333333e-01 -1.666667e-01
-6.666667e-01 -1.666667e-01
-5.000000e-01 -1.666667e-01
-3.333333e-01 -1.666667e-01
-1.666667e-01 -1.666667e-01
0.000000e+00 -1.666667e-01
1.666667e-01 -1.666667e-01
3.333333e-01 -1.666667e-01
5.000000e-01 -1.666667e-01
6.666667e-01 -1.666667e-01
8.333333e-01 -1.666667e-01
1.000000e+00 -1.666667e-01
1.166667e+00 -1.666667e-01
1.333333e+00 -1.666667e-01
1.500000e+00 -1.666667e-01
-1.500000e+00 0.000000e+00
-1.333333e+00 0.000000e+00
-1.166667e+00 0.000000e+00
-1.000000e+00 0.000000e+00
-8.333333e-01 0.000000e+00
-6.666667e-01 0.000000e+00
-5.000000e-01 0.000000e+00
-3.333333e-01 0.000000e+00
-1.666667e-01 0.000000e+00
0.000000e+00 0.000000e+00
1.666667e-01 0.000000e+00
3.333333e-01 0.000000e+00
5.000000e-01 0.000000e+00
6.666667e-01 0.000000e+00
8.333333e-01 0.000000e+00
1.000000e+00 0.000000e+00
1.166667e+00 0.000000e+00
1.333333e+00 0.000000e+00
1.500000e+00 0.000000e+00
-1.500000e+00 1.666667e-01
-1.333333e+00 1.666667e-01
-1.166667e+00 1.666667e-01
-1.000000e+00 1.666667e-01
-8.333333e-01 1.666667e-01
-6.666667e-01 1.666667e-01
-5.000000e-01 1.666667e-01
-3.333333e-01 1.666667e-01
-1.666667e-01 1.666667e-01
0.000000e+00 1.666667e-01
1.666667e-01 1.666667e-01
3.333333e-01 1.666667e-01
5.000000e-01 1.666667e-01
6.666667e-01 1.666667e-01
8.333333e-01 1.666667e-01
1.000000e+00 1.666667e-01
1.166667e+00 1.666667e-01
1.333333e+00 1.666667e-01
1.500000e+00 1.666667e-01
-1.500000e+00 3.333333e-01
-1.333333e+00 3.333333e-01
-1.166667e+00 3.333333e-01
-1.000000e+00 3.333333e-01
-8.333333e-01 3.333333e-01
-6.666667e-01 3.333333e-01
-5.000000e-01 3.333333e-01
-3.333333e-01 3.333333e-01
-1.666667e-01 3.333333e-01
0.000000e+00 3.333333e-01
1.666667e-01 3.333333e-01
3.333333e-01 3.333333e-01
5.000000e-01 3.333333e-01
6.666667e-01 3.333333e-01
8.333333e-01 3.333333e-01
1.000000e+00 3.333333e-01
1.166667e+00 3.333333e-01
1.333333e+00 3.333333e-01
1.500000e+00 3.333333e-01
-1.500000e+00 5.000000e-01
-1.333333e+00 5.000000e-01
-1.166667e+00 5.000000e-01
-1.000000e+00 5.000000e-01
-8.333333e-01 5.000000e-01
-6.666667e-01 5.000000e-01
-5.000000e-01 5.000000e-01
-3.333333e-01 5.000000e-01
-1.666667e-01 5.000000e-01
0.000000e+00 5.000000e-01
1.666667e-01 5.000000e-01
3.333333e-01 5.000000e-01
5.000000e-01 5.000000e-01
6.666667e-01 5.000000e-01
8.333333e-01 5.000000e-01
1.000000e+00 5.000000e-01
1.166667e+00 5.000000e-01
1.333333e+00 5.000000e-01
1.500000e+00 5.000000e-01
-1.500000e+00 6.666667e-01
-1.333333e+00 6.666667e-01
-1.166667e+00 6.666667e-01
-1.000000e+00 6.666667e-01
-8.333333e-01 6.666667e-01
-6.666667e-01 6.666667e-01
-5.000000e-01 6.666667e-01
-3.333333e-01 6.666667e-01
-1.666667e-01 6.666667e-01
0.000000e+00 6.666667e-01
1.666667e-01 6.666667e-01
3.333333e-01 6.666667e-01
5.000000e-01 6.666667e-01
6.666667e-01 6.666667e-01
8.333333e-01 6.666667e-01
1.000000e+00 6.666667e-01
1.166667e+00 6.666667e-01
1.333333e+00 6.666667e-01
1.500000e+00 6.666667e-01
-1.500000e+00 8.333333e-01
-1.333333e+00 8.333333e-01
-1.166667e+00 8.333333e-01
-1.000000e+00 8.333333e-01
-8.333333e-01 8.333333e-01
-6.666667e-01 8.333333e-01
-5.000000e-01 8.333333e-01
-3.333333e-01 8.333333e-01
-1.666667e-01 8.333333e-01
0.000000e+00 8.333333e-01
1.666667e-01 8.333333e-01
3.333333e-01 8.333333e-01
5.000000e-01 8.333333e-01
6.666667e-01 8.333333e-01
8.333333e-01 8.333333e-01
1.000000e+00 8.333333e-01
1.166667e+00 8.333333e-01
1.333333e+00 8.333333e-01
1.500000e+00 8.333333e-01
-1.500000e+00 1.000000e+00
-1.333333e+00 1.000000e+00
-1.166667e+00 1.000000e+00
-1.000000e+00 1.000000e+00
-8.333333e-01 1.000000e+00
-6.666667e-01 1.000000e+00
-5.000000e-01 1.000000e+00
-3.333333e-01 1.000000e+00
-1.666667e-01 1.000000e+00
0.000000e+00 1.000000e+00
1.666667e-01 1.000000e+00
3.333333e-01 1.000000e+00
5.000000e-01 1.000000e+00
6.666667e-01 1.000000e+00
8.333333e-01 1.000000e+00
1.000000e+00 1.000000e+00
1.166667e+00 1.000000e+00
1.333333e+00 1.000000e+00
1.500000e+00 1.000000e+00
-1.500000e+00 1.166667e+00
-1.333333e+00 1.166667e+00
-1.166667e+00 1.166667e+00
-1.000000e+00 1.166667e+00
-8.333333e-01 1.166667e+00
-6.666667e-01 1.166667e+00
-5.000000e-01 1.166667e+00
-3.333333e-01 1.166667e+00
-1.666667e-01 1.166667e+00
0.000000e+00 1.166667e+00
1.666667e-01 1.166667e+00
3.333333e-01 1.166667e+00
5.000000e-01 1.166667e+00
6.666667e-01 1.166667e+00
8.333333e-01 1.166667e+00
1.000000e+00 1.166667e+00
1.166667e+00 1.166667e+00
1.333333e+00 1.166667e+00
1.500000e+00 1.166667e+00
-1.500000e+00 1.333333e+00
-1.333333e+00 1.333333e+00
-1.166667e+00 1.333333e+00
-1.000000e+00 1.333333e+00
-8.333333e-01 1.333333e+00
-6.666667e-01 1.333333e+00
-5.000000e-01 1.333333e+00
-3.333333e-01 1.333333e+00
-1.666667e-01 1.333333e+00
0.000000e+00 1.333333e+00
1.666667e-01 1.333333e+00
3.333333e-01 1.333333e+00
5.000000e-01 1.333333e+00
6.666667e-01 1.333333e+00
8.333333e-01 1.333333e+00
1.000000e+00 1.333333e+00
1.166667e+00 1.333333e+00
1.333333e+00 1.333333e+00
1.500000e+00 1.333333e+00
-1.500000e+00 1.500000e+00
-1.333333e+00 1.500000e+00
-1.166667e+00 1.500000e+00
-1.000000e+00 1.500000e+00
-8.333333e-01 1.500000e+00
-6.666667e-01 1.500000e+00
-5.000000e-01 1.500000e+00
-3.333333e-01 1.500000e+00
-1.666667e-01 1.500000e+00
0.000000e+00 1.500000e+00
1.666667e-01 1.500000e+00
3.333333e-01 1.500000e+00
5.000000e-01 1.500000e+00
6.666667e-01 1.500000e+00
8.333333e-01 1.500000e+00
1.000000e+00 1.500000e+00
1.166667e+00 1.500000e+00
1.333333e+00 1.500000e+00
1.500000e+00 1.500000e+00
-4.166667e-01 -1.250000e+00
-4.166667e-01 -1.166667e+00
-2.500000e-01 -1.250000e+00
-2.500000e-01 -1.166667e+00
-8.333333e-02 -1.250000e+00
-8.333333e-02 -1.166667e+00
8.333333e-02 -1.250000e+00
8.333333e-02 -1.166667e+00
2.500000e-01 -1.250000e+00
2.500000e-01 -1.166667e+00
-5.000000e-01 -1.083333e+00
-5.833333e-01 -1.083333e+00
-5.833333e-01 -1.000000e+00
-3.333333e-01 -1.083333e+00
-4.166667e-01 -1.083333e+00
-4.166667e-01 -1.000000e+00
-1.666667e-01 -1.083333e+00
-2.500000e-01 -1.083333e+00
-2.500000e-01 -1.000000e+00
0.000000e+00 -1.083333e+00
-8.333333e-02 -1.083333e+00
-8.333333e-02 -1.000000e+00
1.666667e-01 -1.083333e+00
8.333333e-02 -1.083333e+00
8.333333e-02 -1.000000e+00
3.333333e-01 -1.083333e+00
2.500000e-01 -1.083333e+00
2.500000e-01 -1.000000e+00
4.166667e-01 -1.083333e+00
4.166667e-01 -1.000000e+00
-6.666667e-01 -9.166667e-01
-7.500000e-01 -9.166667e-01
-7.500000e-01 -8.333333e-01
-5.000000e-01 -9.166667e-01
-5.833333e-01 -9.166667e-01
-5.833333e-01 -8.333333e-01
-3.333333e-01 -9.166667e-01
-4.166667e-01 -9.166667e-01
-4.166667e-01 -8.333333e-01
-2.500000e-01 -9.166667e-01
-8.333333e-02 -9.166667e-01
8.333333e-02 -9.166667e-01
2.500000e-01 -9.166667e-01
5.000000e-01 -9.166667e-01
4.166667e-01 -9.166667e-01
5.833333e-01 -9.166667e-01
5.833333e-01 -8.333333e-01
-8.333333e-01 -7.500000e-01
-9.166667e-01 -7.500000e-01
-9.166667e-01 -6.666667e-01
-6.666667e-01 -7.500000e-01
-7.500000e-01 -7.500000e-01
-7.500000e-01 -6.666667e-01
-5.000000e-01 -7.500000e-01
-5.833333e-01 -7.500000e-01
-5.833333e-01 -6.666667e-01
-4.166667e-01 -7.500000e-01
6.666667e-01 -7.500000e-01
5.833333e-01 -7.500000e-01
7.500000e-01 -7.500000e-01
7.500000e-01 -6.666667e-01
-1.000000e+00 -5.833333e-01
-1.083333e+00 -5.833333e-01
-1.083333e+00 -5.000000e-01
-8.333333e-01 -5.833333e-01
-9.166667e-01 -5.833333e-01
-9.166667e-01 -5.000000e-01
-6.666667e-01 -5.833333e-01
-7.500000e-01 -5.833333e-01
-7.500000e-01 -5.000000e-01
-5.833333e-01 -5.833333e-01
8.333333e-01 -5.833333e-01
7.500000e-01 -5.833333e-01
9.166667e-01 -5.833333e-01
9.166667e-01 -5.000000e-01
-1.166667e+00 -4.166667e-01
-1.250000e+00 -4.166667e-01
-1.000000e+00 -4.166667e-01
-1.083333e+00 -4.166667e-01
-1.083333e+00 -3.333333e-01
-8.333333e-01 -4.166667e-01
-9.166667e-01 -4.166667e-01
-9.166667e-01 -3.333333e-01
-7.500000e-01 -4.166667e-01
1.000000e+00 -4.166667e-01
9.166667e-01 -4.166667e-01
1.083333e+00 -4.166667e-01
1.083333e+00 -3.333333e-01
-1.166667e+00 -2.500000e-01
-1.250000e+00 -2.500000e-01
-1.000000e+00 -2.500000e-01
-1.083333e+00 -2.500000e-01
-1.083333e+00 -1.666667e-01
-9.166667e-01 -2.500000e-01
1.000000e+00 -2.500000e-01
9.166667e-01 -2.500000e-01
1.166667e+00 -2.500000e-01
1.083333e+00 -2.500000e-01
1.083333e+00 -1.666667e-01
1.250000e+00 -2.500000e-01
-1.166667e+00 -8.333333e-02
-1.250000e+00 -8.333333e-02
-1.000000e+00 -8.333333e-02
-1.083333e+00 -8.333333e-02
-1.083333e+00 0.000000e+00
-9.166667e-01 -8.333333e-02
1.000000e+00 -8.333333e-02
9.166667e-01 -8.333333e-02
1.166667e+00 -8.333333e-02
1.083333e+00 -8.333333e-02
1.083333e+00 0.000000e+00
1.250000e+00 -8.333333e-02
-1.166667e+00 8.333333e-02
-1.250000e+00 8.333333e-02
-1.000000e+00 8.333333e-02
-1.083333e+00 8.333333e-02
-1.083333e+00 1.666667e-01
-9.166667e-01 8.333333e-02
1.000000e+00 8.333333e-02
9.166667e-01 8.333333e-02
1.166667e+00 8.333333e-02
1.083333e+00 8.333333e-02
1.083333e+00 1.666667e-01
1.250000e+00 8.333333e-02
-1.166667e+00 2.500000e-01
-1.250000e+00 2.500000e-01
-1.000000e+00 2.500000e-01
-1.083333e+00 2.500000e-01
-1.083333e+00 3.333333e-01
-9.166667e-01 2.500000e-01
1.000000e+00 2.500000e-01
9.166667e-01 2.500000e-01
9.166667e-01 3.333333e-01
1.166667e+00 2.500000e-01
1.083333e+00 2.500000e-01
1.083333e+00 3.333333e-01
1.250000e+00 2.500000e-01
-1.000000e+00 4.166667e-01
-1.083333e+00 4.166667e-01
-9.166667e-01 4.166667e-01
-9.166667e-01 5.000000e-01
8.333333e-01 4.166667e-01
7.500000e-01 4.166667e-01
7.500000e-01 5.000000e-01
1.000000e+00 4.166667e-01
9.166667e-01 4.166667e-01
9.166667e-01 5.000000e-01
1.166667e+00 4.166667e-01
1.083333e+00 4.166667e-01
1.083333e+00 5.000000e-01
1.250000e+00 4.166667e-01
-8.333333e-01 5.833333e-01
-9.166667e-01 5.833333e-01
-7.500000e-01 5.833333e-01
-7.500000e-01 6.666667e-01
6.666667e-01 5.833333e-01
5.833333e-01 5.833333e-01
5.833333e-01 6.666667e-01
8.333333e-01 5.833333e-01
7.500000e-01 5.833333e-01
7.500000e-01 6.666667e-01
1.000000e+00 5.833333e-01
9.166667e-01 5.833333e-01
9.166667e-01 6.666667e-01
1.083333e+00 5.833333e-01
-6.666667e-01 7.500000e-01
-7.500000e-01 7.500000e-01
-5.833333e-01 7.500000e-01
-5.833333e-01 8.333333e-01
5.000000e-01 7.500000e-01
4.166667e-01 7.500000e-01
4.166667e-01 8.333333e-01
6.666667e-01 7.500000e-01
5.833333e-01 7.500000e-01
5.833333e-01 8.333333e-01
8.333333e-01 7.500000e-01
7.500000e-01 7.500000e-01
7.500000e-01 8.333333e-01
9.166667e-01 7.500000e-01
-5.000000e-01 9.166667e-01
-5.833333e-01 9.166667e-01
-4.166667e-01 9.166667e-01
-4.166667e-01 1.000000e+00
-2.500000e-01 9.166667e-01
-2.500000e-01 1.000000e+00
-8.333333e-02 9.166667e-01
-8.333333e-02 1.000000e+00
8.333333e-02 9.166667e-01
8.333333e-02 1.000000e+00
3.333333e-01 9.166667e-01
2.500000e-01 9.166667e-01
2.500000e-01 1.000000e+00
5.000000e-01 9.166667e-01
4.166667e-01 9.166667e-01
4.166667e-01 1.000000e+00
6.666667e-01 9.166667e-01
5.833333e-01 9.166667e-01
5.833333e-01 1.000000e+00
7.500000e-01 9.166667e-01
-3.333333e-01 1.083333e+00
-4.166667e-01 1.083333e+00
-1.666667e-01 1.083333e+00
-2.500000e-01 1.083333e+00
-2.500000e-01 1.166667e+00
0.000000e+00 1.083333e+00
-8.333333e-02 1.083333e+00
-8.333333e-02 1.166667e+00
1.666667e-01 1.083333e+00
8.333333e-02 1.083333e+00
8.333333e-02 1.166667e+00
3.333333e-01 1.083333e+00
2.500000e-01 1.083333e+00
2.500000e-01 1.166667e+00
5.000000e-01 1.083333e+00
4.166667e-01 1.083333e+00
4.166667e-01 1.166667e+00
5.833333e-01 1.083333e+00
-2.500000e-01 1.250000e+00
-8.333333e-02 1.250000e+00
8.333333e-02 1.250000e+00
2.500000e-01 1.250000e+00
4.166667e-01 1.250000e+00
-5.000000e-01 -1.250000e+00
-5.833333e-01 -1.250000e+00
-5.833333e-01 -1.166667e+00
-3.750000e-01 -1.208333e+00
-3.333333e-01 -1.250000e+00
-4.583333e-01 -1.208333e+00
-4.583333e-01 -1.166667e+00
-3.750000e-01 -1.166667e+00
-2.083333e-01 -1.208333e+00
-1.666667e-01 -1.250000e+00
-2.916667e-01 -1.208333e+00
-2.916667e-01 -1.166667e+00
-2.083333e-01 -1.166667e+00
-4.166667e-02 -1.208333e+00
0.000000e+00 -1.250000e+00
-1.250000e-01 -1.208333e+00
-1.250000e-01 -1.166667e+00
-4.166667e-02 -1.166667e+00
1.250000e-01 -1.208333e+00
1.666667e-01 -1.250000e+00
4.166667e-02 -1.208333e+00
4.166667e-02 -1.166667e+00
1.250000e-01 -1.166667e+00
2.916667e-01 -1.208333e+00
3.333333e-01 -1.250000e+00
2.083333e-01 -1.208333e+00
2.083333e-01 -1.166667e+00
2.916667e-01 -1.166667e+00
4.166667e-01 -1.250000e+00
4.166667e-01 -1.166667e+00
-6.666667e-01 -1.083333e+00
-7.500000e-01 -1.083333e+00
-7.500000e-01 -1.000000e+00
-5.416667e-01 -1.125000e+00
-5.000000e-01 -1.125000e+00
-5.416667e-01 -1.041667e+00
-5.000000e-01 -1.041667e+00
-6.250000e-01 -1.041667e+00
-6.250000e-01 -1.000000e+00
-5.416667e-01 -1.000000e+00
-4.166667e-01 -1.125000e+00
-3.750000e-01 -1.125000e+00
-4.583333e-01 -1.125000e+00
-3.750000e-01 -1.083333e+00
-3.333333e-01 -1.125000e+00
-3.750000e-01 -1.041667e+00
-3.333333e-01 -1.041667e+00
-4.583333e-01 -1.083333e+00
-4.583333e-01 -1.041667e+00
-4.166667e-01 -1.041667e+00
-4.583333e-01 -1.000000e+00
-3.750000e-01 -1.000000e+00
-2.500000e-01 -1.125000e+00
-2.083333e-01 -1.125000e+00
-2.916667e-01 -1.125000e+00
-2.083333e-01 -1.083333e+00
-1.666667e-01 -1.125000e+00
-2.083333e-01 -1.041667e+00
-1.666667e-01 -1.041667e+00
-2.916667e-01 -1.083333e+00
-2.916667e-01 -1.041667e+00
-2.500000e-01 -1.041667e+00
-2.916667e-01 -1.000000e+00
-2.083333e-01 -1.000000e+00
-8.333333e-02 -1.125000e+00
-4.166667e-02 -1.125000e+00
-1.250000e-01 -1.125000e+00
-4.166667e-02 -1.083333e+00
0.000000e+00 -1.125000e+00
-4.166667e-02 -1.041667e+00
0.000000e+00 -1.041667e+00
-1.250000e-01 -1.083333e+00
-1.250000e-01 -1.041667e+00
-8.333333e-02 -1.041667e+00
-1.250000e-01 -1.000000e+00
-4.166667e-02 -1.000000e+00
8.333333e-02 -1.125000e+00
1.250000e-01 -1.125000e+00
4.166667e-02 -1.125000e+00
1.250000e-01 -1.083333e+00
1.666667e-01 -1.125000e+00
1.250000e-01 -1.041667e+00
1.666667e-01 -1.041667e+00
4.166667e-02 -1.083333e+00
4.166667e-02 -1.041667e+00
8.333333e-02 -1.041667e+00
4.166667e-02 -1.000000e+00
1.250000e-01 -1.000000e+00
2.500000e-01 -1.125000e+00
2.916667e-01 -1.125000e+00
2.083333e-01 -1.125000e+00
2.916667e-01 -1.083333e+00
3.333333e-01 -1.125000e+00
2.916667e-01 -1.041667e+00
3.333333e-01 -1.041667e+00
2.083333e-01 -1.083333e+00
2.083333e-01 -1.041667e+00
2.500000e-01 -1.041667e+00
2.083333e-01 -1.000000e+00
2.916667e-01 -1.000000e+00
3.750000e-01 -1.125000e+00
4.583333e-01 -1.041667e+00
5.000000e-01 -1.083333e+00
3.750000e-01 -1.083333e+00
3.750000e-01 -1.041667e+00
4.166667e-01 -1.041667e+00
3.750000e-01 -1.000000e+00
4.583333e-01 -1.000000e+00
5.833333e-01 -1.083333e+00
5.833333e-01 -1.000000e+00
-8.333333e-01 -9.166667e-01
-9.166667e-01 -9.166667e-01
-9.166667e-01 -8.333333e-01
-7.083333e-01 -9.583333e-01
-6.666667e-01 -9.583333e-01
-7.083333e-01 -8.750000e-01
-6.666667e-01 -8.750000e-01
-7.916667e-01 -8.750000e-01
-7.916667e-01 -8.333333e-01
-7.083333e-01 -8.333333e-01
-5.833333e-01 -9.583333e-01
-5.416667e-01 -9.583333e-01
-6.250000e-01 -9.583333e-01
-5.416667e-01 -9.166667e-01
-5.000000e-01 -9.583333e-01
-5.416667e-01 -8.750000e-01
-5.000000e-01 -8.750000e-01
-6.250000e-01 -9.166667e-01
-6.250000e-01 -8.750000e-01
-5.833333e-01 -8.750000e-01
-6.250000e-01 -8.333333e-01
-5.416667e-01 -8.333333e-01
-4.166667e-01 -9.583333e-01
-3.750000e-01 -9.583333e-01
-4.583333e-01 -9.583333e-01
-3.750000e-01 -9.166667e-01
-3.333333e-01 -9.583333e-01
-3.750000e-01 -8.750000e-01
-3.333333e-01 -8.750000e-01
-4.583333e-01 -9.166667e-01
-4.583333e-01 -8.750000e-01
-4.166667e-01 -8.750000e-01
-4.583333e-01 -8.333333e-01
-3.750000e-01 -8.333333e-01
-2.083333e-01 -9.583333e-01
-2.916667e-01 -9.583333e-01
-1.666667e-01 -9.166667e-01
-2.916667e-01 -8.750000e-01
-2.500000e-01 -8.333333e-01
-4.166667e-02 -9.583333e-01
-1.250000e-01 -9.583333e-01
0.000000e+00 -9.166667e-01
1.250000e-01 -9.583333e-01
4.166667e-02 -9.583333e-01
1.666667e-01 -9.166667e-01
2.916667e-01 -9.583333e-01
2.083333e-01 -9.583333e-01
3.333333e-01 -9.166667e-01
4.166667e-01 -9.583333e-01
4.583333e-01 -9.583333e-01
3.750000e-01 -9.583333e-01
4.583333e-01 -9.166667e-01
5.000000e-01 -9.583333e-01
4.583333e-01 -8.750000e-01
5.000000e-01 -8.750000e-01
4.166667e-01 -8.333333e-01
5.416667e-01 -9.583333e-01
6.250000e-01 -8.750000e-01
6.666667e-01 -9.166667e-01
5.416667e-01 -9.166667e-01
5.416667e-01 -8.750000e-01
5.833333e-01 -8.750000e-01
5.416667e-01 -8.333333e-01
6.250000e-01 -8.333333e-01
7.500000e-01 -9.166667e-01
7.500000e-01 -8.333333e-01
-1.000000e+00 -7.500000e-01
-1.083333e+00 -7.500000e-01
-1.083333e+00 -6.666667e-01
-8.750000e-01 -7.916667e-01
-8.333333e-01 -7.916667e-01
-8.750000e-01 -7.083333e-01
-8.333333e-01 -7.083333e-01
-9.583333e-01 -7.083333e-01
-9.583333e-01 -6.666667e-01
-8.750000e-01 -6.666667e-01
-7.500000e-01 -7.916667e-01
-7.083333e-01 -7.916667e-01
-7.916667e-01 -7.916667e-01
-7.083333e-01 -7.500000e-01
-6.666667e-01 -7.916667e-01
-7.083333e-01 -7.083333e-01
-6.666667e-01 -7.083333e-01
-7.916667e-01 -7.500000e-01
-7.916667e-01 -7.083333e-01
-7.500000e-01 -7.083333e-01
-7.916667e-01 -6.666667e-01
-7.083333e-01 -6.666667e-01
-5.833333e-01 -7.916667e-01
-5.416667e-01 -7.916667e-01
-6.250000e-01 -7.916667e-01
-5.416667e-01 -7.500000e-01
-5.000000e-01 -7.916667e-01
-5.416667e-01 -7.083333e-01
-5.000000e-01 -7.083333e-01
-6.250000e-01 -7.500000e-01
-6.250000e-01 -7.083333e-01
-5.833333e-01 -7.083333e-01
-6.250000e-01 -6.666667e-01
-5.416667e-01 -6.666667e-01
-3.750000e-01 -7.916667e-01
-4.583333e-01 -7.916667e-01
-3.333333e-01 -7.500000e-01
-4.583333e-01 -7.083333e-01
-4.166667e-01 -6.666667e-01
-2.500000e-01 -7.500000e-01
5.000000e-01 -7.500000e-01
4.166667e-01 -7.500000e-01
5.833333e-01 -7.916667e-01
6.250000e-01 -7.916667e-01
5.416667e-01 -7.916667e-01
6.250000e-01 -7.500000e-01
6.666667e-01 -7.916667e-01
6.250000e-01 -7.083333e-01
6.666667e-01 -7.083333e-01
5.833333e-01 -6.666667e-01
7.083333e-01 -7.916667e-01
7.916667e-01 -7.083333e-01
8.333333e-01 -7.500000e-01
7.083333e-01 -7.500000e-01
7.083333e-01 -7.083333e-01
7.500000e-01 -7.083333e-01
7.083333e-01 -6.666667e-01
7.916667e-01 -6.666667e-01
9.166667e-01 -7.500000e-01
9.166667e-01 -6.666667e-01
-1.166667e+00 -5.833333e-01
-1.250000e+00 -5.833333e-01
-1.250000e+00 -5.000000e-01
-1.041667e+00 -6.250000e-01
-1.000000e+00 -6.250000e-01
-1.041667e+00 -5.416667e-01
-1.000000e+00 -5.416667e-01
-1.125000e+00 -5.416667e-01
-1.125000e+00 -5.000000e-01
-1.041667e+00 -5.000000e-01
-9.166667e-01 -6.250000e-01
-8.750000e-01 -6.250000e-01
-9.583333e-01 -6.250000e-01
-8.750000e-01 -5.833333e-01
-8.333333e-01 -6.250000e-01
-8.750000e-01 -5.416667e-01
-8.333333e-01 -5.416667e-01
-9.583333e-01 -5.833333e-01
-9.583333e-01 -5.416667e-01
-9.166667e-01 -5.416667e-01
-9.583333e-01 -5.000000e-01
-8.750000e-01 -5.000000e-01
-7.500000e-01 -6.250000e-01
-7.083333e-01 -6.250000e-01
-7.916667e-01 -6.250000e-01
-7.083333e-01 -5.833333e-01
-6.666667e-01 -6.250000e-01
-7.083333e-01 -5.416667e-01
-6.666667e-01 -5.416667e-01
-7.916667e-01 -5.833333e-01
-7.916667e-01 -5.416667e-01
-7.500000e-01 -5.416667e-01
-7.916667e-01 -5.000000e-01
-7.083333e-01 -5.000000e-01
-5.416667e-01 -6.250000e-01
-6.250000e-01 -6.250000e-01
-5.000000e-01 -5.833333e-01
-6.250000e-01 -5.416667e-01
-5.833333e-01 -5.000000e-01
-4.166667e-01 -5.833333e-01
6.666667e-01 -5.833333e-01
5.833333e-01 -5.833333e-01
7.500000e-01 -6.250000e-01
7.916667e-01 -6.250000e-01
7.083333e-01 -6.250000e-01
7.916667e-01 -5.833333e-01
8.333333e-01 -6.250000e-01
7.916667e-01 -5.416667e-01
8.333333e-01 -5.416667e-01
7.500000e-01 -5.000000e-01
8.750000e-01 -6.250000e-01
9.583333e-01 -5.416667e-01
1.000000e+00 -5.833333e-01
8.750000e-01 -5.833333e-01
8.750000e-01 -5.416667e-01
9.166667e-01 -5.416667e-01
8.750000e-01 -5.000000e-01
9.583333e-01 -5.000000e-01
1.083333e+00 -5.833333e-01
1.083333e+00 -5.000000e-01
-1.208333e+00 -4.583333e-01
-1.166667e+00 -4.583333e-01
-1.208333e+00 -3.750000e-01
-1.166667e+00 -3.750000e-01
-1.250000e+00 -3.333333e-01
-1.083333e+00 -4.583333e-01
-1.041667e+00 -4.583333e-01
-1.125000e+00 -4.583333e-01
-1.041667e+00 -4.166667e-01
-1.000000e+00 -4.583333e-01
-1.041667e+00 -3.750000e-01
-1.000000e+00 -3.750000e-01
-1.125000e+00 -4.166667e-01
-1.125000e+00 -3.750000e-01
-1.083333e+00 -3.750000e-01
-1.125000e+00 -3.333333e-01
-1.041667e+00 -3.333333e-01
-9.166667e-01 -4.583333e-01
-8.750000e-01 -4.583333e-01
-9.583333e-01 -4.583333e-01
-8.750000e-01 -4.166667e-01
-8.333333e-01 -4.583333e-01
-8.750000e-01 -3.750000e-01
-8.333333e-01 -3.750000e-01
-9.583333e-01 -4.166667e-01
-9.583333e-01 -3.750000e-01
-9.166667e-01 -3.750000e-01
-9.583333e-01 -3.333333e-01
-8.750000e-01 -3.333333e-01
-7.083333e-01 -4.583333e-01
-7.916667e-01 -4.583333e-01
-6.666667e-01 -4.166667e-01
-7.916667e-01 -3.750000e-01
-7.500000e-01 -3.333333e-01
-5.833333e-01 -4.166667e-01
8.333333e-01 -4.166667e-01
7.500000e-01 -4.166667e-01
9.166667e-01 -4.583333e-01
9.583333e-01 -4.583333e-01
8.750000e-01 -4.583333e-01
9.583333e-01 -4.166667e-01
1.000000e+00 -4.583333e-01
9.583333e-01 -3.750000e-01
1.000000e+00 -3.750000e-01
9.166667e-01 -3.333333e-01
1.041667e+00 -4.583333e-01
1.125000e+00 -3.750000e-01
1.166667e+00 -4.166667e-01
1.041667e+00 -4.166667e-01
1.041667e+00 -3.750000e-01
1.083333e+00 -3.750000e-01
1.041667e+00 -3.333333e-01
1.125000e+00 -3.333333e-01
1.250000e+00 -4.166667e-01
1.250000e+00 -3.333333e-01
-1.208333e+00 -2.916667e-01
-1.166667e+00 -2.916667e-01
-1.208333e+00 -2.083333e-01
-1.166667e+00 -2.083333e-01
-1.250000e+00 -1.666667e-01
-1.083333e+00 -2.916667e-01
-1.041667e+00 -2.916667e-01
-1.125000e+00 -2.916667e-01
-1.041667e+00 -2.500000e-01
-1.000000e+00 -2.916667e-01
-1.041667e+00 -2.083333e-01
-1.000000e+00 -2.083333e-01
-1.125000e+00 -2.500000e-01
-1.125000e+00 -2.083333e-01
-1.083333e+00 -2.083333e-01
-1.125000e+00 -1.666667e-01
-1.041667e+00 -1.666667e-01
-8.750000e-01 -2.916667e-01
-9.583333e-01 -2.916667e-01
-8.333333e-01 -2.500000e-01
-9.583333e-01 -2.083333e-01
-9.166667e-01 -1.666667e-01
-7.500000e-01 -2.500000e-01
9.583333e-01 -2.916667e-01
1.000000e+00 -2.916667e-01
9.583333e-01 -2.083333e-01
1.000000e+00 -2.083333e-01
9.166667e-01 -1.666667e-01
1.083333e+00 -2.916667e-01
1.125000e+00 -2.916667e-01
1.041667e+00 -2.916667e-01
1.125000e+00 -2.500000e-01
1.166667e+00 -2.916667e-01
1.125000e+00 -2.083333e-01
1.166667e+00 -2.083333e-01
1.041667e+00 -2.500000e-01
1.041667e+00 -2.083333e-01
1.083333e+00 -2.083333e-01
1.041667e+00 -1.666667e-01
1.125000e+00 -1.666667e-01
1.208333e+00 -2.916667e-01
1.208333e+00 -2.083333e-01
1.250000e+00 -1.666667e-01
-1.208333e+00 -1.250000e-01
-1.166667e+00 -1.250000e-01
-1.208333e+00 -4.166667e-02
-1.166667e+00 -4.166667e-02
-1.250000e+00 0.000000e+00
-1.083333e+00 -1.250000e-01
-1.041667e+00 -1.250000e-01
-1.125000e+00 -1.250000e-01
-1.041667e+00 -8.333333e-02
-1.000000e+00 -1.250000e-01
-1.041667e+00 -4.166667e-02
-1.000000e+00 -4.166667e-02
-1.125000e+00 -8.333333e-02
-1.125000e+00 -4.166667e-02
-1.083333e+00 -4.166667e-02
-1.125000e+00 0.000000e+00
-1.041667e+00 0.000000e+00
-9.583333e-01 -1.250000e-01
-9.583333e-01 -4.166667e-02
-9.166667e-01 0.000000e+00
9.583333e-01 -1.250000e-01
1.000000e+00 -1.250000e-01
9.583333e-01 -4.166667e-02
1.000000e+00 -4.166667e-02
9.166667e-01 0.000000e+00
1.083333e+00 -1.250000e-01
1.125000e+00 -1.250000e-01
1.041667e+00 -1.250000e-01
1.125000e+00 -8.333333e-02
1.166667e+00 -1.250000e-01
1.125000e+00 -4.166667e-02
1.166667e+00 -4.166667e-02
1.041667e+00 -8.333333e-02
1.041667e+00 -4.166667e-02
1.083333e+00 -4.166667e-02
1.041667e+00 0.000000e+00
1.125000e+00 0.000000e+00
1.208333e+00 -1.250000e-01
1.208333e+00 -4.166667e-02
1.250000e+00 0.000000e+00
-1.208333e+00 4.166667e-02
-1.166667e+00 4.166667e-02
-1.208333e+00 1.250000e-01
-1.166667e+00 1.250000e-01
-1.250000e+00 1.666667e-01
-1.083333e+00 4.166667e-02
-1.041667e+00 4.166667e-02
-1.125000e+00 4.166667e-02
-1.041667e+00 8.333333e-02
-1.000000e+00 4.166667e-02
-1.041667e+00 1.250000e-01
-1.000000e+00 1.250000e-01
-1.125000e+00 8.333333e-02
-1.125000e+00 1.250000e-01
-1.083333e+00 1.250000e-01
-1.125000e+00 1.666667e-01
-1.041667e+00 1.666667e-01
-9.583333e-01 4.166667e-02
-9.583333e-01 1.250000e-01
-9.166667e-01 1.666667e-01
9.583333e-01 4.166667e-02
1.000000e+00 4.166667e-02
9.583333e-01 1.250000e-01
1.000000e+00 1.250000e-01
9.166667e-01 1.666667e-01
1.083333e+00 4.166667e-02
1.125000e+00 4.166667e-02
1.041667e+00 4.166667e-02
1.125000e+00 8.333333e-02
1.166667e+00 4.166667e-02
1.125000e+00 1.250000e-01
1.166667e+00 1.250000e-01
1.041667e+00 8.333333e-02
1.041667e+00 1.250000e-01
1.083333e+00 1.250000e-01
1.041667e+00 1.666667e-01
1.125000e+00 1.666667e-01
1.208333e+00 4.166667e-02
1.208333e+00 1.250000e-01
1.250000e+00 1.666667e-01
-1.208333e+00 2.083333e-01
-1.166667e+00 2.083333e-01
-1.208333e+00 2.916667e-01
-1.166667e+00 2.916667e-01
-1.250000e+00 3.333333e-01
-1.083333e+00 2.083333e-01
-1.041667e+00 2.083333e-01
-1.125000e+00 2.083333e-01
-1.041667e+00 2.500000e-01
-1.000000e+00 2.083333e-01
-1.041667e+00 2.916667e-01
-1.000000e+00 2.916667e-01
-1.125000e+00 2.500000e-01
-1.125000e+00 2.916667e-01
-1.083333e+00 2.916667e-01
-1.125000e+00 3.333333e-01
-1.041667e+00 3.333333e-01
-9.583333e-01 2.083333e-01
-9.583333e-01 2.916667e-01
-9.166667e-01 3.333333e-01
8.333333e-01 2.500000e-01
7.500000e-01 2.500000e-01
7.500000e-01 3.333333e-01
9.583333e-01 2.083333e-01
1.000000e+00 2.083333e-01
9.583333e-01 2.916667e-01
1.000000e+00 2.916667e-01
8.750000e-01 2.916667e-01
8.750000e-01 3.333333e-01
9.583333e-01 3.333333e-01
1.083333e+00 2.083333e-01
1.125000e+00 2.083333e-01
1.041667e+00 2.083333e-01
1.125000e+00 2.500000e-01
1.166667e+00 2.083333e-01
1.125000e+00 2.916667e-01
1.166667e+00 2.916667e-01
1.041667e+00 2.500000e-01
1.041667e+00 2.916667e-01
1.083333e+00 2.916667e-01
1.041667e+00 3.333333e-01
1.125000e+00 3.333333e-01
1.208333e+00 2.083333e-01
1.208333e+00 2.916667e-01
1.250000e+00 3.333333e-01
-1.166667e+00 4.166667e-01
-1.250000e+00 4.166667e-01
-1.083333e+00 3.750000e-01
-1.041667e+00 3.750000e-01
-1.125000e+00 3.750000e-01
-1.041667e+00 4.166667e-01
-1.000000e+00 3.750000e-01
-1.041667e+00 4.583333e-01
-1.000000e+00 4.583333e-01
-1.083333e+00 5.000000e-01
-9.583333e-01 3.750000e-01
-8.750000e-01 4.583333e-01
-8.333333e-01 4.166667e-01
-9.583333e-01 4.166667e-01
-9.583333e-01 4.583333e-01
-9.166667e-01 4.583333e-01
-9.583333e-01 5.000000e-01
-8.750000e-01 5.000000e-01
-7.500000e-01 4.166667e-01
-7.500000e-01 5.000000e-01
6.666667e-01 4.166667e-01
5.833333e-01 4.166667e-01
5.833333e-01 5.000000e-01
7.916667e-01 3.750000e-01
8.333333e-01 3.750000e-01
7.916667e-01 4.583333e-01
8.333333e-01 4.583333e-01
7.083333e-01 4.583333e-01
7.083333e-01 5.000000e-01
7.916667e-01 5.000000e-01
9.166667e-01 3.750000e-01
9.583333e-01 3.750000e-01
8.750000e-01 3.750000e-01
9.583333e-01 4.166667e-01
1.000000e+00 3.750000e-01
9.583333e-01 4.583333e-01
1.000000e+00 4.583333e-01
8.750000e-01 4.166667e-01
8.750000e-01 4.583333e-01
9.166667e-01 4.583333e-01
8.750000e-01 5.000000e-01
9.583333e-01 5.000000e-01
1.083333e+00 3.750000e-01
1.125000e+00 3.750000e-01
1.041667e+00 3.750000e-01
1.125000e+00 4.166667e-01
1.166667e+00 3.750000e-01
1.125000e+00 4.583333e-01
1.166667e+00 4.583333e-01
1.041667e+00 4.166667e-01
1.041667e+00 4.583333e-01
1.083333e+00 4.583333e-01
1.041667e+00 5.000000e-01
1.125000e+00 5.000000e-01
1.208333e+00 3.750000e-01
1.208333e+00 4.583333e-01
1.250000e+00 5.000000e-01
-1.000000e+00 5.833333e-01
-1.083333e+00 5.833333e-01
-9.166667e-01 5.416667e-01
-8.750000e-01 5.416667e-01
-9.583333e-01 5.416667e-01
-8.750000e-01 5.833333e-01
-8.333333e-01 5.416667e-01
-8.750000e-01 6.250000e-01
-8.333333e-01 6.250000e-01
-9.166667e-01 6.666667e-01
-7.916667e-01 5.416667e-01
-7.083333e-01 6.250000e-01
-6.666667e-01 5.833333e-01
-7.916667e-01 5.833333e-01
-7.916667e-01 6.250000e-01
-7.500000e-01 6.250000e-01
-7.916667e-01 6.666667e-01
-7.083333e-01 6.666667e-01
-5.833333e-01 5.833333e-01
-5.833333e-01 6.666667e-01
5.000000e-01 5.833333e-01
4.166667e-01 5.833333e-01
4.166667e-01 6.666667e-01
6.250000e-01 5.416667e-01
6.666667e-01 5.416667e-01
6.250000e-01 6.250000e-01
6.666667e-01 6.250000e-01
5.416667e-01 6.250000e-01
5.416667e-01 6.666667e-01
6.250000e-01 6.666667e-01
7.500000e-01 5.416667e-01
7.916667e-01 5.416667e-01
7.083333e-01 5.416667e-01
7.916667e-01 5.833333e-01
8.333333e-01 5.416667e-01
7.916667e-01 6.250000e-01
8.333333e-01 6.250000e-01
7.083333e-01 5.833333e-01
7.083333e-01 6.250000e-01
7.500000e-01 6.250000e-01
7.083333e-01 6.666667e-01
7.916667e-01 6.666667e-01
9.166667e-01 5.416667e-01
9.583333e-01 5.416667e-01
8.750000e-01 5.416667e-01
9.583333e-01 5.833333e-01
1.000000e+00 5.416667e-01
9.583333e-01 6.250000e-01
1.000000e+00 6.250000e-01
8.750000e-01 5.833333e-01
8.750000e-01 6.250000e-01
9.166667e-01 6.250000e-01
8.750000e-01 6.666667e-01
9.583333e-01 6.666667e-01
1.125000e+00 5.416667e-01
1.041667e+00 5.416667e-01
1.166667e+00 5.833333e-01
1.041667e+00 6.250000e-01
1.083333e+00 6.666667e-01
1.250000e+00 5.833333e-01
-8.333333e-01 7.500000e-01
-9.166667e-01 7.500000e-01
-7.500000e-01 7.083333e-01
-7.083333e-01 7.083333e-01
-7.916667e-01 7.083333e-01
-7.083333e-01 7.500000e-01
-6.666667e-01 7.083333e-01
-7.083333e-01 7.916667e-01
-6.666667e-01 7.916667e-01
-7.500000e-01 8.333333e-01
-6.250000e-01 7.083333e-01
-5.416667e-01 7.916667e-01
-5.000000e-01 7.500000e-01
-6.250000e-01 7.500000e-01
-6.250000e-01 7.916667e-01
-5.833333e-01 7.916667e-01
-6.250000e-01 8.333333e-01
-5.416667e-01 8.333333e-01
-4.166667e-01 7.500000e-01
-4.166667e-01 8.333333e-01
3.333333e-01 7.500000e-01
2.500000e-01 7.500000e-01
2.500000e-01 8.333333e-01
4.583333e-01 7.083333e-01
5.000000e-01 7.083333e-01
4.583333e-01 7.916667e-01
5.000000e-01 7.916667e-01
3.750000e-01 7.916667e-01
3.750000e-01 8.333333e-01
4.583333e-01 8.333333e-01
5.833333e-01 7.083333e-01
6.250000e-01 7.083333e-01
5.416667e-01 7.083333e-01
6.250000e-01 7.500000e-01
6.666667e-01 7.083333e-01
6.250000e-01 7.916667e-01
6.666667e-01 7.916667e-01
5.416667e-01 7.500000e-01
5.416667e-01 7.916667e-01
5.833333e-01 7.916667e-01
5.416667e-01 8.333333e-01
6.250000e-01 8.333333e-01
7.500000e-01 7.083333e-01
7.916667e-01 7.083333e-01
7.083333e-01 7.083333e-01
7.916667e-01 7.500000e-01
8.333333e-01 7.083333e-01
7.916667e-01 7.916667e-01
8.333333e-01 7.916667e-01
7.083333e-01 7.500000e-01
7.083333e-01 7.916667e-01
7.500000e-01 7.916667e-01
7.083333e-01 8.333333e-01
7.916667e-01 8.333333e-01
9.583333e-01 7.083333e-01
8.750000e-01 7.083333e-01
1.000000e+00 7.500000e-01
8.750000e-01 7.916667e-01
9.166667e-01 8.333333e-01
1.083333e+00 7.500000e-01
-6.666667e-01 9.166667e-01
-7.500000e-01 9.166667e-01
-5.833333e-01 8.750000e-01
-5.416667e-01 8.750000e-01
-6.250000e-01 8.750000e-01
-5.416667e-01 9.166667e-01
-5.000000e-01 8.750000e-01
-5.416667e-01 9.583333e-01
-5.000000e-01 9.583333e-01
-5.833333e-01 1.000000e+00
-4.583333e-01 8.750000e-01
-3.750000e-01 9.583333e-01
-3.333333e-01 9.166667e-01
-4.583333e-01 9.166667e-01
-4.583333e-01 9.583333e-01
-4.166667e-01 9.583333e-01
-4.583333e-01 1.000000e+00
-3.750000e-01 1.000000e+00
-2.083333e-01 9.583333e-01
-1.666667e-01 9.166667e-01
-2.916667e-01 9.583333e-01
-2.916667e-01 1.000000e+00
-2.083333e-01 1.000000e+00
-4.166667e-02 9.583333e-01
0.000000e+00 9.166667e-01
-1.250000e-01 9.583333e-01
-1.250000e-01 1.000000e+00
-4.166667e-02 1.000000e+00
1.250000e-01 9.583333e-01
1.666667e-01 9.166667e-01
4.166667e-02 9.583333e-01
4.166667e-02 1.000000e+00
1.250000e-01 1.000000e+00
2.916667e-01 8.750000e-01
3.333333e-01 8.750000e-01
2.916667e-01 9.583333e-01
3.333333e-01 9.583333e-01
2.083333e-01 9.583333e-01
2.083333e-01 1.000000e+00
2.916667e-01 1.000000e+00
4.166667e-01 8.750000e-01
4.583333e-01 8.750000e-01
3.750000e-01 8.750000e-01
4.583333e-01 9.166667e-01
5.000000e-01 8.750000e-01
4.583333e-01 9.583333e-01
5.000000e-01 9.583333e-01
3.750000e-01 9.166667e-01
3.750000e-01 9.583333e-01
4.166667e-01 9.583333e-01
3.750000e-01 1.000000e+00
4.583333e-01 1.000000e+00
5.833333e-01 8.750000e-01
6.250000e-01 8.750000e-01
5.416667e-01 8.750000e-01
6.250000e-01 9.166667e-01
6.666667e-01 8.750000e-01
6.250000e-01 9.583333e-01
6.666667e-01 9.583333e-01
5.416667e-01 9.166667e-01
5.416667e-01 9.583333e-01
5.833333e-01 9.583333e-01
5.416667e-01 1.000000e+00
6.250000e-01 1.000000e+00
7.916667e-01 8.750000e-01
7.083333e-01 8.750000e-01
8.333333e-01 9.166667e-01
7.083333e-01 9.583333e-01
7.500000e-01 1.000000e+00
9.166667e-01 9.166667e-01
-5.000000e-01 1.083333e+00
-5.833333e-01 1.083333e+00
-4.166667e-01 1.041667e+00
-3.750000e-01 1.041667e+00
-4.583333e-01 1.041667e+00
-3.750000e-01 1.083333e+00
-3.333333e-01 1.041667e+00
-3.750000e-01 1.125000e+00
-3.333333e-01 1.125000e+00
-4.166667e-01 1.166667e+00
-2.500000e-01 1.041667e+00
-2.083333e-01 1.041667e+00
-2.916667e-01 1.041667e+00
-2.083333e-01 1.083333e+00
-1.666667e-01 1.041667e+00
-2.083333e-01 1.125000e+00
-1.666667e-01 1.125000e+00
-2.916667e-01 1.083333e+00
-2.916667e-01 1.125000e+00
-2.500000e-01 1.125000e+00
-2.916667e-01 1.166667e+00
-2.083333e-01 1.166667e+00
-8.333333e-02 1.041667e+00
-4.166667e-02 1.041667e+00
-1.250000e-01 1.041667e+00
-4.166667e-02 1.083333e+00
0.000000e+00 1.041667e+00
-4.166667e-02 1.125000e+00
0.000000e+00 1.125000e+00
-1.250000e-01 1.083333e+00
-1.250000e-01 1.125000e+00
-8.333333e-02 1.125000e+00
-1.250000e-01 1.166667e+00
-4.166667e-02 1.166667e+00
8.333333e-02 1.041667e+00
1.250000e-01 1.041667e+00
4.166667e-02 1.041667e+00
1.250000e-01 1.083333e+00
1.666667e-01 1.041667e+00
1.250000e-01 1.125000e+00
1.666667e-01 1.125000e+00
4.166667e-02 1.083333e+00
4.166667e-02 1.125000e+00
8.333333e-02 1.125000e+00
4.166667e-02 1.166667e+00
1.250000e-01 1.166667e+00
2.500000e-01 1.041667e+00
2.916667e-01 1.041667e+00
2.083333e-01 1.041667e+00
2.916667e-01 1.083333e+00
3.333333e-01 1.041667e+00
2.916667e-01 1.125000e+00
3.333333e-01 1.125000e+00
2.083333e-01 1.083333e+00
2.083333e-01 1.125000e+00
2.500000e-01 1.125000e+00
2.083333e-01 1.166667e+00
2.916667e-01 1.166667e+00
4.166667e-01 1.041667e+00
4.583333e-01 1.041667e+00
3.750000e-01 1.041667e+00
4.583333e-01 1.083333e+00
5.000000e-01 1.041667e+00
4.583333e-01 1.125000e+00
5.000000e-01 1.125000e+00
3.750000e-01 1.083333e+00
3.750000e-01 1.125000e+00
4.166667e-01 1.125000e+00
3.750000e-01 1.166667e+00
4.583333e-01 1.166667e+00
6.250000e-01 1.041667e+00
5.416667e-01 1.041667e+00
6.666667e-01 1.083333e+00
5.416667e-01 1.125000e+00
5.833333e-01 1.166667e+00
7.500000e-01 1.083333e+00
-3.333333e-01 1.250000e+00
-4.166667e-01 1.250000e+00
-2.083333e-01 1.208333e+00
-2.916667e-01 1.208333e+00
-1.666667e-01 1.250000e+00
-4.166667e-02 1.208333e+00
-1.250000e-01 1.208333e+00
0.000000e+00 1.250000e+00
1.250000e-01 1.208333e+00
4.166667e-02 1.208333e+00
1.666667e-01 1.250000e+00
2.916667e-01 1.208333e+00
2.083333e-01 1.208333e+00
3.333333e-01 1.250000e+00
4.583333e-01 1.208333e+00
3.750000e-01 1.208333e+00
5.000000e-01 1.250000e+00
5.833333e-01 1.250000e+00
simplices
0 1 20
0 19 20
1 2 21
1 20 21
2 3 22
2 21 22
3 4 23
3 22 23
4 5 24
4 23 24
5 6 25
5 24 25
6 7 26
6 25 26
7 8 27
7 26 27
8 9 28
8 27 28
9 10 29
9 28 29
10 11 30
10 29 30
11 12 31
11 30 31
12 13 32
12 31 32
13 14 33
13 32 33
14 15 34
14 33 34
15 16 35
15 34 35
16 17 36
16 35 36
17 18 37
17 36 37
19 20 39
19 38 39
20 21 40
20 39 40
21 22 41
21 40 41
22 23 42
22 41 42
23 24 43
23 42 43
24 25 584
25 583 584
44 583 584
24 43 584
43 584 585
44 584 585
25 26 361
361 586 587
45 586 587
26 361 587
361 583 588
44 583 588
25 361 583
361 362 588
362 588 589
44 588 589
361 362 586
362 586 590
45 586 590
26 27 363
363 591 592
46 591 592
27 363 592
363 587 593
45 587 593
26 363 587
363 364 593
364 593 594
45 593 594
363 364 591
364 591 595
46 591 595
27 28 365
365 596 597
47 596 597
28 365 597
365 592 598
46 592 598
27 365 592
365 366 598
366 598 599
46 598 599
365 366 596
366 596 600
47 596 600
28 29 367
367 601 602
48 601 602
29 367 602
367 597 603
47 597 603
28 367 597
367 368 603
368 603 604
47 603 604
367 368 601
368 601 605
48 601 605
29 30 369
369 606 607
49 606 607
30 369 607
369 602 608
48 602 608
29 369 602
369 370 608
370 608 609
48 608 609
369 370 606
370 606 610
49 606 610
30 31 611
31 50 611
49 607 611
30 607 611
49 611 612
50 611 612
31 32 51
31 50 51
32 33 52
32 51 52
33 34 53
33 52 53
34 35 54
34 53 54
35 36 55
35 54 55
36 37 56
36 55 56
38 39 58
38 57 58
39 40 59
39 58 59
40 41 60
40 59 60
41 42 61
41 60 61
42 43 614
43 613 614
62 613 614
42 61 614
61 614 615
62 614 615
372 585 616
44 585 616
43 372 585
371 616 617
44 616 617
371 372 616
371 618 619
63 618 619
371 372 618
372 613 620
62 613 620
43 372 613
372 373 620
373 620 621
62 620 621
372 373 618
373 618 622
63 618 622
362 590 624
45 590 624
362 623 624
375 623 624
362 589 625
44 589 625
362 623 625
375 623 625
374 624 627
45 624 627
374 624 626
375 624 626
374 628 629
64 628 629
374 626 628
375 626 628
371 619 631
63 619 631
371 630 631
375 630 631
371 617 625
44 617 625
371 625 630
375 625 630
376 631 632
375 631 632
376 631 633
63 631 633
376 628 632
375 628 632
376 628 634
64 628 634
364 595 636
46 595 636
364 635 636
378 635 636
364 594 637
45 594 637
364 635 637
378 635 637
377 636 639
46 636 639
377 636 638
378 636 638
377 640 641
65 640 641
377 638 640
378 638 640
374 629 643
64 629 643
374 642 643
378 642 643
374 627 637
45 627 637
374 637 642
378 637 642
379 643 644
378 643 644
379 643 645
64 643 645
379 640 644
378 640 644
379 640 646
65 640 646
366 600 648
47 600 648
366 647 648
381 647 648
366 599 649
46 599 649
366 647 649
381 647 649
380 648 651
47 648 651
380 648 650
381 648 650
380 652 653
66 652 653
380 650 652
381 650 652
377 641 655
65 641 655
377 654 655
381 654 655
377 639 649
46 639 649
377 649 654
381 649 654
382 655 656
381 655 656
382 655 657
65 655 657
382 652 656
381 652 656
382 652 658
66 652 658
368 605 660
48 605 660
368 659 660
384 659 660
368 604 661
47 604 661
368 659 661
384 659 661
383 660 663
48 660 663
383 660 662
384 660 662
383 664 665
67 664 665
383 662 664
384 662 664
380 653 667
66 653 667
380 666 667
384 666 667
380 651 661
47 651 661
380 661 666
384 661 666
385 667 668
384 667 668
385 667 669
66 667 669
385 664 668
384 664 668
385 664 670
67 664 670
370 610 672
49 610 672
370 671 672
387 671 672
370 609 673
48 609 673
370 671 673
387 671 673
386 672 675
49 672 675
386 672 674
387 672 674
386 676 677
68 676 677
386 674 676
387 674 676
383 665 679
67 665 679
383 678 679
387 678 679
383 663 673
48 663 673
383 673 678
387 673 678
388 679 680
387 679 680
388 679 681
67 679 681
388 676 680
387 676 680
388 676 682
68 676 682
50 389 612
389 612 683
49 612 683
389 684 685
69 684 685
50 389 685
386 677 687
68 677 687
386 686 687
389 686 687
386 675 683
49 675 683
386 683 686
389 683 686
390 687 688
389 687 688
390 687 689
68 687 689
390 684 688
389 684 688
390 684 690
69 684 690
50 51 691
51 70 691
69 685 691
50 685 691
69 691 692
70 691 692
51 52 71
51 70 71
52 53 72
52 71 72
53 54 73
53 72 73
54 55 74
54 73 74
55 56 75
55 74 75
57 58 77
57 76 77
58 59 78
58 77 78
59 60 79
59 78 79
60 61 694
61 693 694
80 693 694
60 79 694
79 694 695
80 694 695
392 615 696
62 615 696
61 392 615
391 696 697
62 696 697
391 392 696
391 698 699
81 698 699
391 392 698
392 693 700
80 693 700
61 392 693
392 393 700
393 700 701
80 700 701
392 393 698
393 698 702
81 698 702
373 622 704
63 622 704
373 703 704
395 703 704
373 621 705
62 621 705
373 703 705
395 703 705
394 704 707
63 704 707
394 704 706
395 704 706
394 708 709
82 708 709
394 706 708
395 706 708
391 699 711
81 699 711
391 710 711
395 710 711
391 697 705
62 697 705
391 705 710
395 705 710
396 711 712
395 711 712
396 711 713
81 711 713
396 708 712
395 708 712
396 708 714
82 708 714
376 634 716
64 634 716
376 715 716
398 715 716
376 633 717
63 633 717
376 715 717
398 715 717
397 716 719
64 716 719
397 716 718
398 716 718
397 720 721
83 720 721
397 718 720
398 718 720
394 709 723
82 709 723
394 722 723
398 722 723
394 707 717
63 707 717
394 717 722
398 717 722
399 723 724
398 723 724
399 723 725
82 723 725
399 720 724
398 720 724
399 720 726
83 720 726
379 646 727
65 646 727
379 400 727
379 645 728
64 645 728
379 400 728
84 400 729
400 727 729
65 727 729
397 721 730
83 721 730
397 400 730
397 719 728
64 719 728
397 400 728
84 400 731
400 730 731
83 730 731
382 658 732
66 658 732
382 401 732
382 657 733
65 657 733
382 401 733
85 401 734
401 732 734
66 732 734
84 401 729
401 729 733
65 729 733
84 85 401
385 670 735
67 670 735
385 402 735
385 669 736
66 669 736
385 402 736
86 402 737
402 735 737
67 735 737
85 402 734
402 734 736
66 734 736
85 86 402
388 682 738
68 682 738
388 403 738
388 681 739
67 681 739
388 403 739
87 403 740
403 738 740
68 738 740
86 403 737
403 737 739
67 737 739
86 87 403
390 690 742
69 690 742
390 741 742
405 741 742
390 689 743
68 689 743
390 741 743
405 741 743
404 742 745
69 742 745
404 742 744
405 742 744
404 746 747
88 746 747
404 744 746
405 744 746
87 405 740
405 740 743
68 740 743
405 746 748
88 746 748
87 405 748
70 406 692
406 692 749
69 692 749
406 750 751
89 750 751
70 406 751
404 747 753
88 747 753
404 752 753
406 752 753
404 745 749
69 745 749
404 749 752
406 749 752
407 753 754
406 753 754
407 753 755
88 753 755
407 750 754
406 750 754
407 750 756
89 750 756
70 71 757
71 90 757
89 751 757
70 751 757
89 757 758
90 757 758
71 72 91
71 90 91
72 73 92
72 91 92
73 74 93
73 92 93
74 75 94
74 93 94
76 77 96
76 95 96
77 78 97
77 96 97
78 79 760
79 759 760
98 759 760
78 97 760
97 760 761
98 760 761
409 695 762
80 695 762
79 409 695
408 762 763
80 762 763
408 409 762
408 764 765
99 764 765
408 409 764
409 759 766
98 759 766
79 409 759
409 410 766
410 766 767
98 766 767
409 410 764
410 764 768
99 764 768
393 702 770
81 702 770
393 769 770
412 769 770
393 701 771
80 701 771
393 769 771
412 769 771
411 770 773
81 770 773
411 770 772
412 770 772
411 774 775
100 774 775
411 772 774
412 772 774
408 765 777
99 765 777
408 776 777
412 776 777
408 763 771
80 763 771
408 771 776
412 771 776
413 777 778
412 777 778
413 777 779
99 777 779
413 774 778
412 774 778
413 774 780
100 774 780
396 714 782
82 714 782
396 781 782
415 781 782
396 713 783
81 713 783
396 781 783
415 781 783
414 782 785
82 782 785
414 782 784
415 782 784
414 786 787
101 786 787
414 784 786
415 784 786
411 775 789
100 775 789
411 788 789
415 788 789
411 773 783
81 773 783
411 783 788
415 783 788
416 789 790
415 789 790
416 789 791
100 789 791
416 786 790
415 786 790
416 786 792
101 786 792
399 726 793
83 726 793
399 417 793
399 725 794
82 725 794
399 417 794
102 417 795
417 793 795
83 793 795
414 787 796
101 787 796
414 417 796
414 785 794
82 785 794
414 417 794
102 417 797
417 796 797
101 796 797
84 731 798
83 731 798
84 103 798
102 795 798
83 795 798
102 103 798
84 85 104
84 103 104
85 86 105
85 104 105
86 87 106
86 105 106
88 748 800
87 748 800
88 799 800
107 799 800
87 106 800
106 107 800
407 756 802
89 756 802
407 801 802
419 801 802
407 755 803
88 755 803
407 801 803
419 801 803
418 802 805
89 802 805
418 802 804
419 802 804
418 806 807
108 806 807
418 804 806
419 804 806
107 419 799
419 799 803
88 799 803
419 806 808
108 806 808
107 419 808
90 420 758
420 758 809
89 758 809
420 810 811
109 810 811
90 420 811
418 807 813
108 807 813
418 812 813
420 812 813
418 805 809
89 805 809
418 809 812
420 809 812
421 813 814
420 813 814
421 813 815
108 813 815
421 810 814
420 810 814
421 810 816
109 810 816
90 91 817
91 110 817
109 811 817
90 811 817
109 817 818
110 817 818
91 92 111
91 110 111
92 93 112
92 111 112
93 94 113
93 112 113
95 96 115
95 114 115
96 97 820
97 819 820
116 819 820
96 115 820
115 820 821
116 820 821
423 761 822
98 761 822
97 423 761
422 822 823
98 822 823
422 423 822
422 824 825
117 824 825
422 423 824
423 819 826
116 819 826
97 423 819
423 424 826
424 826 827
116 826 827
423 424 824
424 824 828
117 824 828
410 768 830
99 768 830
410 829 830
426 829 830
410 767 831
98 767 831
410 829 831
426 829 831
425 830 833
99 830 833
425 830 832
426 830 832
425 834 835
118 834 835
425 832 834
426 832 834
422 825 837
117 825 837
422 836 837
426 836 837
422 823 831
98 823 831
422 831 836
426 831 836
427 837 838
426 837 838
427 837 839
117 837 839
427 834 838
426 834 838
427 834 840
118 834 840
413 780 842
100 780 842
413 841 842
429 841 842
413 779 843
99 779 843
413 841 843
429 841 843
428 842 845
100 842 845
428 842 844
429 842 844
428 846 847
119 846 847
428 844 846
429 844 846
425 835 849
118 835 849
425 848 849
429 848 849
425 833 843
99 833 843
425 843 848
429 843 848
430 849 850
429 849 850
430 849 851
118 849 851
430 846 850
429 846 850
430 846 852
119 846 852
416 792 853
101 792 853
416 431 853
416 791 854
100 791 854
416 431 854
120 431 855
431 853 855
101 853 855
428 847 856
119 847 856
428 431 856
428 845 854
100 845 854
428 431 854
120 431 857
431 856 857
119 856 857
102 797 858
101 797 858
102 121 858
120 855 858
101 855 858
120 121 858
102 103 122
102 121 122
103 104 123
103 122 123
104 105 124
104 123 124
105 106 125
105 124 125
106 107 126
106 125 126
108 808 860
107 808 860
108 859 860
127 859 860
107 126 860
126 127 860
421 816 862
109 816 862
421 861 862
433 861 862
421 815 863
108 815 863
421 861 863
433 861 863
432 862 865
109 862 865
432 862 864
433 862 864
432 866 867
128 866 867
432 864 866
433 864 866
127 433 859
433 859 863
108 859 863
433 866 868
128 866 868
127 433 868
110 434 818
434 818 869
109 818 869
434 870 871
129 870 871
110 434 871
432 867 873
128 867 873
432 872 873
434 872 873
432 865 869
109 865 869
432 869 872
434 869 872
435 873 874
434 873 874
435 873 875
128 873 875
435 870 874
434 870 874
435 870 876
129 870 876
110 111 877
111 130 877
129 871 877
110 871 877
129 877 878
130 877 878
111 112 131
111 130 131
112 113 132
112 131 132
114 115 134
114 133 134
437 821 879
116 821 879
115 437 821
436 879 880
116 879 880
436 437 879
436 881 882
135 881 882
436 437 881
115 134 437
437 881 883
135 881 883
134 437 883
424 828 885
117 828 885
424 884 885
439 884 885
424 827 886
116 827 886
424 884 886
439 884 886
438 885 888
117 885 888
438 885 887
439 885 887
438 889 890
136 889 890
438 887 889
439 887 889
436 882 892
135 882 892
436 891 892
439 891 892
436 880 886
116 880 886
436 886 891
439 886 891
440 892 893
439 892 893
440 892 894
135 892 894
440 889 893
439 889 893
440 889 895
136 889 895
427 840 897
118 840 897
427 896 897
442 896 897
427 839 898
117 839 898
427 896 898
442 896 898
441 897 900
118 897 900
441 897 899
442 897 899
441 901 902
137 901 902
441 899 901
442 899 901
438 890 904
136 890 904
438 903 904
442 903 904
438 888 898
117 888 898
438 898 903
442 898 903
443 904 905
442 904 905
443 904 906
136 904 906
443 901 905
442 901 905
443 901 907
137 901 907
430 852 908
119 852 908
430 444 908
430 851 909
118 851 909
430 444 909
138 444 910
444 908 910
119 908 910
441 902 911
137 902 911
441 444 911
441 900 909
118 900 909
441 444 909
138 444 912
444 911 912
137 911 912
120 857 913
119 857 913
120 139 913
138 910 913
119 910 913
138 139 913
120 121 140
120 139 140
121 122 141
121 140 141
122 123 142
122 141 142
123 124 143
123 142 143
124 125 144
124 143 144
125 126 145
125 144 145
126 127 146
126 145 146
128 868 915
127 868 915
128 914 915
147 914 915
127 146 915
146 147 915
435 876 917
129 876 917
435 916 917
446 916 917
435 875 918
128 875 918
435 916 918
446 916 918
445 917 920
129 917 920
445 917 919
446 917 919
445 921 922
148 921 922
445 919 921
446 919 921
147 446 914
446 914 918
128 914 918
446 921 923
148 921 923
147 446 923
130 447 878
447 878 924
129 878 924
447 925 926
149 925 926
130 447 926
445 922 928
148 922 928
445 927 928
447 927 928
445 920 924
129 920 924
445 924 927
447 924 927
448 928 929
447 928 929
448 928 930
148 928 930
448 925 929
447 925 929
448 925 931
149 925 931
130 131 932
131 150 932
149 926 932
130 926 932
149 932 933
150 932 933
131 132 151
131 150 151
133 134 153
133 152 153
450 883 934
135 883 934
134 450 883
449 934 935
135 934 935
449 450 934
449 936 937
154 936 937
449 450 936
134 153 450
450 936 938
154 936 938
153 450 938
440 895 940
136 895 940
440 939 940
452 939 940
440 894 941
135 894 941
440 939 941
452 939 941
451 940 943
136 940 943
451 940 942
452 940 942
451 944 945
155 944 945
451 942 944
452 942 944
449 937 947
154 937 947
449 946 947
452 946 947
449 935 941
135 935 941
449 941 946
452 941 946
453 947 948
452 947 948
453 947 949
154 947 949
453 944 948
452 944 948
453 944 950
155 944 950
443 907 951
137 907 951
443 454 951
443 906 952
136 906 952
443 454 952
156 454 953
454 951 953
137 951 953
451 945 954
155 945 954
451 454 954
451 943 952
136 943 952
451 454 952
156 454 955
454 954 955
155 954 955
138 912 956
137 912 956
138 157 956
156 953 956
137 953 956
156 157 956
138 139 158
138 157 158
139 140 159
139 158 159
140 141 160
140 159 160
141 142 161
141 160 161
142 143 162
142 161 162
143 144 163
143 162 163
144 145 164
144 163 164
145 146 165
145 164 165
146 147 166
146 165 166
456 923 957
148 923 957
147 456 923
455 957 958
148 957 958
455 456 957
455 959 960
167 959 960
455 456 959
147 166 456
456 959 961
167 959 961
166 456 961
448 931 963
149 931 963
448 962 963
458 962 963
448 930 964
148 930 964
448 962 964
458 962 964
457 963 966
149 963 966
457 963 965
458 963 965
457 967 968
168 967 968
457 965 967
458 965 967
455 960 970
167 960 970
455 969 970
458 969 970
455 958 964
148 958 964
455 964 969
458 964 969
459 970 971
458 970 971
459 970 972
167 970 972
459 967 971
458 967 971
459 967 973
168 967 973
150 460 933
460 933 974
149 933 974
150 169 460
457 968 975
168 968 975
457 460 975
457 966 974
149 966 974
457 460 974
169 460 976
460 975 976
168 975 976
150 151 170
150 169 170
152 153 172
152 171 172
462 938 977
154 938 977
153 462 938
461 977 978
154 977 978
461 462 977
461 979 980
173 979 980
461 462 979
153 172 462
462 979 981
173 979 981
172 462 981
453 950 983
155 950 983
453 982 983
464 982 983
453 949 984
154 949 984
453 982 984
464 982 984
463 983 986
155 983 986
463 983 985
464 983 985
463 987 988
174 987 988
463 985 987
464 985 987
461 980 990
173 980 990
461 989 990
464 989 990
461 978 984
154 978 984
461 984 989
464 984 989
465 990 991
464 990 991
465 990 992
173 990 992
465 987 991
464 987 991
465 987 993
174 987 993
156 466 955
466 955 994
155 955 994
156 175 466
463 988 995
174 988 995
463 466 995
463 986 994
155 986 994
463 466 994
175 466 996
466 995 996
174 995 996
156 157 176
156 175 176
157 158 177
157 176 177
158 159 178
158 177 178
159 160 179
159 178 179
160 161 180
160 179 180
161 162 181
161 180 181
162 163 182
162 181 182
163 164 183
163 182 183
164 165 184
164 183 184
165 166 185
165 184 185
468 961 997
167 961 997
166 468 961
467 997 998
167 997 998
467 468 997
467 999 1000
186 999 1000
467 468 999
166 185 468
468 999 1001
186 999 1001
185 468 1001
459 973 1003
168 973 1003
459 1002 1003
470 1002 1003
459 972 1004
167 972 1004
459 1002 1004
470 1002 1004
469 1003 1006
168 1003 1006
469 1003 1005
470 1003 1005
469 1007 1008
187 1007 1008
469 1005 1007
470 1005 1007
467 1000 1010
186 1000 1010
467 1009 1010
470 1009 1010
467 998 1004
167 998 1004
467 1004 1009
470 1004 1009
471 1010 1011
470 1010 1011
471 1010 1012
186 1010 1012
471 1007 1011
470 1007 1011
471 1007 1013
187 1007 1013
169 472 976
472 976 1014
168 976 1014
169 188 472
469 1008 1015
187 1008 1015
469 472 1015
469 1006 1014
168 1006 1014
469 472 1014
188 472 1016
472 1015 1016
187 1015 1016
169 170 189
169 188 189
171 172 191
171 190 191
474 981 1017
173 981 1017
172 474 981
473 1017 1018
173 1017 1018
473 474 1017
473 1019 1020
192 1019 1020
473 474 1019
172 191 474
474 1019 1021
192 1019 1021
191 474 1021
465 993 1023
174 993 1023
465 1022 1023
476 1022 1023
465 992 1024
173 992 1024
465 1022 1024
476 1022 1024
475 1023 1026
174 1023 1026
475 1023 1025
476 1023 1025
475 1027 1028
193 1027 1028
475 1025 1027
476 1025 1027
473 1020 1030
192 1020 1030
473 1029 1030
476 1029 1030
473 1018 1024
173 1018 1024
473 1024 1029
476 1024 1029
477 1030 1031
476 1030 1031
477 1030 1032
192 1030 1032
477 1027 1031
476 1027 1031
477 1027 1033
193 1027 1033
175 478 996
478 996 1034
174 996 1034
175 194 478
475 1028 1035
193 1028 1035
475 478 1035
475 1026 1034
174 1026 1034
475 478 1034
194 478 1036
478 1035 1036
193 1035 1036
175 176 195
175 194 195
176 177 196
176 195 196
177 178 197
177 196 197
178 179 198
178 197 198
179 180 199
179 198 199
180 181 200
180 199 200
181 182 201
181 200 201
182 183 202
182 201 202
183 184 203
183 202 203
184 185 204
184 203 204
480 1001 1037
186 1001 1037
185 480 1001
479 1037 1038
186 1037 1038
479 480 1037
479 1039 1040
205 1039 1040
479 480 1039
185 204 480
480 1039 1041
205 1039 1041
204 480 1041
471 1013 1043
187 1013 1043
471 1042 1043
482 1042 1043
471 1012 1044
186 1012 1044
471 1042 1044
482 1042 1044
481 1043 1046
187 1043 1046
481 1043 1045
482 1043 1045
481 1047 1048
206 1047 1048
481 1045 1047
482 1045 1047
479 1040 1050
205 1040 1050
479 1049 1050
482 1049 1050
479 1038 1044
186 1038 1044
479 1044 1049
482 1044 1049
483 1050 1051
482 1050 1051
483 1050 1052
205 1050 1052
483 1047 1051
482 1047 1051
483 1047 1053
206 1047 1053
188 484 1016
484 1016 1054
187 1016 1054
188 207 484
481 1048 1055
206 1048 1055
481 484 1055
481 1046 1054
187 1046 1054
481 484 1054
207 484 1056
484 1055 1056
206 1055 1056
188 189 208
188 207 208
190 191 210
190 209 210
486 1021 1057
192 1021 1057
191 486 1021
485 1057 1058
192 1057 1058
485 486 1057
485 1059 1060
211 1059 1060
485 486 1059
191 210 486
486 1059 1061
211 1059 1061
210 486 1061
477 1033 1063
193 1033 1063
477 1062 1063
488 1062 1063
477 1032 1064
192 1032 1064
477 1062 1064
488 1062 1064
487 1063 1066
193 1063 1066
487 1063 1065
488 1063 1065
487 1067 1068
212 1067 1068
487 1065 1067
488 1065 1067
485 1060 1070
211 1060 1070
485 1069 1070
488 1069 1070
485 1058 1064
192 1058 1064
485 1064 1069
488 1064 1069
489 1070 1071
488 1070 1071
489 1070 1072
211 1070 1072
489 1067 1071
488 1067 1071
489 1067 1073
212 1067 1073
194 490 1036
490 1036 1074
193 1036 1074
194 213 490
487 1068 1075
212 1068 1075
487 490 1075
487 1066 1074
193 1066 1074
487 490 1074
213 490 1076
490 1075 1076
212 1075 1076
194 195 214
194 213 214
195 196 215
195 214 215
196 197 216
196 215 216
197 198 217
197 216 217
198 199 218
198 217 218
199 200 219
199 218 219
200 201 220
200 219 220
201 202 221
201 220 221
202 203 222
202 221 222
203 204 1078
204 1077 1078
223 1077 1078
203 222 1078
222 1078 1079
223 1078 1079
492 1041 1080
205 1041 1080
204 492 1041
491 1080 1081
205 1080 1081
491 492 1080
491 1082 1083
224 1082 1083
491 492 1082
492 1077 1084
223 1077 1084
204 492 1077
492 493 1084
493 1084 1085
223 1084 1085
492 493 1082
493 1082 1086
224 1082 1086
483 1053 1088
206 1053 1088
483 1087 1088
495 1087 1088
483 1052 1089
205 1052 1089
483 1087 1089
495 1087 1089
494 1088 1091
206 1088 1091
494 1088 1090
495 1088 1090
494 1092 1093
225 1092 1093
494 1090 1092
495 1090 1092
491 1083 1095
224 1083 1095
491 1094 1095
495 1094 1095
491 1081 1089
205 1081 1089
491 1089 1094
495 1089 1094
496 1095 1096
495 1095 1096
496 1095 1097
224 1095 1097
496 1092 1096
495 1092 1096
496 1092 1098
225 1092 1098
207 497 1056
497 1056 1099
206 1056 1099
207 226 497
494 1093 1100
225 1093 1100
494 497 1100
494 1091 1099
206 1091 1099
494 497 1099
226 497 1101
497 1100 1101
225 1100 1101
207 208 227
207 226 227
209 210 229
209 228 229
211 1061 1103
210 1061 1103
211 1102 1103
230 1102 1103
210 229 1103
229 230 1103
489 1073 1105
212 1073 1105
489 1104 1105
499 1104 1105
489 1072 1106
211 1072 1106
489 1104 1106
499 1104 1106
498 1105 1108
212 1105 1108
498 1105 1107
499 1105 1107
498 1109 1110
231 1109 1110
498 1107 1109
499 1107 1109
230 499 1102
499 1102 1106
211 1102 1106
499 1109 1111
231 1109 1111
230 499 1111
213 500 1076
500 1076 1112
212 1076 1112
500 1113 1114
232 1113 1114
213 500 1114
498 1110 1116
231 1110 1116
498 1115 1116
500 1115 1116
498 1108 1112
212 1108 1112
498 1112 1115
500 1112 1115
501 1116 1117
500 1116 1117
501 1116 1118
231 1116 1118
501 1113 1117
500 1113 1117
501 1113 1119
232 1113 1119
213 214 1120
214 233 1120
232 1114 1120
213 1114 1120
232 1120 1121
233 1120 1121
214 215 234
214 233 234
215 216 235
215 234 235
216 217 236
216 235 236
217 218 237
217 236 237
218 219 238
218 237 238
219 220 239
219 238 239
220 221 240
220 239 240
221 222 1123
222 1122 1123
241 1122 1123
221 240 1123
240 1123 1124
241 1123 1124
503 1079 1125
223 1079 1125
222 503 1079
502 1125 1126
223 1125 1126
502 503 1125
502 1127 1128
242 1127 1128
502 503 1127
503 1122 1129
241 1122 1129
222 503 1122
503 504 1129
504 1129 1130
241 1129 1130
503 504 1127
504 1127 1131
242 1127 1131
493 1086 1133
224 1086 1133
493 1132 1133
506 1132 1133
493 1085 1134
223 1085 1134
493 1132 1134
506 1132 1134
505 1133 1136
224 1133 1136
505 1133 1135
506 1133 1135
505 1137 1138
243 1137 1138
505 1135 1137
506 1135 1137
502 1128 1140
242 1128 1140
502 1139 1140
506 1139 1140
502 1126 1134
223 1126 1134
502 1134 1139
506 1134 1139
507 1140 1141
506 1140 1141
507 1140 1142
242 1140 1142
507 1137 1141
506 1137 1141
507 1137 1143
243 1137 1143
496 1098 1145
225 1098 1145
496 1144 1145
509 1144 1145
496 1097 1146
224 1097 1146
496 1144 1146
509 1144 1146
508 1145 1148
225 1145 1148
508 1145 1147
509 1145 1147
508 1149 1150
244 1149 1150
508 1147 1149
509 1147 1149
505 1138 1152
243 1138 1152
505 1151 1152
509 1151 1152
505 1136 1146
224 1136 1146
505 1146 1151
509 1146 1151
510 1152 1153
509 1152 1153
510 1152 1154
243 1152 1154
510 1149 1153
509 1149 1153
510 1149 1155
244 1149 1155
226 511 1101
511 1101 1156
225 1101 1156
226 245 511
508 1150 1157
244 1150 1157
508 511 1157
508 1148 1156
225 1148 1156
508 511 1156
245 511 1158
511 1157 1158
244 1157 1158
226 227 246
226 245 246
228 229 248
228 247 248
229 230 249
229 248 249
231 1111 1160
230 1111 1160
231 1159 1160
250 1159 1160
230 249 1160
249 250 1160
501 1119 1162
232 1119 1162
501 1161 1162
513 1161 1162
501 1118 1163
231 1118 1163
501 1161 1163
513 1161 1163
512 1162 1165
232 1162 1165
512 1162 1164
513 1162 1164
512 1166 1167
251 1166 1167
512 1164 1166
513 1164 1166
250 513 1159
513 1159 1163
231 1159 1163
513 1166 1168
251 1166 1168
250 513 1168
233 514 1121
514 1121 1169
232 1121 1169
514 1170 1171
252 1170 1171
233 514 1171
512 1167 1173
251 1167 1173
512 1172 1173
514 1172 1173
512 1165 1169
232 1165 1169
512 1169 1172
514 1169 1172
515 1173 1174
514 1173 1174
515 1173 1175
251 1173 1175
515 1170 1174
514 1170 1174
515 1170 1176
252 1170 1176
233 234 1177
234 253 1177
252 1171 1177
233 1171 1177
252 1177 1178
253 1177 1178
234 235 254
234 253 254
235 236 255
235 254 255
236 237 256
236 255 256
237 238 257
237 256 257
238 239 258
238 257 258
239 240 1180
240 1179 1180
259 1179 1180
239 258 1180
258 1180 1181
259 1180 1181
517 1124 1182
241 1124 1182
240 517 1124
516 1182 1183
241 1182 1183
516 517 1182
516 1184 1185
260 1184 1185
516 517 1184
517 1179 1186
259 1179 1186
240 517 1179
517 518 1186
518 1186 1187
259 1186 1187
517 518 1184
518 1184 1188
260 1184 1188
504 1131 1190
242 1131 1190
504 1189 1190
520 1189 1190
504 1130 1191
241 1130 1191
504 1189 1191
520 1189 1191
519 1190 1193
242 1190 1193
519 1190 1192
520 1190 1192
519 1194 1195
261 1194 1195
519 1192 1194
520 1192 1194
516 1185 1197
260 1185 1197
516 1196 1197
520 1196 1197
516 1183 1191
241 1183 1191
516 1191 1196
520 1191 1196
521 1197 1198
520 1197 1198
521 1197 1199
260 1197 1199
521 1194 1198
520 1194 1198
521 1194 1200
261 1194 1200
507 1143 1202
243 1143 1202
507 1201 1202
523 1201 1202
507 1142 1203
242 1142 1203
507 1201 1203
523 1201 1203
522 1202 1205
243 1202 1205
522 1202 1204
523 1202 1204
522 1206 1207
262 1206 1207
522 1204 1206
523 1204 1206
519 1195 1209
261 1195 1209
519 1208 1209
523 1208 1209
519 1193 1203
242 1193 1203
519 1203 1208
523 1203 1208
524 1209 1210
523 1209 1210
524 1209 1211
261 1209 1211
524 1206 1210
523 1206 1210
524 1206 1212
262 1206 1212
510 1155 1213
244 1155 1213
510 525 1213
510 1154 1214
243 1154 1214
510 525 1214
263 525 1215
525 1213 1215
244 1213 1215
522 1207 1216
262 1207 1216
522 525 1216
522 1205 1214
243 1205 1214
522 525 1214
263 525 1217
525 1216 1217
262 1216 1217
245 1158 1218
244 1158 1218
245 264 1218
263 1215 1218
244 1215 1218
263 264 1218
245 246 265
245 264 265
247 248 267
247 266 267
248 249 268
248 267 268
249 250 269
249 268 269
251 1168 1220
250 1168 1220
251 1219 1220
270 1219 1220
250 269 1220
269 270 1220
515 1176 1222
252 1176 1222
515 1221 1222
527 1221 1222
515 1175 1223
251 1175 1223
515 1221 1223
527 1221 1223
526 1222 1225
252 1222 1225
526 1222 1224
527 1222 1224
526 1226 1227
271 1226 1227
526 1224 1226
527 1224 1226
270 527 1219
527 1219 1223
251 1219 1223
527 1226 1228
271 1226 1228
270 527 1228
253 528 1178
528 1178 1229
252 1178 1229
528 1230 1231
272 1230 1231
253 528 1231
526 1227 1233
271 1227 1233
526 1232 1233
528 1232 1233
526 1225 1229
252 1225 1229
526 1229 1232
528 1229 1232
529 1233 1234
528 1233 1234
529 1233 1235
271 1233 1235
529 1230 1234
528 1230 1234
529 1230 1236
272 1230 1236
253 254 1237
254 273 1237
272 1231 1237
253 1231 1237
272 1237 1238
273 1237 1238
254 255 274
254 273 274
255 256 275
255 274 275
256 257 276
256 275 276
257 258 1240
258 1239 1240
277 1239 1240
257 276 1240
276 1240 1241
277 1240 1241
531 1181 1242
259 1181 1242
258 531 1181
530 1242 1243
259 1242 1243
530 531 1242
530 1244 1245
278 1244 1245
530 531 1244
531 1239 1246
277 1239 1246
258 531 1239
531 532 1246
532 1246 1247
277 1246 1247
531 532 1244
532 1244 1248
278 1244 1248
518 1188 1250
260 1188 1250
518 1249 1250
534 1249 1250
518 1187 1251
259 1187 1251
518 1249 1251
534 1249 1251
533 1250 1253
260 1250 1253
533 1250 1252
534 1250 1252
533 1254 1255
279 1254 1255
533 1252 1254
534 1252 1254
530 1245 1257
278 1245 1257
530 1256 1257
534 1256 1257
530 1243 1251
259 1243 1251
530 1251 1256
534 1251 1256
535 1257 1258
534 1257 1258
535 1257 1259
278 1257 1259
535 1254 1258
534 1254 1258
535 1254 1260
279 1254 1260
521 1200 1262
261 1200 1262
521 1261 1262
537 1261 1262
521 1199 1263
260 1199 1263
521 1261 1263
537 1261 1263
536 1262 1265
261 1262 1265
536 1262 1264
537 1262 1264
536 1266 1267
280 1266 1267
536 1264 1266
537 1264 1266
533 1255 1269
279 1255 1269
533 1268 1269
537 1268 1269
533 1253 1263
260 1253 1263
533 1263 1268
537 1263 1268
538 1269 1270
537 1269 1270
538 1269 1271
279 1269 1271
538 1266 1270
537 1266 1270
538 1266 1272
280 1266 1272
524 1212 1273
262 1212 1273
524 539 1273
524 1211 1274
261 1211 1274
524 539 1274
281 539 1275
539 1273 1275
262 1273 1275
536 1267 1276
280 1267 1276
536 539 1276
536 1265 1274
261 1265 1274
536 539 1274
281 539 1277
539 1276 1277
280 1276 1277
263 1217 1278
262 1217 1278
263 282 1278
281 1275 1278
262 1275 1278
281 282 1278
263 264 283
263 282 283
264 265 284
264 283 284
266 267 286
266 285 286
267 268 287
267 286 287
268 269 288
268 287 288
269 270 289
269 288 289
271 1228 1280
270 1228 1280
271 1279 1280
290 1279 1280
270 289 1280
289 290 1280
529 1236 1282
272 1236 1282
529 1281 1282
541 1281 1282
529 1235 1283
271 1235 1283
529 1281 1283
541 1281 1283
540 1282 1285
272 1282 1285
540 1282 1284
541 1282 1284
540 1286 1287
291 1286 1287
540 1284 1286
541 1284 1286
290 541 1279
541 1279 1283
271 1279 1283
541 1286 1288
291 1286 1288
290 541 1288
273 542 1238
542 1238 1289
272 1238 1289
542 1290 1291
292 1290 1291
273 542 1291
540 1287 1293
291 1287 1293
540 1292 1293
542 1292 1293
540 1285 1289
272 1285 1289
540 1289 1292
542 1289 1292
543 1293 1294
542 1293 1294
543 1293 1295
291 1293 1295
543 1290 1294
542 1290 1294
543 1290 1296
292 1290 1296
273 274 544
544 1297 1298
293 1297 1298
274 544 1298
544 1291 1299
292 1291 1299
273 544 1291
544 545 1299
545 1299 1300
292 1299 1300
544 545 1297
545 1297 1301
293 1297 1301
274 275 546
546 1302 1303
294 1302 1303
275 546 1303
546 1298 1304
293 1298 1304
274 546 1298
546 547 1304
547 1304 1305
293 1304 1305
546 547 1302
547 1302 1306
294 1302 1306
275 276 548
548 1307 1308
295 1307 1308
276 548 1308
548 1303 1309
294 1303 1309
275 548 1303
548 549 1309
549 1309 1310
294 1309 1310
548 549 1307
549 1307 1311
295 1307 1311
551 1241 1312
277 1241 1312
276 551 1241
550 1312 1313
277 1312 1313
550 551 1312
550 1314 1315
296 1314 1315
550 551 1314
551 1308 1316
295 1308 1316
276 551 1308
551 552 1316
552 1316 1317
295 1316 1317
551 552 1314
552 1314 1318
296 1314 1318
532 1248 1320
278 1248 1320
532 1319 1320
554 1319 1320
532 1247 1321
277 1247 1321
532 1319 1321
554 1319 1321
553 1320 1323
278 1320 1323
553 1320 1322
554 1320 1322
553 1324 1325
297 1324 1325
553 1322 1324
554 1322 1324
550 1315 1327
296 1315 1327
550 1326 1327
554 1326 1327
550 1313 1321
277 1313 1321
550 1321 1326
554 1321 1326
555 1327 1328
554 1327 1328
555 1327 1329
296 1327 1329
555 1324 1328
554 1324 1328
555 1324 1330
297 1324 1330
535 1260 1332
279 1260 1332
535 1331 1332
557 1331 1332
535 1259 1333
278 1259 1333
535 1331 1333
557 1331 1333
556 1332 1335
279 1332 1335
556 1332 1334
557 1332 1334
556 1336 1337
298 1336 1337
556 1334 1336
557 1334 1336
553 1325 1339
297 1325 1339
553 1338 1339
557 1338 1339
553 1323 1333
278 1323 1333
553 1333 1338
557 1333 1338
558 1339 1340
557 1339 1340
558 1339 1341
297 1339 1341
558 1336 1340
557 1336 1340
558 1336 1342
298 1336 1342
538 1272 1343
280 1272 1343
538 559 1343
538 1271 1344
279 1271 1344
538 559 1344
299 559 1345
559 1343 1345
280 1343 1345
556 1337 1346
298 1337 1346
556 559 1346
556 1335 1344
279 1335 1344
556 559 1344
299 559 1347
559 1346 1347
298 1346 1347
281 1277 1348
280 1277 1348
281 300 1348
299 1345 1348
280 1345 1348
299 300 1348
281 282 301
281 300 301
282 283 302
282 301 302
283 284 303
283 302 303
285 286 305
285 304 305
286 287 306
286 305 306
287 288 307
287 306 307
288 289 308
288 307 308
289 290 309
289 308 309
291 1288 1350
290 1288 1350
291 1349 1350
310 1349 1350
290 309 1350
309 310 1350
543 1296 1352
292 1296 1352
543 1351 1352
561 1351 1352
543 1295 1353
291 1295 1353
543 1351 1353
561 1351 1353
560 1352 1355
292 1352 1355
560 1352 1354
561 1352 1354
560 1356 1357
311 1356 1357
560 1354 1356
561 1354 1356
310 561 1349
561 1349 1353
291 1349 1353
561 1356 1358
311 1356 1358
310 561 1358
545 1301 1360
293 1301 1360
545 1359 1360
563 1359 1360
545 1300 1361
292 1300 1361
545 1359 1361
563 1359 1361
562 1360 1363
293 1360 1363
562 1360 1362
563 1360 1362
562 1364 1365
312 1364 1365
562 1362 1364
563 1362 1364
560 1357 1367
311 1357 1367
560 1366 1367
563 1366 1367
560 1355 1361
292 1355 1361
560 1361 1366
563 1361 1366
564 1367 1368
563 1367 1368
564 1367 1369
311 1367 1369
564 1364 1368
563 1364 1368
564 1364 1370
312 1364 1370
547 1306 1372
294 1306 1372
547 1371 1372
566 1371 1372
547 1305 1373
293 1305 1373
547 1371 1373
566 1371 1373
565 1372 1375
294 1372 1375
565 1372 1374
566 1372 1374
565 1376 1377
313 1376 1377
565 1374 1376
566 1374 1376
562 1365 1379
312 1365 1379
562 1378 1379
566 1378 1379
562 1363 1373
293 1363 1373
562 1373 1378
566 1373 1378
567 1379 1380
566 1379 1380
567 1379 1381
312 1379 1381
567 1376 1380
566 1376 1380
567 1376 1382
313 1376 1382
549 1311 1384
295 1311 1384
549 1383 1384
569 1383 1384
549 1310 1385
294 1310 1385
549 1383 1385
569 1383 1385
568 1384 1387
295 1384 1387
568 1384 1386
569 1384 1386
568 1388 1389
314 1388 1389
568 1386 1388
569 1386 1388
565 1377 1391
313 1377 1391
565 1390 1391
569 1390 1391
565 1375 1385
294 1375 1385
565 1385 1390
569 1385 1390
570 1391 1392
569 1391 1392
570 1391 1393
313 1391 1393
570 1388 1392
569 1388 1392
570 1388 1394
314 1388 1394
552 1318 1396
296 1318 1396
552 1395 1396
572 1395 1396
552 1317 1397
295 1317 1397
552 1395 1397
572 1395 1397
571 1396 1399
296 1396 1399
571 1396 1398
572 1396 1398
571 1400 1401
315 1400 1401
571 1398 1400
572 1398 1400
568 1389 1403
314 1389 1403
568 1402 1403
572 1402 1403
568 1387 1397
295 1387 1397
568 1397 1402
572 1397 1402
573 1403 1404
572 1403 1404
573 1403 1405
314 1403 1405
573 1400 1404
572 1400 1404
573 1400 1406
315 1400 1406
555 1330 1408
297 1330 1408
555 1407 1408
575 1407 1408
555 1329 1409
296 1329 1409
555 1407 1409
575 1407 1409
574 1408 1411
297 1408 1411
574 1408 1410
575 1408 1410
574 1412 1413
316 1412 1413
574 1410 1412
575 1410 1412
571 1401 1415
315 1401 1415
571 1414 1415
575 1414 1415
571 1399 1409
296 1399 1409
571 1409 1414
575 1409 1414
576 1415 1416
575 1415 1416
576 1415 1417
315 1415 1417
576 1412 1416
575 1412 1416
576 1412 1418
316 1412 1418
558 1342 1419
298 1342 1419
558 577 1419
558 1341 1420
297 1341 1420
558 577 1420
317 577 1421
577 1419 1421
298 1419 1421
574 1413 1422
316 1413 1422
574 577 1422
574 1411 1420
297 1411 1420
574 577 1420
317 577 1423
577 1422 1423
316 1422 1423
299 1347 1424
298 1347 1424
299 318 1424
317 1421 1424
298 1421 1424
317 318 1424
299 300 319
299 318 319
300 301 320
300 319 320
301 302 321
301 320 321
302 303 322
302 321 322
304 305 324
304 323 324
305 306 325
305 324 325
306 307 326
306 325 326
307 308 327
307 326 327
308 309 328
308 327 328
309 310 329
309 328 329
311 1358 1426
310 1358 1426
311 1425 1426
330 1425 1426
310 329 1426
329 330 1426
564 1370 1427
312 1370 1427
564 578 1427
564 1369 1428
311 1369 1428
564 578 1428
331 578 1429
578 1427 1429
312 1427 1429
330 578 1425
578 1425 1428
311 1425 1428
330 331 578
567 1382 1430
313 1382 1430
567 579 1430
567 1381 1431
312 1381 1431
567 579 1431
332 579 1432
579 1430 1432
313 1430 1432
331 579 1429
579 1429 1431
312 1429 1431
331 332 579
570 1394 1433
314 1394 1433
570 580 1433
570 1393 1434
313 1393 1434
570 580 1434
333 580 1435
580 1433 1435
314 1433 1435
332 580 1432
580 1432 1434
313 1432 1434
332 333 580
573 1406 1436
315 1406 1436
573 581 1436
573 1405 1437
314 1405 1437
573 581 1437
334 581 1438
581 1436 1438
315 1436 1438
333 581 1435
581 1435 1437
314 1435 1437
333 334 581
576 1418 1439
316 1418 1439
576 582 1439
576 1417 1440
315 1417 1440
576 582 1440
335 582 1441
582 1439 1441
316 1439 1441
334 582 1438
582 1438 1440
315 1438 1440
334 335 582
317 1423 1442
316 1423 1442
317 336 1442
335 1441 1442
316 1441 1442
335 336 1442
317 318 337
317 336 337
318 319 338
318 337 338
319 320 339
319 338 339
320 321 340
320 339 340
321 322 341
321 340 341
323 324 343
323 342 343
324 325 344
324 343 344
325 326 345
325 344 345
326 327 346
326 345 346
327 328 347
327 346 347
328 329 348
328 347 348
329 330 349
329 348 349
330 331 350
330 349 350
331 332 351
331 350 351
332 333 352
332 351 352
333 334 353
333 352 353
334 335 354
334 353 354
335 336 355
335 354 355
336 337 356
336 355 356
337 338 357
337 356 357
338 339 358
338 357 358
339 340 359
339 358 359
340 341 360
340 359 360
