ID=3733739
numvertices=1869
numsimplices=3654
vertices
-1.500000e+00 -1.500000e+00
-1.200000e+00 -1.500000e+00
-9.000000e-01 -1.500000e+00
-6.000000e-01 -1.500000e+00
-3.000000e-01 -1.500000e+00
0.000000e+00 -1.500000e+00
3.000000e-01 -1.500000e+00
6.000000e-01 -1.500000e+00
9.000000e-01 -1.500000e+00
1.200000e+00 -1.500000e+00
1.500000e+00 -1.500000e+00
-1.500000e+00 -1.200000e+00
-1.200000e+00 -1.200000e+00
-9.000000e-01 -1.200000e+00
-6.000000e-01 -1.200000e+00
-3.000000e-01 -1.200000e+00
0.000000e+00 -1.200000e+00
3.000000e-01 -1.200000e+00
6.000000e-01 -1.200000e+00
9.000000e-01 -1.200000e+00
1.200000e+00 -1.200000e+00
1.500000e+00 -1.200000e+00
-1.500000e+00 -9.000000e-01
-1.200000e+00 -9.000000e-01
-9.000000e-01 -9.000000e-01
-6.000000e-01 -9.000000e-01
-3.000000e-01 -9.000000e-01
0.000000e+00 -9.000000e-01
3.000000e-01 -9.000000e-01
6.000000e-01 -9.000000e-01
9.000000e-01 -9.000000e-01
1.200000e+00 -9.000000e-01
1.500000e+00 -9.000000e-01
-1.500000e+00 -6.000000e-01
-1.200000e+00 -6.000000e-01
-9.000000e-01 -6.000000e-01
-6.000000e-01 -6.000000e-01
-3.000000e-01 -6.000000e-01
0.000000e+00 -6.000000e-01
3.000000e-01 -6.000000e-01
6.000000e-01 -6.000000e-01
9.000000e-01 -6.000000e-01
1.200000e+00 -6.000000e-01
1.500000e+00 -6.000000e-01
-1.500000e+00 -3.000000e-01
-1.200000e+00 -3.000000e-01
-9.000000e-01 -3.000000e-01
-6.000000e-01 -3.000000e-01
-3.000000e-01 -3.000000e-01
0.000000e+00 -3.000000e-01
3.000000e-01 -3.000000e-01
6.000000e-01 -3.000000e-01
9.000000e-01 -3.000000e-01
1.200000e+00 -3.000000e-01
1.500000e+00 -3.000000e-01
-1.500000e+00 0.000000e+00
-1.200000e+00 0.000000e+00
-9.000000e-01 0.000000e+00
-6.000000e-01 0.000000e+00
-3.000000e-01 0.000000e+00
0.000000e+00 0.000000e+00
3.000000e-01 0.000000e+00
6.000000e-01 0.000000e+00
9.000000e-01 0.000000e+00
1.200000e+00 0.000000e+00
1.500000e+00 0.000000e+00
-1.500000e+00 3.000000e-01
-1.200000e+00 3.000000e-01
-9.000000e-01 3.000000e-01
-6.000000e-01 3.000000e-01
-3.000000e-01 3.000000e-01
0.000000e+00 3.000000e-01
3.000000e-01 3.000000e-01
6.000000e-01 3.000000e-01
9.000000e-01 3.000000e-01
1.200000e+00 3.000000e-01
1.500000e+00 3.000000e-01
-1.500000e+00 6.000000e-01
-1.200000e+00 6.000000e-01
-9.000000e-01 6.000000e-01
-6.000000e-01 6.000000e-01
-3.000000e-01 6.000000e-01
0.000000e+00 6.000000e-01
3.000000e-01 6.000000e-01
6.000000e-01 6.000000e-01
9.000000e-01 6.000000e-01
1.200000e+00 6.000000e-01
1.500000e+00 6.000000e-01
-1.500000e+00 9.000000e-01
-1.200000e+00 9.000000e-01
-9.000000e-01 9.000000e-01
-6.000000e-01 9.000000e-01
-3.000000e-01 9.000000e-01
0.000000e+00 9.000000e-01
3.000000e-01 9.000000e-01
6.000000e-01 9.000000e-01
9.000000e-01 9.000000e-01
1.200000e+00 9.000000e-01
1.500000e+00 9.000000e-01
-1.500000e+00 1.200000e+00
-1.200000e+00 1.200000e+00
-9.000000e-01 1.200000e+00
-6.000000e-01 1.200000e+00
-3.000000e-01 1.200000e+00
0.000000e+00 1.200000e+00
3.000000e-01 1.200000e+00
6.000000e-01 1.200000e+00
9.000000e-01 1.200000e+00
1.200000e+00 1.200000e+00
1.500000e+00 1.200000e+00
-1.500000e+00 1.500000e+00
-1.200000e+00 1.500000e+00
-9.000000e-01 1.500000e+00
-6.000000e-01 1.500000e+00
-3.000000e-01 1.500000e+00
0.000000e+00 1.500000e+00
3.000000e-01 1.500000e+00
6.000000e-01 1.500000e+00
9.000000e-01 1.500000e+00
1.200000e+00 1.500000e+00
1.500000e+00 1.500000e+00
-7.500000e-01 -1.350000e+00
-7.500000e-01 -1.200000e+00
-4.500000e-01 -1.350000e+00
-4.500000e-01 -1.200000e+00
-1.500000e-01 -1.350000e+00
-1.500000e-01 -1.200000e+00
1.500000e-01 -1.350000e+00
1.500000e-01 -1.200000e+00
4.500000e-01 -1.350000e+00
4.500000e-01 -1.200000e+00
-9.000000e-01 -1.050000e+00
-1.050000e+00 -1.050000e+00
-1.050000e+00 -9.000000e-01
-6.000000e-01 -1.050000e+00
-7.500000e-01 -1.050000e+00
-7.500000e-01 -9.000000e-01
-3.000000e-01 -1.050000e+00
-4.500000e-01 -1.050000e+00
-4.500000e-01 -9.000000e-01
0.000000e+00 -1.050000e+00
-1.500000e-01 -1.050000e+00
-1.500000e-01 -9.000000e-01
3.000000e-01 -1.050000e+00
1.500000e-01 -1.050000e+00
1.500000e-01 -9.000000e-01
6.000000e-01 -1.050000e+00
4.500000e-01 -1.050000e+00
4.500000e-01 -9.000000e-01
7.500000e-01 -1.050000e+00
7.500000e-01 -9.000000e-01
-1.200000e+00 -7.500000e-01
-1.350000e+00 -7.500000e-01
-9.000000e-01 -7.500000e-01
-1.050000e+00 -7.500000e-01
-1.050000e+00 -6.000000e-01
-6.000000e-01 -7.500000e-01
-7.500000e-01 -7.500000e-01
-7.500000e-01 -6.000000e-01
-4.500000e-01 -7.500000e-01
-1.500000e-01 -7.500000e-01
1.500000e-01 -7.500000e-01
4.500000e-01 -7.500000e-01
9.000000e-01 -7.500000e-01
7.500000e-01 -7.500000e-01
1.050000e+00 -7.500000e-01
1.050000e+00 -6.000000e-01
-1.200000e+00 -4.500000e-01
-1.350000e+00 -4.500000e-01
-9.000000e-01 -4.500000e-01
-1.050000e+00 -4.500000e-01
-1.050000e+00 -3.000000e-01
-7.500000e-01 -4.500000e-01
9.000000e-01 -4.500000e-01
7.500000e-01 -4.500000e-01
1.200000e+00 -4.500000e-01
1.050000e+00 -4.500000e-01
1.050000e+00 -3.000000e-01
1.350000e+00 -4.500000e-01
-1.200000e+00 -1.500000e-01
-1.350000e+00 -1.500000e-01
-9.000000e-01 -1.500000e-01
-1.050000e+00 -1.500000e-01
-1.050000e+00 0.000000e+00
-7.500000e-01 -1.500000e-01
9.000000e-01 -1.500000e-01
7.500000e-01 -1.500000e-01
1.200000e+00 -1.500000e-01
1.050000e+00 -1.500000e-01
1.050000e+00 0.000000e+00
1.350000e+00 -1.500000e-01
-1.200000e+00 1.500000e-01
-1.350000e+00 1.500000e-01
-9.000000e-01 1.500000e-01
-1.050000e+00 1.500000e-01
-1.050000e+00 3.000000e-01
-7.500000e-01 1.500000e-01
9.000000e-01 1.500000e-01
7.500000e-01 1.500000e-01
1.200000e+00 1.500000e-01
1.050000e+00 1.500000e-01
1.050000e+00 3.000000e-01
1.350000e+00 1.500000e-01
-1.200000e+00 4.500000e-01
-1.350000e+00 4.500000e-01
-9.000000e-01 4.500000e-01
-1.050000e+00 4.500000e-01
-1.050000e+00 6.000000e-01
-7.500000e-01 4.500000e-01
9.000000e-01 4.500000e-01
7.500000e-01 4.500000e-01
7.500000e-01 6.000000e-01
1.200000e+00 4.500000e-01
1.050000e+00 4.500000e-01
1.050000e+00 6.000000e-01
1.350000e+00 4.500000e-01
-9.000000e-01 7.500000e-01
-1.050000e+00 7.500000e-01
-7.500000e-01 7.500000e-01
-7.500000e-01 9.000000e-01
-4.500000e-01 7.500000e-01
-4.500000e-01 9.000000e-01
-1.500000e-01 7.500000e-01
-1.500000e-01 9.000000e-01
1.500000e-01 7.500000e-01
1.500000e-01 9.000000e-01
6.000000e-01 7.500000e-01
4.500000e-01 7.500000e-01
4.500000e-01 9.000000e-01
9.000000e-01 7.500000e-01
7.500000e-01 7.500000e-01
7.500000e-01 9.000000e-01
1.200000e+00 7.500000e-01
1.050000e+00 7.500000e-01
1.050000e+00 9.000000e-01
1.350000e+00 7.500000e-01
-6.000000e-01 1.050000e+00
-7.500000e-01 1.050000e+00
-3.000000e-01 1.050000e+00
-4.500000e-01 1.050000e+00
-4.500000e-01 1.200000e+00
0.000000e+00 1.050000e+00
-1.500000e-01 1.050000e+00
-1.500000e-01 1.200000e+00
3.000000e-01 1.050000e+00
1.500000e-01 1.050000e+00
1.500000e-01 1.200000e+00
6.000000e-01 1.050000e+00
4.500000e-01 1.050000e+00
4.500000e-01 1.200000e+00
9.000000e-01 1.050000e+00
7.500000e-01 1.050000e+00
7.500000e-01 1.200000e+00
1.050000e+00 1.050000e+00
-4.500000e-01 1.350000e+00
-1.500000e-01 1.350000e+00
1.500000e-01 1.350000e+00
4.500000e-01 1.350000e+00
7.500000e-01 1.350000e+00
-1.350000e+00 -1.350000e+00
-1.350000e+00 -1.200000e+00
-9.000000e-01 -1.350000e+00
-1.050000e+00 -1.350000e+00
-6.750000e-01 -1.275000e+00
-6.000000e-01 -1.350000e+00
-8.250000e-01 -1.275000e+00
-8.250000e-01 -1.200000e+00
-6.750000e-01 -1.200000e+00
3.000000e-01 -1.350000e+00
5.250000e-01 -1.425000e+00
3.750000e-01 -1.425000e+00
4.500000e-01 -1.500000e+00
5.250000e-01 -1.275000e+00
6.000000e-01 -1.350000e+00
3.750000e-01 -1.275000e+00
4.500000e-01 -1.275000e+00
3.750000e-01 -1.200000e+00
5.250000e-01 -1.200000e+00
9.000000e-01 -1.350000e+00
7.500000e-01 -1.350000e+00
7.500000e-01 -1.500000e+00
7.500000e-01 -1.200000e+00
1.200000e+00 -1.350000e+00
1.050000e+00 -1.350000e+00
1.050000e+00 -1.500000e+00
1.050000e+00 -1.200000e+00
1.500000e+00 -1.350000e+00
1.350000e+00 -1.350000e+00
1.350000e+00 -1.500000e+00
-1.200000e+00 -1.050000e+00
-1.350000e+00 -1.050000e+00
-1.350000e+00 -9.000000e-01
-9.750000e-01 -9.750000e-01
-1.125000e+00 -9.750000e-01
-1.050000e+00 -9.750000e-01
-9.750000e-01 -9.000000e-01
-7.500000e-01 -1.125000e+00
-6.750000e-01 -1.125000e+00
-8.250000e-01 -1.125000e+00
-6.750000e-01 -1.050000e+00
-6.000000e-01 -1.125000e+00
-6.750000e-01 -9.750000e-01
-3.750000e-01 -1.125000e+00
-5.250000e-01 -1.125000e+00
-3.750000e-01 -1.050000e+00
-3.750000e-01 -9.750000e-01
-3.000000e-01 -9.750000e-01
-5.250000e-01 -9.750000e-01
-4.500000e-01 -9.750000e-01
-5.250000e-01 -9.000000e-01
-7.500000e-02 -1.125000e+00
-2.250000e-01 -1.125000e+00
-7.500000e-02 -1.050000e+00
-7.500000e-02 -9.750000e-01
0.000000e+00 -9.750000e-01
-2.250000e-01 -1.050000e+00
-2.250000e-01 -9.750000e-01
7.500000e-02 -9.750000e-01
4.500000e-01 -1.125000e+00
5.250000e-01 -1.125000e+00
3.750000e-01 -1.125000e+00
5.250000e-01 -1.050000e+00
6.000000e-01 -1.125000e+00
5.250000e-01 -9.750000e-01
3.750000e-01 -9.750000e-01
4.500000e-01 -9.750000e-01
5.250000e-01 -9.000000e-01
8.250000e-01 -1.125000e+00
6.750000e-01 -1.125000e+00
9.000000e-01 -1.050000e+00
6.750000e-01 -9.750000e-01
6.750000e-01 -9.000000e-01
1.050000e+00 -1.050000e+00
1.050000e+00 -9.000000e-01
-1.275000e+00 -8.250000e-01
-1.425000e+00 -8.250000e-01
-1.200000e+00 -8.250000e-01
-1.275000e+00 -6.750000e-01
-1.200000e+00 -6.750000e-01
-1.425000e+00 -6.750000e-01
-1.500000e+00 -7.500000e-01
-1.350000e+00 -6.000000e-01
-9.750000e-01 -8.250000e-01
-1.125000e+00 -8.250000e-01
-9.750000e-01 -6.750000e-01
-1.125000e+00 -7.500000e-01
-1.125000e+00 -6.750000e-01
-1.125000e+00 -6.000000e-01
-9.750000e-01 -6.000000e-01
-6.750000e-01 -6.750000e-01
-6.000000e-01 -6.750000e-01
-3.750000e-01 -8.250000e-01
-5.250000e-01 -8.250000e-01
-3.750000e-01 -6.750000e-01
-3.000000e-01 -7.500000e-01
-5.250000e-01 -7.500000e-01
-5.250000e-01 -6.750000e-01
-4.500000e-01 -6.000000e-01
-7.500000e-02 -8.250000e-01
-2.250000e-01 -8.250000e-01
-7.500000e-02 -6.750000e-01
0.000000e+00 -7.500000e-01
-2.250000e-01 -6.750000e-01
-1.500000e-01 -6.000000e-01
1.500000e-01 -6.000000e-01
5.250000e-01 -8.250000e-01
6.000000e-01 -7.500000e-01
4.500000e-01 -6.000000e-01
7.500000e-01 -8.250000e-01
8.250000e-01 -8.250000e-01
6.750000e-01 -8.250000e-01
8.250000e-01 -7.500000e-01
9.000000e-01 -8.250000e-01
8.250000e-01 -6.750000e-01
7.500000e-01 -6.000000e-01
1.125000e+00 -8.250000e-01
9.750000e-01 -8.250000e-01
1.125000e+00 -6.750000e-01
1.200000e+00 -7.500000e-01
9.750000e-01 -6.750000e-01
1.050000e+00 -6.750000e-01
9.750000e-01 -6.000000e-01
1.350000e+00 -7.500000e-01
-1.050000e+00 -5.250000e-01
-9.750000e-01 -5.250000e-01
-1.125000e+00 -5.250000e-01
-9.750000e-01 -4.500000e-01
-9.000000e-01 -5.250000e-01
-9.750000e-01 -3.750000e-01
-9.000000e-01 -3.750000e-01
-1.125000e+00 -3.750000e-01
-1.125000e+00 -3.000000e-01
-6.750000e-01 -5.250000e-01
-8.250000e-01 -5.250000e-01
-6.750000e-01 -3.750000e-01
-6.000000e-01 -4.500000e-01
-8.250000e-01 -4.500000e-01
-8.250000e-01 -3.750000e-01
-7.500000e-01 -3.000000e-01
-3.000000e-01 -4.500000e-01
-4.500000e-01 -4.500000e-01
-4.500000e-01 -3.000000e-01
0.000000e+00 -4.500000e-01
-1.500000e-01 -4.500000e-01
-1.500000e-01 -3.000000e-01
3.000000e-01 -4.500000e-01
1.500000e-01 -4.500000e-01
1.500000e-01 -3.000000e-01
6.000000e-01 -4.500000e-01
4.500000e-01 -4.500000e-01
4.500000e-01 -3.000000e-01
7.500000e-01 -3.000000e-01
9.750000e-01 -5.250000e-01
1.125000e+00 -3.750000e-01
9.750000e-01 -3.750000e-01
9.750000e-01 -3.000000e-01
1.125000e+00 -3.000000e-01
1.350000e+00 -3.000000e-01
-1.350000e+00 0.000000e+00
-1.050000e+00 -2.250000e-01
-9.750000e-01 -2.250000e-01
-1.125000e+00 -2.250000e-01
-9.000000e-01 -2.250000e-01
-9.750000e-01 -7.500000e-02
-9.000000e-01 -7.500000e-02
-6.750000e-01 -2.250000e-01
-8.250000e-01 -2.250000e-01
-6.750000e-01 -7.500000e-02
-6.000000e-01 -1.500000e-01
-8.250000e-01 -1.500000e-01
-8.250000e-01 -7.500000e-02
-7.500000e-01 0.000000e+00
-3.000000e-01 -1.500000e-01
-4.500000e-01 -1.500000e-01
-4.500000e-01 0.000000e+00
0.000000e+00 -1.500000e-01
-1.500000e-01 -1.500000e-01
-1.500000e-01 0.000000e+00
3.000000e-01 -1.500000e-01
1.500000e-01 -1.500000e-01
1.500000e-01 0.000000e+00
6.000000e-01 -1.500000e-01
4.500000e-01 -1.500000e-01
4.500000e-01 0.000000e+00
8.250000e-01 -2.250000e-01
6.750000e-01 -2.250000e-01
8.250000e-01 -1.500000e-01
9.000000e-01 -2.250000e-01
8.250000e-01 -7.500000e-02
9.000000e-01 -7.500000e-02
6.750000e-01 -7.500000e-02
7.500000e-01 0.000000e+00
1.050000e+00 -2.250000e-01
1.125000e+00 -2.250000e-01
9.750000e-01 -2.250000e-01
1.125000e+00 -1.500000e-01
1.200000e+00 -2.250000e-01
1.125000e+00 -7.500000e-02
1.200000e+00 -7.500000e-02
9.750000e-01 -1.500000e-01
9.750000e-01 -7.500000e-02
1.050000e+00 -7.500000e-02
9.750000e-01 0.000000e+00
1.125000e+00 0.000000e+00
1.425000e+00 -2.250000e-01
1.275000e+00 -2.250000e-01
1.500000e+00 -1.500000e-01
1.275000e+00 -7.500000e-02
1.350000e+00 0.000000e+00
-1.275000e+00 7.500000e-02
-1.275000e+00 1.500000e-01
-1.200000e+00 7.500000e-02
-1.275000e+00 2.250000e-01
-1.200000e+00 2.250000e-01
-1.350000e+00 3.000000e-01
-1.125000e+00 7.500000e-02
-1.125000e+00 1.500000e-01
-1.125000e+00 2.250000e-01
-1.125000e+00 3.000000e-01
-6.000000e-01 1.500000e-01
-7.500000e-01 3.000000e-01
-3.000000e-01 1.500000e-01
-4.500000e-01 1.500000e-01
-4.500000e-01 3.000000e-01
0.000000e+00 1.500000e-01
-1.500000e-01 1.500000e-01
-1.500000e-01 3.000000e-01
3.000000e-01 1.500000e-01
1.500000e-01 1.500000e-01
1.500000e-01 3.000000e-01
6.000000e-01 1.500000e-01
4.500000e-01 1.500000e-01
4.500000e-01 3.000000e-01
8.250000e-01 7.500000e-02
6.750000e-01 7.500000e-02
8.250000e-01 1.500000e-01
9.000000e-01 7.500000e-02
8.250000e-01 2.250000e-01
9.000000e-01 2.250000e-01
6.750000e-01 2.250000e-01
7.500000e-01 3.000000e-01
1.050000e+00 7.500000e-02
1.125000e+00 7.500000e-02
9.750000e-01 7.500000e-02
1.125000e+00 1.500000e-01
1.200000e+00 7.500000e-02
1.125000e+00 2.250000e-01
1.200000e+00 2.250000e-01
9.750000e-01 1.500000e-01
9.750000e-01 2.250000e-01
1.050000e+00 2.250000e-01
9.750000e-01 3.000000e-01
1.125000e+00 3.000000e-01
1.425000e+00 7.500000e-02
1.275000e+00 7.500000e-02
1.425000e+00 2.250000e-01
1.500000e+00 1.500000e-01
1.275000e+00 1.500000e-01
1.275000e+00 2.250000e-01
1.350000e+00 3.000000e-01
-1.275000e+00 3.750000e-01
-1.425000e+00 3.750000e-01
-1.275000e+00 4.500000e-01
-1.200000e+00 3.750000e-01
-1.275000e+00 5.250000e-01
-1.200000e+00 5.250000e-01
-1.425000e+00 5.250000e-01
-1.500000e+00 4.500000e-01
-1.350000e+00 6.000000e-01
-1.050000e+00 3.750000e-01
-9.750000e-01 3.750000e-01
-1.125000e+00 3.750000e-01
-9.750000e-01 4.500000e-01
-9.000000e-01 3.750000e-01
-9.750000e-01 5.250000e-01
-9.000000e-01 5.250000e-01
-1.125000e+00 4.500000e-01
-1.125000e+00 5.250000e-01
-6.750000e-01 3.750000e-01
-8.250000e-01 3.750000e-01
-6.750000e-01 5.250000e-01
-6.000000e-01 4.500000e-01
-8.250000e-01 5.250000e-01
-7.500000e-01 6.000000e-01
-4.500000e-01 4.500000e-01
0.000000e+00 4.500000e-01
-1.500000e-01 4.500000e-01
3.000000e-01 4.500000e-01
1.500000e-01 4.500000e-01
1.500000e-01 6.000000e-01
6.000000e-01 4.500000e-01
4.500000e-01 4.500000e-01
4.500000e-01 6.000000e-01
8.250000e-01 5.250000e-01
6.750000e-01 5.250000e-01
7.500000e-01 5.250000e-01
6.750000e-01 6.000000e-01
8.250000e-01 6.000000e-01
1.050000e+00 3.750000e-01
1.125000e+00 3.750000e-01
9.750000e-01 3.750000e-01
1.125000e+00 5.250000e-01
9.750000e-01 5.250000e-01
1.050000e+00 5.250000e-01
9.750000e-01 6.000000e-01
1.125000e+00 6.000000e-01
1.425000e+00 3.750000e-01
1.275000e+00 3.750000e-01
1.425000e+00 5.250000e-01
1.500000e+00 4.500000e-01
1.350000e+00 6.000000e-01
-1.350000e+00 7.500000e-01
-1.350000e+00 9.000000e-01
-1.500000e+00 7.500000e-01
-1.050000e+00 9.000000e-01
-6.750000e-01 6.750000e-01
-6.750000e-01 8.250000e-01
-6.000000e-01 7.500000e-01
-6.750000e-01 9.000000e-01
-3.750000e-01 8.250000e-01
-3.000000e-01 7.500000e-01
-5.250000e-01 8.250000e-01
-4.500000e-01 8.250000e-01
-5.250000e-01 9.000000e-01
-3.750000e-01 9.000000e-01
2.250000e-01 8.250000e-01
3.000000e-01 7.500000e-01
2.250000e-01 9.000000e-01
5.250000e-01 6.750000e-01
3.750000e-01 6.750000e-01
5.250000e-01 7.500000e-01
6.000000e-01 6.750000e-01
5.250000e-01 8.250000e-01
6.000000e-01 8.250000e-01
3.750000e-01 8.250000e-01
4.500000e-01 8.250000e-01
3.750000e-01 9.000000e-01
5.250000e-01 9.000000e-01
7.500000e-01 6.750000e-01
8.250000e-01 6.750000e-01
6.750000e-01 6.750000e-01
8.250000e-01 7.500000e-01
9.000000e-01 6.750000e-01
8.250000e-01 8.250000e-01
9.000000e-01 8.250000e-01
6.750000e-01 7.500000e-01
6.750000e-01 8.250000e-01
7.500000e-01 8.250000e-01
6.750000e-01 9.000000e-01
8.250000e-01 9.000000e-01
1.125000e+00 6.750000e-01
9.750000e-01 6.750000e-01
1.125000e+00 8.250000e-01
9.750000e-01 8.250000e-01
1.050000e+00 8.250000e-01
9.750000e-01 9.000000e-01
-1.200000e+00 1.050000e+00
-1.350000e+00 1.050000e+00
-1.350000e+00 1.200000e+00
-1.500000e+00 1.050000e+00
-9.000000e-01 1.050000e+00
-1.050000e+00 1.050000e+00
-1.050000e+00 1.200000e+00
-7.500000e-01 9.750000e-01
-6.750000e-01 9.750000e-01
-8.250000e-01 9.750000e-01
-6.750000e-01 1.125000e+00
-8.250000e-01 1.125000e+00
-7.500000e-01 1.200000e+00
-4.500000e-01 9.750000e-01
-3.750000e-01 9.750000e-01
-5.250000e-01 9.750000e-01
-3.750000e-01 1.050000e+00
-3.000000e-01 9.750000e-01
-3.750000e-01 1.125000e+00
-5.250000e-01 1.125000e+00
-4.500000e-01 1.125000e+00
-5.250000e-01 1.200000e+00
-3.750000e-01 1.200000e+00
-7.500000e-02 9.750000e-01
-2.250000e-01 9.750000e-01
-7.500000e-02 1.050000e+00
-7.500000e-02 1.125000e+00
0.000000e+00 1.125000e+00
-2.250000e-01 1.125000e+00
-1.500000e-01 1.125000e+00
-7.500000e-02 1.200000e+00
1.500000e-01 9.750000e-01
2.250000e-01 9.750000e-01
7.500000e-02 9.750000e-01
2.250000e-01 1.125000e+00
7.500000e-02 1.125000e+00
1.500000e-01 1.125000e+00
2.250000e-01 1.200000e+00
4.500000e-01 9.750000e-01
5.250000e-01 9.750000e-01
3.750000e-01 9.750000e-01
5.250000e-01 1.050000e+00
6.000000e-01 9.750000e-01
5.250000e-01 1.125000e+00
3.750000e-01 1.125000e+00
4.500000e-01 1.125000e+00
5.250000e-01 1.200000e+00
7.500000e-01 9.750000e-01
8.250000e-01 9.750000e-01
6.750000e-01 9.750000e-01
8.250000e-01 1.050000e+00
9.000000e-01 9.750000e-01
8.250000e-01 1.125000e+00
8.250000e-01 1.200000e+00
9.750000e-01 9.750000e-01
1.200000e+00 1.050000e+00
1.350000e+00 1.050000e+00
1.350000e+00 1.200000e+00
-1.200000e+00 1.350000e+00
-1.350000e+00 1.350000e+00
-1.050000e+00 1.350000e+00
-6.000000e-01 1.350000e+00
-7.500000e-01 1.350000e+00
-4.500000e-01 1.275000e+00
-3.750000e-01 1.275000e+00
-5.250000e-01 1.275000e+00
-3.750000e-01 1.425000e+00
-3.000000e-01 1.350000e+00
-5.250000e-01 1.425000e+00
-4.500000e-01 1.500000e+00
-7.500000e-02 1.275000e+00
0.000000e+00 1.350000e+00
2.250000e-01 1.275000e+00
3.000000e-01 1.350000e+00
5.250000e-01 1.275000e+00
3.750000e-01 1.275000e+00
5.250000e-01 1.425000e+00
6.000000e-01 1.350000e+00
3.750000e-01 1.425000e+00
4.500000e-01 1.500000e+00
7.500000e-01 1.275000e+00
8.250000e-01 1.275000e+00
6.750000e-01 1.275000e+00
9.000000e-01 1.350000e+00
1.050000e+00 1.350000e+00
1.350000e+00 1.350000e+00
-1.275000e+00 -1.275000e+00
-1.200000e+00 -1.350000e+00
-1.275000e+00 -1.200000e+00
-1.050000e+00 -1.200000e+00
-6.750000e-01 -1.425000e+00
-7.500000e-01 -1.500000e+00
-6.000000e-01 -1.275000e+00
-6.000000e-01 -1.425000e+00
-3.750000e-01 -1.425000e+00
-5.250000e-01 -1.425000e+00
-4.500000e-01 -1.500000e+00
-3.750000e-01 -1.275000e+00
-3.000000e-01 -1.350000e+00
-5.250000e-01 -1.350000e+00
-5.250000e-01 -1.275000e+00
-4.500000e-01 -1.275000e+00
-5.250000e-01 -1.200000e+00
-3.750000e-01 -1.200000e+00
-7.500000e-02 -1.425000e+00
-2.250000e-01 -1.425000e+00
-1.500000e-01 -1.500000e+00
-7.500000e-02 -1.275000e+00
0.000000e+00 -1.350000e+00
-2.250000e-01 -1.275000e+00
-1.500000e-01 -1.275000e+00
-2.250000e-01 -1.200000e+00
-7.500000e-02 -1.200000e+00
2.250000e-01 -1.425000e+00
1.500000e-01 -1.500000e+00
2.250000e-01 -1.350000e+00
3.000000e-01 -1.275000e+00
2.250000e-01 -1.275000e+00
3.000000e-01 -1.425000e+00
7.500000e-02 -1.275000e+00
7.500000e-02 -1.200000e+00
2.250000e-01 -1.200000e+00
4.500000e-01 -1.425000e+00
4.125000e-01 -1.462500e+00
4.125000e-01 -1.387500e+00
3.750000e-01 -1.500000e+00
3.375000e-01 -1.462500e+00
5.625000e-01 -1.312500e+00
5.250000e-01 -1.350000e+00
4.875000e-01 -1.312500e+00
6.000000e-01 -1.275000e+00
5.625000e-01 -1.237500e+00
4.125000e-01 -1.312500e+00
3.750000e-01 -1.350000e+00
3.375000e-01 -1.237500e+00
4.125000e-01 -1.237500e+00
4.500000e-01 -1.312500e+00
3.750000e-01 -1.237500e+00
4.125000e-01 -1.200000e+00
4.875000e-01 -1.275000e+00
4.875000e-01 -1.237500e+00
8.250000e-01 -1.425000e+00
8.250000e-01 -1.350000e+00
9.000000e-01 -1.425000e+00
8.250000e-01 -1.275000e+00
9.000000e-01 -1.275000e+00
6.750000e-01 -1.275000e+00
6.750000e-01 -1.200000e+00
8.250000e-01 -1.200000e+00
9.750000e-01 -1.425000e+00
9.750000e-01 -1.275000e+00
1.350000e+00 -1.425000e+00
1.425000e+00 -1.500000e+00
1.425000e+00 -1.425000e+00
1.275000e+00 -1.500000e+00
1.275000e+00 -1.425000e+00
1.425000e+00 -1.275000e+00
1.275000e+00 -1.275000e+00
1.350000e+00 -1.200000e+00
-1.350000e+00 -1.125000e+00
-1.275000e+00 -1.125000e+00
-1.425000e+00 -1.125000e+00
-1.200000e+00 -1.125000e+00
-1.275000e+00 -9.750000e-01
-1.500000e+00 -1.050000e+00
-1.275000e+00 -9.000000e-01
-1.125000e+00 -1.125000e+00
-9.375000e-01 -9.375000e-01
-9.000000e-01 -9.750000e-01
-1.087500e+00 -1.012500e+00
-1.125000e+00 -1.050000e+00
-1.087500e+00 -9.750000e-01
-1.050000e+00 -9.375000e-01
-1.087500e+00 -9.375000e-01
-1.125000e+00 -9.000000e-01
-1.012500e+00 -9.375000e-01
-9.750000e-01 -9.375000e-01
-1.012500e+00 -9.000000e-01
-9.375000e-01 -9.000000e-01
-6.375000e-01 -1.087500e+00
-6.375000e-01 -1.050000e+00
-6.375000e-01 -1.012500e+00
-6.375000e-01 -9.375000e-01
-6.000000e-01 -9.750000e-01
-6.750000e-01 -1.012500e+00
-7.125000e-01 -1.012500e+00
-8.250000e-01 -9.750000e-01
-7.500000e-01 -9.750000e-01
-8.250000e-01 -9.000000e-01
-7.125000e-01 -9.375000e-01
-6.750000e-01 -9.000000e-01
-3.000000e-01 -1.125000e+00
-4.125000e-01 -1.012500e+00
-5.625000e-01 -1.012500e+00
-5.625000e-01 -9.375000e-01
-4.875000e-01 -1.012500e+00
-5.250000e-01 -1.050000e+00
-4.875000e-01 -9.750000e-01
-4.500000e-01 -9.375000e-01
-4.875000e-01 -9.375000e-01
-4.500000e-01 -1.012500e+00
-4.125000e-01 -9.750000e-01
-4.125000e-01 -9.375000e-01
-3.750000e-01 -9.000000e-01
-1.125000e-01 -1.087500e+00
-1.500000e-01 -1.125000e+00
-1.875000e-01 -1.087500e+00
-3.750000e-02 -1.087500e+00
0.000000e+00 -1.125000e+00
-7.500000e-02 -1.087500e+00
-3.750000e-02 -1.050000e+00
-1.125000e-01 -1.050000e+00
-3.750000e-02 -9.750000e-01
0.000000e+00 -1.012500e+00
-3.750000e-02 -1.012500e+00
0.000000e+00 -9.375000e-01
-3.750000e-02 -9.375000e-01
-7.500000e-02 -1.012500e+00
-1.125000e-01 -1.012500e+00
-2.625000e-01 -1.012500e+00
-2.625000e-01 -9.375000e-01
-2.625000e-01 -1.050000e+00
-1.875000e-01 -1.012500e+00
-2.625000e-01 -1.087500e+00
-2.250000e-01 -1.087500e+00
-1.875000e-01 -9.375000e-01
-1.500000e-01 -9.750000e-01
-2.250000e-01 -9.000000e-01
-1.125000e-01 -9.375000e-01
-7.500000e-02 -9.000000e-01
1.500000e-01 -1.125000e+00
2.250000e-01 -1.125000e+00
7.500000e-02 -1.125000e+00
2.250000e-01 -1.050000e+00
3.000000e-01 -1.125000e+00
2.250000e-01 -9.750000e-01
3.000000e-01 -9.750000e-01
3.750000e-02 -9.750000e-01
3.750000e-02 -1.012500e+00
3.750000e-02 -9.375000e-01
7.500000e-02 -1.050000e+00
7.500000e-02 -9.000000e-01
2.250000e-01 -9.000000e-01
5.625000e-01 -1.162500e+00
4.125000e-01 -1.162500e+00
6.000000e-01 -1.087500e+00
5.625000e-01 -1.087500e+00
6.000000e-01 -1.162500e+00
5.625000e-01 -9.375000e-01
6.000000e-01 -9.750000e-01
4.125000e-01 -1.012500e+00
3.750000e-01 -1.050000e+00
4.125000e-01 -9.750000e-01
4.500000e-01 -9.375000e-01
4.125000e-01 -9.375000e-01
3.750000e-01 -9.000000e-01
4.875000e-01 -9.375000e-01
5.625000e-01 -9.000000e-01
7.875000e-01 -1.162500e+00
7.875000e-01 -1.087500e+00
7.500000e-01 -1.125000e+00
8.625000e-01 -1.162500e+00
7.125000e-01 -1.162500e+00
7.125000e-01 -1.087500e+00
6.375000e-01 -1.162500e+00
8.250000e-01 -1.050000e+00
9.000000e-01 -9.750000e-01
8.250000e-01 -9.750000e-01
8.625000e-01 -1.087500e+00
9.000000e-01 -1.125000e+00
7.125000e-01 -1.012500e+00
6.750000e-01 -1.050000e+00
6.375000e-01 -1.125000e+00
6.375000e-01 -1.087500e+00
7.125000e-01 -9.375000e-01
7.500000e-01 -9.750000e-01
8.250000e-01 -9.000000e-01
9.750000e-01 -1.125000e+00
1.125000e+00 -9.750000e-01
1.200000e+00 -1.050000e+00
9.750000e-01 -9.750000e-01
9.750000e-01 -9.000000e-01
1.125000e+00 -9.000000e-01
1.350000e+00 -1.050000e+00
1.350000e+00 -9.000000e-01
-1.237500e+00 -8.625000e-01
-1.200000e+00 -8.625000e-01
-1.275000e+00 -7.500000e-01
-1.237500e+00 -6.750000e-01
-1.237500e+00 -7.125000e-01
-1.200000e+00 -6.375000e-01
-1.237500e+00 -6.375000e-01
-1.275000e+00 -6.000000e-01
-1.012500e+00 -8.625000e-01
-9.375000e-01 -8.625000e-01
-1.012500e+00 -7.875000e-01
-1.050000e+00 -8.250000e-01
-1.162500e+00 -8.625000e-01
-9.375000e-01 -7.875000e-01
-9.000000e-01 -8.250000e-01
-9.750000e-01 -7.500000e-01
-1.162500e+00 -6.375000e-01
-1.162500e+00 -8.250000e-01
-1.162500e+00 -7.875000e-01
-6.750000e-01 -8.250000e-01
-8.250000e-01 -8.250000e-01
-6.750000e-01 -7.500000e-01
-6.000000e-01 -8.250000e-01
-6.000000e-01 -7.125000e-01
-6.375000e-01 -7.125000e-01
-8.250000e-01 -7.500000e-01
-8.250000e-01 -6.750000e-01
-3.375000e-01 -8.625000e-01
-4.500000e-01 -8.250000e-01
-4.875000e-01 -8.625000e-01
-5.625000e-01 -8.625000e-01
-4.875000e-01 -7.875000e-01
-3.750000e-01 -7.500000e-01
-3.000000e-01 -6.750000e-01
-3.375000e-01 -7.875000e-01
-3.000000e-01 -8.250000e-01
-5.625000e-01 -6.750000e-01
-5.625000e-01 -7.125000e-01
-5.625000e-01 -6.375000e-01
-5.250000e-01 -7.125000e-01
-5.625000e-01 -7.500000e-01
-4.875000e-01 -7.125000e-01
-4.875000e-01 -7.500000e-01
-5.625000e-01 -7.875000e-01
-5.250000e-01 -7.875000e-01
-4.500000e-01 -6.750000e-01
-3.750000e-01 -6.000000e-01
-5.250000e-01 -6.000000e-01
-1.125000e-01 -8.625000e-01
-3.750000e-02 -8.625000e-01
-1.500000e-01 -8.250000e-01
-3.750000e-02 -7.125000e-01
-7.500000e-02 -7.500000e-01
-1.125000e-01 -7.125000e-01
0.000000e+00 -6.750000e-01
0.000000e+00 -8.250000e-01
-2.625000e-01 -7.125000e-01
-1.875000e-01 -7.125000e-01
-2.250000e-01 -7.500000e-01
-1.125000e-01 -6.375000e-01
-1.500000e-01 -6.750000e-01
-7.500000e-02 -6.000000e-01
-2.250000e-01 -6.000000e-01
1.500000e-01 -8.250000e-01
2.250000e-01 -8.250000e-01
7.500000e-02 -8.250000e-01
2.250000e-01 -6.750000e-01
3.000000e-01 -7.500000e-01
7.500000e-02 -7.500000e-01
7.500000e-02 -6.750000e-01
2.250000e-01 -6.000000e-01
7.500000e-02 -6.000000e-01
5.250000e-01 -8.625000e-01
4.875000e-01 -8.625000e-01
5.625000e-01 -8.625000e-01
4.875000e-01 -7.875000e-01
4.500000e-01 -8.250000e-01
3.750000e-01 -8.250000e-01
5.250000e-01 -7.500000e-01
5.250000e-01 -6.750000e-01
5.625000e-01 -7.875000e-01
6.000000e-01 -8.250000e-01
3.750000e-01 -6.750000e-01
5.250000e-01 -6.000000e-01
3.750000e-01 -6.000000e-01
8.625000e-01 -8.625000e-01
6.375000e-01 -8.625000e-01
7.125000e-01 -7.875000e-01
8.625000e-01 -8.250000e-01
9.000000e-01 -7.875000e-01
8.625000e-01 -7.875000e-01
8.625000e-01 -6.375000e-01
9.000000e-01 -6.750000e-01
7.875000e-01 -7.125000e-01
6.750000e-01 -7.500000e-01
6.750000e-01 -6.750000e-01
6.375000e-01 -7.875000e-01
7.875000e-01 -6.375000e-01
7.500000e-01 -6.750000e-01
8.250000e-01 -6.000000e-01
6.750000e-01 -6.000000e-01
1.087500e+00 -8.625000e-01
1.087500e+00 -7.875000e-01
1.050000e+00 -8.250000e-01
1.012500e+00 -8.625000e-01
9.375000e-01 -8.625000e-01
1.162500e+00 -7.125000e-01
1.125000e+00 -7.500000e-01
1.087500e+00 -7.125000e-01
1.200000e+00 -6.750000e-01
1.162500e+00 -6.375000e-01
1.162500e+00 -7.875000e-01
1.200000e+00 -8.250000e-01
9.750000e-01 -7.500000e-01
9.375000e-01 -7.875000e-01
1.125000e+00 -6.000000e-01
1.275000e+00 -8.250000e-01
1.275000e+00 -6.750000e-01
1.350000e+00 -6.000000e-01
-1.275000e+00 -5.250000e-01
-1.275000e+00 -4.500000e-01
-1.200000e+00 -5.250000e-01
-1.275000e+00 -3.750000e-01
-1.350000e+00 -3.000000e-01
-1.012500e+00 -4.875000e-01
-9.375000e-01 -4.875000e-01
-9.375000e-01 -4.500000e-01
-1.012500e+00 -4.500000e-01
-9.375000e-01 -3.750000e-01
-9.000000e-01 -4.125000e-01
-9.375000e-01 -4.125000e-01
-9.000000e-01 -3.375000e-01
-9.375000e-01 -3.375000e-01
-9.750000e-01 -4.125000e-01
-1.012500e+00 -4.125000e-01
-1.050000e+00 -3.750000e-01
-9.750000e-01 -3.000000e-01
-7.500000e-01 -5.250000e-01
-7.875000e-01 -4.875000e-01
-6.000000e-01 -3.750000e-01
-8.625000e-01 -4.125000e-01
-8.625000e-01 -3.375000e-01
-8.250000e-01 -4.125000e-01
-7.875000e-01 -4.125000e-01
-7.875000e-01 -4.500000e-01
-7.500000e-01 -3.750000e-01
-7.875000e-01 -3.375000e-01
-8.250000e-01 -3.000000e-01
-4.500000e-01 -5.250000e-01
-3.750000e-01 -5.250000e-01
-5.250000e-01 -5.250000e-01
-3.750000e-01 -4.500000e-01
-3.000000e-01 -5.250000e-01
-3.750000e-01 -3.750000e-01
-3.000000e-01 -3.750000e-01
-5.250000e-01 -4.500000e-01
-5.250000e-01 -3.750000e-01
-4.500000e-01 -3.750000e-01
-5.250000e-01 -3.000000e-01
-3.750000e-01 -3.000000e-01
-1.500000e-01 -5.250000e-01
-7.500000e-02 -5.250000e-01
-2.250000e-01 -5.250000e-01
-7.500000e-02 -4.500000e-01
0.000000e+00 -5.250000e-01
-7.500000e-02 -3.750000e-01
-2.250000e-01 -3.750000e-01
-1.500000e-01 -3.750000e-01
-2.250000e-01 -3.000000e-01
-7.500000e-02 -3.000000e-01
1.500000e-01 -5.250000e-01
2.250000e-01 -5.250000e-01
7.500000e-02 -5.250000e-01
2.250000e-01 -4.500000e-01
3.000000e-01 -5.250000e-01
2.250000e-01 -3.750000e-01
7.500000e-02 -3.750000e-01
1.500000e-01 -3.750000e-01
7.500000e-02 -3.000000e-01
2.250000e-01 -3.000000e-01
4.500000e-01 -5.250000e-01
5.250000e-01 -5.250000e-01
3.750000e-01 -5.250000e-01
5.250000e-01 -4.500000e-01
6.000000e-01 -5.250000e-01
5.250000e-01 -3.750000e-01
8.250000e-01 -5.250000e-01
6.750000e-01 -5.250000e-01
9.000000e-01 -5.250000e-01
8.250000e-01 -3.750000e-01
9.000000e-01 -3.750000e-01
6.750000e-01 -3.750000e-01
7.500000e-01 -3.750000e-01
6.750000e-01 -3.000000e-01
1.050000e+00 -5.250000e-01
1.125000e+00 -5.250000e-01
9.375000e-01 -5.625000e-01
1.012500e+00 -4.875000e-01
1.200000e+00 -5.250000e-01
1.162500e+00 -3.375000e-01
1.200000e+00 -3.750000e-01
9.375000e-01 -4.125000e-01
9.375000e-01 -3.375000e-01
1.012500e+00 -4.125000e-01
9.750000e-01 -4.500000e-01
9.375000e-01 -4.875000e-01
1.012500e+00 -3.375000e-01
1.050000e+00 -3.750000e-01
9.750000e-01 -3.375000e-01
1.012500e+00 -3.000000e-01
1.087500e+00 -3.375000e-01
1.125000e+00 -3.375000e-01
1.087500e+00 -3.000000e-01
1.275000e+00 -5.250000e-01
1.425000e+00 -3.750000e-01
1.500000e+00 -4.500000e-01
1.275000e+00 -4.500000e-01
1.275000e+00 -3.750000e-01
1.425000e+00 -3.000000e-01
1.275000e+00 -3.000000e-01
-1.275000e+00 -7.500000e-02
-1.425000e+00 -7.500000e-02
-1.500000e+00 -1.500000e-01
-1.275000e+00 0.000000e+00
-1.425000e+00 0.000000e+00
-9.375000e-01 -2.625000e-01
-9.000000e-01 -2.625000e-01
-9.750000e-01 -1.500000e-01
-9.375000e-01 -7.500000e-02
-9.000000e-01 -1.125000e-01
-9.375000e-01 -1.125000e-01
-9.000000e-01 -3.750000e-02
-9.375000e-01 -3.750000e-02
-1.012500e+00 -1.125000e-01
-1.125000e+00 -7.500000e-02
-1.050000e+00 -7.500000e-02
-1.125000e+00 0.000000e+00
-9.750000e-01 0.000000e+00
-7.500000e-01 -2.250000e-01
-7.875000e-01 -1.875000e-01
-8.625000e-01 -2.625000e-01
-8.625000e-01 -1.125000e-01
-8.625000e-01 -3.750000e-02
-8.625000e-01 -1.500000e-01
-8.625000e-01 -2.250000e-01
-8.625000e-01 -1.875000e-01
-8.250000e-01 -1.875000e-01
-6.750000e-01 0.000000e+00
-8.250000e-01 0.000000e+00
-4.500000e-01 -2.250000e-01
-3.750000e-01 -2.250000e-01
-5.250000e-01 -2.250000e-01
-3.750000e-01 -1.500000e-01
-3.000000e-01 -2.250000e-01
-3.750000e-01 -7.500000e-02
-1.500000e-01 -2.250000e-01
-7.500000e-02 -2.250000e-01
-2.250000e-01 -2.250000e-01
-7.500000e-02 -1.500000e-01
0.000000e+00 -2.250000e-01
-7.500000e-02 -7.500000e-02
0.000000e+00 -7.500000e-02
1.500000e-01 -2.250000e-01
2.250000e-01 -2.250000e-01
7.500000e-02 -2.250000e-01
2.250000e-01 -1.500000e-01
3.000000e-01 -2.250000e-01
2.250000e-01 -7.500000e-02
3.000000e-01 -7.500000e-02
7.500000e-02 -1.500000e-01
7.500000e-02 -7.500000e-02
1.500000e-01 -7.500000e-02
7.500000e-02 0.000000e+00
5.250000e-01 -2.250000e-01
3.750000e-01 -2.250000e-01
5.250000e-01 -1.500000e-01
6.000000e-01 -2.250000e-01
5.250000e-01 -7.500000e-02
6.000000e-01 -7.500000e-02
3.750000e-01 -7.500000e-02
4.500000e-01 -7.500000e-02
5.250000e-01 0.000000e+00
7.875000e-01 -1.875000e-01
7.500000e-01 -2.250000e-01
7.125000e-01 -2.625000e-01
6.375000e-01 -2.625000e-01
8.625000e-01 -1.875000e-01
8.250000e-01 -1.875000e-01
7.875000e-01 -1.500000e-01
8.625000e-01 -1.125000e-01
8.625000e-01 -3.750000e-02
8.250000e-01 -1.125000e-01
7.875000e-01 -1.125000e-01
7.125000e-01 -1.125000e-01
6.750000e-01 -1.500000e-01
6.375000e-01 -3.750000e-02
6.375000e-01 -1.875000e-01
7.875000e-01 -3.750000e-02
7.500000e-01 -7.500000e-02
8.250000e-01 0.000000e+00
7.125000e-01 -3.750000e-02
6.750000e-01 0.000000e+00
1.087500e+00 -2.625000e-01
1.012500e+00 -2.625000e-01
1.012500e+00 -1.875000e-01
1.200000e+00 -1.125000e-01
1.162500e+00 -1.125000e-01
1.162500e+00 -3.750000e-02
1.087500e+00 -1.125000e-01
9.375000e-01 -3.750000e-02
1.012500e+00 -1.125000e-01
1.012500e+00 -1.500000e-01
9.375000e-01 -1.875000e-01
9.750000e-01 -1.875000e-01
1.012500e+00 -7.500000e-02
1.050000e+00 -3.750000e-02
1.012500e+00 -3.750000e-02
1.050000e+00 -1.125000e-01
9.750000e-01 -3.750000e-02
1.012500e+00 0.000000e+00
9.375000e-01 0.000000e+00
1.087500e+00 -7.500000e-02
1.087500e+00 -3.750000e-02
1.125000e+00 -3.750000e-02
1.087500e+00 0.000000e+00
1.162500e+00 0.000000e+00
1.387500e+00 -2.625000e-01
1.387500e+00 -1.875000e-01
1.350000e+00 -2.250000e-01
1.462500e+00 -2.625000e-01
1.312500e+00 -2.625000e-01
1.312500e+00 -1.875000e-01
1.237500e+00 -2.625000e-01
1.425000e+00 -1.500000e-01
1.500000e+00 -7.500000e-02
1.425000e+00 -7.500000e-02
1.500000e+00 -2.250000e-01
1.237500e+00 -7.500000e-02
1.237500e+00 -1.125000e-01
1.237500e+00 -3.750000e-02
1.275000e+00 -1.500000e-01
1.350000e+00 -7.500000e-02
1.312500e+00 -3.750000e-02
1.275000e+00 0.000000e+00
-1.312500e+00 3.750000e-02
-1.312500e+00 1.125000e-01
-1.350000e+00 7.500000e-02
-1.237500e+00 3.750000e-02
-1.425000e+00 7.500000e-02
-1.237500e+00 7.500000e-02
-1.200000e+00 1.125000e-01
-1.237500e+00 1.125000e-01
-1.200000e+00 3.750000e-02
-1.237500e+00 2.250000e-01
-1.200000e+00 1.875000e-01
-1.237500e+00 1.875000e-01
-1.237500e+00 2.625000e-01
-1.312500e+00 1.875000e-01
-1.425000e+00 2.250000e-01
-1.500000e+00 1.500000e-01
-1.312500e+00 2.625000e-01
-1.350000e+00 2.250000e-01
-1.275000e+00 3.000000e-01
-1.425000e+00 3.000000e-01
-1.050000e+00 7.500000e-02
-9.750000e-01 7.500000e-02
-1.162500e+00 3.750000e-02
-1.087500e+00 1.125000e-01
-9.750000e-01 2.250000e-01
-1.162500e+00 1.875000e-01
-1.162500e+00 2.625000e-01
-1.162500e+00 1.500000e-01
-1.162500e+00 7.500000e-02
-1.162500e+00 1.125000e-01
-1.125000e+00 1.125000e-01
-1.087500e+00 2.625000e-01
-1.050000e+00 2.250000e-01
-1.087500e+00 3.000000e-01
-1.162500e+00 3.000000e-01
-9.750000e-01 3.000000e-01
-7.500000e-01 7.500000e-02
-6.750000e-01 7.500000e-02
-8.250000e-01 7.500000e-02
-6.750000e-01 2.250000e-01
-8.250000e-01 2.250000e-01
-6.750000e-01 3.000000e-01
-8.250000e-01 3.000000e-01
-3.750000e-01 2.250000e-01
-5.250000e-01 2.250000e-01
-4.500000e-01 2.250000e-01
-3.750000e-01 3.000000e-01
-7.500000e-02 7.500000e-02
-7.500000e-02 1.500000e-01
-7.500000e-02 2.250000e-01
0.000000e+00 2.250000e-01
-2.250000e-01 2.250000e-01
-1.500000e-01 2.250000e-01
-7.500000e-02 3.000000e-01
2.250000e-01 7.500000e-02
7.500000e-02 7.500000e-02
2.250000e-01 1.500000e-01
3.000000e-01 7.500000e-02
2.250000e-01 2.250000e-01
3.000000e-01 2.250000e-01
7.500000e-02 2.250000e-01
5.250000e-01 7.500000e-02
3.750000e-01 7.500000e-02
5.250000e-01 2.250000e-01
3.750000e-01 1.500000e-01
3.750000e-01 2.250000e-01
4.500000e-01 2.250000e-01
3.750000e-01 3.000000e-01
7.875000e-01 1.125000e-01
7.500000e-01 7.500000e-02
8.625000e-01 1.125000e-01
8.250000e-01 1.125000e-01
8.625000e-01 1.500000e-01
7.875000e-01 1.500000e-01
8.625000e-01 2.250000e-01
9.000000e-01 1.875000e-01
8.625000e-01 1.875000e-01
9.000000e-01 2.625000e-01
8.625000e-01 2.625000e-01
8.250000e-01 1.875000e-01
7.875000e-01 1.875000e-01
7.500000e-01 2.250000e-01
8.250000e-01 3.000000e-01
1.125000e+00 3.750000e-02
1.087500e+00 3.750000e-02
1.162500e+00 3.750000e-02
1.087500e+00 7.500000e-02
1.050000e+00 3.750000e-02
1.087500e+00 1.125000e-01
1.012500e+00 3.750000e-02
9.375000e-01 3.750000e-02
9.375000e-01 1.875000e-01
9.375000e-01 2.625000e-01
1.387500e+00 1.125000e-01
1.350000e+00 7.500000e-02
1.312500e+00 3.750000e-02
1.237500e+00 3.750000e-02
1.462500e+00 1.875000e-01
1.425000e+00 1.500000e-01
1.387500e+00 1.875000e-01
1.500000e+00 2.250000e-01
1.462500e+00 2.625000e-01
1.462500e+00 1.125000e-01
1.500000e+00 7.500000e-02
1.237500e+00 2.625000e-01
1.350000e+00 2.250000e-01
1.425000e+00 3.000000e-01
1.312500e+00 2.625000e-01
1.275000e+00 3.000000e-01
-1.312500e+00 3.375000e-01
-1.312500e+00 4.125000e-01
-1.350000e+00 3.750000e-01
-1.237500e+00 3.375000e-01
-1.387500e+00 3.375000e-01
-1.387500e+00 4.125000e-01
-1.462500e+00 3.375000e-01
-1.200000e+00 4.125000e-01
-1.237500e+00 4.125000e-01
-1.275000e+00 4.125000e-01
-1.237500e+00 4.500000e-01
-1.312500e+00 4.500000e-01
-1.237500e+00 5.250000e-01
-1.200000e+00 4.875000e-01
-1.237500e+00 4.875000e-01
-1.200000e+00 5.625000e-01
-1.237500e+00 5.625000e-01
-1.275000e+00 4.875000e-01
-1.312500e+00 4.875000e-01
-1.425000e+00 4.500000e-01
-1.387500e+00 4.875000e-01
-1.462500e+00 4.125000e-01
-1.500000e+00 3.750000e-01
-1.312500e+00 5.625000e-01
-1.350000e+00 5.250000e-01
-1.275000e+00 6.000000e-01
-1.387500e+00 5.625000e-01
-1.425000e+00 6.000000e-01
-1.012500e+00 3.375000e-01
-1.050000e+00 3.375000e-01
-1.012500e+00 4.125000e-01
-1.050000e+00 4.125000e-01
-1.125000e+00 3.375000e-01
-1.087500e+00 3.375000e-01
-1.162500e+00 3.375000e-01
-1.087500e+00 3.750000e-01
-1.087500e+00 4.125000e-01
-9.000000e-01 4.125000e-01
-9.375000e-01 4.125000e-01
-9.375000e-01 5.250000e-01
-9.000000e-01 4.875000e-01
-9.375000e-01 4.875000e-01
-9.000000e-01 5.625000e-01
-9.375000e-01 5.625000e-01
-1.162500e+00 4.875000e-01
-1.162500e+00 5.625000e-01
-1.162500e+00 3.750000e-01
-1.162500e+00 4.125000e-01
-1.125000e+00 6.000000e-01
-9.750000e-01 6.000000e-01
-7.125000e-01 3.375000e-01
-7.125000e-01 4.125000e-01
-7.500000e-01 3.750000e-01
-6.375000e-01 3.375000e-01
-7.875000e-01 3.375000e-01
-7.875000e-01 4.125000e-01
-8.625000e-01 3.375000e-01
-6.375000e-01 4.875000e-01
-6.750000e-01 4.500000e-01
-7.125000e-01 4.875000e-01
-6.000000e-01 5.250000e-01
-6.375000e-01 5.625000e-01
-6.000000e-01 3.750000e-01
-8.625000e-01 5.250000e-01
-8.625000e-01 4.875000e-01
-8.625000e-01 5.625000e-01
-7.875000e-01 4.875000e-01
-8.250000e-01 4.500000e-01
-8.625000e-01 3.750000e-01
-8.625000e-01 4.125000e-01
-7.500000e-01 5.250000e-01
-6.750000e-01 6.000000e-01
-8.250000e-01 6.000000e-01
-3.750000e-01 3.750000e-01
-5.250000e-01 3.750000e-01
-3.000000e-01 4.500000e-01
-5.250000e-01 5.250000e-01
-4.500000e-01 6.000000e-01
-7.500000e-02 3.750000e-01
-1.500000e-01 6.000000e-01
2.250000e-01 3.750000e-01
2.250000e-01 4.500000e-01
3.000000e-01 3.750000e-01
2.250000e-01 5.250000e-01
3.750000e-01 3.750000e-01
5.250000e-01 5.250000e-01
6.000000e-01 5.250000e-01
8.250000e-01 3.750000e-01
6.750000e-01 3.750000e-01
8.250000e-01 4.500000e-01
8.625000e-01 4.875000e-01
8.625000e-01 5.625000e-01
9.000000e-01 5.250000e-01
7.875000e-01 4.875000e-01
6.375000e-01 4.875000e-01
7.125000e-01 4.875000e-01
6.750000e-01 4.500000e-01
6.375000e-01 5.625000e-01
7.125000e-01 5.625000e-01
7.125000e-01 6.000000e-01
6.375000e-01 6.000000e-01
1.125000e+00 4.500000e-01
1.162500e+00 4.875000e-01
1.162500e+00 5.625000e-01
1.200000e+00 5.250000e-01
1.087500e+00 4.875000e-01
9.375000e-01 5.625000e-01
1.012500e+00 4.875000e-01
9.750000e-01 4.500000e-01
1.050000e+00 5.625000e-01
1.012500e+00 5.625000e-01
1.050000e+00 4.875000e-01
9.750000e-01 5.625000e-01
1.012500e+00 6.000000e-01
9.375000e-01 6.000000e-01
1.087500e+00 5.250000e-01
1.087500e+00 5.625000e-01
1.125000e+00 5.625000e-01
1.087500e+00 6.000000e-01
1.162500e+00 6.000000e-01
1.350000e+00 3.750000e-01
1.312500e+00 3.375000e-01
1.312500e+00 4.125000e-01
1.275000e+00 4.500000e-01
1.275000e+00 5.250000e-01
-1.275000e+00 6.750000e-01
-1.425000e+00 6.750000e-01
-1.275000e+00 8.250000e-01
-1.200000e+00 7.500000e-01
-1.425000e+00 8.250000e-01
-1.350000e+00 8.250000e-01
-1.425000e+00 9.000000e-01
-1.275000e+00 9.000000e-01
-1.050000e+00 6.750000e-01
-9.750000e-01 6.750000e-01
-1.125000e+00 6.750000e-01
-9.750000e-01 8.250000e-01
-1.125000e+00 8.250000e-01
-1.050000e+00 8.250000e-01
-9.750000e-01 9.000000e-01
-1.125000e+00 9.000000e-01
-7.125000e-01 6.375000e-01
-7.125000e-01 7.125000e-01
-7.500000e-01 6.750000e-01
-8.250000e-01 6.750000e-01
-6.750000e-01 7.500000e-01
-6.000000e-01 8.250000e-01
-8.250000e-01 8.250000e-01
-7.500000e-01 8.250000e-01
-8.250000e-01 9.000000e-01
-7.125000e-01 8.625000e-01
-7.125000e-01 9.000000e-01
-3.750000e-01 6.750000e-01
-5.250000e-01 6.750000e-01
-3.375000e-01 7.875000e-01
-3.750000e-01 7.500000e-01
-4.125000e-01 7.875000e-01
-3.000000e-01 8.250000e-01
-3.375000e-01 8.625000e-01
-3.000000e-01 6.750000e-01
-5.625000e-01 7.875000e-01
-4.875000e-01 7.875000e-01
-5.250000e-01 7.500000e-01
-5.625000e-01 8.625000e-01
-4.875000e-01 8.625000e-01
-4.875000e-01 9.000000e-01
-5.625000e-01 9.000000e-01
-2.250000e-01 6.750000e-01
-7.500000e-02 8.250000e-01
0.000000e+00 7.500000e-01
-2.250000e-01 7.500000e-01
-2.250000e-01 8.250000e-01
-1.500000e-01 8.250000e-01
-2.250000e-01 9.000000e-01
-7.500000e-02 9.000000e-01
2.250000e-01 6.750000e-01
2.250000e-01 7.500000e-01
3.000000e-01 8.250000e-01
3.000000e-01 6.750000e-01
7.500000e-02 8.250000e-01
1.500000e-01 8.250000e-01
7.500000e-02 9.000000e-01
1.875000e-01 8.625000e-01
1.875000e-01 9.000000e-01
4.875000e-01 7.125000e-01
4.500000e-01 6.750000e-01
5.625000e-01 7.125000e-01
5.625000e-01 7.500000e-01
4.875000e-01 7.500000e-01
5.625000e-01 7.875000e-01
5.625000e-01 8.625000e-01
5.250000e-01 7.875000e-01
4.875000e-01 7.875000e-01
3.375000e-01 7.875000e-01
4.125000e-01 7.875000e-01
3.750000e-01 7.500000e-01
3.375000e-01 8.625000e-01
4.500000e-01 8.625000e-01
4.125000e-01 8.625000e-01
4.500000e-01 7.875000e-01
3.750000e-01 8.625000e-01
4.125000e-01 9.000000e-01
3.375000e-01 9.000000e-01
4.875000e-01 8.250000e-01
4.875000e-01 8.625000e-01
5.625000e-01 9.000000e-01
7.875000e-01 6.375000e-01
7.875000e-01 6.750000e-01
7.500000e-01 6.375000e-01
7.875000e-01 7.125000e-01
7.500000e-01 7.125000e-01
6.750000e-01 6.375000e-01
7.125000e-01 6.375000e-01
6.375000e-01 6.375000e-01
7.125000e-01 7.125000e-01
9.000000e-01 7.125000e-01
8.625000e-01 7.125000e-01
8.250000e-01 7.125000e-01
8.625000e-01 7.500000e-01
9.000000e-01 7.875000e-01
8.625000e-01 7.875000e-01
9.000000e-01 8.625000e-01
8.625000e-01 8.625000e-01
7.875000e-01 7.875000e-01
6.375000e-01 7.875000e-01
6.375000e-01 8.625000e-01
6.750000e-01 7.875000e-01
6.375000e-01 7.500000e-01
7.125000e-01 7.875000e-01
6.375000e-01 7.125000e-01
7.500000e-01 8.625000e-01
7.125000e-01 8.625000e-01
7.500000e-01 7.875000e-01
6.750000e-01 8.625000e-01
7.125000e-01 9.000000e-01
6.375000e-01 9.000000e-01
7.875000e-01 8.250000e-01
7.875000e-01 8.625000e-01
1.087500e+00 6.375000e-01
1.162500e+00 6.375000e-01
1.087500e+00 7.125000e-01
1.050000e+00 6.750000e-01
9.750000e-01 6.375000e-01
1.012500e+00 6.375000e-01
9.375000e-01 6.375000e-01
1.012500e+00 7.125000e-01
1.200000e+00 6.750000e-01
1.125000e+00 7.500000e-01
1.200000e+00 8.250000e-01
1.087500e+00 7.875000e-01
9.375000e-01 8.250000e-01
9.375000e-01 7.875000e-01
9.375000e-01 8.625000e-01
1.012500e+00 7.875000e-01
9.750000e-01 7.500000e-01
9.375000e-01 6.750000e-01
9.375000e-01 7.125000e-01
1.050000e+00 8.625000e-01
1.012500e+00 8.625000e-01
1.050000e+00 7.875000e-01
9.750000e-01 8.625000e-01
1.012500e+00 9.000000e-01
9.375000e-01 9.000000e-01
1.087500e+00 8.250000e-01
1.087500e+00 8.625000e-01
1.125000e+00 9.000000e-01
1.275000e+00 6.750000e-01
1.425000e+00 8.250000e-01
1.500000e+00 7.500000e-01
1.275000e+00 7.500000e-01
1.275000e+00 8.250000e-01
1.350000e+00 9.000000e-01
-1.350000e+00 9.750000e-01
-1.275000e+00 9.750000e-01
-1.425000e+00 9.750000e-01
-1.200000e+00 9.750000e-01
-1.275000e+00 1.125000e+00
-1.425000e+00 1.050000e+00
-1.425000e+00 1.125000e+00
-1.500000e+00 9.750000e-01
-1.350000e+00 1.125000e+00
-1.425000e+00 1.200000e+00
-1.275000e+00 1.200000e+00
-1.050000e+00 9.750000e-01
-9.750000e-01 9.750000e-01
-1.125000e+00 9.750000e-01
-9.000000e-01 9.750000e-01
-9.750000e-01 1.125000e+00
-1.125000e+00 1.050000e+00
-1.125000e+00 1.125000e+00
-1.050000e+00 1.125000e+00
-1.125000e+00 1.200000e+00
-9.750000e-01 1.200000e+00
-6.750000e-01 9.375000e-01
-7.125000e-01 9.375000e-01
-6.375000e-01 9.375000e-01
-7.500000e-01 9.375000e-01
-7.125000e-01 1.012500e+00
-7.500000e-01 1.012500e+00
-7.875000e-01 9.375000e-01
-8.625000e-01 9.375000e-01
-7.875000e-01 9.750000e-01
-7.875000e-01 1.012500e+00
-6.375000e-01 1.012500e+00
-6.000000e-01 9.750000e-01
-6.750000e-01 1.050000e+00
-6.375000e-01 1.162500e+00
-6.000000e-01 1.125000e+00
-7.125000e-01 1.087500e+00
-8.250000e-01 1.050000e+00
-8.625000e-01 1.012500e+00
-7.125000e-01 1.162500e+00
-7.500000e-01 1.125000e+00
-6.750000e-01 1.200000e+00
-4.125000e-01 9.375000e-01
-4.125000e-01 9.750000e-01
-4.500000e-01 9.375000e-01
-4.125000e-01 1.012500e+00
-4.500000e-01 1.012500e+00
-5.250000e-01 9.375000e-01
-4.875000e-01 9.375000e-01
-5.625000e-01 9.375000e-01
-4.875000e-01 1.012500e+00
-3.375000e-01 1.012500e+00
-3.750000e-01 1.012500e+00
-3.375000e-01 1.050000e+00
-4.125000e-01 1.050000e+00
-3.375000e-01 1.087500e+00
-3.375000e-01 1.162500e+00
-3.000000e-01 1.125000e+00
-3.750000e-01 1.087500e+00
-4.125000e-01 1.087500e+00
-5.625000e-01 1.162500e+00
-4.875000e-01 1.087500e+00
-5.250000e-01 1.050000e+00
-5.625000e-01 1.012500e+00
-4.875000e-01 1.125000e+00
-4.500000e-01 1.162500e+00
-4.875000e-01 1.162500e+00
-4.500000e-01 1.087500e+00
-5.250000e-01 1.162500e+00
-4.875000e-01 1.200000e+00
-5.625000e-01 1.200000e+00
-4.125000e-01 1.162500e+00
-3.750000e-01 1.162500e+00
-4.125000e-01 1.200000e+00
-3.375000e-01 1.200000e+00
-1.125000e-01 9.375000e-01
-3.750000e-02 9.375000e-01
-1.125000e-01 1.012500e+00
-1.500000e-01 9.750000e-01
-1.875000e-01 9.375000e-01
-2.625000e-01 9.375000e-01
-1.875000e-01 1.012500e+00
0.000000e+00 9.750000e-01
-3.750000e-02 1.125000e+00
0.000000e+00 1.087500e+00
-3.750000e-02 1.087500e+00
-3.750000e-02 1.162500e+00
-1.125000e-01 1.087500e+00
-2.625000e-01 1.162500e+00
-1.875000e-01 1.087500e+00
-2.250000e-01 1.050000e+00
-2.625000e-01 1.012500e+00
-1.875000e-01 1.125000e+00
-1.500000e-01 1.162500e+00
-1.875000e-01 1.162500e+00
-1.500000e-01 1.087500e+00
-2.250000e-01 1.200000e+00
-1.125000e-01 1.125000e+00
-1.125000e-01 1.162500e+00
2.250000e-01 9.375000e-01
1.875000e-01 9.375000e-01
2.625000e-01 9.375000e-01
1.500000e-01 9.375000e-01
1.125000e-01 9.375000e-01
3.750000e-02 9.375000e-01
1.125000e-01 9.750000e-01
1.125000e-01 1.012500e+00
3.000000e-01 9.750000e-01
2.250000e-01 1.050000e+00
1.875000e-01 1.087500e+00
3.750000e-02 1.087500e+00
3.750000e-02 1.162500e+00
1.125000e-01 1.087500e+00
7.500000e-02 1.050000e+00
1.125000e-01 1.125000e+00
1.500000e-01 1.162500e+00
1.125000e-01 1.162500e+00
1.500000e-01 1.087500e+00
7.500000e-02 1.200000e+00
1.875000e-01 1.125000e+00
1.875000e-01 1.162500e+00
5.250000e-01 9.375000e-01
4.875000e-01 9.375000e-01
5.625000e-01 9.375000e-01
4.875000e-01 9.750000e-01
4.500000e-01 9.375000e-01
4.875000e-01 1.012500e+00
4.500000e-01 1.012500e+00
4.125000e-01 9.375000e-01
3.375000e-01 9.375000e-01
4.125000e-01 1.012500e+00
6.000000e-01 1.125000e+00
4.875000e-01 1.087500e+00
4.125000e-01 1.087500e+00
3.750000e-01 1.050000e+00
3.375000e-01 1.012500e+00
4.125000e-01 1.125000e+00
4.500000e-01 1.162500e+00
4.125000e-01 1.162500e+00
4.500000e-01 1.087500e+00
3.750000e-01 1.200000e+00
4.875000e-01 1.162500e+00
8.625000e-01 9.375000e-01
7.125000e-01 9.375000e-01
6.375000e-01 9.375000e-01
9.000000e-01 9.375000e-01
6.750000e-01 1.050000e+00
6.750000e-01 1.125000e+00
6.750000e-01 1.200000e+00
1.050000e+00 9.750000e-01
1.125000e+00 9.750000e-01
9.750000e-01 9.375000e-01
1.012500e+00 9.375000e-01
9.375000e-01 9.375000e-01
1.012500e+00 1.012500e+00
1.125000e+00 1.125000e+00
9.750000e-01 1.050000e+00
9.750000e-01 1.125000e+00
9.375000e-01 9.750000e-01
9.375000e-01 1.012500e+00
1.050000e+00 1.200000e+00
1.425000e+00 9.750000e-01
1.275000e+00 9.750000e-01
1.425000e+00 1.125000e+00
1.500000e+00 1.050000e+00
1.275000e+00 1.125000e+00
1.350000e+00 1.125000e+00
1.425000e+00 1.200000e+00
-1.275000e+00 1.275000e+00
-1.425000e+00 1.275000e+00
-1.500000e+00 1.350000e+00
-1.050000e+00 1.275000e+00
-9.750000e-01 1.275000e+00
-1.125000e+00 1.275000e+00
-9.000000e-01 1.350000e+00
-6.750000e-01 1.275000e+00
-8.250000e-01 1.275000e+00
-6.750000e-01 1.350000e+00
-6.000000e-01 1.275000e+00
-6.750000e-01 1.425000e+00
-6.000000e-01 1.425000e+00
-8.250000e-01 1.425000e+00
-7.500000e-01 1.500000e+00
-3.750000e-01 1.237500e+00
-4.125000e-01 1.237500e+00
-3.375000e-01 1.237500e+00
-4.125000e-01 1.275000e+00
-4.500000e-01 1.237500e+00
-4.125000e-01 1.312500e+00
-4.500000e-01 1.312500e+00
-5.250000e-01 1.237500e+00
-4.875000e-01 1.237500e+00
-5.625000e-01 1.237500e+00
-4.875000e-01 1.275000e+00
-4.875000e-01 1.312500e+00
-3.375000e-01 1.387500e+00
-3.750000e-01 1.350000e+00
-4.125000e-01 1.387500e+00
-3.000000e-01 1.425000e+00
-3.000000e-01 1.275000e+00
-5.250000e-01 1.350000e+00
-4.500000e-01 1.425000e+00
-2.250000e-01 1.275000e+00
-7.500000e-02 1.425000e+00
-2.250000e-01 1.425000e+00
-1.500000e-01 1.500000e+00
7.500000e-02 1.275000e+00
3.000000e-01 1.425000e+00
2.250000e-01 1.425000e+00
1.500000e-01 1.500000e+00
5.625000e-01 1.387500e+00
5.250000e-01 1.350000e+00
4.875000e-01 1.387500e+00
6.000000e-01 1.425000e+00
5.625000e-01 1.462500e+00
6.000000e-01 1.275000e+00
4.125000e-01 1.387500e+00
3.750000e-01 1.350000e+00
3.375000e-01 1.462500e+00
4.875000e-01 1.462500e+00
4.500000e-01 1.425000e+00
5.250000e-01 1.500000e+00
4.125000e-01 1.462500e+00
3.750000e-01 1.500000e+00
7.875000e-01 1.237500e+00
7.500000e-01 1.237500e+00
7.875000e-01 1.312500e+00
7.500000e-01 1.312500e+00
7.125000e-01 1.237500e+00
6.375000e-01 1.237500e+00
7.125000e-01 1.275000e+00
7.125000e-01 1.312500e+00
8.250000e-01 1.350000e+00
9.000000e-01 1.425000e+00
8.250000e-01 1.425000e+00
6.750000e-01 1.350000e+00
6.750000e-01 1.425000e+00
6.375000e-01 1.312500e+00
7.500000e-01 1.500000e+00
9.750000e-01 1.425000e+00
1.050000e+00 1.500000e+00
1.425000e+00 1.275000e+00
1.500000e+00 1.350000e+00
simplices
0 1 259
259 702 703
12 702 703
1 259 703
0 11 259
11 259 260
259 260 702
260 702 704
12 702 704
1 2 262
2 261 262
13 261 262
12 262 703
1 262 703
13 262 705
12 262 705
121 706 707
3 706 707
2 121 707
121 263 264
14 263 708
263 264 708
121 264 706
264 706 709
3 706 709
121 261 265
13 261 265
2 121 261
121 122 265
122 265 266
13 265 266
121 122 263
122 263 267
14 263 267
123 710 712
4 710 712
123 711 712
3 711 712
123 713 714
15 713 714
123 710 714
4 710 714
264 715 716
123 715 716
264 708 716
14 708 716
264 711 715
123 711 715
264 709 711
3 709 711
124 716 717
123 716 717
124 716 718
14 716 718
124 713 717
123 713 717
124 713 719
15 713 719
125 720 722
5 720 722
125 721 722
4 721 722
125 723 724
16 723 724
125 720 724
5 720 724
125 714 725
15 714 725
125 714 721
4 714 721
126 725 726
125 725 726
126 725 727
15 725 727
126 723 726
125 723 726
126 723 728
16 723 728
127 729 730
6 729 730
5 127 730
268 731 733
127 731 733
268 732 733
17 732 733
268 729 731
127 729 731
268 729 734
6 729 734
127 724 735
16 724 735
5 127 724
127 128 735
128 735 736
16 735 736
127 128 733
128 733 737
17 733 737
129 269 738
269 271 738
7 269 271
270 738 740
129 738 740
270 738 739
271 738 739
270 741 742
6 741 742
270 739 741
271 739 741
272 744 745
129 744 745
272 743 744
273 743 744
272 746 747
18 746 747
272 743 746
273 743 746
129 269 744
269 273 744
7 269 273
268 274 749
274 748 749
129 748 749
268 274 732
274 732 750
17 732 750
268 270 749
270 740 749
129 740 749
268 270 734
270 734 742
6 734 742
274 275 751
130 275 751
274 275 748
275 748 752
129 748 752
276 751 753
274 751 753
276 751 754
130 751 754
276 750 753
274 750 753
17 276 750
275 755 756
272 755 756
130 275 756
275 745 755
272 745 755
275 745 752
129 745 752
272 277 756
130 277 756
272 277 747
18 277 747
279 280 757
8 280 757
7 279 280
278 757 759
8 757 759
278 757 758
279 757 758
278 760 761
19 760 761
278 758 760
279 758 760
273 746 762
18 746 762
273 279 762
7 273 279
279 281 762
281 762 763
18 762 763
279 281 760
281 760 764
19 760 764
9 283 284
283 284 765
8 284 765
9 282 283
20 282 283
278 761 766
19 761 766
278 283 766
278 759 765
8 759 765
278 283 765
283 285 766
19 285 766
20 283 285
288 767 769
287 767 769
288 768 769
10 768 769
288 767 771
287 767 771
288 770 771
9 770 771
10 286 769
286 287 769
21 286 772
286 287 772
20 282 773
282 287 773
9 282 771
282 287 771
287 772 774
21 772 774
287 773 774
20 773 774
260 704 776
12 704 776
260 775 776
290 775 776
11 260 777
260 775 777
290 775 777
289 776 778
12 776 778
289 290 776
23 289 779
289 290 779
22 290 780
290 777 780
11 777 780
22 290 291
290 291 779
291 779 781
23 779 781
13 132 705
132 705 782
12 705 782
13 131 132
131 292 784
292 783 784
24 783 784
131 132 292
289 293 786
293 785 786
132 785 786
23 289 293
289 782 786
132 782 786
289 778 782
12 778 782
294 787 789
293 787 789
294 788 789
133 788 789
294 785 787
293 785 787
132 294 785
293 789 790
133 789 790
23 293 790
292 294 791
294 788 791
133 788 791
132 292 294
295 791 792
292 791 792
295 791 793
133 791 793
295 783 792
292 783 792
295 783 794
24 783 794
122 267 297
14 267 297
122 296 297
135 296 297
122 266 298
13 266 298
122 296 298
135 296 298
297 300 795
134 300 795
14 297 300
297 299 795
299 795 796
134 795 796
135 297 299
301 797 799
134 797 799
301 798 799
25 798 799
299 796 797
134 796 797
299 797 800
301 797 800
135 299 801
299 800 801
301 800 801
131 784 802
24 784 802
131 135 802
13 131 298
131 135 298
136 802 803
135 802 803
136 802 804
24 802 804
301 803 805
136 803 805
301 801 803
135 801 803
301 805 806
136 805 806
301 798 806
25 798 806
124 302 719
15 302 719
124 138 302
124 303 718
14 303 718
124 138 303
137 302 807
15 302 807
137 302 304
138 302 304
137 305 306
26 305 306
137 304 305
138 304 808
304 305 808
307 799 809
134 799 809
307 799 810
25 799 810
307 811 812
138 811 812
307 809 812
134 809 812
134 300 303
14 300 303
138 303 812
134 303 812
308 813 815
307 813 815
308 814 815
139 814 815
308 811 813
307 811 813
308 811 816
138 811 816
307 309 815
139 309 815
307 309 810
25 309 810
308 817 818
305 817 818
308 814 818
139 814 818
308 808 817
305 808 817
308 808 816
138 808 816
305 818 819
139 818 819
26 305 819
126 310 728
16 310 728
310 820 821
141 820 821
126 310 821
126 311 727
15 311 727
311 821 822
141 821 822
126 311 821
310 823 824
140 823 824
16 310 824
312 823 825
310 823 825
312 823 826
140 823 826
312 820 825
310 820 825
312 820 827
141 820 827
314 828 830
313 828 830
314 829 830
140 829 830
314 828 832
313 828 832
314 831 832
27 831 832
312 826 830
140 826 830
312 830 833
313 830 833
312 827 834
141 827 834
312 833 834
313 833 834
137 306 835
306 316 835
26 306 836
306 316 836
315 835 837
137 835 837
315 316 835
141 315 838
315 316 838
311 807 839
137 807 839
15 311 807
315 839 840
311 839 840
315 837 839
137 837 839
315 822 840
311 822 840
141 315 822
316 841 842
142 841 842
316 838 842
141 838 842
316 841 843
142 841 843
316 836 843
26 836 843
313 842 844
142 842 844
313 834 842
141 834 842
313 844 845
142 844 845
313 832 845
27 832 845
128 737 847
17 737 847
128 846 847
144 846 847
128 736 848
16 736 848
128 846 848
144 846 848
143 847 850
17 847 850
143 847 849
144 847 849
143 851 852
28 851 852
143 849 851
144 849 851
314 829 854
140 829 854
314 853 854
317 853 854
314 831 855
27 831 855
314 853 855
317 853 855
144 317 856
317 854 856
140 854 856
140 824 848
16 824 848
140 848 856
144 848 856
144 145 317
145 317 857
317 855 857
27 855 857
144 145 851
145 851 858
28 851 858
130 277 319
18 277 859
277 319 859
130 318 319
147 318 319
276 754 860
130 754 860
276 320 860
17 276 320
130 318 860
318 320 860
147 318 320
319 322 862
322 861 862
146 861 862
319 322 859
322 859 863
18 859 863
319 321 862
146 321 862
147 319 321
146 323 865
323 864 865
29 864 865
146 321 323
147 321 323
143 324 852
28 324 852
324 866 867
147 866 867
143 324 867
143 320 850
17 320 850
147 320 867
143 320 867
325 868 870
324 868 870
325 869 870
148 869 870
325 866 868
324 866 868
147 325 866
324 870 871
148 870 871
28 324 871
323 325 872
325 869 872
148 869 872
147 323 325
323 326 872
148 326 872
323 326 864
326 864 873
29 864 873
327 874 876
281 874 876
327 875 876
149 875 876
327 764 874
281 764 874
327 764 877
19 764 877
328 876 878
281 876 878
328 876 879
149 876 879
328 763 878
281 763 878
328 763 880
18 763 880
329 881 883
149 881 883
329 882 883
30 882 883
327 875 881
149 875 881
327 881 884
329 881 884
327 877 885
19 877 885
327 884 885
329 884 885
146 330 865
29 330 865
330 886 887
149 886 887
146 330 887
322 861 889
146 861 889
322 888 889
328 888 889
322 863 880
18 863 880
322 880 888
328 880 888
328 879 887
149 879 887
328 887 889
146 887 889
330 890 891
150 890 891
330 886 891
149 886 891
330 331 890
150 331 890
29 330 331
150 883 891
149 883 891
150 883 892
30 883 892
20 285 332
19 285 893
285 332 893
332 894 895
31 894 895
20 332 895
329 882 896
30 882 896
329 332 896
329 885 893
19 885 893
329 332 893
332 333 896
333 896 897
30 896 897
332 333 894
333 894 898
31 894 898
21 774 899
20 774 899
21 32 899
31 895 899
20 895 899
31 899 900
32 899 900
152 291 334
291 334 781
334 781 901
23 781 901
152 291 335
22 291 335
151 334 336
334 336 901
336 901 902
23 901 902
152 334 903
151 334 903
338 904 905
337 904 905
151 338 905
338 904 907
337 904 907
338 906 907
34 906 907
152 337 903
337 903 905
151 903 905
152 339 340
33 339 340
152 335 340
22 335 340
152 337 341
337 907 908
34 907 908
337 341 908
152 339 341
33 339 341
295 793 909
133 793 909
295 342 909
295 794 910
24 794 910
295 342 910
342 911 912
154 911 912
342 909 912
133 909 912
133 343 790
343 790 913
23 790 913
154 343 912
133 343 912
342 914 915
153 914 915
342 910 915
24 910 915
342 911 916
154 911 916
342 914 916
153 914 916
35 153 344
154 344 916
153 344 916
151 338 346
338 906 917
34 906 917
338 346 917
151 345 346
154 345 346
151 336 919
336 918 919
343 918 919
336 902 913
23 902 913
336 913 918
343 913 918
343 345 919
151 345 919
154 343 345
154 155 346
155 346 347
346 347 917
34 347 917
154 155 344
155 344 348
35 344 348
136 806 920
25 806 920
136 157 920
136 804 921
24 804 921
136 157 921
156 920 923
25 920 923
156 920 922
157 920 922
349 350 925
350 924 925
156 924 925
36 349 350
157 349 922
349 922 925
156 922 925
35 153 927
153 926 927
157 926 927
153 915 921
24 915 921
153 921 926
157 921 926
157 158 927
35 158 927
157 158 349
36 158 349
139 351 819
351 819 928
26 819 928
159 351 929
139 351 929
139 309 930
309 352 930
25 309 931
309 352 931
352 929 932
159 929 932
352 929 930
139 929 930
159 353 933
353 354 933
37 353 934
353 354 934
159 351 933
351 933 935
354 933 935
351 928 936
26 928 936
351 935 936
354 935 936
350 924 938
156 924 938
350 937 938
356 937 938
36 350 939
350 937 939
356 937 939
355 938 941
156 938 941
355 938 940
356 938 940
355 942 943
159 942 943
355 940 942
356 940 942
352 923 944
156 923 944
352 923 931
25 923 931
355 944 945
352 944 945
355 941 944
156 941 944
355 932 945
352 932 945
355 932 943
159 932 943
159 353 946
353 357 946
37 353 947
353 357 947
356 942 946
159 942 946
356 357 946
356 939 948
36 939 948
356 357 948
358 845 949
142 845 949
358 845 950
27 845 950
160 358 951
358 949 951
142 949 951
142 359 843
26 359 843
160 359 951
142 359 951
360 953 954
160 953 954
360 952 953
361 952 953
38 360 955
360 952 955
361 952 955
160 358 953
358 361 953
358 950 956
27 950 956
358 361 956
362 957 959
354 957 959
362 958 959
160 958 959
362 934 957
354 934 957
37 362 934
354 359 959
160 359 959
354 359 936
26 359 936
360 954 961
160 954 961
360 960 961
363 960 961
38 360 962
360 960 962
363 960 962
362 958 961
160 958 961
362 363 961
37 362 963
362 363 963
145 858 965
28 858 965
145 964 965
161 964 965
145 857 966
27 857 966
145 964 966
161 964 966
161 967 968
39 967 968
161 965 968
28 965 968
361 969 970
161 969 970
361 955 970
38 955 970
361 966 969
161 966 969
361 956 966
27 956 966
161 364 967
364 967 971
39 967 971
161 364 970
364 970 972
38 970 972
148 326 974
326 973 974
365 973 974
326 873 975
29 873 975
326 973 975
365 973 975
365 976 977
162 976 977
365 974 977
148 974 977
148 871 978
28 871 978
148 977 978
162 977 978
366 979 980
162 979 980
40 366 980
365 976 979
162 976 979
365 979 981
366 979 981
365 975 982
29 975 982
365 981 982
366 981 982
162 968 983
39 968 983
162 968 978
28 968 978
162 367 980
367 980 984
40 980 984
162 367 983
367 983 985
39 983 985
150 369 892
369 892 986
30 892 986
150 368 369
164 368 369
150 331 370
29 331 987
331 370 987
150 368 370
164 368 988
368 370 988
372 989 991
369 989 991
372 990 991
163 990 991
372 986 989
369 986 989
30 372 986
369 371 991
163 371 991
164 369 371
163 373 993
373 992 993
41 992 993
163 371 373
164 371 994
371 373 994
366 995 996
164 995 996
40 366 996
370 995 997
366 995 997
370 988 995
164 988 995
370 982 997
366 982 997
370 982 987
29 982 987
373 994 999
164 994 999
373 998 999
374 998 999
373 992 1000
41 992 1000
373 998 1000
374 998 1000
374 996 999
164 996 999
374 996 1001
40 996 1001
375 1002 1004
333 1002 1004
375 1003 1004
165 1003 1004
375 898 1002
333 898 1002
31 375 898
376 1004 1005
333 1004 1005
165 376 1004
376 897 1005
333 897 1005
376 897 1006
30 897 1006
377 1008 1009
165 1008 1009
377 1007 1008
378 1007 1008
377 1010 1011
42 1010 1011
377 1007 1010
378 1007 1010
375 1003 1008
165 1003 1008
375 1008 1012
378 1008 1012
31 375 1013
375 1012 1013
378 1012 1013
163 379 993
41 379 993
165 379 1014
163 379 1014
372 990 1015
163 990 1015
372 376 1015
30 372 1006
372 376 1006
165 376 1014
376 1014 1015
163 1014 1015
166 379 380
165 379 380
166 379 381
41 379 381
166 377 380
377 380 1009
165 380 1009
166 377 1016
377 1011 1016
42 1011 1016
32 382 900
382 900 1017
31 900 1017
32 43 382
378 1010 1018
42 1010 1018
378 382 1018
378 1013 1017
31 1013 1017
378 382 1017
43 382 1019
382 1018 1019
42 1018 1019
168 341 1020
341 908 1020
34 908 1020
33 168 341
167 1020 1022
34 1020 1022
167 1020 1021
168 1020 1021
45 167 1023
167 1021 1023
168 1021 1023
33 44 168
168 1023 1024
45 1023 1024
44 168 1024
155 348 384
35 348 384
155 383 384
170 383 1025
383 384 1025
155 347 385
34 347 385
155 383 385
170 383 385
384 387 1026
169 387 1026
35 384 387
384 386 1026
386 1026 1027
169 1026 1027
384 386 1025
386 1025 1028
170 1025 1028
389 1029 1031
388 1029 1031
389 1030 1031
169 1030 1031
389 1029 1033
388 1029 1033
389 1032 1033
46 1032 1033
386 1027 1031
169 1027 1031
386 1031 1034
388 1031 1034
386 1028 1035
170 1028 1035
386 1034 1035
388 1034 1035
45 167 390
167 170 390
167 385 1022
34 385 1022
167 170 385
171 390 1036
170 390 1036
171 390 391
45 390 391
171 388 1036
388 1035 1036
170 1035 1036
171 388 1037
388 1033 1037
46 1033 1037
36 158 392
172 392 1038
158 392 1038
35 158 393
393 1038 1039
172 1038 1039
158 393 1038
172 394 395
47 394 1040
394 395 1040
172 392 395
36 392 395
389 1030 1041
169 1030 1041
389 397 1041
389 1032 1042
46 1032 1042
389 397 1042
169 396 1041
396 1041 1043
397 1041 1043
396 1044 1045
172 1044 1045
396 1043 1044
397 1043 1044
169 387 393
35 387 393
169 393 396
393 396 1039
396 1039 1045
172 1039 1045
172 394 1046
394 398 1046
47 394 398
397 1044 1046
172 1044 1046
397 1046 1047
398 1046 1047
397 1042 1048
46 1042 1048
397 1047 1048
398 1047 1048
357 947 1050
37 947 1050
357 1049 1050
400 1049 1050
357 948 1051
36 948 1051
357 1049 1051
400 1049 1051
399 1050 1053
37 1050 1053
399 1050 1052
400 1050 1052
399 1054 1055
48 1054 1055
399 1052 1054
400 1052 1054
395 1040 1057
47 1040 1057
395 1056 1057
400 1056 1057
36 395 1051
395 1051 1056
400 1051 1056
401 1057 1058
400 1057 1058
401 1057 1059
47 1057 1059
401 1054 1058
400 1054 1058
401 1054 1060
48 1054 1060
363 962 1062
38 962 1062
363 1061 1062
403 1061 1062
363 963 1063
37 963 1063
363 1061 1063
403 1061 1063
402 1062 1065
38 1062 1065
402 1062 1064
403 1062 1064
49 402 1066
402 1064 1066
403 1064 1066
399 1055 1067
48 1055 1067
399 403 1067
399 1053 1063
37 1053 1063
399 403 1063
404 1067 1068
403 1067 1068
404 1067 1069
48 1067 1069
404 1066 1068
403 1066 1068
404 1066 1070
49 1066 1070
364 971 1072
39 971 1072
364 1071 1072
406 1071 1072
364 972 1073
38 972 1073
364 1071 1073
406 1071 1073
405 1072 1075
39 1072 1075
405 1072 1074
406 1072 1074
50 405 1076
405 1074 1076
406 1074 1076
49 402 1077
402 406 1077
402 1065 1073
38 1065 1073
402 406 1073
407 1077 1078
406 1077 1078
407 1077 1079
49 1077 1079
407 1076 1078
406 1076 1078
407 1076 1080
50 1076 1080
367 984 1082
40 984 1082
367 1081 1082
409 1081 1082
367 985 1083
39 985 1083
367 1081 1083
409 1081 1083
408 1082 1085
40 1082 1085
408 1082 1084
409 1082 1084
51 408 1086
408 1084 1086
409 1084 1086
50 405 409
405 1075 1083
39 1075 1083
405 409 1083
50 409 410
409 410 1086
51 410 1086
174 374 1087
374 1000 1087
41 1000 1087
174 374 1088
374 1001 1088
40 1001 1088
173 1087 1089
41 1087 1089
173 174 1087
173 1090 1091
52 1090 1091
173 174 1090
174 408 1092
51 408 1092
174 408 1088
408 1085 1088
40 1085 1088
411 1090 1093
174 1090 1093
52 411 1090
411 1092 1093
174 1092 1093
411 1092 1094
51 1092 1094
166 1016 1096
42 1016 1096
166 1095 1096
176 1095 1096
166 381 412
41 381 1097
381 412 1097
412 1095 1098
176 1095 1098
166 412 1095
175 1096 1099
42 1096 1099
175 176 1096
175 413 1101
413 1100 1101
53 1100 1101
175 176 413
414 1091 1102
173 1091 1102
414 1091 1103
52 1091 1103
414 1104 1105
176 1104 1105
414 1102 1105
173 1102 1105
412 1089 1106
173 1089 1106
412 1089 1097
41 1089 1097
412 1098 1105
176 1098 1105
412 1105 1106
173 1105 1106
414 1107 1108
177 1107 1108
414 1104 1108
176 1104 1108
415 1107 1109
414 1107 1109
415 1107 1110
177 1107 1110
415 1103 1109
414 1103 1109
52 415 1103
413 1108 1111
177 1108 1111
176 413 1108
416 1111 1112
413 1111 1112
416 1111 1113
177 1111 1113
416 1100 1112
413 1100 1112
53 416 1100
43 178 1019
178 1019 1114
42 1019 1114
178 1115 1116
54 1115 1116
43 178 1116
175 1101 1118
53 1101 1118
175 1117 1118
178 1117 1118
175 1099 1114
42 1099 1114
175 1114 1117
178 1114 1117
178 417 1115
417 1115 1119
54 1115 1119
178 417 1118
417 1118 1120
53 1118 1120
45 180 1024
44 180 1024
45 179 180
56 179 1121
179 180 1121
180 1122 1123
55 1122 1123
44 180 1123
180 418 1121
418 1121 1124
56 1121 1124
180 418 1122
418 1122 1125
55 1122 1125
171 420 1037
420 1037 1126
46 1037 1126
171 419 420
182 419 420
171 391 421
45 391 421
171 419 421
182 419 421
181 420 422
420 422 1126
422 1126 1127
46 1126 1127
182 420 1128
181 420 1128
424 1129 1131
423 1129 1131
424 1130 1131
181 1130 1131
424 1129 1133
423 1129 1133
424 1132 1133
57 1132 1133
423 1128 1134
182 1128 1134
423 1128 1131
181 1128 1131
56 179 1135
179 182 1135
45 179 421
179 182 421
183 1135 1136
182 1135 1136
183 1135 1137
56 1135 1137
183 423 1136
423 1134 1136
182 1134 1136
183 423 1138
423 1133 1138
57 1133 1138
398 425 1139
184 425 1139
47 398 425
398 426 1139
426 1139 1140
184 1139 1140
398 426 1048
426 1048 1141
46 1048 1141
184 427 428
58 427 428
184 425 428
47 425 428
424 1130 1142
181 1130 1142
424 430 1142
424 1132 1143
57 1132 1143
424 430 1143
429 1142 1144
181 1142 1144
429 430 1142
184 429 430
181 422 1146
422 1145 1146
426 1145 1146
422 1127 1141
46 1127 1141
422 1141 1145
426 1141 1145
429 1146 1147
426 1146 1147
429 1144 1146
181 1144 1146
429 1140 1147
426 1140 1147
184 429 1140
184 427 431
58 427 1148
427 431 1148
184 430 431
430 1143 1149
57 1143 1149
430 431 1149
401 1060 1151
48 1060 1151
401 1150 1151
433 1150 1151
401 1059 1152
47 1059 1152
401 1150 1152
433 1150 1152
432 1151 1154
48 1151 1154
432 1151 1153
433 1151 1153
59 432 1155
432 1153 1155
433 1153 1155
58 428 433
47 428 1152
428 433 1152
58 433 434
433 434 1155
59 434 1155
404 1070 1157
49 1070 1157
404 1156 1157
436 1156 1157
404 1069 1158
48 1069 1158
404 1156 1158
436 1156 1158
435 1157 1160
49 1157 1160
435 1157 1159
436 1157 1159
435 1161 1162
60 1161 1162
435 1159 1161
436 1159 1161
59 432 436
432 1154 1158
48 1154 1158
432 436 1158
59 436 437
436 437 1161
60 437 1161
407 1080 1164
50 1080 1164
407 1163 1164
439 1163 1164
407 1079 1165
49 1079 1165
407 1163 1165
439 1163 1165
438 1164 1167
50 1164 1167
438 1164 1166
439 1164 1166
438 1168 1169
61 1168 1169
438 1166 1168
439 1166 1168
435 1162 1171
60 1162 1171
435 1170 1171
439 1170 1171
435 1160 1165
49 1160 1165
435 1165 1170
439 1165 1170
440 1171 1172
439 1171 1172
440 1171 1173
60 1171 1173
440 1168 1172
439 1168 1172
61 440 1168
51 410 1174
410 442 1174
50 410 1175
410 442 1175
441 1174 1177
51 1174 1177
441 1174 1176
442 1174 1176
441 1178 1179
62 1178 1179
441 1176 1178
442 1176 1178
438 1169 1180
61 1169 1180
438 442 1180
438 1167 1175
50 1167 1175
438 442 1175
443 1180 1181
442 1180 1181
61 443 1180
443 1178 1181
442 1178 1181
443 1178 1182
62 1178 1182
411 444 1184
444 1183 1184
186 1183 1184
52 411 444
445 1184 1185
411 1184 1185
186 445 1184
445 1094 1185
411 1094 1185
445 1094 1186
51 1094 1186
444 447 1187
185 447 1187
52 444 447
446 1187 1188
444 1187 1188
185 446 1187
446 1183 1188
444 1183 1188
446 1183 1189
186 1183 1189
448 449 1190
185 449 1190
448 449 1191
63 449 1191
185 446 1190
446 1190 1192
448 1190 1192
446 1189 1193
186 1189 1193
446 1192 1193
448 1192 1193
441 450 1195
450 1194 1195
186 1194 1195
441 450 1179
450 1179 1196
62 1179 1196
445 1195 1197
441 1195 1197
186 445 1195
445 1177 1197
441 1177 1197
445 1177 1186
51 1177 1186
448 1193 1199
186 1193 1199
448 1198 1199
451 1198 1199
448 1191 1200
63 1191 1200
448 1198 1200
451 1198 1200
450 1194 1199
186 1194 1199
450 1199 1201
451 1199 1201
450 1196 1202
62 1196 1202
450 1201 1202
451 1201 1202
416 1113 1203
177 1113 1203
416 453 1203
53 416 453
177 452 1203
452 453 1203
188 452 453
415 1110 1204
177 1110 1204
415 454 1204
52 415 454
177 452 1204
452 454 1204
188 452 1205
452 454 1205
187 453 456
53 453 456
187 453 455
188 453 455
457 458 1207
458 1206 1207
187 1206 1207
457 458 1208
64 458 1208
187 455 1207
455 457 1207
188 455 1209
455 457 1209
185 449 460
63 449 1210
449 460 1210
185 459 460
459 1211 1212
188 1211 1212
459 460 1211
185 447 1213
447 454 1213
52 447 454
459 1213 1214
454 1213 1214
185 459 1213
459 1205 1214
454 1205 1214
459 1205 1212
188 1205 1212
461 1215 1217
460 1215 1217
461 1216 1217
189 1216 1217
461 1211 1215
460 1211 1215
461 1211 1218
188 1211 1218
462 1217 1219
460 1217 1219
462 1217 1220
189 1217 1220
462 1210 1219
460 1210 1219
462 1210 1221
63 1210 1221
461 1222 1223
457 1222 1223
461 1216 1223
189 1216 1223
461 1209 1222
457 1209 1222
461 1209 1218
188 1209 1218
463 1223 1224
457 1223 1224
463 1223 1225
189 1223 1225
463 1208 1224
457 1208 1224
463 1208 1226
64 1208 1226
464 1227 1229
417 1227 1229
464 1228 1229
190 1228 1229
464 1119 1227
417 1119 1227
464 1119 1230
54 1119 1230
465 1229 1231
417 1229 1231
465 1229 1232
190 1229 1232
465 1120 1231
417 1120 1231
465 1120 1233
53 1120 1233
466 1234 1236
190 1234 1236
466 1235 1236
65 1235 1236
464 1228 1234
190 1228 1234
464 466 1234
464 1230 1237
54 1230 1237
464 466 1237
458 1206 1239
187 1206 1239
458 1238 1239
467 1238 1239
64 458 1240
458 1238 1240
467 1238 1240
190 467 1241
467 1239 1241
187 1239 1241
187 456 465
53 456 1233
456 465 1233
465 1232 1241
190 1232 1241
187 465 1241
468 1236 1242
190 1236 1242
65 468 1236
190 467 1242
467 1242 1243
468 1242 1243
467 1240 1244
64 1240 1244
467 1243 1244
468 1243 1244
469 1245 1247
418 1245 1247
469 1246 1247
192 1246 1247
469 1124 1245
418 1124 1245
469 1124 1248
56 1124 1248
418 1247 1249
192 1247 1249
418 1125 1249
55 1125 1249
471 1250 1252
469 1250 1252
471 1251 1252
191 1251 1252
471 1248 1250
469 1248 1250
471 1248 1253
56 1248 1253
469 470 1252
191 470 1252
469 470 1246
192 470 1246
473 1254 1256
472 1254 1256
473 1255 1256
191 1255 1256
473 1254 1257
472 1254 1257
67 473 1257
191 470 1256
470 472 1256
192 470 1258
470 472 1258
192 1259 1260
66 1259 1260
192 1249 1260
55 1249 1260
472 1258 1262
192 1258 1262
472 1261 1262
474 1261 1262
472 1257 1263
67 1257 1263
472 1261 1263
474 1261 1263
474 1259 1262
192 1259 1262
474 1259 1264
66 1259 1264
183 1138 1266
57 1138 1266
183 1265 1266
194 1265 1266
183 475 1137
475 1137 1267
56 1137 1267
475 1265 1268
194 1265 1268
183 475 1265
57 193 1266
193 194 1266
68 193 1269
193 194 1269
473 1255 1270
191 1255 1270
473 477 1270
67 473 1271
473 477 1271
476 1270 1272
191 1270 1272
476 477 1270
194 476 477
471 1251 1274
191 1251 1274
471 1273 1274
475 1273 1274
471 1253 1267
56 1253 1267
471 1267 1273
475 1267 1273
476 1274 1275
475 1274 1275
476 1272 1274
191 1272 1274
476 1268 1275
475 1268 1275
194 476 1268
477 1276 1277
195 1276 1277
194 477 1277
477 478 1276
478 1276 1278
195 1276 1278
477 478 1271
478 1271 1279
67 1271 1279
195 1269 1277
194 1269 1277
195 1269 1280
68 1269 1280
431 1281 1282
196 1281 1282
431 1148 1282
58 1148 1282
431 1281 1283
196 1281 1283
431 1149 1283
57 1149 1283
196 479 1284
69 479 1284
196 479 1282
58 479 1282
68 193 1285
193 196 1285
57 193 1283
193 196 1283
196 480 1284
480 1284 1286
69 1284 1286
196 480 1285
480 1285 1287
68 1285 1287
59 434 482
58 434 482
59 481 482
70 481 1288
481 482 1288
69 479 1289
479 482 1289
58 479 482
483 1289 1290
482 1289 1290
69 483 1289
483 1288 1290
482 1288 1290
483 1288 1291
70 1288 1291
60 437 1292
437 485 1292
59 437 485
60 484 1292
484 1292 1293
485 1292 1293
484 1294 1295
71 1294 1295
484 1293 1294
485 1293 1294
70 481 1296
481 485 1296
59 481 485
486 1296 1297
485 1296 1297
70 486 1296
486 1294 1297
485 1294 1297
486 1294 1298
71 1294 1298
61 440 1299
440 488 1299
440 1173 1300
60 1173 1300
440 488 1300
487 1299 1302
61 1299 1302
487 1299 1301
488 1299 1301
487 1303 1304
72 1303 1304
487 1301 1303
488 1301 1303
484 1295 1305
71 1295 1305
484 488 1305
60 484 1300
484 488 1300
488 489 1305
71 489 1305
488 489 1303
72 489 1303
443 1182 1306
62 1182 1306
443 491 1306
61 443 1307
443 491 1307
62 490 1306
490 491 1306
73 490 1308
490 491 1308
487 1304 1310
72 1304 1310
487 1309 1310
491 1309 1310
487 1302 1307
61 1302 1307
487 1307 1309
491 1307 1309
492 1310 1311
491 1310 1311
492 1310 1312
72 1310 1312
492 1308 1311
491 1308 1311
73 492 1308
451 493 1314
493 1313 1314
198 1313 1314
451 493 1200
63 493 1200
451 494 1314
198 494 1314
451 494 1202
62 494 1202
493 496 1315
197 496 1315
63 493 496
495 1315 1316
493 1315 1316
495 1315 1317
197 1315 1317
495 1313 1316
493 1313 1316
495 1313 1318
198 1313 1318
498 1319 1321
497 1319 1321
498 1320 1321
197 1320 1321
498 1319 1323
497 1319 1323
498 1322 1323
74 1322 1323
495 1317 1321
197 1317 1321
495 1321 1324
497 1321 1324
495 1318 1325
198 1318 1325
495 1324 1325
497 1324 1325
198 490 499
73 490 499
198 490 494
62 490 494
497 1325 1326
198 1325 1326
497 500 1326
497 1323 1327
74 1323 1327
497 500 1327
198 499 1326
499 500 1326
73 499 500
463 1225 1329
189 1225 1329
463 1328 1329
502 1328 1329
463 1226 1330
64 1226 1330
463 1328 1330
502 1328 1330
501 1329 1332
189 1329 1332
501 1329 1331
502 1329 1331
200 501 1333
501 1331 1333
502 1331 1333
462 1220 1334
189 1220 1334
462 503 1334
462 1221 1335
63 1221 1335
462 503 1335
501 1332 1334
189 1332 1334
501 503 1334
200 501 503
199 502 505
502 505 1330
64 505 1330
199 502 504
502 504 1333
200 504 1333
199 506 507
75 506 507
199 504 506
200 504 506
498 1320 1336
197 1320 1336
498 509 1336
498 1322 1337
74 1322 1337
498 509 1337
197 508 1336
508 509 1336
200 508 509
197 496 503
63 496 1335
496 503 1335
197 503 508
200 503 508
201 509 510
200 509 510
201 509 511
509 511 1337
74 511 1337
201 506 510
200 506 510
201 506 512
75 506 512
468 513 1339
513 1338 1339
202 1338 1339
65 468 513
514 1339 1340
468 1339 1340
202 514 1339
514 1244 1340
468 1244 1340
514 1244 1341
64 1244 1341
515 1343 1344
202 1343 1344
515 1342 1343
516 1342 1343
515 1345 1346
76 1345 1346
515 1342 1345
516 1342 1345
513 1338 1343
202 1338 1343
513 1343 1347
516 1343 1347
65 513 1348
513 1347 1348
516 1347 1348
199 507 518
75 507 1349
507 518 1349
199 517 518
202 517 518
199 505 514
64 505 1341
505 514 1341
199 514 517
202 514 517
515 1344 1350
202 1344 1350
515 519 1350
515 1346 1351
76 1346 1351
515 519 1351
202 518 1350
518 1350 1352
519 1350 1352
518 1349 1353
75 1349 1353
518 1352 1353
519 1352 1353
520 1354 1356
474 1354 1356
520 1355 1356
204 1355 1356
520 1263 1354
474 1263 1354
520 1263 1357
67 1263 1357
521 1356 1358
474 1356 1358
521 1356 1359
204 1356 1359
521 1264 1358
474 1264 1358
521 1264 1360
66 1264 1360
520 523 1362
523 1361 1362
203 1361 1362
520 523 1357
67 523 1357
522 1362 1363
520 1362 1363
522 1362 1364
203 1362 1364
522 1355 1363
520 1355 1363
522 1355 1365
204 1355 1365
525 1366 1368
524 1366 1368
525 1367 1368
203 1367 1368
525 1366 1370
524 1366 1370
525 1369 1370
78 1369 1370
522 1364 1368
203 1364 1368
522 1368 1371
524 1368 1371
522 1365 1372
204 1365 1372
522 1371 1372
524 1371 1372
526 1373 1374
204 1373 1374
526 527 1373
77 526 527
521 1359 1373
204 1359 1373
521 1373 1375
527 1373 1375
521 1360 1376
66 1360 1376
521 1375 1376
527 1375 1376
524 1372 1378
204 1372 1378
524 1377 1378
528 1377 1378
524 1370 1379
78 1370 1379
524 1377 1379
528 1377 1379
526 1374 1378
204 1374 1378
526 1378 1380
528 1378 1380
77 526 1381
526 1380 1381
528 1380 1381
530 1280 1382
195 1280 1382
68 530 1280
529 1382 1383
195 1382 1383
529 530 1382
529 1384 1385
206 1384 1385
529 530 1384
478 1278 1387
195 1278 1387
478 1386 1387
531 1386 1387
478 1279 1388
67 1279 1388
478 1386 1388
531 1386 1388
529 1383 1387
195 1383 1387
529 1387 1389
531 1387 1389
529 1385 1390
206 1385 1390
529 1389 1390
531 1389 1390
530 533 1392
533 1391 1392
205 1391 1392
68 530 533
530 532 1392
205 532 1392
530 532 1384
206 532 1384
535 1393 1395
534 1393 1395
535 1394 1395
205 1394 1395
535 1393 1397
534 1393 1397
535 1396 1397
79 1396 1397
205 532 1395
532 534 1395
206 532 534
525 1367 1398
203 1367 1398
525 537 1398
525 1369 1399
78 1369 1399
525 537 1399
203 536 1398
536 537 1398
206 536 537
523 1361 1401
203 1361 1401
523 1400 1401
531 1400 1401
67 523 1388
523 1388 1400
531 1388 1400
531 536 1401
203 536 1401
531 536 1390
206 536 1390
206 207 537
207 537 1402
537 1399 1402
78 1399 1402
206 207 534
207 534 1403
534 1397 1403
79 1397 1403
538 1404 1406
480 1404 1406
538 1405 1406
208 1405 1406
538 1286 1404
480 1286 1404
538 1286 1407
69 1286 1407
539 1406 1408
480 1406 1408
539 1406 1409
208 1406 1409
539 1287 1408
480 1287 1408
539 1287 1410
68 1287 1410
540 1412 1413
208 1412 1413
540 1411 1412
541 1411 1412
540 1414 1415
80 1414 1415
540 1411 1414
541 1411 1414
538 1405 1412
208 1405 1412
538 541 1412
538 1407 1416
69 1407 1416
538 541 1416
535 1394 1418
205 1394 1418
535 1417 1418
542 1417 1418
535 1396 1419
79 1396 1419
535 1417 1419
542 1417 1419
542 1420 1421
208 1420 1421
542 1418 1421
205 1418 1421
533 1391 1423
205 1391 1423
533 1422 1423
539 1422 1423
68 533 1410
533 1410 1422
539 1410 1422
539 1409 1421
208 1409 1421
539 1421 1423
205 1421 1423
540 1413 1424
208 1413 1424
540 543 1424
540 1415 1425
80 1415 1425
540 543 1425
542 1420 1424
208 1420 1424
542 543 1424
542 1419 1426
79 1419 1426
542 543 1426
483 1291 1427
70 1291 1427
483 544 1427
69 483 1428
483 544 1428
81 544 1429
544 1427 1429
70 1427 1429
541 1414 1430
80 1414 1430
541 544 1430
541 1416 1428
69 1416 1428
541 544 1428
81 544 1431
544 1430 1431
80 1430 1431
486 1298 1432
71 1298 1432
486 546 1432
70 486 546
71 545 1432
545 546 1432
82 545 546
81 546 1429
70 546 1429
82 546 1433
81 546 1433
72 489 1434
489 548 1434
71 489 548
547 1434 1436
72 1434 1436
547 1434 1435
548 1434 1435
83 547 1437
547 1435 1437
548 1435 1437
82 545 548
71 545 548
82 548 549
548 549 1437
83 549 1437
73 492 551
492 1312 1438
72 1312 1438
492 551 1438
73 550 551
550 1439 1440
84 1439 1440
550 551 1439
83 547 551
547 1436 1438
72 1436 1438
547 551 1438
83 551 552
551 552 1439
84 552 1439
210 500 1441
500 1327 1441
74 1327 1441
210 500 1442
73 500 1442
74 209 1441
209 1441 1443
210 1441 1443
553 1444 1446
209 1444 1446
553 1445 1446
85 1445 1446
553 1443 1447
210 1443 1447
553 1443 1444
209 1443 1444
554 1448 1450
550 1448 1450
554 1449 1450
210 1449 1450
554 1440 1448
550 1440 1448
554 1440 1451
84 1440 1451
550 1442 1450
210 1442 1450
73 550 1442
554 555 1452
211 555 1452
554 555 1449
210 555 1449
554 556 1452
556 1452 1453
211 1452 1453
554 556 1451
556 1451 1454
84 1451 1454
211 553 555
553 555 1447
210 555 1447
211 553 557
553 557 1445
85 557 1445
201 512 559
75 512 559
201 558 559
213 558 559
201 511 560
74 511 560
201 558 560
213 558 560
75 212 559
213 559 1455
212 559 1455
561 1456 1458
212 1456 1458
561 1457 1458
86 1457 1458
561 1455 1459
213 1455 1459
561 1455 1456
212 1455 1456
209 562 1446
562 1446 1460
85 1446 1460
562 1461 1462
213 1461 1462
209 562 1462
74 209 560
213 560 1462
209 560 1462
562 563 1464
563 1463 1464
214 1463 1464
562 563 1461
563 1461 1465
213 1461 1465
564 1464 1466
562 1464 1466
564 1464 1467
214 1464 1467
564 1460 1466
562 1460 1466
564 1460 1468
85 1460 1468
563 1469 1470
561 1469 1470
563 1463 1470
214 1463 1470
563 1459 1469
561 1459 1469
563 1459 1465
213 1459 1465
565 1470 1471
561 1470 1471
565 1470 1472
214 1470 1472
565 1457 1471
561 1457 1471
565 1457 1473
86 1457 1473
519 566 1474
215 566 1474
519 566 1351
76 566 1351
567 1474 1475
519 1474 1475
567 1474 1476
215 1474 1476
567 1353 1475
519 1353 1475
75 567 1353
215 568 569
87 568 569
215 566 569
76 566 569
212 1458 1478
86 1458 1478
212 1477 1478
215 1477 1478
75 212 567
567 1476 1477
215 1476 1477
212 567 1477
215 568 570
87 568 570
215 570 1478
86 570 1478
528 1379 1479
78 1379 1479
528 571 1479
528 1381 1480
77 1381 1480
528 571 1480
571 1481 1482
89 1481 1482
571 1479 1482
78 1479 1482
571 573 1483
88 573 1483
571 573 1480
77 573 1480
572 1483 1484
571 1483 1484
572 1483 1485
88 1483 1485
572 1481 1484
571 1481 1484
572 1481 1486
89 1481 1486
207 1403 1488
79 1403 1488
207 1487 1488
217 1487 1488
207 1402 1489
78 1402 1489
207 1487 1489
217 1487 1489
79 216 1488
216 217 1488
90 216 1490
216 217 1490
217 1482 1491
89 1482 1491
217 1482 1489
78 1482 1489
574 1490 1492
217 1490 1492
574 1490 1493
90 1490 1493
574 1491 1492
217 1491 1492
574 1491 1494
89 1491 1494
575 1495 1497
543 1495 1497
575 1496 1497
218 1496 1497
575 1425 1495
543 1425 1495
80 575 1425
543 1497 1498
218 1497 1498
543 1426 1498
79 1426 1498
218 576 1499
576 577 1499
91 576 1500
576 577 1500
575 1496 1499
218 1496 1499
575 577 1499
80 575 577
90 216 1501
216 218 1501
79 216 1498
216 218 1498
219 1501 1502
218 1501 1502
219 1501 1503
90 1501 1503
576 1502 1504
219 1502 1504
218 576 1502
576 578 1504
578 1504 1505
219 1504 1505
91 576 578
220 1431 1506
81 1431 1506
220 1431 1507
80 1431 1507
579 1509 1510
220 1509 1510
579 1508 1509
580 1508 1509
579 1511 1512
92 1511 1512
579 1508 1511
580 1508 1511
580 1506 1509
220 1506 1509
580 1506 1513
81 1506 1513
581 1514 1516
577 1514 1516
581 1515 1516
220 1515 1516
581 1500 1514
577 1500 1514
581 1500 1517
91 1500 1517
577 1507 1516
220 1507 1516
80 577 1507
581 582 1518
221 582 1518
581 582 1515
220 582 1515
581 583 1518
583 1518 1519
221 1518 1519
581 583 1517
583 1517 1520
91 1517 1520
221 579 582
579 582 1510
220 582 1510
221 579 584
579 584 1512
92 584 1512
82 222 1433
222 1433 1521
81 1433 1521
222 1522 1523
93 1522 1523
82 222 1523
580 1524 1525
222 1524 1525
580 1511 1525
92 1511 1525
580 1521 1524
222 1521 1524
580 1513 1521
81 1513 1521
223 1525 1526
222 1525 1526
223 1525 1527
92 1525 1527
223 1522 1526
222 1522 1526
223 1522 1528
93 1522 1528
224 549 1529
83 549 1529
82 224 549
224 585 1530
585 586 1530
94 585 1531
585 586 1531
586 1529 1530
224 1529 1530
586 1529 1532
83 1529 1532
224 1523 1533
93 1523 1533
82 224 1523
225 1533 1534
224 1533 1534
225 1533 1535
93 1533 1535
585 1534 1536
225 1534 1536
224 585 1534
585 587 1536
587 1536 1537
225 1536 1537
94 585 587
552 588 1539
588 1538 1539
227 1538 1539
84 552 588
552 589 1539
227 589 1539
83 552 589
588 591 1540
226 591 1540
84 588 591
588 590 1540
590 1540 1541
226 1540 1541
588 590 1538
590 1538 1542
227 1538 1542
592 593 1543
226 593 1543
592 593 1544
95 593 1544
590 1541 1543
226 1541 1543
590 1543 1545
592 1543 1545
590 1542 1546
227 1542 1546
590 1545 1546
592 1545 1546
594 1547 1549
586 1547 1549
594 1548 1549
227 1548 1549
594 1531 1547
586 1531 1547
594 1531 1550
94 1531 1550
586 589 1549
227 589 1549
586 589 1532
83 589 1532
594 595 1552
595 1551 1552
228 1551 1552
594 595 1548
595 1548 1553
227 1548 1553
596 1552 1554
594 1552 1554
596 1552 1555
228 1552 1555
596 1550 1554
594 1550 1554
596 1550 1556
94 1550 1556
595 1557 1558
592 1557 1558
595 1551 1558
228 1551 1558
595 1546 1557
592 1546 1557
595 1546 1553
227 1546 1553
592 597 1558
228 597 1558
592 597 1544
597 1544 1559
95 1544 1559
211 557 1560
557 599 1560
85 557 599
598 1560 1562
211 1560 1562
598 1560 1561
599 1560 1561
598 1563 1564
230 1563 1564
598 1561 1563
599 1561 1563
556 1453 1566
211 1453 1566
556 1565 1566
600 1565 1566
556 1454 1567
84 1454 1567
556 1565 1567
600 1565 1567
598 1562 1566
211 1562 1566
598 600 1566
598 1564 1568
230 1564 1568
598 600 1568
599 602 1570
602 1569 1570
229 1569 1570
85 599 602
601 1570 1571
599 1570 1571
601 1570 1572
229 1570 1572
601 1563 1571
599 1563 1571
230 601 1563
603 604 1574
604 1573 1574
229 1573 1574
603 604 1576
604 1575 1576
96 1575 1576
601 1572 1574
229 1572 1574
601 603 1574
230 601 1577
601 603 1577
226 593 1578
593 606 1578
95 593 1579
593 606 1579
605 1578 1581
226 1578 1581
605 1578 1580
606 1578 1580
230 605 1582
605 1580 1582
606 1580 1582
226 591 1583
591 600 1583
84 591 1567
591 600 1567
600 605 1583
605 1581 1583
226 1581 1583
600 605 1568
230 605 1568
606 607 1585
607 1584 1585
231 1584 1585
606 607 1582
607 1582 1586
230 1582 1586
608 1585 1587
606 1585 1587
608 1585 1588
231 1585 1588
608 1579 1587
606 1579 1587
608 1579 1589
95 1579 1589
607 1590 1591
603 1590 1591
607 1584 1591
231 1584 1591
607 1577 1590
603 1577 1590
607 1577 1586
230 1577 1586
603 609 1591
231 609 1591
603 609 1576
96 609 1576
565 1472 1592
214 1472 1592
565 610 1592
565 1473 1593
86 1473 1593
565 610 1593
610 1594 1595
233 1594 1595
610 1592 1595
214 1592 1595
564 1467 1597
214 1467 1597
564 1596 1597
611 1596 1597
564 1468 1598
85 1468 1598
564 1596 1598
611 1596 1598
611 1595 1599
233 1595 1599
611 1595 1597
214 1595 1597
232 610 1600
610 1593 1600
86 1593 1600
610 1594 1601
233 1594 1601
232 610 1601
232 612 1602
97 612 1602
612 1601 1603
233 1601 1603
232 612 1601
604 1573 1605
229 1573 1605
604 1604 1605
613 1604 1605
604 1575 1606
96 1575 1606
604 1604 1606
613 1604 1606
613 1607 1608
233 1607 1608
613 1605 1608
229 1605 1608
602 1569 1610
229 1569 1610
602 1609 1610
611 1609 1610
85 602 1598
602 1598 1609
611 1598 1609
611 1599 1608
233 1599 1608
611 1608 1610
229 1608 1610
613 614 1612
614 1611 1612
234 1611 1612
613 614 1607
614 1607 1613
233 1607 1613
615 1612 1614
613 1612 1614
615 1612 1615
234 1612 1615
615 1606 1614
613 1606 1614
615 1606 1616
96 1606 1616
614 1617 1618
612 1617 1618
614 1611 1618
234 1611 1618
614 1603 1617
612 1603 1617
614 1603 1613
233 1603 1613
612 1618 1619
234 1618 1619
97 612 1619
87 235 570
235 570 1620
86 570 1620
235 1621 1622
98 1621 1622
87 235 1622
232 1602 1624
97 1602 1624
232 1623 1624
235 1623 1624
232 1600 1620
86 1600 1620
232 1620 1623
235 1620 1623
235 1621 1625
98 1621 1625
235 1624 1625
97 1624 1625
572 1486 1627
89 1486 1627
572 1626 1627
617 1626 1627
572 1485 1628
88 1485 1628
572 1626 1628
617 1626 1628
616 1627 1629
89 1627 1629
616 617 1627
100 616 1630
616 617 1630
619 1631 1632
617 1631 1632
99 619 1632
619 1628 1631
617 1628 1631
619 1628 1633
88 1628 1633
618 1632 1634
617 1632 1634
618 1632 1635
99 1632 1635
618 1630 1634
617 1630 1634
618 1630 1636
100 1630 1636
574 1493 1638
90 1493 1638
574 1637 1638
621 1637 1638
574 1494 1639
89 1494 1639
574 1637 1639
621 1637 1639
620 1638 1640
90 1638 1640
620 621 1638
101 620 1641
620 621 1641
100 616 1643
616 1642 1643
621 1642 1643
616 1629 1639
89 1629 1639
616 1639 1642
621 1639 1642
622 1643 1644
621 1643 1644
622 1643 1645
100 1643 1645
622 1641 1644
621 1641 1644
622 1641 1646
101 1641 1646
578 1505 1648
219 1505 1648
578 1647 1648
624 1647 1648
91 578 1649
578 1647 1649
624 1647 1649
623 1648 1650
219 1648 1650
623 624 1648
623 1651 1652
237 1651 1652
623 624 1651
625 1503 1653
219 1503 1653
625 1503 1654
90 1503 1654
623 1650 1653
219 1650 1653
623 1653 1655
625 1653 1655
623 1652 1656
237 1652 1656
623 1655 1656
625 1655 1656
624 1657 1658
236 1657 1658
624 1649 1658
91 1649 1658
624 1651 1659
237 1651 1659
624 1657 1659
236 1657 1659
236 626 1661
626 1660 1661
102 1660 1661
626 1659 1662
237 1659 1662
236 626 1659
620 627 1663
237 627 1663
101 620 627
625 1663 1664
620 1663 1664
625 1656 1663
237 1656 1663
625 1640 1664
620 1640 1664
625 1640 1654
90 1640 1654
626 1662 1666
237 1662 1666
626 1665 1666
628 1665 1666
626 1660 1667
102 1660 1667
626 1665 1667
628 1665 1667
237 627 1666
627 628 1666
101 627 628
221 584 1668
584 630 1668
92 584 630
629 1668 1670
221 1668 1670
629 1668 1669
630 1668 1669
629 1671 1672
239 1671 1672
629 1669 1671
630 1669 1671
583 1519 1674
221 1519 1674
583 1673 1674
631 1673 1674
583 1520 1675
91 1520 1675
583 1673 1675
631 1673 1675
629 1670 1674
221 1670 1674
629 631 1674
629 1672 1676
239 1672 1676
629 631 1676
630 633 1677
238 633 1677
92 630 633
632 1677 1678
630 1677 1678
632 1677 1679
238 1677 1679
632 1671 1678
630 1671 1678
632 1671 1680
239 1671 1680
634 1681 1683
238 1681 1683
634 1682 1683
103 1682 1683
632 1679 1681
238 1679 1681
632 1681 1684
634 1681 1684
632 1680 1685
239 1680 1685
632 1684 1685
634 1684 1685
236 635 1661
635 1661 1686
102 1661 1686
635 1687 1688
239 1687 1688
236 635 1688
631 1658 1689
236 1658 1689
631 1658 1675
91 1658 1675
631 1676 1688
239 1676 1688
631 1688 1689
236 1688 1689
636 1690 1692
635 1690 1692
636 1691 1692
240 1691 1692
636 1687 1690
635 1687 1690
636 1687 1693
239 1687 1693
637 1692 1694
635 1692 1694
637 1692 1695
240 1692 1695
637 1686 1694
635 1686 1694
637 1686 1696
102 1686 1696
634 636 1697
636 1691 1697
240 1691 1697
634 636 1685
636 1685 1693
239 1685 1693
638 1697 1698
634 1697 1698
638 1697 1699
240 1697 1699
638 1682 1698
634 1682 1698
638 1682 1700
103 1682 1700
639 1528 1701
223 1528 1701
639 1528 1702
93 1528 1702
639 1703 1704
242 1703 1704
639 1701 1704
223 1701 1704
640 1527 1705
223 1527 1705
640 1527 1706
92 1527 1706
640 1704 1707
242 1704 1707
640 1704 1705
223 1704 1705
241 639 1708
639 1702 1708
93 1702 1708
241 639 641
639 641 1703
242 641 1703
643 1709 1711
642 1709 1711
643 1710 1711
241 1710 1711
643 1709 1712
642 1709 1712
104 643 1712
241 641 1711
641 642 1711
242 641 1713
641 642 1713
238 644 1683
644 1683 1714
103 1683 1714
644 1715 1716
242 1715 1716
238 644 1716
238 633 1717
633 640 1717
92 633 1706
633 640 1706
640 1707 1716
242 1707 1716
640 1716 1717
238 1716 1717
645 1718 1720
644 1718 1720
645 1719 1720
243 1719 1720
645 1715 1718
644 1715 1718
645 1715 1721
242 1715 1721
644 1720 1722
243 1720 1722
644 1714 1722
103 1714 1722
645 1723 1724
642 1723 1724
645 1719 1724
243 1719 1724
645 1713 1723
642 1713 1723
645 1713 1721
242 1713 1721
642 646 1724
243 646 1724
642 646 1712
104 646 1712
587 1537 1726
225 1537 1726
587 1725 1726
648 1725 1726
94 587 1727
587 1725 1727
648 1725 1727
647 1726 1728
225 1726 1728
647 648 1726
245 647 648
649 1535 1729
225 1535 1729
649 1535 1730
93 1535 1730
647 1728 1729
225 1728 1729
647 1729 1731
649 1729 1731
245 647 1732
647 1731 1732
649 1731 1732
244 648 1733
648 1727 1733
94 1727 1733
245 648 1734
244 648 1734
105 244 650
650 1734 1735
245 1734 1735
244 650 1734
643 1710 1736
241 1710 1736
643 651 1736
104 643 1737
643 651 1737
651 1738 1739
245 1738 1739
651 1736 1739
241 1736 1739
241 649 1708
649 1708 1730
93 1708 1730
649 1732 1739
245 1732 1739
241 649 1739
652 1740 1742
651 1740 1742
652 1741 1742
246 1741 1742
652 1738 1740
651 1738 1740
652 1738 1743
245 1738 1743
651 1742 1744
246 1742 1744
651 1737 1744
104 1737 1744
652 1745 1746
650 1745 1746
652 1741 1746
246 1741 1746
652 1735 1745
650 1735 1745
652 1735 1743
245 1735 1743
650 653 1746
246 653 1746
105 650 653
228 597 1748
597 1747 1748
655 1747 1748
597 1559 1749
95 1559 1749
597 1747 1749
655 1747 1749
654 1748 1751
228 1748 1751
654 1748 1750
655 1748 1750
654 1752 1753
248 1752 1753
654 1750 1752
655 1750 1752
596 1555 1754
228 1555 1754
596 656 1754
596 1556 1755
94 1556 1755
596 656 1755
654 1751 1754
228 1751 1754
654 656 1754
654 1753 1756
248 1753 1756
654 656 1756
247 655 658
655 658 1749
95 658 1749
247 655 657
655 657 1752
248 657 1752
247 659 1757
106 659 1757
247 657 659
248 657 1758
657 659 1758
105 244 660
660 1759 1760
248 1759 1760
244 660 1760
656 1733 1761
244 1733 1761
656 1733 1755
94 1733 1755
656 1756 1760
248 1756 1760
656 1760 1761
244 1760 1761
661 1762 1764
660 1762 1764
661 1763 1764
249 1763 1764
661 1759 1762
660 1759 1762
661 1759 1765
248 1759 1765
660 1764 1766
249 1764 1766
105 660 1766
659 661 1767
661 1763 1767
249 1763 1767
659 661 1758
661 1758 1765
248 1758 1765
659 662 1767
249 662 1767
106 659 662
231 609 664
96 609 1768
609 664 1768
231 663 664
251 663 664
608 1588 1769
231 1588 1769
608 665 1769
608 1589 1770
95 1589 1770
608 665 1770
231 663 1769
663 665 1769
251 663 665
250 664 667
664 667 1768
667 1768 1771
96 1768 1771
250 664 666
251 664 666
107 250 668
250 666 668
251 666 668
247 1757 1773
106 1757 1773
247 1772 1773
251 1772 1773
247 658 665
95 658 1770
658 665 1770
251 665 1772
247 665 1772
251 252 1773
252 1773 1774
106 1773 1774
251 252 668
252 668 669
107 668 669
234 1619 1776
97 1619 1776
234 1775 1776
253 1775 1776
615 1615 1778
234 1615 1778
615 1777 1778
670 1777 1778
615 1616 1779
96 1616 1779
615 1777 1779
670 1777 1779
670 1775 1780
253 1775 1780
670 1775 1778
234 1775 1778
253 671 1781
108 671 1781
253 671 1776
97 671 1776
107 250 1783
250 1782 1783
253 1782 1783
250 667 1785
667 1784 1785
670 1784 1785
667 1771 1779
96 1771 1779
667 1779 1784
670 1779 1784
670 1780 1782
253 1780 1782
670 1782 1785
250 1782 1785
253 1781 1786
108 1781 1786
253 1783 1786
107 1783 1786
672 1625 1787
98 1625 1787
672 1625 1788
97 1625 1788
672 1789 1790
109 1789 1790
672 1787 1790
98 1787 1790
108 671 1791
671 672 1791
97 671 1788
671 672 1788
673 1791 1792
672 1791 1792
108 673 1791
673 1789 1792
672 1789 1792
673 1789 1793
109 1789 1793
618 1636 1794
100 1636 1794
618 675 1794
618 1635 1795
99 1635 1795
618 675 1795
100 674 1794
674 675 1794
111 674 675
110 675 1796
675 1795 1796
99 1795 1796
110 111 675
622 1646 1798
101 1646 1798
622 1797 1798
676 1797 1798
622 1645 1799
100 1645 1799
622 1797 1799
676 1797 1799
112 676 1800
676 1798 1800
101 1798 1800
111 674 676
100 674 1799
674 676 1799
111 112 676
628 1667 1801
102 1667 1801
628 678 1801
101 628 1802
628 678 1802
677 1801 1804
102 1801 1804
677 1801 1803
678 1801 1803
677 1805 1806
113 1805 1806
677 1803 1805
678 1803 1805
678 1800 1807
112 1800 1807
678 1800 1802
101 1800 1802
678 1805 1808
113 1805 1808
678 1807 1808
112 1807 1808
638 1699 1810
240 1699 1810
638 1809 1810
680 1809 1810
638 1700 1811
103 1700 1811
638 1809 1811
680 1809 1811
679 1810 1813
240 1810 1813
679 1810 1812
680 1810 1812
679 1814 1815
254 1814 1815
679 1812 1814
680 1812 1814
637 1695 1817
240 1695 1817
637 1816 1817
681 1816 1817
637 1696 1818
102 1696 1818
637 1816 1818
681 1816 1818
679 1813 1817
240 1813 1817
679 1817 1819
681 1817 1819
679 1815 1820
254 1815 1820
679 1819 1820
681 1819 1820
682 1822 1823
254 1822 1823
682 1821 1822
683 1821 1822
114 682 1824
682 1821 1824
683 1821 1824
680 1814 1822
254 1814 1822
680 683 1822
680 1811 1825
103 1811 1825
680 683 1825
677 684 1826
254 684 1826
677 684 1806
113 684 1806
677 681 1826
681 1820 1826
254 1820 1826
677 681 1804
681 1804 1818
102 1804 1818
682 1823 1827
254 1823 1827
682 685 1827
114 682 685
254 684 1827
684 685 1827
113 684 685
243 646 686
104 646 686
243 255 686
243 1722 1828
103 1722 1828
243 255 1828
255 687 1829
115 687 1829
255 686 687
104 686 687
255 683 1830
683 1824 1830
114 1824 1830
255 683 1828
683 1825 1828
103 1825 1828
255 1829 1831
115 1829 1831
255 1830 1831
114 1830 1831
246 653 688
105 653 688
246 256 688
246 1744 1832
104 1744 1832
246 256 1832
256 689 1834
689 1833 1834
116 1833 1834
256 688 689
105 688 689
115 256 687
256 687 1832
104 687 1832
256 1834 1835
116 1834 1835
115 256 1835
249 662 690
106 662 690
249 257 690
249 691 1766
105 691 1766
249 257 691
692 1837 1838
257 1837 1838
692 1836 1837
693 1836 1837
692 1839 1840
117 1839 1840
692 1836 1839
693 1836 1839
257 690 1837
690 693 1837
106 690 1841
690 693 1841
689 694 1843
694 1842 1843
257 1842 1843
689 694 1833
694 1833 1844
116 1833 1844
689 691 1843
257 691 1843
105 689 691
692 1838 1846
257 1838 1846
692 1845 1846
695 1845 1846
692 1840 1847
117 1840 1847
692 1845 1847
695 1845 1847
694 1842 1846
257 1842 1846
694 1846 1848
695 1846 1848
694 1844 1849
116 1844 1849
694 1848 1849
695 1848 1849
252 669 1850
669 697 1850
107 669 697
696 1850 1851
252 1850 1851
696 697 1850
696 1852 1853
258 1852 1853
696 697 1852
698 1774 1854
252 1774 1854
698 1774 1855
106 1774 1855
696 1851 1854
252 1851 1854
696 1854 1856
698 1854 1856
696 1853 1857
258 1853 1857
696 1856 1857
698 1856 1857
699 1858 1860
258 1858 1860
699 1859 1860
118 1859 1860
697 1852 1858
258 1852 1858
697 699 1858
107 697 699
693 1861 1862
258 1861 1862
693 1839 1862
117 1839 1862
698 1861 1863
693 1861 1863
698 1857 1861
258 1857 1861
698 1841 1863
693 1841 1863
698 1841 1855
106 1841 1855
258 1860 1864
118 1860 1864
258 1862 1864
117 1862 1864
108 700 1786
107 700 1786
108 119 700
699 1859 1865
118 1859 1865
699 700 1865
107 699 700
119 700 1866
700 1865 1866
118 1865 1866
673 1793 1867
109 1793 1867
673 701 1867
108 673 701
120 701 1868
701 1867 1868
109 1867 1868
108 119 701
119 120 701
