ID=8402441
numvertices=1223
numsimplices=2380
vertices
-1.500000e+00 -1.500000e+00
-1.312500e+00 -1.500000e+00
-1.125000e+00 -1.500000e+00
-9.375000e-01 -1.500000e+00
-7.500000e-01 -1.500000e+00
-5.625000e-01 -1.500000e+00
-3.750000e-01 -1.500000e+00
-1.875000e-01 -1.500000e+00
0.000000e+00 -1.500000e+00
1.875000e-01 -1.500000e+00
3.750000e-01 -1.500000e+00
5.625000e-01 -1.500000e+00
7.500000e-01 -1.500000e+00
9.375000e-01 -1.500000e+00
1.125000e+00 -1.500000e+00
1.312500e+00 -1.500000e+00
1.500000e+00 -1.500000e+00
-1.500000e+00 -1.312500e+00
-1.312500e+00 -1.312500e+00
-1.125000e+00 -1.312500e+00
-9.375000e-01 -1.312500e+00
-7.500000e-01 -1.312500e+00
-5.625000e-01 -1.312500e+00
-3.750000e-01 -1.312500e+00
-1.875000e-01 -1.312500e+00
0.000000e+00 -1.312500e+00
1.875000e-01 -1.312500e+00
3.750000e-01 -1.312500e+00
5.625000e-01 -1.312500e+00
7.500000e-01 -1.312500e+00
9.375000e-01 -1.312500e+00
1.125000e+00 -1.312500e+00
1.312500e+00 -1.312500e+00
1.500000e+00 -1.312500e+00
-1.500000e+00 -1.125000e+00
-1.312500e+00 -1.125000e+00
-1.125000e+00 -1.125000e+00
-9.375000e-01 -1.125000e+00
-7.500000e-01 -1.125000e+00
-5.625000e-01 -1.125000e+00
-3.750000e-01 -1.125000e+00
-1.875000e-01 -1.125000e+00
0.000000e+00 -1.125000e+00
1.875000e-01 -1.125000e+00
3.750000e-01 -1.125000e+00
5.625000e-01 -1.125000e+00
7.500000e-01 -1.125000e+00
9.375000e-01 -1.125000e+00
1.125000e+00 -1.125000e+00
1.312500e+00 -1.125000e+00
1.500000e+00 -1.125000e+00
-1.500000e+00 -9.375000e-01
-1.312500e+00 -9.375000e-01
-1.125000e+00 -9.375000e-01
-9.375000e-01 -9.375000e-01
-7.500000e-01 -9.375000e-01
-5.625000e-01 -9.375000e-01
-3.750000e-01 -9.375000e-01
-1.875000e-01 -9.375000e-01
0.000000e+00 -9.375000e-01
1.875000e-01 -9.375000e-01
3.750000e-01 -9.375000e-01
5.625000e-01 -9.375000e-01
7.500000e-01 -9.375000e-01
9.375000e-01 -9.375000e-01
1.125000e+00 -9.375000e-01
1.312500e+00 -9.375000e-01
1.500000e+00 -9.375000e-01
-1.500000e+00 -7.500000e-01
-1.312500e+00 -7.500000e-01
-1.125000e+00 -7.500000e-01
-9.375000e-01 -7.500000e-01
-7.500000e-01 -7.500000e-01
-5.625000e-01 -7.500000e-01
-3.750000e-01 -7.500000e-01
-1.875000e-01 -7.500000e-01
0.000000e+00 -7.500000e-01
1.875000e-01 -7.500000e-01
3.750000e-01 -7.500000e-01
5.625000e-01 -7.500000e-01
7.500000e-01 -7.500000e-01
9.375000e-01 -7.500000e-01
1.125000e+00 -7.500000e-01
1.312500e+00 -7.500000e-01
1.500000e+00 -7.500000e-01
-1.500000e+00 -5.625000e-01
-1.312500e+00 -5.625000e-01
-1.125000e+00 -5.625000e-01
-9.375000e-01 -5.625000e-01
-7.500000e-01 -5.625000e-01
-5.625000e-01 -5.625000e-01
-3.750000e-01 -5.625000e-01
-1.875000e-01 -5.625000e-01
0.000000e+00 -5.625000e-01
1.875000e-01 -5.625000e-01
3.750000e-01 -5.625000e-01
5.625000e-01 -5.625000e-01
7.500000e-01 -5.625000e-01
9.375000e-01 -5.625000e-01
1.125000e+00 -5.625000e-01
1.312500e+00 -5.625000e-01
1.500000e+00 -5.625000e-01
-1.500000e+00 -3.750000e-01
-1.312500e+00 -3.750000e-01
-1.125000e+00 -3.750000e-01
-9.375000e-01 -3.750000e-01
-7.500000e-01 -3.750000e-01
-5.625000e-01 -3.750000e-01
-3.750000e-01 -3.750000e-01
-1.875000e-01 -3.750000e-01
0.000000e+00 -3.750000e-01
1.875000e-01 -3.750000e-01
3.750000e-01 -3.750000e-01
5.625000e-01 -3.750000e-01
7.500000e-01 -3.750000e-01
9.375000e-01 -3.750000e-01
1.125000e+00 -3.750000e-01
1.312500e+00 -3.750000e-01
1.500000e+00 -3.750000e-01
-1.500000e+00 -1.875000e-01
-1.312500e+00 -1.875000e-01
-1.125000e+00 -1.875000e-01
-9.375000e-01 -1.875000e-01
-7.500000e-01 -1.875000e-01
-5.625000e-01 -1.875000e-01
-3.750000e-01 -1.875000e-01
-1.875000e-01 -1.875000e-01
0.000000e+00 -1.875000e-01
1.875000e-01 -1.875000e-01
3.750000e-01 -1.875000e-01
5.625000e-01 -1.875000e-01
7.500000e-01 -1.875000e-01
9.375000e-01 -1.875000e-01
1.125000e+00 -1.875000e-01
1.312500e+00 -1.875000e-01
1.500000e+00 -1.875000e-01
-1.500000e+00 0.000000e+00
-1.312500e+00 0.000000e+00
-1.125000e+00 0.000000e+00
-9.375000e-01 0.000000e+00
-7.500000e-01 0.000000e+00
-5.625000e-01 0.000000e+00
-3.750000e-01 0.000000e+00
-1.875000e-01 0.000000e+00
0.000000e+00 0.000000e+00
1.875000e-01 0.000000e+00
3.750000e-01 0.000000e+00
5.625000e-01 0.000000e+00
7.500000e-01 0.000000e+00
9.375000e-01 0.000000e+00
1.125000e+00 0.000000e+00
1.312500e+00 0.000000e+00
1.500000e+00 0.000000e+00
-1.500000e+00 1.875000e-01
-1.312500e+00 1.875000e-01
-1.125000e+00 1.875000e-01
-9.375000e-01 1.875000e-01
-7.500000e-01 1.875000e-01
-5.625000e-01 1.875000e-01
-3.750000e-01 1.875000e-01
-1.875000e-01 1.875000e-01
0.000000e+00 1.875000e-01
1.875000e-01 1.875000e-01
3.750000e-01 1.875000e-01
5.625000e-01 1.875000e-01
7.500000e-01 1.875000e-01
9.375000e-01 1.875000e-01
1.125000e+00 1.875000e-01
1.312500e+00 1.875000e-01
1.500000e+00 1.875000e-01
-1.500000e+00 3.750000e-01
-1.312500e+00 3.750000e-01
-1.125000e+00 3.750000e-01
-9.375000e-01 3.750000e-01
-7.500000e-01 3.750000e-01
-5.625000e-01 3.750000e-01
-3.750000e-01 3.750000e-01
-1.875000e-01 3.750000e-01
0.000000e+00 3.750000e-01
1.875000e-01 3.750000e-01
3.750000e-01 3.750000e-01
5.625000e-01 3.750000e-01
7.500000e-01 3.750000e-01
9.375000e-01 3.750000e-01
1.125000e+00 3.750000e-01
1.312500e+00 3.750000e-01
1.500000e+00 3.750000e-01
-1.500000e+00 5.625000e-01
-1.312500e+00 5.625000e-01
-1.125000e+00 5.625000e-01
-9.375000e-01 5.625000e-01
-7.500000e-01 5.625000e-01
-5.625000e-01 5.625000e-01
-3.750000e-01 5.625000e-01
-1.875000e-01 5.625000e-01
0.000000e+00 5.625000e-01
1.875000e-01 5.625000e-01
3.750000e-01 5.625000e-01
5.625000e-01 5.625000e-01
7.500000e-01 5.625000e-01
9.375000e-01 5.625000e-01
1.125000e+00 5.625000e-01
1.312500e+00 5.625000e-01
1.500000e+00 5.625000e-01
-1.500000e+00 7.500000e-01
-1.312500e+00 7.500000e-01
-1.125000e+00 7.500000e-01
-9.375000e-01 7.500000e-01
-7.500000e-01 7.500000e-01
-5.625000e-01 7.500000e-01
-3.750000e-01 7.500000e-01
-1.875000e-01 7.500000e-01
0.000000e+00 7.500000e-01
1.875000e-01 7.500000e-01
3.750000e-01 7.500000e-01
5.625000e-01 7.500000e-01
7.500000e-01 7.500000e-01
9.375000e-01 7.500000e-01
1.125000e+00 7.500000e-01
1.312500e+00 7.500000e-01
1.500000e+00 7.500000e-01
-1.500000e+00 9.375000e-01
-1.312500e+00 9.375000e-01
-1.125000e+00 9.375000e-01
-9.375000e-01 9.375000e-01
-7.500000e-01 9.375000e-01
-5.625000e-01 9.375000e-01
-3.750000e-01 9.375000e-01
-1.875000e-01 9.375000e-01
0.000000e+00 9.375000e-01
1.875000e-01 9.375000e-01
3.750000e-01 9.375000e-01
5.625000e-01 9.375000e-01
7.500000e-01 9.375000e-01
9.375000e-01 9.375000e-01
1.125000e+00 9.375000e-01
1.312500e+00 9.375000e-01
1.500000e+00 9.375000e-01
-1.500000e+00 1.125000e+00
-1.312500e+00 1.125000e+00
-1.125000e+00 1.125000e+00
-9.375000e-01 1.125000e+00
-7.500000e-01 1.125000e+00
-5.625000e-01 1.125000e+00
-3.750000e-01 1.125000e+00
-1.875000e-01 1.125000e+00
0.000000e+00 1.125000e+00
1.875000e-01 1.125000e+00
3.750000e-01 1.125000e+00
5.625000e-01 1.125000e+00
7.500000e-01 1.125000e+00
9.375000e-01 1.125000e+00
1.125000e+00 1.125000e+00
1.312500e+00 1.125000e+00
1.500000e+00 1.125000e+00
-1.500000e+00 1.312500e+00
-1.312500e+00 1.312500e+00
-1.125000e+00 1.312500e+00
-9.375000e-01 1.312500e+00
-7.500000e-01 1.312500e+00
-5.625000e-01 1.312500e+00
-3.750000e-01 1.312500e+00
-1.875000e-01 1.312500e+00
0.000000e+00 1.312500e+00
1.875000e-01 1.312500e+00
3.750000e-01 1.312500e+00
5.625000e-01 1.312500e+00
7.500000e-01 1.312500e+00
9.375000e-01 1.312500e+00
1.125000e+00 1.312500e+00
1.312500e+00 1.312500e+00
1.500000e+00 1.312500e+00
-1.500000e+00 1.500000e+00
-1.312500e+00 1.500000e+00
-1.125000e+00 1.500000e+00
-9.375000e-01 1.500000e+00
-7.500000e-01 1.500000e+00
-5.625000e-01 1.500000e+00
-3.750000e-01 1.500000e+00
-1.875000e-01 1.500000e+00
0.000000e+00 1.500000e+00
1.875000e-01 1.500000e+00
3.750000e-01 1.500000e+00
5.625000e-01 1.500000e+00
7.500000e-01 1.500000e+00
9.375000e-01 1.500000e+00
1.125000e+00 1.500000e+00
1.312500e+00 1.500000e+00
1.500000e+00 1.500000e+00
-4.687500e-01 -1.218750e+00
-4.687500e-01 -1.125000e+00
-2.812500e-01 -1.218750e+00
-2.812500e-01 -1.125000e+00
-9.375000e-02 -1.218750e+00
-9.375000e-02 -1.125000e+00
9.375000e-02 -1.218750e+00
9.375000e-02 -1.125000e+00
2.812500e-01 -1.218750e+00
2.812500e-01 -1.125000e+00
-5.625000e-01 -1.031250e+00
-6.562500e-01 -1.031250e+00
-6.562500e-01 -9.375000e-01
-3.750000e-01 -1.031250e+00
-4.687500e-01 -1.031250e+00
-4.687500e-01 -9.375000e-01
-1.875000e-01 -1.031250e+00
-2.812500e-01 -1.031250e+00
-2.812500e-01 -9.375000e-01
0.000000e+00 -1.031250e+00
-9.375000e-02 -1.031250e+00
-9.375000e-02 -9.375000e-01
1.875000e-01 -1.031250e+00
9.375000e-02 -1.031250e+00
9.375000e-02 -9.375000e-01
3.750000e-01 -1.031250e+00
2.812500e-01 -1.031250e+00
2.812500e-01 -9.375000e-01
4.687500e-01 -1.031250e+00
4.687500e-01 -9.375000e-01
-7.500000e-01 -8.437500e-01
-8.437500e-01 -8.437500e-01
-8.437500e-01 -7.500000e-01
-5.625000e-01 -8.437500e-01
-6.562500e-01 -8.437500e-01
-6.562500e-01 -7.500000e-01
-3.750000e-01 -8.437500e-01
-4.687500e-01 -8.437500e-01
-4.687500e-01 -7.500000e-01
-2.812500e-01 -8.437500e-01
-9.375000e-02 -8.437500e-01
9.375000e-02 -8.437500e-01
2.812500e-01 -8.437500e-01
5.625000e-01 -8.437500e-01
4.687500e-01 -8.437500e-01
6.562500e-01 -8.437500e-01
6.562500e-01 -7.500000e-01
-9.375000e-01 -6.562500e-01
-1.031250e+00 -6.562500e-01
-1.031250e+00 -5.625000e-01
-7.500000e-01 -6.562500e-01
-8.437500e-01 -6.562500e-01
-8.437500e-01 -5.625000e-01
-5.625000e-01 -6.562500e-01
-6.562500e-01 -6.562500e-01
-6.562500e-01 -5.625000e-01
-4.687500e-01 -6.562500e-01
7.500000e-01 -6.562500e-01
6.562500e-01 -6.562500e-01
8.437500e-01 -6.562500e-01
8.437500e-01 -5.625000e-01
-1.125000e+00 -4.687500e-01
-1.218750e+00 -4.687500e-01
-9.375000e-01 -4.687500e-01
-1.031250e+00 -4.687500e-01
-1.031250e+00 -3.750000e-01
-7.500000e-01 -4.687500e-01
-8.437500e-01 -4.687500e-01
-8.437500e-01 -3.750000e-01
-6.562500e-01 -4.687500e-01
9.375000e-01 -4.687500e-01
8.437500e-01 -4.687500e-01
1.031250e+00 -4.687500e-01
1.031250e+00 -3.750000e-01
-1.125000e+00 -2.812500e-01
-1.218750e+00 -2.812500e-01
-9.375000e-01 -2.812500e-01
-1.031250e+00 -2.812500e-01
-1.031250e+00 -1.875000e-01
-8.437500e-01 -2.812500e-01
9.375000e-01 -2.812500e-01
8.437500e-01 -2.812500e-01
1.125000e+00 -2.812500e-01
1.031250e+00 -2.812500e-01
1.031250e+00 -1.875000e-01
1.218750e+00 -2.812500e-01
-1.125000e+00 -9.375000e-02
-1.218750e+00 -9.375000e-02
-9.375000e-01 -9.375000e-02
-1.031250e+00 -9.375000e-02
-1.031250e+00 0.000000e+00
-8.437500e-01 -9.375000e-02
9.375000e-01 -9.375000e-02
8.437500e-01 -9.375000e-02
1.125000e+00 -9.375000e-02
1.031250e+00 -9.375000e-02
1.031250e+00 0.000000e+00
1.218750e+00 -9.375000e-02
-1.125000e+00 9.375000e-02
-1.218750e+00 9.375000e-02
-9.375000e-01 9.375000e-02
-1.031250e+00 9.375000e-02
-1.031250e+00 1.875000e-01
-8.437500e-01 9.375000e-02
9.375000e-01 9.375000e-02
8.437500e-01 9.375000e-02
1.125000e+00 9.375000e-02
1.031250e+00 9.375000e-02
1.031250e+00 1.875000e-01
1.218750e+00 9.375000e-02
-1.125000e+00 2.812500e-01
-1.218750e+00 2.812500e-01
-9.375000e-01 2.812500e-01
-1.031250e+00 2.812500e-01
-1.031250e+00 3.750000e-01
-8.437500e-01 2.812500e-01
9.375000e-01 2.812500e-01
8.437500e-01 2.812500e-01
8.437500e-01 3.750000e-01
1.125000e+00 2.812500e-01
1.031250e+00 2.812500e-01
1.031250e+00 3.750000e-01
1.218750e+00 2.812500e-01
-9.375000e-01 4.687500e-01
-1.031250e+00 4.687500e-01
-8.437500e-01 4.687500e-01
-8.437500e-01 5.625000e-01
7.500000e-01 4.687500e-01
6.562500e-01 4.687500e-01
6.562500e-01 5.625000e-01
9.375000e-01 4.687500e-01
8.437500e-01 4.687500e-01
8.437500e-01 5.625000e-01
1.125000e+00 4.687500e-01
1.031250e+00 4.687500e-01
1.031250e+00 5.625000e-01
1.218750e+00 4.687500e-01
-7.500000e-01 6.562500e-01
-8.437500e-01 6.562500e-01
-6.562500e-01 6.562500e-01
-6.562500e-01 7.500000e-01
5.625000e-01 6.562500e-01
4.687500e-01 6.562500e-01
4.687500e-01 7.500000e-01
7.500000e-01 6.562500e-01
6.562500e-01 6.562500e-01
6.562500e-01 7.500000e-01
9.375000e-01 6.562500e-01
8.437500e-01 6.562500e-01
8.437500e-01 7.500000e-01
1.031250e+00 6.562500e-01
-5.625000e-01 8.437500e-01
-6.562500e-01 8.437500e-01
-4.687500e-01 8.437500e-01
-4.687500e-01 9.375000e-01
-2.812500e-01 8.437500e-01
-2.812500e-01 9.375000e-01
-9.375000e-02 8.437500e-01
-9.375000e-02 9.375000e-01
9.375000e-02 8.437500e-01
9.375000e-02 9.375000e-01
3.750000e-01 8.437500e-01
2.812500e-01 8.437500e-01
2.812500e-01 9.375000e-01
5.625000e-01 8.437500e-01
4.687500e-01 8.437500e-01
4.687500e-01 9.375000e-01
7.500000e-01 8.437500e-01
6.562500e-01 8.437500e-01
6.562500e-01 9.375000e-01
8.437500e-01 8.437500e-01
-3.750000e-01 1.031250e+00
-4.687500e-01 1.031250e+00
-1.875000e-01 1.031250e+00
-2.812500e-01 1.031250e+00
-2.812500e-01 1.125000e+00
0.000000e+00 1.031250e+00
-9.375000e-02 1.031250e+00
-9.375000e-02 1.125000e+00
1.875000e-01 1.031250e+00
9.375000e-02 1.031250e+00
9.375000e-02 1.125000e+00
3.750000e-01 1.031250e+00
2.812500e-01 1.031250e+00
2.812500e-01 1.125000e+00
5.625000e-01 1.031250e+00
4.687500e-01 1.031250e+00
4.687500e-01 1.125000e+00
6.562500e-01 1.031250e+00
-2.812500e-01 1.218750e+00
-9.375000e-02 1.218750e+00
9.375000e-02 1.218750e+00
2.812500e-01 1.218750e+00
4.687500e-01 1.218750e+00
-5.625000e-01 -1.218750e+00
-6.562500e-01 -1.218750e+00
-6.562500e-01 -1.125000e+00
-4.218750e-01 -1.171875e+00
-3.750000e-01 -1.218750e+00
-5.156250e-01 -1.171875e+00
-5.156250e-01 -1.125000e+00
-4.218750e-01 -1.125000e+00
-2.343750e-01 -1.171875e+00
-1.875000e-01 -1.218750e+00
-3.281250e-01 -1.171875e+00
-3.281250e-01 -1.125000e+00
-2.343750e-01 -1.125000e+00
-4.687500e-02 -1.171875e+00
0.000000e+00 -1.218750e+00
-1.406250e-01 -1.171875e+00
-1.406250e-01 -1.125000e+00
-4.687500e-02 -1.125000e+00
1.406250e-01 -1.171875e+00
1.875000e-01 -1.218750e+00
4.687500e-02 -1.171875e+00
4.687500e-02 -1.125000e+00
1.406250e-01 -1.125000e+00
3.281250e-01 -1.171875e+00
3.750000e-01 -1.218750e+00
2.343750e-01 -1.171875e+00
2.343750e-01 -1.125000e+00
3.281250e-01 -1.125000e+00
4.687500e-01 -1.218750e+00
4.687500e-01 -1.125000e+00
-7.500000e-01 -1.031250e+00
-8.437500e-01 -1.031250e+00
-8.437500e-01 -9.375000e-01
-6.093750e-01 -1.078125e+00
-5.625000e-01 -1.078125e+00
-6.093750e-01 -9.843750e-01
-5.625000e-01 -9.843750e-01
-7.031250e-01 -9.843750e-01
-7.031250e-01 -9.375000e-01
-6.093750e-01 -9.375000e-01
-4.687500e-01 -1.078125e+00
-4.218750e-01 -1.078125e+00
-5.156250e-01 -1.078125e+00
-4.218750e-01 -1.031250e+00
-3.750000e-01 -1.078125e+00
-4.218750e-01 -9.843750e-01
-3.750000e-01 -9.843750e-01
-5.156250e-01 -1.031250e+00
-5.156250e-01 -9.843750e-01
-4.687500e-01 -9.843750e-01
-5.156250e-01 -9.375000e-01
-4.218750e-01 -9.375000e-01
-2.812500e-01 -1.078125e+00
-2.343750e-01 -1.078125e+00
-3.281250e-01 -1.078125e+00
-2.343750e-01 -1.031250e+00
-1.875000e-01 -1.078125e+00
-2.343750e-01 -9.843750e-01
-1.875000e-01 -9.843750e-01
-3.281250e-01 -1.031250e+00
-3.281250e-01 -9.843750e-01
-2.812500e-01 -9.843750e-01
-3.281250e-01 -9.375000e-01
-2.343750e-01 -9.375000e-01
-9.375000e-02 -1.078125e+00
-4.687500e-02 -1.078125e+00
-1.406250e-01 -1.078125e+00
-4.687500e-02 -1.031250e+00
0.000000e+00 -1.078125e+00
-4.687500e-02 -9.843750e-01
0.000000e+00 -9.843750e-01
-1.406250e-01 -1.031250e+00
-1.406250e-01 -9.843750e-01
-9.375000e-02 -9.843750e-01
-1.406250e-01 -9.375000e-01
-4.687500e-02 -9.375000e-01
9.375000e-02 -1.078125e+00
1.406250e-01 -1.078125e+00
4.687500e-02 -1.078125e+00
1.406250e-01 -1.031250e+00
1.875000e-01 -1.078125e+00
1.406250e-01 -9.843750e-01
1.875000e-01 -9.843750e-01
4.687500e-02 -1.031250e+00
4.687500e-02 -9.843750e-01
9.375000e-02 -9.843750e-01
4.687500e-02 -9.375000e-01
1.406250e-01 -9.375000e-01
2.812500e-01 -1.078125e+00
3.281250e-01 -1.078125e+00
2.343750e-01 -1.078125e+00
3.281250e-01 -1.031250e+00
3.750000e-01 -1.078125e+00
3.281250e-01 -9.843750e-01
3.750000e-01 -9.843750e-01
2.343750e-01 -1.031250e+00
2.343750e-01 -9.843750e-01
2.812500e-01 -9.843750e-01
2.343750e-01 -9.375000e-01
3.281250e-01 -9.375000e-01
4.218750e-01 -1.078125e+00
5.156250e-01 -9.843750e-01
5.625000e-01 -1.031250e+00
4.218750e-01 -1.031250e+00
4.218750e-01 -9.843750e-01
4.687500e-01 -9.843750e-01
4.218750e-01 -9.375000e-01
5.156250e-01 -9.375000e-01
6.562500e-01 -1.031250e+00
6.562500e-01 -9.375000e-01
-9.375000e-01 -8.437500e-01
-1.031250e+00 -8.437500e-01
-1.031250e+00 -7.500000e-01
-7.968750e-01 -8.906250e-01
-7.500000e-01 -8.906250e-01
-7.968750e-01 -7.968750e-01
-7.500000e-01 -7.968750e-01
-8.906250e-01 -7.968750e-01
-8.906250e-01 -7.500000e-01
-7.968750e-01 -7.500000e-01
-6.562500e-01 -8.906250e-01
-6.093750e-01 -8.906250e-01
-7.031250e-01 -8.906250e-01
-6.093750e-01 -8.437500e-01
-5.625000e-01 -8.906250e-01
-6.093750e-01 -7.968750e-01
-5.625000e-01 -7.968750e-01
-7.031250e-01 -8.437500e-01
-7.031250e-01 -7.968750e-01
-6.562500e-01 -7.968750e-01
-7.031250e-01 -7.500000e-01
-6.093750e-01 -7.500000e-01
-4.687500e-01 -8.906250e-01
-4.218750e-01 -8.906250e-01
-5.156250e-01 -8.906250e-01
-4.218750e-01 -8.437500e-01
-3.750000e-01 -8.906250e-01
-4.218750e-01 -7.968750e-01
-3.750000e-01 -7.968750e-01
-5.156250e-01 -8.437500e-01
-5.156250e-01 -7.968750e-01
-4.687500e-01 -7.968750e-01
-5.156250e-01 -7.500000e-01
-4.218750e-01 -7.500000e-01
-2.343750e-01 -8.906250e-01
-3.281250e-01 -8.906250e-01
-1.875000e-01 -8.437500e-01
-3.281250e-01 -7.968750e-01
-2.812500e-01 -7.500000e-01
-4.687500e-02 -8.906250e-01
-1.406250e-01 -8.906250e-01
0.000000e+00 -8.437500e-01
1.406250e-01 -8.906250e-01
4.687500e-02 -8.906250e-01
1.875000e-01 -8.437500e-01
3.281250e-01 -8.906250e-01
2.343750e-01 -8.906250e-01
3.750000e-01 -8.437500e-01
4.687500e-01 -8.906250e-01
5.156250e-01 -8.906250e-01
4.218750e-01 -8.906250e-01
5.156250e-01 -8.437500e-01
5.625000e-01 -8.906250e-01
5.156250e-01 -7.968750e-01
5.625000e-01 -7.968750e-01
4.687500e-01 -7.500000e-01
6.093750e-01 -8.906250e-01
7.031250e-01 -7.968750e-01
7.500000e-01 -8.437500e-01
6.093750e-01 -8.437500e-01
6.093750e-01 -7.968750e-01
6.562500e-01 -7.968750e-01
6.093750e-01 -7.500000e-01
7.031250e-01 -7.500000e-01
8.437500e-01 -8.437500e-01
8.437500e-01 -7.500000e-01
-1.125000e+00 -6.562500e-01
-1.218750e+00 -6.562500e-01
-1.218750e+00 -5.625000e-01
-9.843750e-01 -7.031250e-01
-9.375000e-01 -7.031250e-01
-9.843750e-01 -6.093750e-01
-9.375000e-01 -6.093750e-01
-1.078125e+00 -6.093750e-01
-1.078125e+00 -5.625000e-01
-9.843750e-01 -5.625000e-01
-8.437500e-01 -7.031250e-01
-7.968750e-01 -7.031250e-01
-8.906250e-01 -7.031250e-01
-7.968750e-01 -6.562500e-01
-7.500000e-01 -7.031250e-01
-7.968750e-01 -6.093750e-01
-7.500000e-01 -6.093750e-01
-8.906250e-01 -6.562500e-01
-8.906250e-01 -6.093750e-01
-8.437500e-01 -6.093750e-01
-8.906250e-01 -5.625000e-01
-7.968750e-01 -5.625000e-01
-6.562500e-01 -7.031250e-01
-6.093750e-01 -7.031250e-01
-7.031250e-01 -7.031250e-01
-6.093750e-01 -6.562500e-01
-5.625000e-01 -7.031250e-01
-6.093750e-01 -6.093750e-01
-5.625000e-01 -6.093750e-01
-7.031250e-01 -6.562500e-01
-7.031250e-01 -6.093750e-01
-6.562500e-01 -6.093750e-01
-7.031250e-01 -5.625000e-01
-6.093750e-01 -5.625000e-01
-4.218750e-01 -7.031250e-01
-5.156250e-01 -7.031250e-01
-3.750000e-01 -6.562500e-01
-5.156250e-01 -6.093750e-01
-4.687500e-01 -5.625000e-01
-2.812500e-01 -6.562500e-01
5.625000e-01 -6.562500e-01
4.687500e-01 -6.562500e-01
6.562500e-01 -7.031250e-01
7.031250e-01 -7.031250e-01
6.093750e-01 -7.031250e-01
7.031250e-01 -6.562500e-01
7.500000e-01 -7.031250e-01
7.031250e-01 -6.093750e-01
7.500000e-01 -6.093750e-01
6.562500e-01 -5.625000e-01
7.968750e-01 -7.031250e-01
8.906250e-01 -6.093750e-01
9.375000e-01 -6.562500e-01
7.968750e-01 -6.562500e-01
7.968750e-01 -6.093750e-01
8.437500e-01 -6.093750e-01
7.968750e-01 -5.625000e-01
8.906250e-01 -5.625000e-01
1.031250e+00 -6.562500e-01
1.031250e+00 -5.625000e-01
-1.171875e+00 -5.156250e-01
-1.125000e+00 -5.156250e-01
-1.171875e+00 -4.218750e-01
-1.125000e+00 -4.218750e-01
-1.218750e+00 -3.750000e-01
-1.031250e+00 -5.156250e-01
-9.843750e-01 -5.156250e-01
-1.078125e+00 -5.156250e-01
-9.843750e-01 -4.687500e-01
-9.375000e-01 -5.156250e-01
-9.843750e-01 -4.218750e-01
-9.375000e-01 -4.218750e-01
-1.078125e+00 -4.687500e-01
-1.078125e+00 -4.218750e-01
-1.031250e+00 -4.218750e-01
-1.078125e+00 -3.750000e-01
-9.843750e-01 -3.750000e-01
-8.437500e-01 -5.156250e-01
-7.968750e-01 -5.156250e-01
-8.906250e-01 -5.156250e-01
-7.968750e-01 -4.687500e-01
-7.500000e-01 -5.156250e-01
-7.968750e-01 -4.218750e-01
-7.500000e-01 -4.218750e-01
-8.906250e-01 -4.687500e-01
-8.906250e-01 -4.218750e-01
-8.437500e-01 -4.218750e-01
-8.906250e-01 -3.750000e-01
-7.968750e-01 -3.750000e-01
-6.093750e-01 -5.156250e-01
-7.031250e-01 -5.156250e-01
-5.625000e-01 -4.687500e-01
-7.031250e-01 -4.218750e-01
-6.562500e-01 -3.750000e-01
-4.687500e-01 -4.687500e-01
7.500000e-01 -4.687500e-01
6.562500e-01 -4.687500e-01
8.437500e-01 -5.156250e-01
8.906250e-01 -5.156250e-01
7.968750e-01 -5.156250e-01
8.906250e-01 -4.687500e-01
9.375000e-01 -5.156250e-01
8.906250e-01 -4.218750e-01
9.375000e-01 -4.218750e-01
8.437500e-01 -3.750000e-01
9.843750e-01 -5.156250e-01
1.078125e+00 -4.218750e-01
1.125000e+00 -4.687500e-01
9.843750e-01 -4.687500e-01
9.843750e-01 -4.218750e-01
1.031250e+00 -4.218750e-01
9.843750e-01 -3.750000e-01
1.078125e+00 -3.750000e-01
1.218750e+00 -4.687500e-01
1.218750e+00 -3.750000e-01
-1.171875e+00 -3.281250e-01
-1.125000e+00 -3.281250e-01
-1.171875e+00 -2.343750e-01
-1.125000e+00 -2.343750e-01
-1.218750e+00 -1.875000e-01
-1.031250e+00 -3.281250e-01
-9.843750e-01 -3.281250e-01
-1.078125e+00 -3.281250e-01
-9.843750e-01 -2.812500e-01
-9.375000e-01 -3.281250e-01
-9.843750e-01 -2.343750e-01
-9.375000e-01 -2.343750e-01
-1.078125e+00 -2.812500e-01
-1.078125e+00 -2.343750e-01
-1.031250e+00 -2.343750e-01
-1.078125e+00 -1.875000e-01
-9.843750e-01 -1.875000e-01
-7.968750e-01 -3.281250e-01
-8.906250e-01 -3.281250e-01
-7.500000e-01 -2.812500e-01
-8.906250e-01 -2.343750e-01
-8.437500e-01 -1.875000e-01
-6.562500e-01 -2.812500e-01
8.906250e-01 -3.281250e-01
9.375000e-01 -3.281250e-01
8.906250e-01 -2.343750e-01
9.375000e-01 -2.343750e-01
8.437500e-01 -1.875000e-01
1.031250e+00 -3.281250e-01
1.078125e+00 -3.281250e-01
9.843750e-01 -3.281250e-01
1.078125e+00 -2.812500e-01
1.125000e+00 -3.281250e-01
1.078125e+00 -2.343750e-01
1.125000e+00 -2.343750e-01
9.843750e-01 -2.812500e-01
9.843750e-01 -2.343750e-01
1.031250e+00 -2.343750e-01
9.843750e-01 -1.875000e-01
1.078125e+00 -1.875000e-01
1.171875e+00 -3.281250e-01
1.171875e+00 -2.343750e-01
1.218750e+00 -1.875000e-01
-1.171875e+00 -1.406250e-01
-1.125000e+00 -1.406250e-01
-1.171875e+00 -4.687500e-02
-1.125000e+00 -4.687500e-02
-1.218750e+00 0.000000e+00
-1.031250e+00 -1.406250e-01
-9.843750e-01 -1.406250e-01
-1.078125e+00 -1.406250e-01
-9.843750e-01 -9.375000e-02
-9.375000e-01 -1.406250e-01
-9.843750e-01 -4.687500e-02
-9.375000e-01 -4.687500e-02
-1.078125e+00 -9.375000e-02
-1.078125e+00 -4.687500e-02
-1.031250e+00 -4.687500e-02
-1.078125e+00 0.000000e+00
-9.843750e-01 0.000000e+00
-8.906250e-01 -1.406250e-01
-8.906250e-01 -4.687500e-02
-8.437500e-01 0.000000e+00
8.906250e-01 -1.406250e-01
9.375000e-01 -1.406250e-01
8.906250e-01 -4.687500e-02
9.375000e-01 -4.687500e-02
8.437500e-01 0.000000e+00
1.031250e+00 -1.406250e-01
1.078125e+00 -1.406250e-01
9.843750e-01 -1.406250e-01
1.078125e+00 -9.375000e-02
1.125000e+00 -1.406250e-01
1.078125e+00 -4.687500e-02
1.125000e+00 -4.687500e-02
9.843750e-01 -9.375000e-02
9.843750e-01 -4.687500e-02
1.031250e+00 -4.687500e-02
9.843750e-01 0.000000e+00
1.078125e+00 0.000000e+00
1.171875e+00 -1.406250e-01
1.171875e+00 -4.687500e-02
1.218750e+00 0.000000e+00
-1.171875e+00 4.687500e-02
-1.125000e+00 4.687500e-02
-1.171875e+00 1.406250e-01
-1.125000e+00 1.406250e-01
-1.218750e+00 1.875000e-01
-1.031250e+00 4.687500e-02
-9.843750e-01 4.687500e-02
-1.078125e+00 4.687500e-02
-9.843750e-01 9.375000e-02
-9.375000e-01 4.687500e-02
-9.843750e-01 1.406250e-01
-9.375000e-01 1.406250e-01
-1.078125e+00 9.375000e-02
-1.078125e+00 1.406250e-01
-1.031250e+00 1.406250e-01
-1.078125e+00 1.875000e-01
-9.843750e-01 1.875000e-01
-8.906250e-01 4.687500e-02
-8.906250e-01 1.406250e-01
-8.437500e-01 1.875000e-01
8.906250e-01 4.687500e-02
9.375000e-01 4.687500e-02
8.906250e-01 1.406250e-01
9.375000e-01 1.406250e-01
8.437500e-01 1.875000e-01
1.031250e+00 4.687500e-02
1.078125e+00 4.687500e-02
9.843750e-01 4.687500e-02
1.078125e+00 9.375000e-02
1.125000e+00 4.687500e-02
1.078125e+00 1.406250e-01
1.125000e+00 1.406250e-01
9.843750e-01 9.375000e-02
9.843750e-01 1.406250e-01
1.031250e+00 1.406250e-01
9.843750e-01 1.875000e-01
1.078125e+00 1.875000e-01
1.171875e+00 4.687500e-02
1.171875e+00 1.406250e-01
1.218750e+00 1.875000e-01
-1.171875e+00 2.343750e-01
-1.125000e+00 2.343750e-01
-1.171875e+00 3.281250e-01
-1.125000e+00 3.281250e-01
-1.218750e+00 3.750000e-01
-1.031250e+00 2.343750e-01
-9.843750e-01 2.343750e-01
-1.078125e+00 2.343750e-01
-9.843750e-01 2.812500e-01
-9.375000e-01 2.343750e-01
-9.843750e-01 3.281250e-01
-9.375000e-01 3.281250e-01
-1.078125e+00 2.812500e-01
-1.078125e+00 3.281250e-01
-1.031250e+00 3.281250e-01
-1.078125e+00 3.750000e-01
-9.843750e-01 3.750000e-01
-8.906250e-01 2.343750e-01
-8.906250e-01 3.281250e-01
-8.437500e-01 3.750000e-01
7.500000e-01 2.812500e-01
6.562500e-01 2.812500e-01
6.562500e-01 3.750000e-01
8.906250e-01 2.343750e-01
9.375000e-01 2.343750e-01
8.906250e-01 3.281250e-01
9.375000e-01 3.281250e-01
7.968750e-01 3.281250e-01
7.968750e-01 3.750000e-01
8.906250e-01 3.750000e-01
1.031250e+00 2.343750e-01
1.078125e+00 2.343750e-01
9.843750e-01 2.343750e-01
1.078125e+00 2.812500e-01
1.125000e+00 2.343750e-01
1.078125e+00 3.281250e-01
1.125000e+00 3.281250e-01
9.843750e-01 2.812500e-01
9.843750e-01 3.281250e-01
1.031250e+00 3.281250e-01
9.843750e-01 3.750000e-01
1.078125e+00 3.750000e-01
1.171875e+00 2.343750e-01
1.171875e+00 3.281250e-01
1.218750e+00 3.750000e-01
-1.125000e+00 4.687500e-01
-1.218750e+00 4.687500e-01
-1.031250e+00 4.218750e-01
-9.843750e-01 4.218750e-01
-1.078125e+00 4.218750e-01
-9.843750e-01 4.687500e-01
-9.375000e-01 4.218750e-01
-9.843750e-01 5.156250e-01
-9.375000e-01 5.156250e-01
-1.031250e+00 5.625000e-01
-8.906250e-01 4.218750e-01
-7.968750e-01 5.156250e-01
-7.500000e-01 4.687500e-01
-8.906250e-01 4.687500e-01
-8.906250e-01 5.156250e-01
-8.437500e-01 5.156250e-01
-8.906250e-01 5.625000e-01
-7.968750e-01 5.625000e-01
-6.562500e-01 4.687500e-01
-6.562500e-01 5.625000e-01
5.625000e-01 4.687500e-01
4.687500e-01 4.687500e-01
4.687500e-01 5.625000e-01
7.031250e-01 4.218750e-01
7.500000e-01 4.218750e-01
7.031250e-01 5.156250e-01
7.500000e-01 5.156250e-01
6.093750e-01 5.156250e-01
6.093750e-01 5.625000e-01
7.031250e-01 5.625000e-01
8.437500e-01 4.218750e-01
8.906250e-01 4.218750e-01
7.968750e-01 4.218750e-01
8.906250e-01 4.687500e-01
9.375000e-01 4.218750e-01
8.906250e-01 5.156250e-01
9.375000e-01 5.156250e-01
7.968750e-01 4.687500e-01
7.968750e-01 5.156250e-01
8.437500e-01 5.156250e-01
7.968750e-01 5.625000e-01
8.906250e-01 5.625000e-01
1.031250e+00 4.218750e-01
1.078125e+00 4.218750e-01
9.843750e-01 4.218750e-01
1.078125e+00 4.687500e-01
1.125000e+00 4.218750e-01
1.078125e+00 5.156250e-01
1.125000e+00 5.156250e-01
9.843750e-01 4.687500e-01
9.843750e-01 5.156250e-01
1.031250e+00 5.156250e-01
9.843750e-01 5.625000e-01
1.078125e+00 5.625000e-01
1.171875e+00 4.218750e-01
1.171875e+00 5.156250e-01
1.218750e+00 5.625000e-01
-9.375000e-01 6.562500e-01
-1.031250e+00 6.562500e-01
-8.437500e-01 6.093750e-01
-7.968750e-01 6.093750e-01
-8.906250e-01 6.093750e-01
-7.968750e-01 6.562500e-01
-7.500000e-01 6.093750e-01
-7.968750e-01 7.031250e-01
-7.500000e-01 7.031250e-01
-8.437500e-01 7.500000e-01
-7.031250e-01 6.093750e-01
-6.093750e-01 7.031250e-01
-5.625000e-01 6.562500e-01
-7.031250e-01 6.562500e-01
-7.031250e-01 7.031250e-01
-6.562500e-01 7.031250e-01
-7.031250e-01 7.500000e-01
-6.093750e-01 7.500000e-01
-4.687500e-01 6.562500e-01
-4.687500e-01 7.500000e-01
3.750000e-01 6.562500e-01
2.812500e-01 6.562500e-01
2.812500e-01 7.500000e-01
5.156250e-01 6.093750e-01
5.625000e-01 6.093750e-01
5.156250e-01 7.031250e-01
5.625000e-01 7.031250e-01
4.218750e-01 7.031250e-01
4.218750e-01 7.500000e-01
5.156250e-01 7.500000e-01
6.562500e-01 6.093750e-01
7.031250e-01 6.093750e-01
6.093750e-01 6.093750e-01
7.031250e-01 6.562500e-01
7.500000e-01 6.093750e-01
7.031250e-01 7.031250e-01
7.500000e-01 7.031250e-01
6.093750e-01 6.562500e-01
6.093750e-01 7.031250e-01
6.562500e-01 7.031250e-01
6.093750e-01 7.500000e-01
7.031250e-01 7.500000e-01
8.437500e-01 6.093750e-01
8.906250e-01 6.093750e-01
7.968750e-01 6.093750e-01
8.906250e-01 6.562500e-01
9.375000e-01 6.093750e-01
8.906250e-01 7.031250e-01
9.375000e-01 7.031250e-01
7.968750e-01 6.562500e-01
7.968750e-01 7.031250e-01
8.437500e-01 7.031250e-01
7.968750e-01 7.500000e-01
8.906250e-01 7.500000e-01
1.078125e+00 6.093750e-01
9.843750e-01 6.093750e-01
1.125000e+00 6.562500e-01
9.843750e-01 7.031250e-01
1.031250e+00 7.500000e-01
1.218750e+00 6.562500e-01
-7.500000e-01 8.437500e-01
-8.437500e-01 8.437500e-01
-6.562500e-01 7.968750e-01
-6.093750e-01 7.968750e-01
-7.031250e-01 7.968750e-01
-6.093750e-01 8.437500e-01
-5.625000e-01 7.968750e-01
-6.093750e-01 8.906250e-01
-5.625000e-01 8.906250e-01
-6.562500e-01 9.375000e-01
-5.156250e-01 7.968750e-01
-4.218750e-01 8.906250e-01
-3.750000e-01 8.437500e-01
-5.156250e-01 8.437500e-01
-5.156250e-01 8.906250e-01
-4.687500e-01 8.906250e-01
-5.156250e-01 9.375000e-01
-4.218750e-01 9.375000e-01
-2.343750e-01 8.906250e-01
-1.875000e-01 8.437500e-01
-3.281250e-01 8.906250e-01
-3.281250e-01 9.375000e-01
-2.343750e-01 9.375000e-01
-4.687500e-02 8.906250e-01
0.000000e+00 8.437500e-01
-1.406250e-01 8.906250e-01
-1.406250e-01 9.375000e-01
-4.687500e-02 9.375000e-01
1.406250e-01 8.906250e-01
1.875000e-01 8.437500e-01
4.687500e-02 8.906250e-01
4.687500e-02 9.375000e-01
1.406250e-01 9.375000e-01
3.281250e-01 7.968750e-01
3.750000e-01 7.968750e-01
3.281250e-01 8.906250e-01
3.750000e-01 8.906250e-01
2.343750e-01 8.906250e-01
2.343750e-01 9.375000e-01
3.281250e-01 9.375000e-01
4.687500e-01 7.968750e-01
5.156250e-01 7.968750e-01
4.218750e-01 7.968750e-01
5.156250e-01 8.437500e-01
5.625000e-01 7.968750e-01
5.156250e-01 8.906250e-01
5.625000e-01 8.906250e-01
4.218750e-01 8.437500e-01
4.218750e-01 8.906250e-01
4.687500e-01 8.906250e-01
4.218750e-01 9.375000e-01
5.156250e-01 9.375000e-01
6.562500e-01 7.968750e-01
7.031250e-01 7.968750e-01
6.093750e-01 7.968750e-01
7.031250e-01 8.437500e-01
7.500000e-01 7.968750e-01
7.031250e-01 8.906250e-01
7.500000e-01 8.906250e-01
6.093750e-01 8.437500e-01
6.093750e-01 8.906250e-01
6.562500e-01 8.906250e-01
6.093750e-01 9.375000e-01
7.031250e-01 9.375000e-01
8.906250e-01 7.968750e-01
7.968750e-01 7.968750e-01
9.375000e-01 8.437500e-01
7.968750e-01 8.906250e-01
8.437500e-01 9.375000e-01
1.031250e+00 8.437500e-01
-5.625000e-01 1.031250e+00
-6.562500e-01 1.031250e+00
-4.687500e-01 9.843750e-01
-4.218750e-01 9.843750e-01
-5.156250e-01 9.843750e-01
-4.218750e-01 1.031250e+00
-3.750000e-01 9.843750e-01
-4.218750e-01 1.078125e+00
-3.750000e-01 1.078125e+00
-4.687500e-01 1.125000e+00
-2.812500e-01 9.843750e-01
-2.343750e-01 9.843750e-01
-3.281250e-01 9.843750e-01
-2.343750e-01 1.031250e+00
-1.875000e-01 9.843750e-01
-2.343750e-01 1.078125e+00
-1.875000e-01 1.078125e+00
-3.281250e-01 1.031250e+00
-3.281250e-01 1.078125e+00
-2.812500e-01 1.078125e+00
-3.281250e-01 1.125000e+00
-2.343750e-01 1.125000e+00
-9.375000e-02 9.843750e-01
-4.687500e-02 9.843750e-01
-1.406250e-01 9.843750e-01
-4.687500e-02 1.031250e+00
0.000000e+00 9.843750e-01
-4.687500e-02 1.078125e+00
0.000000e+00 1.078125e+00
-1.406250e-01 1.031250e+00
-1.406250e-01 1.078125e+00
-9.375000e-02 1.078125e+00
-1.406250e-01 1.125000e+00
-4.687500e-02 1.125000e+00
9.375000e-02 9.843750e-01
1.406250e-01 9.843750e-01
4.687500e-02 9.843750e-01
1.406250e-01 1.031250e+00
1.875000e-01 9.843750e-01
1.406250e-01 1.078125e+00
1.875000e-01 1.078125e+00
4.687500e-02 1.031250e+00
4.687500e-02 1.078125e+00
9.375000e-02 1.078125e+00
4.687500e-02 1.125000e+00
1.406250e-01 1.125000e+00
2.812500e-01 9.843750e-01
3.281250e-01 9.843750e-01
2.343750e-01 9.843750e-01
3.281250e-01 1.031250e+00
3.750000e-01 9.843750e-01
3.281250e-01 1.078125e+00
3.750000e-01 1.078125e+00
2.343750e-01 1.031250e+00
2.343750e-01 1.078125e+00
2.812500e-01 1.078125e+00
2.343750e-01 1.125000e+00
3.281250e-01 1.125000e+00
4.687500e-01 9.843750e-01
5.156250e-01 9.843750e-01
4.218750e-01 9.843750e-01
5.156250e-01 1.031250e+00
5.625000e-01 9.843750e-01
5.156250e-01 1.078125e+00
5.625000e-01 1.078125e+00
4.218750e-01 1.031250e+00
4.218750e-01 1.078125e+00
4.687500e-01 1.078125e+00
4.218750e-01 1.125000e+00
5.156250e-01 1.125000e+00
7.031250e-01 9.843750e-01
6.093750e-01 9.843750e-01
7.500000e-01 1.031250e+00
6.093750e-01 1.078125e+00
6.562500e-01 1.125000e+00
8.437500e-01 1.031250e+00
-3.750000e-01 1.218750e+00
-4.687500e-01 1.218750e+00
-2.343750e-01 1.171875e+00
-3.281250e-01 1.171875e+00
-1.875000e-01 1.218750e+00
-4.687500e-02 1.171875e+00
-1.406250e-01 1.171875e+00
0.000000e+00 1.218750e+00
1.406250e-01 1.171875e+00
4.687500e-02 1.171875e+00
1.875000e-01 1.218750e+00
3.281250e-01 1.171875e+00
2.343750e-01 1.171875e+00
3.750000e-01 1.218750e+00
5.156250e-01 1.171875e+00
4.218750e-01 1.171875e+00
5.625000e-01 1.218750e+00
6.562500e-01 1.218750e+00
simplices
0 1 18
0 17 18
1 2 19
1 18 19
2 3 20
2 19 20
3 4 21
3 20 21
4 5 22
4 21 22
5 6 23
5 22 23
6 7 24
6 23 24
7 8 25
7 24 25
8 9 26
8 25 26
9 10 27
9 26 27
10 11 28
10 27 28
11 12 29
11 28 29
12 13 30
12 29 30
13 14 31
13 30 31
14 15 32
14 31 32
15 16 33
15 32 33
17 18 35
17 34 35
18 19 36
18 35 36
19 20 37
19 36 37
20 21 38
20 37 38
21 22 484
22 483 484
39 483 484
21 38 484
38 484 485
39 484 485
22 23 289
289 486 487
40 486 487
23 289 487
289 483 488
39 483 488
22 289 483
289 290 488
290 488 489
39 488 489
289 290 486
290 486 490
40 486 490
23 24 291
291 491 492
41 491 492
24 291 492
291 487 493
40 487 493
23 291 487
291 292 493
292 493 494
40 493 494
291 292 491
292 491 495
41 491 495
24 25 293
293 496 497
42 496 497
25 293 497
293 492 498
41 492 498
24 293 492
293 294 498
294 498 499
41 498 499
293 294 496
294 496 500
42 496 500
25 26 295
295 501 502
43 501 502
26 295 502
295 497 503
42 497 503
25 295 497
295 296 503
296 503 504
42 503 504
295 296 501
296 501 505
43 501 505
26 27 297
297 506 507
44 506 507
27 297 507
297 502 508
43 502 508
26 297 502
297 298 508
298 508 509
43 508 509
297 298 506
298 506 510
44 506 510
27 28 511
28 45 511
44 507 511
27 507 511
44 511 512
45 511 512
28 29 46
28 45 46
29 30 47
29 46 47
30 31 48
30 47 48
31 32 49
31 48 49
32 33 50
32 49 50
34 35 52
34 51 52
35 36 53
35 52 53
36 37 54
36 53 54
37 38 514
38 513 514
55 513 514
37 54 514
54 514 515
55 514 515
300 485 516
39 485 516
38 300 485
299 516 517
39 516 517
299 300 516
299 518 519
56 518 519
299 300 518
300 513 520
55 513 520
38 300 513
300 301 520
301 520 521
55 520 521
300 301 518
301 518 522
56 518 522
290 490 524
40 490 524
290 523 524
303 523 524
290 489 525
39 489 525
290 523 525
303 523 525
302 524 527
40 524 527
302 524 526
303 524 526
302 528 529
57 528 529
302 526 528
303 526 528
299 519 531
56 519 531
299 530 531
303 530 531
299 517 525
39 517 525
299 525 530
303 525 530
304 531 532
303 531 532
304 531 533
56 531 533
304 528 532
303 528 532
304 528 534
57 528 534
292 495 536
41 495 536
292 535 536
306 535 536
292 494 537
40 494 537
292 535 537
306 535 537
305 536 539
41 536 539
305 536 538
306 536 538
305 540 541
58 540 541
305 538 540
306 538 540
302 529 543
57 529 543
302 542 543
306 542 543
302 527 537
40 527 537
302 537 542
306 537 542
307 543 544
306 543 544
307 543 545
57 543 545
307 540 544
306 540 544
307 540 546
58 540 546
294 500 548
42 500 548
294 547 548
309 547 548
294 499 549
41 499 549
294 547 549
309 547 549
308 548 551
42 548 551
308 548 550
309 548 550
308 552 553
59 552 553
308 550 552
309 550 552
305 541 555
58 541 555
305 554 555
309 554 555
305 539 549
41 539 549
305 549 554
309 549 554
310 555 556
309 555 556
310 555 557
58 555 557
310 552 556
309 552 556
310 552 558
59 552 558
296 505 560
43 505 560
296 559 560
312 559 560
296 504 561
42 504 561
296 559 561
312 559 561
311 560 563
43 560 563
311 560 562
312 560 562
311 564 565
60 564 565
311 562 564
312 562 564
308 553 567
59 553 567
308 566 567
312 566 567
308 551 561
42 551 561
308 561 566
312 561 566
313 567 568
312 567 568
313 567 569
59 567 569
313 564 568
312 564 568
313 564 570
60 564 570
298 510 572
44 510 572
298 571 572
315 571 572
298 509 573
43 509 573
298 571 573
315 571 573
314 572 575
44 572 575
314 572 574
315 572 574
314 576 577
61 576 577
314 574 576
315 574 576
311 565 579
60 565 579
311 578 579
315 578 579
311 563 573
43 563 573
311 573 578
315 573 578
316 579 580
315 579 580
316 579 581
60 579 581
316 576 580
315 576 580
316 576 582
61 576 582
45 317 512
317 512 583
44 512 583
317 584 585
62 584 585
45 317 585
314 577 587
61 577 587
314 586 587
317 586 587
314 575 583
44 575 583
314 583 586
317 583 586
318 587 588
317 587 588
318 587 589
61 587 589
318 584 588
317 584 588
318 584 590
62 584 590
45 46 591
46 63 591
62 585 591
45 585 591
62 591 592
63 591 592
46 47 64
46 63 64
47 48 65
47 64 65
48 49 66
48 65 66
49 50 67
49 66 67
51 52 69
51 68 69
52 53 70
52 69 70
53 54 594
54 593 594
71 593 594
53 70 594
70 594 595
71 594 595
320 515 596
55 515 596
54 320 515
319 596 597
55 596 597
319 320 596
319 598 599
72 598 599
319 320 598
320 593 600
71 593 600
54 320 593
320 321 600
321 600 601
71 600 601
320 321 598
321 598 602
72 598 602
301 522 604
56 522 604
301 603 604
323 603 604
301 521 605
55 521 605
301 603 605
323 603 605
322 604 607
56 604 607
322 604 606
323 604 606
322 608 609
73 608 609
322 606 608
323 606 608
319 599 611
72 599 611
319 610 611
323 610 611
319 597 605
55 597 605
319 605 610
323 605 610
324 611 612
323 611 612
324 611 613
72 611 613
324 608 612
323 608 612
324 608 614
73 608 614
304 534 616
57 534 616
304 615 616
326 615 616
304 533 617
56 533 617
304 615 617
326 615 617
325 616 619
57 616 619
325 616 618
326 616 618
325 620 621
74 620 621
325 618 620
326 618 620
322 609 623
73 609 623
322 622 623
326 622 623
322 607 617
56 607 617
322 617 622
326 617 622
327 623 624
326 623 624
327 623 625
73 623 625
327 620 624
326 620 624
327 620 626
74 620 626
307 546 627
58 546 627
307 328 627
307 545 628
57 545 628
307 328 628
75 328 629
328 627 629
58 627 629
325 621 630
74 621 630
325 328 630
325 619 628
57 619 628
325 328 628
75 328 631
328 630 631
74 630 631
310 558 632
59 558 632
310 329 632
310 557 633
58 557 633
310 329 633
76 329 634
329 632 634
59 632 634
75 329 629
329 629 633
58 629 633
75 76 329
313 570 635
60 570 635
313 330 635
313 569 636
59 569 636
313 330 636
77 330 637
330 635 637
60 635 637
76 330 634
330 634 636
59 634 636
76 77 330
316 582 638
61 582 638
316 331 638
316 581 639
60 581 639
316 331 639
78 331 640
331 638 640
61 638 640
77 331 637
331 637 639
60 637 639
77 78 331
318 590 642
62 590 642
318 641 642
333 641 642
318 589 643
61 589 643
318 641 643
333 641 643
332 642 645
62 642 645
332 642 644
333 642 644
332 646 647
79 646 647
332 644 646
333 644 646
78 333 640
333 640 643
61 640 643
333 646 648
79 646 648
78 333 648
63 334 592
334 592 649
62 592 649
334 650 651
80 650 651
63 334 651
332 647 653
79 647 653
332 652 653
334 652 653
332 645 649
62 645 649
332 649 652
334 649 652
335 653 654
334 653 654
335 653 655
79 653 655
335 650 654
334 650 654
335 650 656
80 650 656
63 64 657
64 81 657
80 651 657
63 651 657
80 657 658
81 657 658
64 65 82
64 81 82
65 66 83
65 82 83
66 67 84
66 83 84
68 69 86
68 85 86
69 70 660
70 659 660
87 659 660
69 86 660
86 660 661
87 660 661
337 595 662
71 595 662
70 337 595
336 662 663
71 662 663
336 337 662
336 664 665
88 664 665
336 337 664
337 659 666
87 659 666
70 337 659
337 338 666
338 666 667
87 666 667
337 338 664
338 664 668
88 664 668
321 602 670
72 602 670
321 669 670
340 669 670
321 601 671
71 601 671
321 669 671
340 669 671
339 670 673
72 670 673
339 670 672
340 670 672
339 674 675
89 674 675
339 672 674
340 672 674
336 665 677
88 665 677
336 676 677
340 676 677
336 663 671
71 663 671
336 671 676
340 671 676
341 677 678
340 677 678
341 677 679
88 677 679
341 674 678
340 674 678
341 674 680
89 674 680
324 614 682
73 614 682
324 681 682
343 681 682
324 613 683
72 613 683
324 681 683
343 681 683
342 682 685
73 682 685
342 682 684
343 682 684
342 686 687
90 686 687
342 684 686
343 684 686
339 675 689
89 675 689
339 688 689
343 688 689
339 673 683
72 673 683
339 683 688
343 683 688
344 689 690
343 689 690
344 689 691
89 689 691
344 686 690
343 686 690
344 686 692
90 686 692
327 626 693
74 626 693
327 345 693
327 625 694
73 625 694
327 345 694
91 345 695
345 693 695
74 693 695
342 687 696
90 687 696
342 345 696
342 685 694
73 685 694
342 345 694
91 345 697
345 696 697
90 696 697
75 631 698
74 631 698
75 92 698
91 695 698
74 695 698
91 92 698
75 76 93
75 92 93
76 77 94
76 93 94
77 78 95
77 94 95
79 648 700
78 648 700
79 699 700
96 699 700
78 95 700
95 96 700
335 656 702
80 656 702
335 701 702
347 701 702
335 655 703
79 655 703
335 701 703
347 701 703
346 702 705
80 702 705
346 702 704
347 702 704
346 706 707
97 706 707
346 704 706
347 704 706
96 347 699
347 699 703
79 699 703
347 706 708
97 706 708
96 347 708
81 348 658
348 658 709
80 658 709
348 710 711
98 710 711
81 348 711
346 707 713
97 707 713
346 712 713
348 712 713
346 705 709
80 705 709
346 709 712
348 709 712
349 713 714
348 713 714
349 713 715
97 713 715
349 710 714
348 710 714
349 710 716
98 710 716
81 82 717
82 99 717
98 711 717
81 711 717
98 717 718
99 717 718
82 83 100
82 99 100
83 84 101
83 100 101
85 86 103
85 102 103
351 661 719
87 661 719
86 351 661
350 719 720
87 719 720
350 351 719
350 721 722
104 721 722
350 351 721
86 103 351
351 721 723
104 721 723
103 351 723
338 668 725
88 668 725
338 724 725
353 724 725
338 667 726
87 667 726
338 724 726
353 724 726
352 725 728
88 725 728
352 725 727
353 725 727
352 729 730
105 729 730
352 727 729
353 727 729
350 722 732
104 722 732
350 731 732
353 731 732
350 720 726
87 720 726
350 726 731
353 726 731
354 732 733
353 732 733
354 732 734
104 732 734
354 729 733
353 729 733
354 729 735
105 729 735
341 680 737
89 680 737
341 736 737
356 736 737
341 679 738
88 679 738
341 736 738
356 736 738
355 737 740
89 737 740
355 737 739
356 737 739
355 741 742
106 741 742
355 739 741
356 739 741
352 730 744
105 730 744
352 743 744
356 743 744
352 728 738
88 728 738
352 738 743
356 738 743
357 744 745
356 744 745
357 744 746
105 744 746
357 741 745
356 741 745
357 741 747
106 741 747
344 692 748
90 692 748
344 358 748
344 691 749
89 691 749
344 358 749
107 358 750
358 748 750
90 748 750
355 742 751
106 742 751
355 358 751
355 740 749
89 740 749
355 358 749
107 358 752
358 751 752
106 751 752
91 697 753
90 697 753
91 108 753
107 750 753
90 750 753
107 108 753
91 92 109
91 108 109
92 93 110
92 109 110
93 94 111
93 110 111
94 95 112
94 111 112
95 96 113
95 112 113
97 708 755
96 708 755
97 754 755
114 754 755
96 113 755
113 114 755
349 716 757
98 716 757
349 756 757
360 756 757
349 715 758
97 715 758
349 756 758
360 756 758
359 757 760
98 757 760
359 757 759
360 757 759
359 761 762
115 761 762
359 759 761
360 759 761
114 360 754
360 754 758
97 754 758
360 761 763
115 761 763
114 360 763
99 361 718
361 718 764
98 718 764
361 765 766
116 765 766
99 361 766
359 762 768
115 762 768
359 767 768
361 767 768
359 760 764
98 760 764
359 764 767
361 764 767
362 768 769
361 768 769
362 768 770
115 768 770
362 765 769
361 765 769
362 765 771
116 765 771
99 100 772
100 117 772
116 766 772
99 766 772
116 772 773
117 772 773
100 101 118
100 117 118
102 103 120
102 119 120
364 723 774
104 723 774
103 364 723
363 774 775
104 774 775
363 364 774
363 776 777
121 776 777
363 364 776
103 120 364
364 776 778
121 776 778
120 364 778
354 735 780
105 735 780
354 779 780
366 779 780
354 734 781
104 734 781
354 779 781
366 779 781
365 780 783
105 780 783
365 780 782
366 780 782
365 784 785
122 784 785
365 782 784
366 782 784
363 777 787
121 777 787
363 786 787
366 786 787
363 775 781
104 775 781
363 781 786
366 781 786
367 787 788
366 787 788
367 787 789
121 787 789
367 784 788
366 784 788
367 784 790
122 784 790
357 747 791
106 747 791
357 368 791
357 746 792
105 746 792
357 368 792
123 368 793
368 791 793
106 791 793
365 785 794
122 785 794
365 368 794
365 783 792
105 783 792
365 368 792
123 368 795
368 794 795
122 794 795
107 752 796
106 752 796
107 124 796
123 793 796
106 793 796
123 124 796
107 108 125
107 124 125
108 109 126
108 125 126
109 110 127
109 126 127
110 111 128
110 127 128
111 112 129
111 128 129
112 113 130
112 129 130
113 114 131
113 130 131
370 763 797
115 763 797
114 370 763
369 797 798
115 797 798
369 370 797
369 799 800
132 799 800
369 370 799
114 131 370
370 799 801
132 799 801
131 370 801
362 771 803
116 771 803
362 802 803
372 802 803
362 770 804
115 770 804
362 802 804
372 802 804
371 803 806
116 803 806
371 803 805
372 803 805
371 807 808
133 807 808
371 805 807
372 805 807
369 800 810
132 800 810
369 809 810
372 809 810
369 798 804
115 798 804
369 804 809
372 804 809
373 810 811
372 810 811
373 810 812
132 810 812
373 807 811
372 807 811
373 807 813
133 807 813
117 374 773
374 773 814
116 773 814
117 134 374
371 808 815
133 808 815
371 374 815
371 806 814
116 806 814
371 374 814
134 374 816
374 815 816
133 815 816
117 118 135
117 134 135
119 120 137
119 136 137
376 778 817
121 778 817
120 376 778
375 817 818
121 817 818
375 376 817
375 819 820
138 819 820
375 376 819
120 137 376
376 819 821
138 819 821
137 376 821
367 790 823
122 790 823
367 822 823
378 822 823
367 789 824
121 789 824
367 822 824
378 822 824
377 823 826
122 823 826
377 823 825
378 823 825
377 827 828
139 827 828
377 825 827
378 825 827
375 820 830
138 820 830
375 829 830
378 829 830
375 818 824
121 818 824
375 824 829
378 824 829
379 830 831
378 830 831
379 830 832
138 830 832
379 827 831
378 827 831
379 827 833
139 827 833
123 380 795
380 795 834
122 795 834
123 140 380
377 828 835
139 828 835
377 380 835
377 826 834
122 826 834
377 380 834
140 380 836
380 835 836
139 835 836
123 124 141
123 140 141
124 125 142
124 141 142
125 126 143
125 142 143
126 127 144
126 143 144
127 128 145
127 144 145
128 129 146
128 145 146
129 130 147
129 146 147
130 131 148
130 147 148
382 801 837
132 801 837
131 382 801
381 837 838
132 837 838
381 382 837
381 839 840
149 839 840
381 382 839
131 148 382
382 839 841
149 839 841
148 382 841
373 813 843
133 813 843
373 842 843
384 842 843
373 812 844
132 812 844
373 842 844
384 842 844
383 843 846
133 843 846
383 843 845
384 843 845
383 847 848
150 847 848
383 845 847
384 845 847
381 840 850
149 840 850
381 849 850
384 849 850
381 838 844
132 838 844
381 844 849
384 844 849
385 850 851
384 850 851
385 850 852
149 850 852
385 847 851
384 847 851
385 847 853
150 847 853
134 386 816
386 816 854
133 816 854
134 151 386
383 848 855
150 848 855
383 386 855
383 846 854
133 846 854
383 386 854
151 386 856
386 855 856
150 855 856
134 135 152
134 151 152
136 137 154
136 153 154
388 821 857
138 821 857
137 388 821
387 857 858
138 857 858
387 388 857
387 859 860
155 859 860
387 388 859
137 154 388
388 859 861
155 859 861
154 388 861
379 833 863
139 833 863
379 862 863
390 862 863
379 832 864
138 832 864
379 862 864
390 862 864
389 863 866
139 863 866
389 863 865
390 863 865
389 867 868
156 867 868
389 865 867
390 865 867
387 860 870
155 860 870
387 869 870
390 869 870
387 858 864
138 858 864
387 864 869
390 864 869
391 870 871
390 870 871
391 870 872
155 870 872
391 867 871
390 867 871
391 867 873
156 867 873
140 392 836
392 836 874
139 836 874
140 157 392
389 868 875
156 868 875
389 392 875
389 866 874
139 866 874
389 392 874
157 392 876
392 875 876
156 875 876
140 141 158
140 157 158
141 142 159
141 158 159
142 143 160
142 159 160
143 144 161
143 160 161
144 145 162
144 161 162
145 146 163
145 162 163
146 147 164
146 163 164
147 148 165
147 164 165
394 841 877
149 841 877
148 394 841
393 877 878
149 877 878
393 394 877
393 879 880
166 879 880
393 394 879
148 165 394
394 879 881
166 879 881
165 394 881
385 853 883
150 853 883
385 882 883
396 882 883
385 852 884
149 852 884
385 882 884
396 882 884
395 883 886
150 883 886
395 883 885
396 883 885
395 887 888
167 887 888
395 885 887
396 885 887
393 880 890
166 880 890
393 889 890
396 889 890
393 878 884
149 878 884
393 884 889
396 884 889
397 890 891
396 890 891
397 890 892
166 890 892
397 887 891
396 887 891
397 887 893
167 887 893
151 398 856
398 856 894
150 856 894
151 168 398
395 888 895
167 888 895
395 398 895
395 886 894
150 886 894
395 398 894
168 398 896
398 895 896
167 895 896
151 152 169
151 168 169
153 154 171
153 170 171
400 861 897
155 861 897
154 400 861
399 897 898
155 897 898
399 400 897
399 899 900
172 899 900
399 400 899
154 171 400
400 899 901
172 899 901
171 400 901
391 873 903
156 873 903
391 902 903
402 902 903
391 872 904
155 872 904
391 902 904
402 902 904
401 903 906
156 903 906
401 903 905
402 903 905
401 907 908
173 907 908
401 905 907
402 905 907
399 900 910
172 900 910
399 909 910
402 909 910
399 898 904
155 898 904
399 904 909
402 904 909
403 910 911
402 910 911
403 910 912
172 910 912
403 907 911
402 907 911
403 907 913
173 907 913
157 404 876
404 876 914
156 876 914
157 174 404
401 908 915
173 908 915
401 404 915
401 906 914
156 906 914
401 404 914
174 404 916
404 915 916
173 915 916
157 158 175
157 174 175
158 159 176
158 175 176
159 160 177
159 176 177
160 161 178
160 177 178
161 162 179
161 178 179
162 163 180
162 179 180
163 164 181
163 180 181
164 165 918
165 917 918
182 917 918
164 181 918
181 918 919
182 918 919
406 881 920
166 881 920
165 406 881
405 920 921
166 920 921
405 406 920
405 922 923
183 922 923
405 406 922
406 917 924
182 917 924
165 406 917
406 407 924
407 924 925
182 924 925
406 407 922
407 922 926
183 922 926
397 893 928
167 893 928
397 927 928
409 927 928
397 892 929
166 892 929
397 927 929
409 927 929
408 928 931
167 928 931
408 928 930
409 928 930
408 932 933
184 932 933
408 930 932
409 930 932
405 923 935
183 923 935
405 934 935
409 934 935
405 921 929
166 921 929
405 929 934
409 929 934
410 935 936
409 935 936
410 935 937
183 935 937
410 932 936
409 932 936
410 932 938
184 932 938
168 411 896
411 896 939
167 896 939
168 185 411
408 933 940
184 933 940
408 411 940
408 931 939
167 931 939
408 411 939
185 411 941
411 940 941
184 940 941
168 169 186
168 185 186
170 171 188
170 187 188
172 901 943
171 901 943
172 942 943
189 942 943
171 188 943
188 189 943
403 913 945
173 913 945
403 944 945
413 944 945
403 912 946
172 912 946
403 944 946
413 944 946
412 945 948
173 945 948
412 945 947
413 945 947
412 949 950
190 949 950
412 947 949
413 947 949
189 413 942
413 942 946
172 942 946
413 949 951
190 949 951
189 413 951
174 414 916
414 916 952
173 916 952
414 953 954
191 953 954
174 414 954
412 950 956
190 950 956
412 955 956
414 955 956
412 948 952
173 948 952
412 952 955
414 952 955
415 956 957
414 956 957
415 956 958
190 956 958
415 953 957
414 953 957
415 953 959
191 953 959
174 175 960
175 192 960
191 954 960
174 954 960
191 960 961
192 960 961
175 176 193
175 192 193
176 177 194
176 193 194
177 178 195
177 194 195
178 179 196
178 195 196
179 180 197
179 196 197
180 181 963
181 962 963
198 962 963
180 197 963
197 963 964
198 963 964
417 919 965
182 919 965
181 417 919
416 965 966
182 965 966
416 417 965
416 967 968
199 967 968
416 417 967
417 962 969
198 962 969
181 417 962
417 418 969
418 969 970
198 969 970
417 418 967
418 967 971
199 967 971
407 926 973
183 926 973
407 972 973
420 972 973
407 925 974
182 925 974
407 972 974
420 972 974
419 973 976
183 973 976
419 973 975
420 973 975
419 977 978
200 977 978
419 975 977
420 975 977
416 968 980
199 968 980
416 979 980
420 979 980
416 966 974
182 966 974
416 974 979
420 974 979
421 980 981
420 980 981
421 980 982
199 980 982
421 977 981
420 977 981
421 977 983
200 977 983
410 938 985
184 938 985
410 984 985
423 984 985
410 937 986
183 937 986
410 984 986
423 984 986
422 985 988
184 985 988
422 985 987
423 985 987
422 989 990
201 989 990
422 987 989
423 987 989
419 978 992
200 978 992
419 991 992
423 991 992
419 976 986
183 976 986
419 986 991
423 986 991
424 992 993
423 992 993
424 992 994
200 992 994
424 989 993
423 989 993
424 989 995
201 989 995
185 425 941
425 941 996
184 941 996
185 202 425
422 990 997
201 990 997
422 425 997
422 988 996
184 988 996
422 425 996
202 425 998
425 997 998
201 997 998
185 186 203
185 202 203
187 188 205
187 204 205
188 189 206
188 205 206
190 951 1000
189 951 1000
190 999 1000
207 999 1000
189 206 1000
206 207 1000
415 959 1002
191 959 1002
415 1001 1002
427 1001 1002
415 958 1003
190 958 1003
415 1001 1003
427 1001 1003
426 1002 1005
191 1002 1005
426 1002 1004
427 1002 1004
426 1006 1007
208 1006 1007
426 1004 1006
427 1004 1006
207 427 999
427 999 1003
190 999 1003
427 1006 1008
208 1006 1008
207 427 1008
192 428 961
428 961 1009
191 961 1009
428 1010 1011
209 1010 1011
192 428 1011
426 1007 1013
208 1007 1013
426 1012 1013
428 1012 1013
426 1005 1009
191 1005 1009
426 1009 1012
428 1009 1012
429 1013 1014
428 1013 1014
429 1013 1015
208 1013 1015
429 1010 1014
428 1010 1014
429 1010 1016
209 1010 1016
192 193 1017
193 210 1017
209 1011 1017
192 1011 1017
209 1017 1018
210 1017 1018
193 194 211
193 210 211
194 195 212
194 211 212
195 196 213
195 212 213
196 197 1020
197 1019 1020
214 1019 1020
196 213 1020
213 1020 1021
214 1020 1021
431 964 1022
198 964 1022
197 431 964
430 1022 1023
198 1022 1023
430 431 1022
430 1024 1025
215 1024 1025
430 431 1024
431 1019 1026
214 1019 1026
197 431 1019
431 432 1026
432 1026 1027
214 1026 1027
431 432 1024
432 1024 1028
215 1024 1028
418 971 1030
199 971 1030
418 1029 1030
434 1029 1030
418 970 1031
198 970 1031
418 1029 1031
434 1029 1031
433 1030 1033
199 1030 1033
433 1030 1032
434 1030 1032
433 1034 1035
216 1034 1035
433 1032 1034
434 1032 1034
430 1025 1037
215 1025 1037
430 1036 1037
434 1036 1037
430 1023 1031
198 1023 1031
430 1031 1036
434 1031 1036
435 1037 1038
434 1037 1038
435 1037 1039
215 1037 1039
435 1034 1038
434 1034 1038
435 1034 1040
216 1034 1040
421 983 1042
200 983 1042
421 1041 1042
437 1041 1042
421 982 1043
199 982 1043
421 1041 1043
437 1041 1043
436 1042 1045
200 1042 1045
436 1042 1044
437 1042 1044
436 1046 1047
217 1046 1047
436 1044 1046
437 1044 1046
433 1035 1049
216 1035 1049
433 1048 1049
437 1048 1049
433 1033 1043
199 1033 1043
433 1043 1048
437 1043 1048
438 1049 1050
437 1049 1050
438 1049 1051
216 1049 1051
438 1046 1050
437 1046 1050
438 1046 1052
217 1046 1052
424 995 1053
201 995 1053
424 439 1053
424 994 1054
200 994 1054
424 439 1054
218 439 1055
439 1053 1055
201 1053 1055
436 1047 1056
217 1047 1056
436 439 1056
436 1045 1054
200 1045 1054
436 439 1054
218 439 1057
439 1056 1057
217 1056 1057
202 998 1058
201 998 1058
202 219 1058
218 1055 1058
201 1055 1058
218 219 1058
202 203 220
202 219 220
204 205 222
204 221 222
205 206 223
205 222 223
206 207 224
206 223 224
208 1008 1060
207 1008 1060
208 1059 1060
225 1059 1060
207 224 1060
224 225 1060
429 1016 1062
209 1016 1062
429 1061 1062
441 1061 1062
429 1015 1063
208 1015 1063
429 1061 1063
441 1061 1063
440 1062 1065
209 1062 1065
440 1062 1064
441 1062 1064
440 1066 1067
226 1066 1067
440 1064 1066
441 1064 1066
225 441 1059
441 1059 1063
208 1059 1063
441 1066 1068
226 1066 1068
225 441 1068
210 442 1018
442 1018 1069
209 1018 1069
442 1070 1071
227 1070 1071
210 442 1071
440 1067 1073
226 1067 1073
440 1072 1073
442 1072 1073
440 1065 1069
209 1065 1069
440 1069 1072
442 1069 1072
443 1073 1074
442 1073 1074
443 1073 1075
226 1073 1075
443 1070 1074
442 1070 1074
443 1070 1076
227 1070 1076
210 211 444
444 1077 1078
228 1077 1078
211 444 1078
444 1071 1079
227 1071 1079
210 444 1071
444 445 1079
445 1079 1080
227 1079 1080
444 445 1077
445 1077 1081
228 1077 1081
211 212 446
446 1082 1083
229 1082 1083
212 446 1083
446 1078 1084
228 1078 1084
211 446 1078
446 447 1084
447 1084 1085
228 1084 1085
446 447 1082
447 1082 1086
229 1082 1086
212 213 448
448 1087 1088
230 1087 1088
213 448 1088
448 1083 1089
229 1083 1089
212 448 1083
448 449 1089
449 1089 1090
229 1089 1090
448 449 1087
449 1087 1091
230 1087 1091
451 1021 1092
214 1021 1092
213 451 1021
450 1092 1093
214 1092 1093
450 451 1092
450 1094 1095
231 1094 1095
450 451 1094
451 1088 1096
230 1088 1096
213 451 1088
451 452 1096
452 1096 1097
230 1096 1097
451 452 1094
452 1094 1098
231 1094 1098
432 1028 1100
215 1028 1100
432 1099 1100
454 1099 1100
432 1027 1101
214 1027 1101
432 1099 1101
454 1099 1101
453 1100 1103
215 1100 1103
453 1100 1102
454 1100 1102
453 1104 1105
232 1104 1105
453 1102 1104
454 1102 1104
450 1095 1107
231 1095 1107
450 1106 1107
454 1106 1107
450 1093 1101
214 1093 1101
450 1101 1106
454 1101 1106
455 1107 1108
454 1107 1108
455 1107 1109
231 1107 1109
455 1104 1108
454 1104 1108
455 1104 1110
232 1104 1110
435 1040 1112
216 1040 1112
435 1111 1112
457 1111 1112
435 1039 1113
215 1039 1113
435 1111 1113
457 1111 1113
456 1112 1115
216 1112 1115
456 1112 1114
457 1112 1114
456 1116 1117
233 1116 1117
456 1114 1116
457 1114 1116
453 1105 1119
232 1105 1119
453 1118 1119
457 1118 1119
453 1103 1113
215 1103 1113
453 1113 1118
457 1113 1118
458 1119 1120
457 1119 1120
458 1119 1121
232 1119 1121
458 1116 1120
457 1116 1120
458 1116 1122
233 1116 1122
438 1052 1123
217 1052 1123
438 459 1123
438 1051 1124
216 1051 1124
438 459 1124
234 459 1125
459 1123 1125
217 1123 1125
456 1117 1126
233 1117 1126
456 459 1126
456 1115 1124
216 1115 1124
456 459 1124
234 459 1127
459 1126 1127
233 1126 1127
218 1057 1128
217 1057 1128
218 235 1128
234 1125 1128
217 1125 1128
234 235 1128
218 219 236
218 235 236
219 220 237
219 236 237
221 222 239
221 238 239
222 223 240
222 239 240
223 224 241
223 240 241
224 225 242
224 241 242
226 1068 1130
225 1068 1130
226 1129 1130
243 1129 1130
225 242 1130
242 243 1130
443 1076 1132
227 1076 1132
443 1131 1132
461 1131 1132
443 1075 1133
226 1075 1133
443 1131 1133
461 1131 1133
460 1132 1135
227 1132 1135
460 1132 1134
461 1132 1134
460 1136 1137
244 1136 1137
460 1134 1136
461 1134 1136
243 461 1129
461 1129 1133
226 1129 1133
461 1136 1138
244 1136 1138
243 461 1138
445 1081 1140
228 1081 1140
445 1139 1140
463 1139 1140
445 1080 1141
227 1080 1141
445 1139 1141
463 1139 1141
462 1140 1143
228 1140 1143
462 1140 1142
463 1140 1142
462 1144 1145
245 1144 1145
462 1142 1144
463 1142 1144
460 1137 1147
244 1137 1147
460 1146 1147
463 1146 1147
460 1135 1141
227 1135 1141
460 1141 1146
463 1141 1146
464 1147 1148
463 1147 1148
464 1147 1149
244 1147 1149
464 1144 1148
463 1144 1148
464 1144 1150
245 1144 1150
447 1086 1152
229 1086 1152
447 1151 1152
466 1151 1152
447 1085 1153
228 1085 1153
447 1151 1153
466 1151 1153
465 1152 1155
229 1152 1155
465 1152 1154
466 1152 1154
465 1156 1157
246 1156 1157
465 1154 1156
466 1154 1156
462 1145 1159
245 1145 1159
462 1158 1159
466 1158 1159
462 1143 1153
228 1143 1153
462 1153 1158
466 1153 1158
467 1159 1160
466 1159 1160
467 1159 1161
245 1159 1161
467 1156 1160
466 1156 1160
467 1156 1162
246 1156 1162
449 1091 1164
230 1091 1164
449 1163 1164
469 1163 1164
449 1090 1165
229 1090 1165
449 1163 1165
469 1163 1165
468 1164 1167
230 1164 1167
468 1164 1166
469 1164 1166
468 1168 1169
247 1168 1169
468 1166 1168
469 1166 1168
465 1157 1171
246 1157 1171
465 1170 1171
469 1170 1171
465 1155 1165
229 1155 1165
465 1165 1170
469 1165 1170
470 1171 1172
469 1171 1172
470 1171 1173
246 1171 1173
470 1168 1172
469 1168 1172
470 1168 1174
247 1168 1174
452 1098 1176
231 1098 1176
452 1175 1176
472 1175 1176
452 1097 1177
230 1097 1177
452 1175 1177
472 1175 1177
471 1176 1179
231 1176 1179
471 1176 1178
472 1176 1178
471 1180 1181
248 1180 1181
471 1178 1180
472 1178 1180
468 1169 1183
247 1169 1183
468 1182 1183
472 1182 1183
468 1167 1177
230 1167 1177
468 1177 1182
472 1177 1182
473 1183 1184
472 1183 1184
473 1183 1185
247 1183 1185
473 1180 1184
472 1180 1184
473 1180 1186
248 1180 1186
455 1110 1188
232 1110 1188
455 1187 1188
475 1187 1188
455 1109 1189
231 1109 1189
455 1187 1189
475 1187 1189
474 1188 1191
232 1188 1191
474 1188 1190
475 1188 1190
474 1192 1193
249 1192 1193
474 1190 1192
475 1190 1192
471 1181 1195
248 1181 1195
471 1194 1195
475 1194 1195
471 1179 1189
231 1179 1189
471 1189 1194
475 1189 1194
476 1195 1196
475 1195 1196
476 1195 1197
248 1195 1197
476 1192 1196
475 1192 1196
476 1192 1198
249 1192 1198
458 1122 1199
233 1122 1199
458 477 1199
458 1121 1200
232 1121 1200
458 477 1200
250 477 1201
477 1199 1201
233 1199 1201
474 1193 1202
249 1193 1202
474 477 1202
474 1191 1200
232 1191 1200
474 477 1200
250 477 1203
477 1202 1203
249 1202 1203
234 1127 1204
233 1127 1204
234 251 1204
250 1201 1204
233 1201 1204
250 251 1204
234 235 252
234 251 252
235 236 253
235 252 253
236 237 254
236 253 254
238 239 256
238 255 256
239 240 257
239 256 257
240 241 258
240 257 258
241 242 259
241 258 259
242 243 260
242 259 260
244 1138 1206
243 1138 1206
244 1205 1206
261 1205 1206
243 260 1206
260 261 1206
464 1150 1207
245 1150 1207
464 478 1207
464 1149 1208
244 1149 1208
464 478 1208
262 478 1209
478 1207 1209
245 1207 1209
261 478 1205
478 1205 1208
244 1205 1208
261 262 478
467 1162 1210
246 1162 1210
467 479 1210
467 1161 1211
245 1161 1211
467 479 1211
263 479 1212
479 1210 1212
246 1210 1212
262 479 1209
479 1209 1211
245 1209 1211
262 263 479
470 1174 1213
247 1174 1213
470 480 1213
470 1173 1214
246 1173 1214
470 480 1214
264 480 1215
480 1213 1215
247 1213 1215
263 480 1212
480 1212 1214
246 1212 1214
263 264 480
473 1186 1216
248 1186 1216
473 481 1216
473 1185 1217
247 1185 1217
473 481 1217
265 481 1218
481 1216 1218
248 1216 1218
264 481 1215
481 1215 1217
247 1215 1217
264 265 481
476 1198 1219
249 1198 1219
476 482 1219
476 1197 1220
248 1197 1220
476 482 1220
266 482 1221
482 1219 1221
249 1219 1221
265 482 1218
482 1218 1220
248 1218 1220
265 266 482
250 1203 1222
249 1203 1222
250 267 1222
266 1221 1222
249 1221 1222
266 267 1222
250 251 268
250 267 268
251 252 269
251 268 269
252 253 270
252 269 270
253 254 271
253 270 271
255 256 273
255 272 273
256 257 274
256 273 274
257 258 275
257 274 275
258 259 276
258 275 276
259 260 277
259 276 277
260 261 278
260 277 278
261 262 279
261 278 279
262 263 280
262 279 280
263 264 281
263 280 281
264 265 282
264 281 282
265 266 283
265 282 283
266 267 284
266 283 284
267 268 285
267 284 285
268 269 286
268 285 286
269 270 287
269 286 287
270 271 288
270 287 288
