ID=2754044
numvertices=1581
numsimplices=3091
vertices
-1.500000e+00 -1.500000e+00
-1.200000e+00 -1.500000e+00
-9.000000e-01 -1.500000e+00
-6.000000e-01 -1.500000e+00
-3.000000e-01 -1.500000e+00
0.000000e+00 -1.500000e+00
3.000000e-01 -1.500000e+00
6.000000e-01 -1.500000e+00
9.000000e-01 -1.500000e+00
1.200000e+00 -1.500000e+00
1.500000e+00 -1.500000e+00
-1.500000e+00 -1.200000e+00
-1.200000e+00 -1.200000e+00
-9.000000e-01 -1.200000e+00
-6.000000e-01 -1.200000e+00
-3.000000e-01 -1.200000e+00
0.000000e+00 -1.200000e+00
3.000000e-01 -1.200000e+00
6.000000e-01 -1.200000e+00
9.000000e-01 -1.200000e+00
1.200000e+00 -1.200000e+00
1.500000e+00 -1.200000e+00
-1.500000e+00 -9.000000e-01
-1.200000e+00 -9.000000e-01
-9.000000e-01 -9.000000e-01
-6.000000e-01 -9.000000e-01
-3.000000e-01 -9.000000e-01
0.000000e+00 -9.000000e-01
3.000000e-01 -9.000000e-01
6.000000e-01 -9.000000e-01
9.000000e-01 -9.000000e-01
1.200000e+00 -9.000000e-01
1.500000e+00 -9.000000e-01
-1.500000e+00 -6.000000e-01
-1.200000e+00 -6.000000e-01
-9.000000e-01 -6.000000e-01
-6.000000e-01 -6.000000e-01
-3.000000e-01 -6.000000e-01
0.000000e+00 -6.000000e-01
3.000000e-01 -6.000000e-01
6.000000e-01 -6.000000e-01
9.000000e-01 -6.000000e-01
1.200000e+00 -6.000000e-01
1.500000e+00 -6.000000e-01
-1.500000e+00 -3.000000e-01
-1.200000e+00 -3.000000e-01
-9.000000e-01 -3.000000e-01
-6.000000e-01 -3.000000e-01
-3.000000e-01 -3.000000e-01
0.000000e+00 -3.000000e-01
3.000000e-01 -3.000000e-01
6.000000e-01 -3.000000e-01
9.000000e-01 -3.000000e-01
1.200000e+00 -3.000000e-01
1.500000e+00 -3.000000e-01
-1.500000e+00 0.000000e+00
-1.200000e+00 0.000000e+00
-9.000000e-01 0.000000e+00
-6.000000e-01 0.000000e+00
-3.000000e-01 0.000000e+00
0.000000e+00 0.000000e+00
3.000000e-01 0.000000e+00
6.000000e-01 0.000000e+00
9.000000e-01 0.000000e+00
1.200000e+00 0.000000e+00
1.500000e+00 0.000000e+00
-1.500000e+00 3.000000e-01
-1.200000e+00 3.000000e-01
-9.000000e-01 3.000000e-01
-6.000000e-01 3.000000e-01
-3.000000e-01 3.000000e-01
0.000000e+00 3.000000e-01
3.000000e-01 3.000000e-01
6.000000e-01 3.000000e-01
9.000000e-01 3.000000e-01
1.200000e+00 3.000000e-01
1.500000e+00 3.000000e-01
-1.500000e+00 6.000000e-01
-1.200000e+00 6.000000e-01
-9.000000e-01 6.000000e-01
-6.000000e-01 6.000000e-01
-3.000000e-01 6.000000e-01
0.000000e+00 6.000000e-01
3.000000e-01 6.000000e-01
6.000000e-01 6.000000e-01
9.000000e-01 6.000000e-01
1.200000e+00 6.000000e-01
1.500000e+00 6.000000e-01
-1.500000e+00 9.000000e-01
-1.200000e+00 9.000000e-01
-9.000000e-01 9.000000e-01
-6.000000e-01 9.000000e-01
-3.000000e-01 9.000000e-01
0.000000e+00 9.000000e-01
3.000000e-01 9.000000e-01
6.000000e-01 9.000000e-01
9.000000e-01 9.000000e-01
1.200000e+00 9.000000e-01
1.500000e+00 9.000000e-01
-1.500000e+00 1.200000e+00
-1.200000e+00 1.200000e+00
-9.000000e-01 1.200000e+00
-6.000000e-01 1.200000e+00
-3.000000e-01 1.200000e+00
0.000000e+00 1.200000e+00
3.000000e-01 1.200000e+00
6.000000e-01 1.200000e+00
9.000000e-01 1.200000e+00
1.200000e+00 1.200000e+00
1.500000e+00 1.200000e+00
-1.500000e+00 1.500000e+00
-1.200000e+00 1.500000e+00
-9.000000e-01 1.500000e+00
-6.000000e-01 1.500000e+00
-3.000000e-01 1.500000e+00
0.000000e+00 1.500000e+00
3.000000e-01 1.500000e+00
6.000000e-01 1.500000e+00
9.000000e-01 1.500000e+00
1.200000e+00 1.500000e+00
1.500000e+00 1.500000e+00
-7.500000e-01 -1.350000e+00
-7.500000e-01 -1.200000e+00
-4.500000e-01 -1.350000e+00
-4.500000e-01 -1.200000e+00
-1.500000e-01 -1.350000e+00
-1.500000e-01 -1.200000e+00
1.500000e-01 -1.350000e+00
1.500000e-01 -1.200000e+00
4.500000e-01 -1.350000e+00
4.500000e-01 -1.200000e+00
-9.000000e-01 -1.050000e+00
-1.050000e+00 -1.050000e+00
-1.050000e+00 -9.000000e-01
-6.000000e-01 -1.050000e+00
-7.500000e-01 -1.050000e+00
-7.500000e-01 -9.000000e-01
-3.000000e-01 -1.050000e+00
-4.500000e-01 -1.050000e+00
-4.500000e-01 -9.000000e-01
0.000000e+00 -1.050000e+00
-1.500000e-01 -1.050000e+00
-1.500000e-01 -9.000000e-01
3.000000e-01 -1.050000e+00
1.500000e-01 -1.050000e+00
1.500000e-01 -9.000000e-01
6.000000e-01 -1.050000e+00
4.500000e-01 -1.050000e+00
4.500000e-01 -9.000000e-01
7.500000e-01 -1.050000e+00
7.500000e-01 -9.000000e-01
-1.200000e+00 -7.500000e-01
-1.350000e+00 -7.500000e-01
-9.000000e-01 -7.500000e-01
-1.050000e+00 -7.500000e-01
-1.050000e+00 -6.000000e-01
-6.000000e-01 -7.500000e-01
-7.500000e-01 -7.500000e-01
-7.500000e-01 -6.000000e-01
-4.500000e-01 -7.500000e-01
-1.500000e-01 -7.500000e-01
1.500000e-01 -7.500000e-01
4.500000e-01 -7.500000e-01
9.000000e-01 -7.500000e-01
7.500000e-01 -7.500000e-01
1.050000e+00 -7.500000e-01
1.050000e+00 -6.000000e-01
-1.200000e+00 -4.500000e-01
-1.350000e+00 -4.500000e-01
-9.000000e-01 -4.500000e-01
-1.050000e+00 -4.500000e-01
-1.050000e+00 -3.000000e-01
-7.500000e-01 -4.500000e-01
9.000000e-01 -4.500000e-01
7.500000e-01 -4.500000e-01
1.200000e+00 -4.500000e-01
1.050000e+00 -4.500000e-01
1.050000e+00 -3.000000e-01
1.350000e+00 -4.500000e-01
-1.200000e+00 -1.500000e-01
-1.350000e+00 -1.500000e-01
-9.000000e-01 -1.500000e-01
-1.050000e+00 -1.500000e-01
-1.050000e+00 0.000000e+00
-7.500000e-01 -1.500000e-01
9.000000e-01 -1.500000e-01
7.500000e-01 -1.500000e-01
1.200000e+00 -1.500000e-01
1.050000e+00 -1.500000e-01
1.050000e+00 0.000000e+00
1.350000e+00 -1.500000e-01
-1.200000e+00 1.500000e-01
-1.350000e+00 1.500000e-01
-9.000000e-01 1.500000e-01
-1.050000e+00 1.500000e-01
-1.050000e+00 3.000000e-01
-7.500000e-01 1.500000e-01
9.000000e-01 1.500000e-01
7.500000e-01 1.500000e-01
1.200000e+00 1.500000e-01
1.050000e+00 1.500000e-01
1.050000e+00 3.000000e-01
1.350000e+00 1.500000e-01
-1.200000e+00 4.500000e-01
-1.350000e+00 4.500000e-01
-9.000000e-01 4.500000e-01
-1.050000e+00 4.500000e-01
-1.050000e+00 6.000000e-01
-7.500000e-01 4.500000e-01
9.000000e-01 4.500000e-01
7.500000e-01 4.500000e-01
7.500000e-01 6.000000e-01
1.200000e+00 4.500000e-01
1.050000e+00 4.500000e-01
1.050000e+00 6.000000e-01
1.350000e+00 4.500000e-01
-9.000000e-01 7.500000e-01
-1.050000e+00 7.500000e-01
-7.500000e-01 7.500000e-01
-7.500000e-01 9.000000e-01
-4.500000e-01 7.500000e-01
-4.500000e-01 9.000000e-01
-1.500000e-01 7.500000e-01
-1.500000e-01 9.000000e-01
1.500000e-01 7.500000e-01
1.500000e-01 9.000000e-01
6.000000e-01 7.500000e-01
4.500000e-01 7.500000e-01
4.500000e-01 9.000000e-01
9.000000e-01 7.500000e-01
7.500000e-01 7.500000e-01
7.500000e-01 9.000000e-01
1.200000e+00 7.500000e-01
1.050000e+00 7.500000e-01
1.050000e+00 9.000000e-01
1.350000e+00 7.500000e-01
-6.000000e-01 1.050000e+00
-7.500000e-01 1.050000e+00
-3.000000e-01 1.050000e+00
-4.500000e-01 1.050000e+00
-4.500000e-01 1.200000e+00
0.000000e+00 1.050000e+00
-1.500000e-01 1.050000e+00
-1.500000e-01 1.200000e+00
3.000000e-01 1.050000e+00
1.500000e-01 1.050000e+00
1.500000e-01 1.200000e+00
6.000000e-01 1.050000e+00
4.500000e-01 1.050000e+00
4.500000e-01 1.200000e+00
9.000000e-01 1.050000e+00
7.500000e-01 1.050000e+00
7.500000e-01 1.200000e+00
1.050000e+00 1.050000e+00
-4.500000e-01 1.350000e+00
-1.500000e-01 1.350000e+00
1.500000e-01 1.350000e+00
4.500000e-01 1.350000e+00
7.500000e-01 1.350000e+00
-1.350000e+00 -1.350000e+00
-1.350000e+00 -1.200000e+00
-9.000000e-01 -1.350000e+00
-1.050000e+00 -1.350000e+00
-6.750000e-01 -1.275000e+00
-6.000000e-01 -1.350000e+00
-8.250000e-01 -1.275000e+00
-8.250000e-01 -1.200000e+00
-6.750000e-01 -1.200000e+00
3.000000e-01 -1.350000e+00
5.250000e-01 -1.425000e+00
3.750000e-01 -1.425000e+00
4.500000e-01 -1.500000e+00
5.250000e-01 -1.275000e+00
6.000000e-01 -1.350000e+00
3.750000e-01 -1.275000e+00
4.500000e-01 -1.275000e+00
3.750000e-01 -1.200000e+00
5.250000e-01 -1.200000e+00
9.000000e-01 -1.350000e+00
7.500000e-01 -1.350000e+00
7.500000e-01 -1.500000e+00
7.500000e-01 -1.200000e+00
1.200000e+00 -1.350000e+00
1.050000e+00 -1.350000e+00
1.050000e+00 -1.500000e+00
1.050000e+00 -1.200000e+00
1.500000e+00 -1.350000e+00
1.350000e+00 -1.350000e+00
1.350000e+00 -1.500000e+00
-1.200000e+00 -1.050000e+00
-1.350000e+00 -1.050000e+00
-1.350000e+00 -9.000000e-01
-9.750000e-01 -9.750000e-01
-1.125000e+00 -9.750000e-01
-1.050000e+00 -9.750000e-01
-9.750000e-01 -9.000000e-01
-7.500000e-01 -1.125000e+00
-6.750000e-01 -1.125000e+00
-8.250000e-01 -1.125000e+00
-6.750000e-01 -1.050000e+00
-6.000000e-01 -1.125000e+00
-6.750000e-01 -9.750000e-01
-3.750000e-01 -1.125000e+00
-5.250000e-01 -1.125000e+00
-3.750000e-01 -1.050000e+00
-3.750000e-01 -9.750000e-01
-3.000000e-01 -9.750000e-01
-5.250000e-01 -9.750000e-01
-4.500000e-01 -9.750000e-01
-5.250000e-01 -9.000000e-01
-7.500000e-02 -1.125000e+00
-2.250000e-01 -1.125000e+00
-7.500000e-02 -1.050000e+00
-7.500000e-02 -9.750000e-01
0.000000e+00 -9.750000e-01
-2.250000e-01 -1.050000e+00
-2.250000e-01 -9.750000e-01
7.500000e-02 -9.750000e-01
4.500000e-01 -1.125000e+00
5.250000e-01 -1.125000e+00
3.750000e-01 -1.125000e+00
5.250000e-01 -1.050000e+00
6.000000e-01 -1.125000e+00
5.250000e-01 -9.750000e-01
3.750000e-01 -9.750000e-01
4.500000e-01 -9.750000e-01
5.250000e-01 -9.000000e-01
8.250000e-01 -1.125000e+00
6.750000e-01 -1.125000e+00
9.000000e-01 -1.050000e+00
6.750000e-01 -9.750000e-01
6.750000e-01 -9.000000e-01
1.050000e+00 -1.050000e+00
1.050000e+00 -9.000000e-01
-1.275000e+00 -8.250000e-01
-1.425000e+00 -8.250000e-01
-1.200000e+00 -8.250000e-01
-1.275000e+00 -6.750000e-01
-1.200000e+00 -6.750000e-01
-1.425000e+00 -6.750000e-01
-1.500000e+00 -7.500000e-01
-1.350000e+00 -6.000000e-01
-9.750000e-01 -8.250000e-01
-1.125000e+00 -8.250000e-01
-9.750000e-01 -6.750000e-01
-1.125000e+00 -7.500000e-01
-1.125000e+00 -6.750000e-01
-1.125000e+00 -6.000000e-01
-9.750000e-01 -6.000000e-01
-6.750000e-01 -6.750000e-01
-6.000000e-01 -6.750000e-01
-3.750000e-01 -8.250000e-01
-5.250000e-01 -8.250000e-01
-3.750000e-01 -6.750000e-01
-3.000000e-01 -7.500000e-01
-5.250000e-01 -7.500000e-01
-5.250000e-01 -6.750000e-01
-4.500000e-01 -6.000000e-01
-7.500000e-02 -8.250000e-01
-2.250000e-01 -8.250000e-01
-7.500000e-02 -6.750000e-01
0.000000e+00 -7.500000e-01
-2.250000e-01 -6.750000e-01
-1.500000e-01 -6.000000e-01
1.500000e-01 -6.000000e-01
5.250000e-01 -8.250000e-01
6.000000e-01 -7.500000e-01
4.500000e-01 -6.000000e-01
7.500000e-01 -8.250000e-01
8.250000e-01 -8.250000e-01
6.750000e-01 -8.250000e-01
8.250000e-01 -7.500000e-01
9.000000e-01 -8.250000e-01
8.250000e-01 -6.750000e-01
7.500000e-01 -6.000000e-01
1.125000e+00 -8.250000e-01
9.750000e-01 -8.250000e-01
1.125000e+00 -6.750000e-01
1.200000e+00 -7.500000e-01
9.750000e-01 -6.750000e-01
1.050000e+00 -6.750000e-01
9.750000e-01 -6.000000e-01
1.350000e+00 -7.500000e-01
-1.050000e+00 -5.250000e-01
-9.750000e-01 -5.250000e-01
-1.125000e+00 -5.250000e-01
-9.750000e-01 -4.500000e-01
-9.000000e-01 -5.250000e-01
-9.750000e-01 -3.750000e-01
-9.000000e-01 -3.750000e-01
-1.125000e+00 -3.750000e-01
-1.125000e+00 -3.000000e-01
-6.750000e-01 -5.250000e-01
-8.250000e-01 -5.250000e-01
-6.750000e-01 -3.750000e-01
-6.000000e-01 -4.500000e-01
-8.250000e-01 -4.500000e-01
-8.250000e-01 -3.750000e-01
-7.500000e-01 -3.000000e-01
-3.000000e-01 -4.500000e-01
-4.500000e-01 -4.500000e-01
-4.500000e-01 -3.000000e-01
0.000000e+00 -4.500000e-01
-1.500000e-01 -4.500000e-01
-1.500000e-01 -3.000000e-01
3.000000e-01 -4.500000e-01
1.500000e-01 -4.500000e-01
1.500000e-01 -3.000000e-01
6.000000e-01 -4.500000e-01
4.500000e-01 -4.500000e-01
4.500000e-01 -3.000000e-01
7.500000e-01 -3.000000e-01
9.750000e-01 -5.250000e-01
1.125000e+00 -3.750000e-01
9.750000e-01 -3.750000e-01
9.750000e-01 -3.000000e-01
1.125000e+00 -3.000000e-01
1.350000e+00 -3.000000e-01
-1.350000e+00 0.000000e+00
-1.050000e+00 -2.250000e-01
-9.750000e-01 -2.250000e-01
-1.125000e+00 -2.250000e-01
-9.000000e-01 -2.250000e-01
-9.750000e-01 -7.500000e-02
-9.000000e-01 -7.500000e-02
-1.125000e+00 -7.500000e-02
-1.125000e+00 0.000000e+00
-9.750000e-01 0.000000e+00
-6.750000e-01 -2.250000e-01
-8.250000e-01 -2.250000e-01
-6.750000e-01 -7.500000e-02
-6.000000e-01 -1.500000e-01
-8.250000e-01 -1.500000e-01
-8.250000e-01 -7.500000e-02
-7.500000e-01 0.000000e+00
-3.000000e-01 -1.500000e-01
-4.500000e-01 -1.500000e-01
-4.500000e-01 0.000000e+00
-1.500000e-01 -1.500000e-01
3.000000e-01 -1.500000e-01
1.500000e-01 -1.500000e-01
6.000000e-01 -1.500000e-01
4.500000e-01 -1.500000e-01
8.250000e-01 -2.250000e-01
6.750000e-01 -2.250000e-01
8.250000e-01 -7.500000e-02
6.750000e-01 -7.500000e-02
7.500000e-01 0.000000e+00
1.050000e+00 -2.250000e-01
1.125000e+00 -2.250000e-01
9.750000e-01 -2.250000e-01
1.125000e+00 -1.500000e-01
1.200000e+00 -2.250000e-01
1.125000e+00 -7.500000e-02
9.750000e-01 -7.500000e-02
1.050000e+00 -7.500000e-02
9.750000e-01 0.000000e+00
1.125000e+00 0.000000e+00
1.275000e+00 -2.250000e-01
1.350000e+00 0.000000e+00
-1.275000e+00 7.500000e-02
-1.425000e+00 7.500000e-02
-1.275000e+00 1.500000e-01
-1.200000e+00 7.500000e-02
-1.275000e+00 2.250000e-01
-1.200000e+00 2.250000e-01
-1.425000e+00 2.250000e-01
-1.500000e+00 1.500000e-01
-1.350000e+00 3.000000e-01
-1.050000e+00 7.500000e-02
-9.750000e-01 7.500000e-02
-1.125000e+00 7.500000e-02
-9.750000e-01 1.500000e-01
-9.000000e-01 7.500000e-02
-9.750000e-01 2.250000e-01
-9.000000e-01 2.250000e-01
-1.125000e+00 1.500000e-01
-1.125000e+00 2.250000e-01
-1.125000e+00 3.000000e-01
-6.750000e-01 7.500000e-02
-8.250000e-01 7.500000e-02
-6.750000e-01 2.250000e-01
-6.000000e-01 1.500000e-01
-8.250000e-01 1.500000e-01
-8.250000e-01 2.250000e-01
-7.500000e-01 3.000000e-01
-4.500000e-01 1.500000e-01
1.500000e-01 1.500000e-01
1.500000e-01 3.000000e-01
6.000000e-01 1.500000e-01
4.500000e-01 1.500000e-01
8.250000e-01 7.500000e-02
6.750000e-01 7.500000e-02
8.250000e-01 1.500000e-01
9.000000e-01 7.500000e-02
8.250000e-01 2.250000e-01
9.000000e-01 2.250000e-01
6.750000e-01 2.250000e-01
7.500000e-01 3.000000e-01
1.050000e+00 7.500000e-02
1.125000e+00 7.500000e-02
9.750000e-01 7.500000e-02
1.125000e+00 1.500000e-01
1.200000e+00 7.500000e-02
1.125000e+00 2.250000e-01
1.200000e+00 2.250000e-01
9.750000e-01 1.500000e-01
9.750000e-01 2.250000e-01
9.750000e-01 3.000000e-01
1.125000e+00 3.000000e-01
1.275000e+00 7.500000e-02
1.275000e+00 2.250000e-01
1.350000e+00 3.000000e-01
-1.050000e+00 3.750000e-01
-9.750000e-01 3.750000e-01
-1.125000e+00 3.750000e-01
-9.750000e-01 5.250000e-01
-9.000000e-01 5.250000e-01
-6.750000e-01 3.750000e-01
-8.250000e-01 3.750000e-01
-6.750000e-01 5.250000e-01
-6.000000e-01 4.500000e-01
-8.250000e-01 4.500000e-01
-8.250000e-01 5.250000e-01
-7.500000e-01 6.000000e-01
-4.500000e-01 4.500000e-01
-4.500000e-01 6.000000e-01
0.000000e+00 4.500000e-01
-1.500000e-01 4.500000e-01
-1.500000e-01 6.000000e-01
3.000000e-01 4.500000e-01
1.500000e-01 4.500000e-01
1.500000e-01 6.000000e-01
6.000000e-01 4.500000e-01
4.500000e-01 4.500000e-01
8.250000e-01 5.250000e-01
6.750000e-01 5.250000e-01
7.500000e-01 5.250000e-01
6.750000e-01 6.000000e-01
8.250000e-01 6.000000e-01
1.050000e+00 3.750000e-01
1.125000e+00 3.750000e-01
9.750000e-01 3.750000e-01
1.125000e+00 5.250000e-01
9.750000e-01 5.250000e-01
1.050000e+00 5.250000e-01
9.750000e-01 6.000000e-01
1.350000e+00 6.000000e-01
-1.350000e+00 7.500000e-01
-1.350000e+00 9.000000e-01
-1.500000e+00 7.500000e-01
-9.750000e-01 6.750000e-01
-9.000000e-01 6.750000e-01
-9.750000e-01 8.250000e-01
-9.000000e-01 8.250000e-01
-1.050000e+00 9.000000e-01
-6.750000e-01 6.750000e-01
-8.250000e-01 6.750000e-01
-6.750000e-01 8.250000e-01
-6.000000e-01 7.500000e-01
-8.250000e-01 7.500000e-01
-8.250000e-01 8.250000e-01
-7.500000e-01 8.250000e-01
-8.250000e-01 9.000000e-01
-6.750000e-01 9.000000e-01
-3.750000e-01 6.750000e-01
-5.250000e-01 6.750000e-01
-3.750000e-01 8.250000e-01
-3.000000e-01 7.500000e-01
-5.250000e-01 8.250000e-01
-4.500000e-01 8.250000e-01
-5.250000e-01 9.000000e-01
-3.750000e-01 9.000000e-01
-7.500000e-02 6.750000e-01
-2.250000e-01 6.750000e-01
-7.500000e-02 8.250000e-01
0.000000e+00 7.500000e-01
-2.250000e-01 8.250000e-01
-2.250000e-01 9.000000e-01
-7.500000e-02 9.000000e-01
8.250000e-01 6.750000e-01
6.750000e-01 6.750000e-01
8.250000e-01 8.250000e-01
6.750000e-01 8.250000e-01
6.750000e-01 9.000000e-01
8.250000e-01 9.000000e-01
9.750000e-01 6.750000e-01
1.125000e+00 8.250000e-01
9.750000e-01 8.250000e-01
1.050000e+00 8.250000e-01
9.750000e-01 9.000000e-01
1.125000e+00 9.000000e-01
1.425000e+00 6.750000e-01
1.275000e+00 6.750000e-01
1.425000e+00 8.250000e-01
1.500000e+00 7.500000e-01
1.350000e+00 9.000000e-01
-1.200000e+00 1.050000e+00
-1.350000e+00 1.050000e+00
-1.350000e+00 1.200000e+00
-1.500000e+00 1.050000e+00
-9.000000e-01 1.050000e+00
-1.050000e+00 1.050000e+00
-1.050000e+00 1.200000e+00
-7.500000e-01 9.750000e-01
-6.750000e-01 9.750000e-01
-8.250000e-01 9.750000e-01
-3.750000e-01 9.750000e-01
-5.250000e-01 9.750000e-01
-3.750000e-01 1.125000e+00
-3.000000e-01 1.125000e+00
-5.250000e-01 1.125000e+00
-4.500000e-01 1.125000e+00
-5.250000e-01 1.200000e+00
-3.750000e-01 1.200000e+00
-1.500000e-01 9.750000e-01
-7.500000e-02 9.750000e-01
-2.250000e-01 9.750000e-01
-7.500000e-02 1.050000e+00
0.000000e+00 9.750000e-01
-7.500000e-02 1.125000e+00
0.000000e+00 1.125000e+00
-2.250000e-01 1.050000e+00
-2.250000e-01 1.125000e+00
2.250000e-01 9.750000e-01
7.500000e-02 9.750000e-01
2.250000e-01 1.050000e+00
2.250000e-01 1.125000e+00
3.000000e-01 1.125000e+00
7.500000e-02 1.050000e+00
7.500000e-02 1.125000e+00
5.250000e-01 1.125000e+00
3.750000e-01 1.125000e+00
4.500000e-01 1.125000e+00
5.250000e-01 1.200000e+00
7.500000e-01 9.750000e-01
8.250000e-01 9.750000e-01
6.750000e-01 9.750000e-01
8.250000e-01 1.050000e+00
9.000000e-01 9.750000e-01
8.250000e-01 1.125000e+00
6.750000e-01 1.125000e+00
7.500000e-01 1.125000e+00
8.250000e-01 1.200000e+00
1.050000e+00 9.750000e-01
1.125000e+00 9.750000e-01
9.750000e-01 9.750000e-01
1.125000e+00 1.125000e+00
1.200000e+00 1.050000e+00
1.050000e+00 1.200000e+00
1.350000e+00 1.050000e+00
-1.350000e+00 1.350000e+00
-1.050000e+00 1.350000e+00
-6.000000e-01 1.350000e+00
-7.500000e-01 1.350000e+00
-4.500000e-01 1.275000e+00
-3.750000e-01 1.275000e+00
-5.250000e-01 1.275000e+00
-3.750000e-01 1.425000e+00
-3.000000e-01 1.350000e+00
-5.250000e-01 1.425000e+00
-4.500000e-01 1.500000e+00
-7.500000e-02 1.425000e+00
0.000000e+00 1.350000e+00
-2.250000e-01 1.425000e+00
-1.500000e-01 1.500000e+00
5.250000e-01 1.275000e+00
5.250000e-01 1.425000e+00
6.000000e-01 1.350000e+00
4.500000e-01 1.500000e+00
8.250000e-01 1.275000e+00
9.000000e-01 1.350000e+00
1.200000e+00 1.350000e+00
1.050000e+00 1.350000e+00
1.350000e+00 1.350000e+00
-1.275000e+00 -1.275000e+00
-1.200000e+00 -1.350000e+00
-1.275000e+00 -1.200000e+00
-1.050000e+00 -1.200000e+00
-6.750000e-01 -1.425000e+00
-7.500000e-01 -1.500000e+00
-6.000000e-01 -1.275000e+00
-6.000000e-01 -1.425000e+00
-3.750000e-01 -1.425000e+00
-5.250000e-01 -1.425000e+00
-4.500000e-01 -1.500000e+00
-3.750000e-01 -1.275000e+00
-3.000000e-01 -1.350000e+00
-5.250000e-01 -1.350000e+00
-5.250000e-01 -1.275000e+00
-4.500000e-01 -1.275000e+00
-5.250000e-01 -1.200000e+00
-3.750000e-01 -1.200000e+00
-7.500000e-02 -1.425000e+00
-2.250000e-01 -1.425000e+00
-1.500000e-01 -1.500000e+00
-7.500000e-02 -1.275000e+00
0.000000e+00 -1.350000e+00
-2.250000e-01 -1.275000e+00
-1.500000e-01 -1.275000e+00
-2.250000e-01 -1.200000e+00
-7.500000e-02 -1.200000e+00
2.250000e-01 -1.425000e+00
1.500000e-01 -1.500000e+00
2.250000e-01 -1.350000e+00
3.000000e-01 -1.275000e+00
2.250000e-01 -1.275000e+00
3.000000e-01 -1.425000e+00
7.500000e-02 -1.275000e+00
7.500000e-02 -1.200000e+00
2.250000e-01 -1.200000e+00
4.500000e-01 -1.425000e+00
4.125000e-01 -1.462500e+00
4.125000e-01 -1.387500e+00
3.750000e-01 -1.500000e+00
3.375000e-01 -1.462500e+00
5.625000e-01 -1.312500e+00
5.250000e-01 -1.350000e+00
4.875000e-01 -1.312500e+00
6.000000e-01 -1.275000e+00
5.625000e-01 -1.237500e+00
4.125000e-01 -1.312500e+00
3.750000e-01 -1.350000e+00
3.375000e-01 -1.237500e+00
4.125000e-01 -1.237500e+00
4.500000e-01 -1.312500e+00
3.750000e-01 -1.237500e+00
4.125000e-01 -1.200000e+00
4.875000e-01 -1.275000e+00
4.875000e-01 -1.237500e+00
8.250000e-01 -1.425000e+00
8.250000e-01 -1.350000e+00
9.000000e-01 -1.425000e+00
8.250000e-01 -1.275000e+00
9.000000e-01 -1.275000e+00
6.750000e-01 -1.275000e+00
9.750000e-01 -1.425000e+00
9.750000e-01 -1.275000e+00
1.350000e+00 -1.425000e+00
1.425000e+00 -1.500000e+00
1.425000e+00 -1.425000e+00
1.275000e+00 -1.500000e+00
1.275000e+00 -1.425000e+00
1.425000e+00 -1.275000e+00
1.275000e+00 -1.275000e+00
1.350000e+00 -1.200000e+00
-1.350000e+00 -1.125000e+00
-1.275000e+00 -1.125000e+00
-1.425000e+00 -1.125000e+00
-1.200000e+00 -1.125000e+00
-1.500000e+00 -1.050000e+00
-1.125000e+00 -1.125000e+00
-9.375000e-01 -9.375000e-01
-9.000000e-01 -9.750000e-01
-1.087500e+00 -1.012500e+00
-1.125000e+00 -1.050000e+00
-1.087500e+00 -9.750000e-01
-1.050000e+00 -9.375000e-01
-1.087500e+00 -9.375000e-01
-1.125000e+00 -9.000000e-01
-1.012500e+00 -9.375000e-01
-9.750000e-01 -9.375000e-01
-1.012500e+00 -9.000000e-01
-9.375000e-01 -9.000000e-01
-6.375000e-01 -1.087500e+00
-6.375000e-01 -1.050000e+00
-6.375000e-01 -1.012500e+00
-6.375000e-01 -9.375000e-01
-6.000000e-01 -9.750000e-01
-6.750000e-01 -1.012500e+00
-7.125000e-01 -1.012500e+00
-8.250000e-01 -9.750000e-01
-7.500000e-01 -9.750000e-01
-8.250000e-01 -9.000000e-01
-7.125000e-01 -9.375000e-01
-6.750000e-01 -9.000000e-01
-3.000000e-01 -1.125000e+00
-4.125000e-01 -1.012500e+00
-5.625000e-01 -1.012500e+00
-5.625000e-01 -9.375000e-01
-4.875000e-01 -1.012500e+00
-5.250000e-01 -1.050000e+00
-4.875000e-01 -9.750000e-01
-4.500000e-01 -9.375000e-01
-4.875000e-01 -9.375000e-01
-4.500000e-01 -1.012500e+00
-4.125000e-01 -9.750000e-01
-4.125000e-01 -9.375000e-01
-3.750000e-01 -9.000000e-01
-1.125000e-01 -1.087500e+00
-1.500000e-01 -1.125000e+00
-1.875000e-01 -1.087500e+00
-3.750000e-02 -1.087500e+00
0.000000e+00 -1.125000e+00
-7.500000e-02 -1.087500e+00
-3.750000e-02 -1.050000e+00
-1.125000e-01 -1.050000e+00
-3.750000e-02 -9.750000e-01
0.000000e+00 -1.012500e+00
-3.750000e-02 -1.012500e+00
0.000000e+00 -9.375000e-01
-3.750000e-02 -9.375000e-01
-7.500000e-02 -1.012500e+00
-1.125000e-01 -1.012500e+00
-2.625000e-01 -1.012500e+00
-2.625000e-01 -9.375000e-01
-2.625000e-01 -1.050000e+00
-1.875000e-01 -1.012500e+00
-2.625000e-01 -1.087500e+00
-2.250000e-01 -1.087500e+00
-1.875000e-01 -9.375000e-01
-1.500000e-01 -9.750000e-01
-2.250000e-01 -9.000000e-01
-1.125000e-01 -9.375000e-01
-7.500000e-02 -9.000000e-01
1.500000e-01 -1.125000e+00
2.250000e-01 -1.125000e+00
7.500000e-02 -1.125000e+00
2.250000e-01 -1.050000e+00
3.000000e-01 -1.125000e+00
2.250000e-01 -9.750000e-01
3.000000e-01 -9.750000e-01
3.750000e-02 -9.750000e-01
3.750000e-02 -1.012500e+00
3.750000e-02 -9.375000e-01
7.500000e-02 -1.050000e+00
7.500000e-02 -9.000000e-01
4.125000e-01 -1.162500e+00
4.125000e-01 -1.012500e+00
3.750000e-01 -1.050000e+00
4.125000e-01 -9.750000e-01
4.500000e-01 -9.375000e-01
4.125000e-01 -9.375000e-01
3.750000e-01 -9.000000e-01
4.875000e-01 -9.375000e-01
8.250000e-01 -9.750000e-01
8.250000e-01 -9.000000e-01
9.750000e-01 -9.750000e-01
9.750000e-01 -9.000000e-01
1.350000e+00 -1.050000e+00
-1.012500e+00 -8.625000e-01
-9.375000e-01 -8.625000e-01
-1.050000e+00 -8.250000e-01
-9.000000e-01 -8.250000e-01
-9.375000e-01 -6.375000e-01
-9.000000e-01 -6.750000e-01
-1.087500e+00 -6.375000e-01
-1.050000e+00 -6.750000e-01
-1.087500e+00 -6.000000e-01
-1.012500e+00 -6.375000e-01
-1.012500e+00 -6.000000e-01
-9.375000e-01 -6.000000e-01
-6.750000e-01 -8.250000e-01
-8.250000e-01 -8.250000e-01
-8.250000e-01 -6.750000e-01
-8.250000e-01 -6.000000e-01
-4.500000e-01 -8.250000e-01
-4.875000e-01 -8.625000e-01
-4.875000e-01 -7.875000e-01
-3.000000e-01 -6.750000e-01
-3.000000e-01 -8.250000e-01
-5.625000e-01 -7.125000e-01
-5.250000e-01 -7.125000e-01
-4.875000e-01 -7.125000e-01
-4.875000e-01 -7.500000e-01
-4.500000e-01 -6.750000e-01
-3.750000e-01 -6.000000e-01
-1.125000e-01 -8.625000e-01
-3.750000e-02 -8.625000e-01
-1.125000e-01 -7.875000e-01
-1.500000e-01 -8.250000e-01
-1.875000e-01 -8.625000e-01
-2.625000e-01 -8.625000e-01
-1.875000e-01 -7.875000e-01
-3.750000e-02 -7.125000e-01
-7.500000e-02 -7.500000e-01
-1.125000e-01 -7.125000e-01
0.000000e+00 -6.750000e-01
-3.750000e-02 -6.375000e-01
0.000000e+00 -8.250000e-01
-2.625000e-01 -7.125000e-01
-1.875000e-01 -7.125000e-01
-2.250000e-01 -7.500000e-01
-1.500000e-01 -6.750000e-01
-7.500000e-02 -6.000000e-01
-2.250000e-01 -6.000000e-01
7.500000e-02 -8.250000e-01
2.250000e-01 -6.750000e-01
3.000000e-01 -7.500000e-01
7.500000e-02 -6.750000e-01
2.250000e-01 -6.000000e-01
7.500000e-02 -6.000000e-01
4.875000e-01 -8.625000e-01
5.625000e-01 -8.625000e-01
4.875000e-01 -7.875000e-01
4.500000e-01 -8.250000e-01
3.750000e-01 -8.250000e-01
5.250000e-01 -7.500000e-01
6.000000e-01 -6.750000e-01
5.250000e-01 -6.750000e-01
5.625000e-01 -7.875000e-01
6.000000e-01 -8.250000e-01
3.750000e-01 -6.750000e-01
4.500000e-01 -6.750000e-01
5.250000e-01 -6.000000e-01
3.750000e-01 -6.000000e-01
7.875000e-01 -8.625000e-01
8.625000e-01 -8.625000e-01
6.375000e-01 -8.625000e-01
7.125000e-01 -7.875000e-01
9.000000e-01 -8.625000e-01
8.625000e-01 -6.375000e-01
9.000000e-01 -6.750000e-01
7.875000e-01 -7.125000e-01
6.750000e-01 -7.500000e-01
6.750000e-01 -6.750000e-01
6.375000e-01 -7.875000e-01
7.875000e-01 -6.375000e-01
7.500000e-01 -6.750000e-01
8.250000e-01 -6.000000e-01
9.375000e-01 -8.625000e-01
1.200000e+00 -6.750000e-01
1.162500e+00 -6.375000e-01
9.750000e-01 -7.500000e-01
9.375000e-01 -8.250000e-01
9.375000e-01 -7.875000e-01
1.087500e+00 -6.375000e-01
1.125000e+00 -6.000000e-01
1.275000e+00 -6.750000e-01
1.350000e+00 -6.000000e-01
-1.275000e+00 -5.250000e-01
-1.425000e+00 -5.250000e-01
-1.275000e+00 -4.500000e-01
-1.200000e+00 -5.250000e-01
-1.275000e+00 -3.750000e-01
-1.200000e+00 -3.750000e-01
-1.425000e+00 -3.750000e-01
-1.500000e+00 -4.500000e-01
-1.350000e+00 -3.000000e-01
-9.750000e-01 -5.625000e-01
-1.012500e+00 -5.625000e-01
-9.375000e-01 -5.625000e-01
-1.125000e+00 -5.625000e-01
-1.087500e+00 -5.625000e-01
-1.162500e+00 -5.625000e-01
-9.000000e-01 -4.875000e-01
-9.375000e-01 -4.875000e-01
-9.000000e-01 -5.625000e-01
-9.750000e-01 -3.000000e-01
-7.500000e-01 -5.250000e-01
-7.875000e-01 -5.625000e-01
-8.625000e-01 -5.625000e-01
-7.875000e-01 -4.875000e-01
-6.375000e-01 -4.125000e-01
-6.750000e-01 -4.500000e-01
-7.125000e-01 -4.125000e-01
-6.000000e-01 -3.750000e-01
-8.625000e-01 -4.125000e-01
-8.625000e-01 -3.375000e-01
-8.250000e-01 -4.125000e-01
-8.625000e-01 -4.500000e-01
-7.875000e-01 -4.125000e-01
-7.875000e-01 -4.500000e-01
-8.625000e-01 -5.250000e-01
-8.625000e-01 -4.875000e-01
-8.250000e-01 -4.875000e-01
-7.500000e-01 -3.750000e-01
-7.875000e-01 -3.375000e-01
-8.250000e-01 -3.000000e-01
-4.500000e-01 -5.250000e-01
-3.750000e-01 -5.250000e-01
-5.250000e-01 -5.250000e-01
-3.750000e-01 -3.750000e-01
-5.250000e-01 -3.750000e-01
-4.500000e-01 -3.750000e-01
-3.750000e-01 -3.000000e-01
-1.500000e-01 -5.250000e-01
-7.500000e-02 -5.250000e-01
-2.250000e-01 -5.250000e-01
-7.500000e-02 -4.500000e-01
0.000000e+00 -5.250000e-01
-7.500000e-02 -3.750000e-01
-2.250000e-01 -3.750000e-01
-1.500000e-01 -3.750000e-01
-7.500000e-02 -3.000000e-01
1.500000e-01 -5.250000e-01
2.250000e-01 -5.250000e-01
7.500000e-02 -5.250000e-01
2.250000e-01 -4.500000e-01
3.000000e-01 -5.250000e-01
2.250000e-01 -3.750000e-01
7.500000e-02 -3.750000e-01
7.500000e-02 -3.000000e-01
5.250000e-01 -5.250000e-01
3.750000e-01 -5.250000e-01
5.250000e-01 -3.750000e-01
5.250000e-01 -3.000000e-01
8.250000e-01 -5.250000e-01
8.250000e-01 -3.750000e-01
9.000000e-01 -3.750000e-01
8.250000e-01 -3.000000e-01
1.125000e+00 -5.250000e-01
1.125000e+00 -4.500000e-01
1.087500e+00 -4.125000e-01
9.375000e-01 -3.375000e-01
1.012500e+00 -3.375000e-01
1.050000e+00 -3.750000e-01
9.750000e-01 -3.375000e-01
1.012500e+00 -3.000000e-01
9.375000e-01 -3.000000e-01
1.087500e+00 -3.375000e-01
1.275000e+00 -3.750000e-01
1.275000e+00 -3.000000e-01
-1.275000e+00 -2.250000e-01
-1.425000e+00 -2.250000e-01
-1.275000e+00 -1.500000e-01
-1.200000e+00 -2.250000e-01
-1.275000e+00 -7.500000e-02
-1.200000e+00 -7.500000e-02
-1.425000e+00 -7.500000e-02
-1.500000e+00 -1.500000e-01
-1.275000e+00 0.000000e+00
-1.425000e+00 0.000000e+00
-9.375000e-01 -2.625000e-01
-9.000000e-01 -1.875000e-01
-9.375000e-01 -1.875000e-01
-9.000000e-01 -2.625000e-01
-9.750000e-01 -1.500000e-01
-9.375000e-01 -7.500000e-02
-9.000000e-01 -1.125000e-01
-9.375000e-01 -1.125000e-01
-9.000000e-01 -3.750000e-02
-9.375000e-01 -3.750000e-02
-1.012500e+00 -1.125000e-01
-1.162500e+00 -1.125000e-01
-1.162500e+00 -3.750000e-02
-1.125000e+00 -1.500000e-01
-1.087500e+00 -3.750000e-02
-1.050000e+00 -7.500000e-02
-1.125000e+00 -3.750000e-02
-1.087500e+00 0.000000e+00
-7.125000e-01 -1.875000e-01
-7.500000e-01 -2.250000e-01
-7.875000e-01 -2.625000e-01
-7.875000e-01 -1.875000e-01
-8.625000e-01 -2.625000e-01
-6.375000e-01 -1.125000e-01
-6.750000e-01 -1.500000e-01
-7.125000e-01 -1.125000e-01
-6.000000e-01 -7.500000e-02
-6.375000e-01 -3.750000e-02
-6.375000e-01 -1.875000e-01
-6.000000e-01 -2.250000e-01
-8.625000e-01 -1.125000e-01
-8.625000e-01 -3.750000e-02
-8.250000e-01 -1.125000e-01
-8.625000e-01 -1.500000e-01
-7.875000e-01 -1.125000e-01
-7.875000e-01 -1.500000e-01
-8.625000e-01 -2.250000e-01
-8.625000e-01 -1.875000e-01
-8.250000e-01 -1.875000e-01
-7.500000e-01 -7.500000e-02
-6.750000e-01 0.000000e+00
-8.250000e-01 0.000000e+00
-3.750000e-01 -2.250000e-01
-5.250000e-01 -2.250000e-01
-3.750000e-01 -7.500000e-02
-5.250000e-01 -7.500000e-02
-4.500000e-01 -7.500000e-02
-3.750000e-01 0.000000e+00
-7.500000e-02 -2.250000e-01
0.000000e+00 -1.500000e-01
-1.500000e-01 0.000000e+00
1.500000e-01 -2.250000e-01
2.250000e-01 -2.250000e-01
7.500000e-02 -2.250000e-01
2.250000e-01 -1.500000e-01
3.000000e-01 -2.250000e-01
2.250000e-01 -7.500000e-02
3.000000e-01 -7.500000e-02
7.500000e-02 -7.500000e-02
1.500000e-01 0.000000e+00
4.500000e-01 -2.250000e-01
5.250000e-01 -2.250000e-01
3.750000e-01 -2.250000e-01
5.250000e-01 -1.500000e-01
5.250000e-01 -7.500000e-02
6.000000e-01 -7.500000e-02
3.750000e-01 -7.500000e-02
4.500000e-01 0.000000e+00
7.875000e-01 -2.625000e-01
7.875000e-01 -1.875000e-01
7.500000e-01 -2.250000e-01
8.625000e-01 -2.625000e-01
9.000000e-01 -2.250000e-01
8.250000e-01 -1.500000e-01
9.000000e-01 -7.500000e-02
8.250000e-01 0.000000e+00
6.750000e-01 0.000000e+00
1.087500e+00 -1.875000e-01
9.750000e-01 -2.625000e-01
1.012500e+00 -2.625000e-01
9.375000e-01 -2.625000e-01
1.162500e+00 -1.875000e-01
1.162500e+00 -1.500000e-01
1.087500e+00 -1.500000e-01
1.162500e+00 -1.125000e-01
1.162500e+00 -3.750000e-02
1.200000e+00 -7.500000e-02
1.125000e+00 -1.125000e-01
1.087500e+00 -1.125000e-01
9.375000e-01 -1.125000e-01
9.375000e-01 -3.750000e-02
9.750000e-01 -1.500000e-01
1.012500e+00 -3.750000e-02
1.012500e+00 0.000000e+00
9.375000e-01 0.000000e+00
1.350000e+00 -2.250000e-01
1.425000e+00 -2.250000e-01
1.312500e+00 -2.625000e-01
1.312500e+00 -1.875000e-01
1.237500e+00 -2.625000e-01
1.425000e+00 -7.500000e-02
1.500000e+00 -1.500000e-01
1.275000e+00 -1.500000e-01
1.275000e+00 -7.500000e-02
1.350000e+00 -7.500000e-02
1.425000e+00 0.000000e+00
1.275000e+00 0.000000e+00
-1.312500e+00 3.750000e-02
-1.312500e+00 1.125000e-01
-1.350000e+00 7.500000e-02
-1.237500e+00 3.750000e-02
-1.387500e+00 3.750000e-02
-1.387500e+00 1.125000e-01
-1.237500e+00 1.125000e-01
-1.275000e+00 1.125000e-01
-1.237500e+00 1.500000e-01
-1.312500e+00 1.500000e-01
-1.237500e+00 2.250000e-01
-1.200000e+00 1.875000e-01
-1.237500e+00 1.875000e-01
-1.200000e+00 2.625000e-01
-1.237500e+00 2.625000e-01
-1.275000e+00 1.875000e-01
-1.312500e+00 1.875000e-01
-1.425000e+00 1.500000e-01
-1.350000e+00 2.250000e-01
-1.275000e+00 3.000000e-01
-1.425000e+00 3.000000e-01
-1.087500e+00 3.750000e-02
-9.375000e-01 2.625000e-01
-1.012500e+00 1.875000e-01
-1.162500e+00 2.250000e-01
-1.162500e+00 1.875000e-01
-1.162500e+00 2.625000e-01
-1.125000e+00 1.875000e-01
-1.162500e+00 1.500000e-01
-1.087500e+00 1.875000e-01
-1.162500e+00 1.125000e-01
-1.050000e+00 2.250000e-01
-1.162500e+00 3.000000e-01
-1.012500e+00 2.625000e-01
-9.750000e-01 3.000000e-01
-7.125000e-01 3.750000e-02
-7.125000e-01 1.125000e-01
-7.500000e-01 7.500000e-02
-6.375000e-01 3.750000e-02
-7.875000e-01 1.125000e-01
-6.750000e-01 1.500000e-01
-7.125000e-01 1.875000e-01
-6.000000e-01 2.250000e-01
-6.375000e-01 2.625000e-01
-6.000000e-01 7.500000e-02
-8.625000e-01 1.875000e-01
-8.625000e-01 1.500000e-01
-7.875000e-01 1.875000e-01
-7.875000e-01 1.500000e-01
-8.625000e-01 1.125000e-01
-8.250000e-01 1.125000e-01
-7.125000e-01 2.625000e-01
-7.500000e-01 2.250000e-01
-6.750000e-01 3.000000e-01
-8.250000e-01 3.000000e-01
-3.750000e-01 7.500000e-02
-5.250000e-01 7.500000e-02
-3.750000e-01 2.250000e-01
-3.000000e-01 1.500000e-01
-5.250000e-01 2.250000e-01
-4.500000e-01 3.000000e-01
0.000000e+00 1.500000e-01
-1.500000e-01 1.500000e-01
-1.500000e-01 3.000000e-01
2.250000e-01 2.250000e-01
3.000000e-01 1.500000e-01
7.500000e-02 2.250000e-01
7.500000e-02 3.000000e-01
2.250000e-01 3.000000e-01
5.250000e-01 7.500000e-02
6.000000e-01 7.500000e-02
4.500000e-01 3.000000e-01
7.875000e-01 3.750000e-02
7.875000e-01 1.125000e-01
7.500000e-01 7.500000e-02
8.625000e-01 3.750000e-02
7.125000e-01 3.750000e-02
7.125000e-01 1.125000e-01
6.375000e-01 3.750000e-02
9.000000e-01 1.125000e-01
8.625000e-01 1.125000e-01
9.000000e-01 3.750000e-02
6.750000e-01 1.500000e-01
1.087500e+00 3.750000e-02
1.162500e+00 3.750000e-02
1.050000e+00 3.750000e-02
1.087500e+00 1.125000e-01
1.050000e+00 1.125000e-01
9.750000e-01 3.750000e-02
1.012500e+00 3.750000e-02
9.375000e-01 3.750000e-02
1.012500e+00 7.500000e-02
1.012500e+00 1.125000e-01
1.200000e+00 1.125000e-01
1.162500e+00 1.125000e-01
1.200000e+00 3.750000e-02
1.162500e+00 2.250000e-01
1.200000e+00 1.875000e-01
1.162500e+00 1.875000e-01
1.200000e+00 2.625000e-01
1.162500e+00 2.625000e-01
1.087500e+00 1.875000e-01
9.375000e-01 1.875000e-01
9.375000e-01 2.625000e-01
9.375000e-01 1.500000e-01
1.012500e+00 1.875000e-01
1.012500e+00 1.500000e-01
9.375000e-01 7.500000e-02
9.375000e-01 1.125000e-01
9.750000e-01 1.125000e-01
1.012500e+00 2.625000e-01
1.050000e+00 2.250000e-01
9.750000e-01 2.625000e-01
1.012500e+00 3.000000e-01
9.375000e-01 3.000000e-01
1.087500e+00 2.625000e-01
1.125000e+00 2.625000e-01
1.087500e+00 3.000000e-01
1.162500e+00 3.000000e-01
1.350000e+00 7.500000e-02
1.425000e+00 7.500000e-02
1.312500e+00 3.750000e-02
1.312500e+00 1.125000e-01
1.237500e+00 3.750000e-02
1.425000e+00 2.250000e-01
1.500000e+00 1.500000e-01
1.237500e+00 2.250000e-01
1.237500e+00 1.875000e-01
1.237500e+00 2.625000e-01
1.312500e+00 1.875000e-01
1.275000e+00 1.500000e-01
1.237500e+00 7.500000e-02
1.237500e+00 1.125000e-01
1.350000e+00 2.250000e-01
1.425000e+00 3.000000e-01
1.312500e+00 2.625000e-01
1.275000e+00 3.000000e-01
-1.350000e+00 3.750000e-01
-1.275000e+00 3.750000e-01
-1.425000e+00 3.750000e-01
-1.275000e+00 4.500000e-01
-1.200000e+00 3.750000e-01
-1.275000e+00 5.250000e-01
-1.200000e+00 5.250000e-01
-1.425000e+00 5.250000e-01
-1.500000e+00 4.500000e-01
-1.350000e+00 6.000000e-01
-1.012500e+00 3.375000e-01
-9.375000e-01 3.375000e-01
-1.012500e+00 3.750000e-01
-1.050000e+00 3.375000e-01
-1.012500e+00 4.125000e-01
-1.050000e+00 4.125000e-01
-1.125000e+00 3.375000e-01
-1.087500e+00 3.375000e-01
-1.162500e+00 3.375000e-01
-1.087500e+00 3.750000e-01
-1.087500e+00 4.125000e-01
-9.000000e-01 3.750000e-01
-9.750000e-01 4.500000e-01
-9.000000e-01 4.875000e-01
-9.375000e-01 4.875000e-01
-9.000000e-01 5.625000e-01
-9.375000e-01 5.625000e-01
-1.012500e+00 4.875000e-01
-1.125000e+00 4.500000e-01
-1.125000e+00 5.250000e-01
-1.050000e+00 5.250000e-01
-1.125000e+00 6.000000e-01
-9.750000e-01 6.000000e-01
-7.125000e-01 3.375000e-01
-7.125000e-01 4.125000e-01
-7.500000e-01 3.750000e-01
-6.375000e-01 3.375000e-01
-7.875000e-01 3.375000e-01
-7.875000e-01 4.125000e-01
-8.625000e-01 3.375000e-01
-6.375000e-01 4.875000e-01
-6.750000e-01 4.500000e-01
-7.125000e-01 4.875000e-01
-6.000000e-01 5.250000e-01
-6.375000e-01 5.625000e-01
-6.375000e-01 4.125000e-01
-6.000000e-01 3.750000e-01
-8.625000e-01 5.250000e-01
-8.625000e-01 4.875000e-01
-8.625000e-01 5.625000e-01
-8.250000e-01 4.875000e-01
-8.625000e-01 4.500000e-01
-7.875000e-01 4.875000e-01
-7.875000e-01 4.500000e-01
-8.625000e-01 4.125000e-01
-8.250000e-01 4.125000e-01
-7.125000e-01 5.625000e-01
-7.500000e-01 5.250000e-01
-6.750000e-01 6.000000e-01
-7.875000e-01 5.625000e-01
-8.250000e-01 6.000000e-01
-3.750000e-01 3.750000e-01
-5.250000e-01 3.750000e-01
-3.750000e-01 5.250000e-01
-3.000000e-01 4.500000e-01
-5.250000e-01 4.500000e-01
-5.250000e-01 5.250000e-01
-4.500000e-01 5.250000e-01
-5.250000e-01 6.000000e-01
-3.750000e-01 6.000000e-01
-7.500000e-02 3.750000e-01
-2.250000e-01 3.750000e-01
-7.500000e-02 4.500000e-01
0.000000e+00 3.750000e-01
-7.500000e-02 5.250000e-01
0.000000e+00 5.250000e-01
-2.250000e-01 5.250000e-01
-1.500000e-01 5.250000e-01
-2.250000e-01 6.000000e-01
-7.500000e-02 6.000000e-01
1.500000e-01 3.750000e-01
2.250000e-01 3.750000e-01
7.500000e-02 3.750000e-01
2.250000e-01 4.500000e-01
3.000000e-01 3.750000e-01
2.250000e-01 5.250000e-01
7.500000e-02 5.250000e-01
5.250000e-01 3.750000e-01
3.750000e-01 3.750000e-01
5.250000e-01 4.500000e-01
6.000000e-01 3.750000e-01
5.250000e-01 5.250000e-01
6.000000e-01 5.250000e-01
4.500000e-01 6.000000e-01
8.250000e-01 3.750000e-01
6.750000e-01 3.750000e-01
8.250000e-01 4.500000e-01
9.000000e-01 3.750000e-01
8.625000e-01 4.875000e-01
9.000000e-01 5.250000e-01
7.875000e-01 4.875000e-01
6.375000e-01 4.875000e-01
7.125000e-01 4.875000e-01
6.750000e-01 4.500000e-01
6.375000e-01 5.625000e-01
7.125000e-01 5.250000e-01
7.500000e-01 5.625000e-01
7.125000e-01 5.625000e-01
7.500000e-01 4.875000e-01
6.375000e-01 6.000000e-01
7.875000e-01 5.250000e-01
7.875000e-01 5.625000e-01
1.125000e+00 3.375000e-01
1.087500e+00 3.375000e-01
1.162500e+00 3.375000e-01
1.050000e+00 3.375000e-01
1.087500e+00 4.125000e-01
1.050000e+00 4.125000e-01
9.750000e-01 3.375000e-01
1.012500e+00 3.375000e-01
9.375000e-01 3.375000e-01
1.012500e+00 3.750000e-01
1.012500e+00 4.125000e-01
1.200000e+00 3.750000e-01
1.125000e+00 4.500000e-01
9.375000e-01 4.875000e-01
9.375000e-01 5.625000e-01
9.750000e-01 4.500000e-01
1.425000e+00 3.750000e-01
1.275000e+00 3.750000e-01
1.425000e+00 5.250000e-01
1.500000e+00 4.500000e-01
1.275000e+00 5.250000e-01
1.350000e+00 5.250000e-01
1.425000e+00 6.000000e-01
1.275000e+00 6.000000e-01
-1.275000e+00 6.750000e-01
-1.425000e+00 6.750000e-01
-1.275000e+00 8.250000e-01
-1.200000e+00 7.500000e-01
-1.012500e+00 6.375000e-01
-9.375000e-01 6.375000e-01
-1.012500e+00 7.125000e-01
-1.050000e+00 6.750000e-01
-1.125000e+00 6.750000e-01
-9.375000e-01 6.750000e-01
-9.000000e-01 7.125000e-01
-9.375000e-01 7.125000e-01
-9.750000e-01 7.500000e-01
-9.000000e-01 7.875000e-01
-9.375000e-01 7.875000e-01
-1.012500e+00 7.875000e-01
-1.125000e+00 8.250000e-01
-1.050000e+00 8.250000e-01
-7.125000e-01 7.125000e-01
-7.500000e-01 6.750000e-01
-6.375000e-01 6.375000e-01
-7.875000e-01 6.375000e-01
-7.875000e-01 7.125000e-01
-8.625000e-01 6.375000e-01
-6.375000e-01 7.875000e-01
-6.750000e-01 7.500000e-01
-7.125000e-01 7.875000e-01
-6.000000e-01 8.250000e-01
-6.375000e-01 8.625000e-01
-6.375000e-01 7.125000e-01
-6.000000e-01 6.750000e-01
-8.625000e-01 8.250000e-01
-8.625000e-01 7.875000e-01
-8.625000e-01 8.625000e-01
-8.250000e-01 7.875000e-01
-7.875000e-01 7.875000e-01
-7.875000e-01 7.500000e-01
-8.625000e-01 7.125000e-01
-8.250000e-01 7.125000e-01
-7.875000e-01 8.250000e-01
-7.500000e-01 8.625000e-01
-7.875000e-01 8.625000e-01
-7.125000e-01 8.625000e-01
-4.125000e-01 7.125000e-01
-4.500000e-01 6.750000e-01
-3.375000e-01 6.375000e-01
-4.875000e-01 7.125000e-01
-5.625000e-01 6.375000e-01
-3.375000e-01 7.875000e-01
-3.750000e-01 7.500000e-01
-4.125000e-01 7.875000e-01
-3.000000e-01 8.250000e-01
-3.375000e-01 8.625000e-01
-3.375000e-01 7.125000e-01
-3.000000e-01 6.750000e-01
-5.625000e-01 7.875000e-01
-4.875000e-01 7.875000e-01
-5.250000e-01 7.500000e-01
-5.625000e-01 8.625000e-01
-5.625000e-01 7.125000e-01
-4.875000e-01 8.250000e-01
-4.500000e-01 8.625000e-01
-4.875000e-01 8.625000e-01
-5.625000e-01 9.000000e-01
-4.125000e-01 8.625000e-01
-2.625000e-01 8.625000e-01
-1.500000e-01 8.250000e-01
-2.625000e-01 9.000000e-01
-1.125000e-01 8.625000e-01
-1.125000e-01 9.000000e-01
5.250000e-01 6.750000e-01
6.000000e-01 6.750000e-01
7.500000e-01 6.750000e-01
6.750000e-01 6.375000e-01
7.125000e-01 6.375000e-01
6.375000e-01 6.375000e-01
1.125000e+00 6.750000e-01
1.125000e+00 7.500000e-01
1.200000e+00 6.750000e-01
1.087500e+00 7.875000e-01
1.012500e+00 7.875000e-01
9.750000e-01 7.500000e-01
1.012500e+00 8.250000e-01
1.012500e+00 8.625000e-01
1.050000e+00 7.875000e-01
1.387500e+00 6.375000e-01
1.350000e+00 6.750000e-01
1.462500e+00 6.375000e-01
1.312500e+00 6.375000e-01
1.312500e+00 7.125000e-01
1.237500e+00 6.375000e-01
1.462500e+00 7.875000e-01
1.425000e+00 7.500000e-01
1.387500e+00 7.875000e-01
1.500000e+00 8.250000e-01
1.500000e+00 6.750000e-01
1.275000e+00 7.500000e-01
1.275000e+00 8.250000e-01
1.237500e+00 7.125000e-01
1.350000e+00 8.250000e-01
-1.275000e+00 9.750000e-01
-1.275000e+00 1.050000e+00
-1.275000e+00 1.125000e+00
-1.200000e+00 1.125000e+00
-9.750000e-01 1.125000e+00
-9.000000e-01 1.125000e+00
-1.125000e+00 1.125000e+00
-6.000000e-01 9.750000e-01
-6.750000e-01 1.125000e+00
-6.000000e-01 1.125000e+00
-8.250000e-01 1.050000e+00
-8.250000e-01 1.125000e+00
-7.500000e-01 1.200000e+00
-3.375000e-01 9.375000e-01
-4.125000e-01 1.012500e+00
-4.500000e-01 9.750000e-01
-5.250000e-01 9.375000e-01
-4.875000e-01 9.375000e-01
-5.625000e-01 9.375000e-01
-4.875000e-01 1.012500e+00
-3.375000e-01 1.012500e+00
-3.000000e-01 9.750000e-01
-3.750000e-01 1.050000e+00
-3.375000e-01 1.162500e+00
-4.125000e-01 1.087500e+00
-5.625000e-01 1.087500e+00
-4.875000e-01 1.087500e+00
-5.250000e-01 1.050000e+00
-5.625000e-01 1.012500e+00
-4.875000e-01 1.125000e+00
-4.500000e-01 1.162500e+00
-4.875000e-01 1.162500e+00
-4.500000e-01 1.087500e+00
-4.125000e-01 1.125000e+00
-4.125000e-01 1.162500e+00
-3.750000e-01 1.162500e+00
-4.125000e-01 1.200000e+00
-3.375000e-01 1.200000e+00
-7.500000e-02 9.375000e-01
-1.125000e-01 9.375000e-01
-3.750000e-02 9.375000e-01
-2.250000e-01 9.375000e-01
-1.875000e-01 9.375000e-01
-2.625000e-01 9.375000e-01
0.000000e+00 1.087500e+00
-3.750000e-02 1.087500e+00
0.000000e+00 1.162500e+00
-3.750000e-02 1.162500e+00
-7.500000e-02 1.200000e+00
1.875000e-01 1.012500e+00
1.500000e-01 9.750000e-01
1.125000e-01 1.012500e+00
1.875000e-01 1.050000e+00
2.625000e-01 1.087500e+00
2.250000e-01 1.087500e+00
1.875000e-01 1.087500e+00
3.750000e-02 1.125000e+00
3.750000e-02 1.087500e+00
3.750000e-02 1.162500e+00
7.500000e-02 1.087500e+00
3.750000e-02 1.050000e+00
1.125000e-01 1.087500e+00
1.125000e-01 1.050000e+00
3.750000e-02 1.012500e+00
7.500000e-02 1.012500e+00
1.500000e-01 1.125000e+00
7.500000e-02 1.200000e+00
5.250000e-01 9.750000e-01
5.250000e-01 1.050000e+00
5.625000e-01 1.087500e+00
5.625000e-01 1.162500e+00
6.000000e-01 1.125000e+00
-4.125000e-01 1.237500e+00
-3.375000e-01 1.237500e+00
-3.000000e-01 1.275000e+00
-7.500000e-02 1.275000e+00
-2.250000e-01 1.275000e+00
7.500000e-02 1.275000e+00
simplices
0 1 259
259 675 676
12 675 676
1 259 676
0 11 259
11 259 260
259 260 675
260 675 677
12 675 677
1 2 262
2 261 262
13 261 262
12 262 676
1 262 676
13 262 678
12 262 678
121 679 680
3 679 680
2 121 680
121 263 264
14 263 681
263 264 681
121 264 679
264 679 682
3 679 682
121 261 265
13 261 265
2 121 261
121 122 265
122 265 266
13 265 266
121 122 263
122 263 267
14 263 267
123 683 685
4 683 685
123 684 685
3 684 685
123 686 687
15 686 687
123 683 687
4 683 687
264 688 689
123 688 689
264 681 689
14 681 689
264 684 688
123 684 688
264 682 684
3 682 684
124 689 690
123 689 690
124 689 691
14 689 691
124 686 690
123 686 690
124 686 692
15 686 692
125 693 695
5 693 695
125 694 695
4 694 695
125 696 697
16 696 697
125 693 697
5 693 697
125 687 698
15 687 698
125 687 694
4 687 694
126 698 699
125 698 699
126 698 700
15 698 700
126 696 699
125 696 699
126 696 701
16 696 701
127 702 703
6 702 703
5 127 703
268 704 706
127 704 706
268 705 706
17 705 706
268 702 704
127 702 704
268 702 707
6 702 707
127 697 708
16 697 708
5 127 697
127 128 708
128 708 709
16 708 709
127 128 706
128 706 710
17 706 710
129 269 711
269 271 711
7 269 271
270 711 713
129 711 713
270 711 712
271 711 712
270 714 715
6 714 715
270 712 714
271 712 714
272 717 718
129 717 718
272 716 717
273 716 717
272 719 720
18 719 720
272 716 719
273 716 719
129 269 717
269 273 717
7 269 273
268 274 722
274 721 722
129 721 722
268 274 705
274 705 723
17 705 723
268 270 722
270 713 722
129 713 722
268 270 707
270 707 715
6 707 715
274 275 724
130 275 724
274 275 721
275 721 725
129 721 725
276 724 726
274 724 726
276 724 727
130 724 727
276 723 726
274 723 726
17 276 723
275 728 729
272 728 729
130 275 729
275 718 728
272 718 728
275 718 725
129 718 725
272 277 729
130 277 729
272 277 720
18 277 720
279 280 730
8 280 730
7 279 280
278 730 732
8 730 732
278 730 731
279 730 731
278 733 734
19 733 734
278 731 733
279 731 733
273 719 735
18 719 735
273 279 735
7 273 279
279 281 735
18 281 735
279 281 733
19 281 733
9 283 284
283 284 736
8 284 736
9 282 283
20 282 283
278 734 737
19 734 737
278 283 737
278 732 736
8 732 736
278 283 736
283 285 737
19 285 737
20 283 285
288 738 740
287 738 740
288 739 740
10 739 740
288 738 742
287 738 742
288 741 742
9 741 742
10 286 740
286 287 740
21 286 743
286 287 743
20 282 744
282 287 744
9 282 742
282 287 742
287 743 745
21 743 745
287 744 745
20 744 745
260 677 747
12 677 747
260 746 747
290 746 747
11 260 748
260 746 748
290 746 748
289 747 749
12 747 749
289 290 747
23 289 290
22 290 750
290 748 750
11 748 750
22 290 291
23 290 291
13 132 678
132 678 751
12 678 751
13 131 132
131 292 753
292 752 753
24 752 753
131 132 292
289 293 755
293 754 755
132 754 755
23 289 293
289 751 755
132 751 755
289 749 751
12 749 751
294 756 758
293 756 758
294 757 758
133 757 758
294 754 756
293 754 756
132 294 754
293 758 759
133 758 759
23 293 759
292 294 760
294 757 760
133 757 760
132 292 294
295 760 761
292 760 761
295 760 762
133 760 762
295 752 761
292 752 761
295 752 763
24 752 763
122 267 297
14 267 297
122 296 297
135 296 297
122 266 298
13 266 298
122 296 298
135 296 298
297 300 764
134 300 764
14 297 300
297 299 764
299 764 765
134 764 765
135 297 299
301 766 768
134 766 768
301 767 768
25 767 768
299 765 766
134 765 766
299 766 769
301 766 769
135 299 770
299 769 770
301 769 770
131 753 771
24 753 771
131 135 771
13 131 298
131 135 298
136 771 772
135 771 772
136 771 773
24 771 773
301 772 774
136 772 774
301 770 772
135 770 772
301 774 775
136 774 775
301 767 775
25 767 775
124 302 692
15 302 692
124 138 302
124 303 691
14 303 691
124 138 303
137 302 776
15 302 776
137 302 304
138 302 304
137 305 306
26 305 306
137 304 305
138 304 777
304 305 777
307 768 778
134 768 778
307 768 779
25 768 779
307 780 781
138 780 781
307 778 781
134 778 781
134 300 303
14 300 303
138 303 781
134 303 781
308 782 784
307 782 784
308 783 784
139 783 784
308 780 782
307 780 782
308 780 785
138 780 785
307 309 784
139 309 784
307 309 779
25 309 779
308 786 787
305 786 787
308 783 787
139 783 787
308 777 786
305 777 786
308 777 785
138 777 785
305 787 788
139 787 788
26 305 788
126 310 701
16 310 701
310 789 790
141 789 790
126 310 790
126 311 700
15 311 700
311 790 791
141 790 791
126 311 790
310 792 793
140 792 793
16 310 793
312 792 794
310 792 794
312 792 795
140 792 795
312 789 794
310 789 794
312 789 796
141 789 796
314 797 799
313 797 799
314 798 799
140 798 799
314 797 801
313 797 801
314 800 801
27 800 801
312 795 799
140 795 799
312 799 802
313 799 802
312 796 803
141 796 803
312 802 803
313 802 803
137 306 804
306 316 804
26 306 805
306 316 805
315 804 806
137 804 806
315 316 804
141 315 807
315 316 807
311 776 808
137 776 808
15 311 776
315 808 809
311 808 809
315 806 808
137 806 808
315 791 809
311 791 809
141 315 791
316 810 811
142 810 811
316 807 811
141 807 811
316 810 812
142 810 812
316 805 812
26 805 812
313 811 813
142 811 813
313 803 811
141 803 811
313 813 814
142 813 814
313 801 814
27 801 814
128 710 816
17 710 816
128 815 816
144 815 816
128 709 817
16 709 817
128 815 817
144 815 817
143 816 819
17 816 819
143 816 818
144 816 818
143 820 821
28 820 821
143 818 820
144 818 820
314 798 823
140 798 823
314 822 823
317 822 823
314 800 824
27 800 824
314 822 824
317 822 824
144 317 825
317 823 825
140 823 825
140 793 817
16 793 817
140 817 825
144 817 825
144 145 317
145 317 826
317 824 826
27 824 826
144 145 820
28 145 820
130 277 319
18 277 319
130 318 319
147 318 319
276 727 827
130 727 827
276 320 827
17 276 320
130 318 827
318 320 827
147 318 320
146 319 322
18 319 322
146 319 321
147 319 321
29 146 323
146 321 323
147 321 323
143 324 821
28 324 821
324 828 829
147 828 829
143 324 829
143 320 819
17 320 819
147 320 829
143 320 829
325 830 832
324 830 832
325 831 832
148 831 832
325 828 830
324 828 830
147 325 828
324 832 833
148 832 833
28 324 833
323 325 834
325 831 834
148 831 834
147 323 325
323 326 834
148 326 834
29 323 326
149 281 327
19 281 327
149 281 328
18 281 328
149 329 835
30 329 835
149 327 329
19 327 329
29 146 330
146 149 330
146 322 328
18 322 328
146 149 328
149 150 330
150 330 331
29 330 331
149 150 835
150 835 836
30 835 836
20 285 332
19 285 332
20 31 332
30 329 837
329 332 837
19 329 332
332 333 837
333 837 838
30 837 838
31 332 333
21 745 839
20 745 839
21 32 839
20 31 839
31 32 839
152 291 334
23 291 334
152 291 335
22 291 335
151 334 336
23 334 336
151 152 334
151 337 338
34 337 338
151 152 337
152 339 340
33 339 340
152 335 340
22 335 340
152 337 341
34 337 341
152 339 341
33 339 341
295 762 840
133 762 840
295 342 840
295 763 841
24 763 841
295 342 841
154 342 842
342 840 842
133 840 842
133 343 759
23 343 759
154 343 842
133 343 842
153 342 843
342 841 843
24 841 843
153 154 342
153 344 845
344 844 845
35 844 845
153 154 344
151 338 346
34 338 346
151 345 346
154 345 346
151 336 343
23 336 343
151 343 345
154 343 345
346 846 847
155 846 847
154 346 847
346 347 846
347 846 848
155 846 848
34 346 347
344 847 849
155 847 849
154 344 847
344 348 849
348 849 850
155 849 850
344 348 844
348 844 851
35 844 851
136 775 852
25 775 852
136 157 852
136 773 853
24 773 853
136 157 853
25 156 852
156 157 852
156 349 350
36 349 350
156 157 349
153 845 854
35 845 854
153 157 854
153 843 853
24 843 853
153 157 853
157 158 854
158 854 855
35 854 855
157 158 349
36 158 349
139 351 788
26 351 788
159 351 856
139 351 856
139 309 857
309 352 857
25 309 352
352 856 858
159 856 858
352 856 857
139 856 857
159 353 354
37 353 859
353 354 859
159 351 354
26 351 860
351 354 860
156 350 861
350 356 861
36 350 356
156 355 861
355 861 862
356 861 862
355 863 864
159 863 864
355 862 863
356 862 863
25 156 352
156 352 355
352 355 858
355 858 864
159 858 864
159 353 865
353 357 865
37 353 866
353 357 866
356 863 865
159 863 865
356 357 865
36 356 357
358 814 867
142 814 867
358 814 868
27 814 868
358 869 870
160 869 870
358 867 870
142 867 870
359 812 871
142 812 871
359 812 872
26 812 872
359 870 873
160 870 873
359 870 871
142 870 871
360 875 876
160 875 876
360 874 875
361 874 875
360 877 878
38 877 878
360 874 877
361 874 877
358 869 875
160 869 875
358 361 875
358 868 879
27 868 879
358 361 879
362 880 882
354 880 882
362 881 882
160 881 882
362 859 880
354 859 880
37 362 859
354 359 882
359 873 882
160 873 882
354 359 860
359 860 872
26 860 872
360 876 883
160 876 883
360 363 883
360 878 884
38 878 884
360 363 884
362 881 883
160 881 883
362 363 883
37 362 885
362 363 885
28 145 161
145 826 886
27 826 886
145 161 886
161 887 888
39 887 888
28 161 888
161 361 889
361 877 889
38 877 889
161 361 886
361 879 886
27 879 886
161 364 887
364 887 890
39 887 890
161 364 889
364 889 891
38 889 891
148 326 892
326 365 892
29 326 893
326 365 893
365 894 895
162 894 895
365 892 895
148 892 895
148 833 896
28 833 896
148 895 896
162 895 896
366 897 899
162 897 899
366 898 899
40 898 899
365 894 897
162 894 897
365 897 900
366 897 900
365 893 901
29 893 901
365 900 901
366 900 901
162 888 902
39 888 902
162 888 896
28 888 896
367 899 903
162 899 903
367 899 904
40 899 904
367 902 903
162 902 903
367 902 905
39 902 905
369 836 906
150 836 906
369 836 907
30 836 907
150 368 906
368 369 906
164 368 369
150 331 370
29 331 908
331 370 908
150 368 370
164 368 909
368 370 909
163 369 372
369 372 907
372 907 910
30 907 910
163 369 371
164 369 371
163 373 912
373 911 912
41 911 912
163 371 373
164 371 913
371 373 913
366 914 915
164 914 915
366 898 915
40 898 915
370 914 916
366 914 916
370 909 914
164 909 914
370 901 916
366 901 916
370 901 908
29 901 908
373 913 918
164 913 918
373 917 918
374 917 918
373 911 919
41 911 919
373 917 919
374 917 919
374 915 918
164 915 918
40 374 915
165 333 375
31 333 375
165 333 376
333 376 838
376 838 920
30 838 920
165 377 378
377 921 922
42 921 922
377 378 921
165 375 378
31 375 378
163 379 912
41 379 912
165 379 923
163 379 923
163 372 925
372 924 925
376 924 925
372 910 920
30 910 920
372 920 924
376 920 924
165 376 923
376 923 925
163 923 925
166 379 380
165 379 380
166 379 381
41 379 381
377 380 926
166 380 926
165 377 380
377 926 927
166 926 927
377 922 927
42 922 927
31 32 382
32 43 382
378 921 928
42 921 928
378 382 928
31 378 382
43 382 929
382 928 929
42 928 929
168 341 930
34 341 930
168 341 931
33 341 931
167 930 933
34 930 933
167 930 932
168 930 932
167 934 935
45 934 935
167 932 934
168 932 934
168 936 937
44 936 937
168 931 937
33 931 937
168 934 938
45 934 938
168 936 938
44 936 938
348 850 940
155 850 940
348 939 940
384 939 940
348 851 941
35 851 941
348 939 941
384 939 941
155 383 940
383 384 940
170 383 384
347 848 943
155 848 943
347 942 943
385 942 943
34 347 944
347 942 944
385 942 944
155 383 943
383 385 943
170 383 385
384 387 946
387 945 946
169 945 946
384 387 941
387 941 947
35 941 947
384 386 946
169 386 946
170 384 386
169 388 389
46 388 389
169 386 388
170 386 388
167 390 935
45 390 935
167 170 390
167 385 933
385 933 944
34 933 944
167 170 385
170 171 390
171 390 391
45 390 391
170 171 388
171 388 948
46 388 948
36 158 392
172 392 949
158 392 949
393 855 950
158 855 950
393 855 951
35 855 951
393 949 952
172 949 952
393 949 950
158 949 950
394 954 955
172 954 955
394 953 954
395 953 954
47 394 956
394 953 956
395 953 956
172 392 954
392 395 954
36 392 395
169 389 957
389 397 957
46 389 958
389 397 958
396 957 960
169 957 960
396 957 959
397 957 959
396 961 962
172 961 962
396 959 961
397 959 961
387 945 964
169 945 964
387 963 964
393 963 964
387 947 951
35 947 951
387 951 963
393 951 963
396 964 965
393 964 965
396 960 964
169 960 964
396 952 965
393 952 965
396 952 962
172 952 962
394 955 966
172 955 966
394 398 966
47 394 398
397 961 966
172 961 966
397 966 967
398 966 967
397 958 968
46 958 968
397 967 968
398 967 968
357 866 970
37 866 970
357 969 970
400 969 970
36 357 971
357 969 971
400 969 971
37 399 970
399 400 970
48 399 972
399 400 972
395 956 973
47 956 973
395 400 973
36 395 971
395 400 971
401 973 974
400 973 974
47 401 973
401 972 974
400 972 974
401 972 975
48 972 975
363 884 977
38 884 977
363 976 977
403 976 977
363 885 978
37 885 978
363 976 978
403 976 978
402 977 980
38 977 980
402 977 979
403 977 979
49 402 981
402 979 981
403 979 981
48 399 982
399 403 982
37 399 978
399 403 978
404 982 983
403 982 983
48 404 982
404 981 983
403 981 983
404 981 984
49 981 984
364 890 986
39 890 986
364 985 986
406 985 986
364 891 987
38 891 987
364 985 987
406 985 987
405 986 989
39 986 989
405 986 988
406 986 988
50 405 990
405 988 990
406 988 990
49 402 991
402 406 991
402 980 987
38 980 987
402 406 987
406 407 991
407 991 992
49 991 992
406 407 990
50 407 990
367 904 993
40 904 993
367 409 993
367 905 994
39 905 994
367 409 994
40 408 993
408 409 993
51 408 995
408 409 995
50 405 409
405 989 994
39 989 994
405 409 994
50 409 410
409 410 995
410 995 996
51 995 996
174 374 997
374 919 997
41 919 997
40 174 374
41 173 997
173 174 997
173 998 999
52 998 999
173 174 998
51 174 408
40 174 408
174 411 998
411 998 1000
52 998 1000
51 174 411
166 927 1001
42 927 1001
166 176 1001
166 381 412
41 381 412
166 176 412
42 175 1001
175 1001 1002
176 1001 1002
53 175 413
413 1002 1003
176 1002 1003
175 413 1002
173 414 999
414 999 1004
52 999 1004
173 176 414
41 173 412
173 176 412
414 1005 1006
177 1005 1006
176 414 1006
415 1005 1007
414 1005 1007
415 1005 1008
177 1005 1008
415 1004 1007
414 1004 1007
415 1004 1009
52 1004 1009
413 1006 1010
177 1006 1010
413 1003 1006
176 1003 1006
413 416 1010
177 416 1010
53 413 416
43 178 929
42 178 929
43 54 178
53 175 1011
175 178 1011
42 175 178
54 178 417
178 417 1011
417 1011 1012
53 1011 1012
180 938 1013
45 938 1013
180 938 1014
44 938 1014
179 1013 1016
45 1013 1016
179 1013 1015
180 1013 1015
179 1017 1018
56 1017 1018
179 1015 1017
180 1015 1017
180 1019 1020
55 1019 1020
180 1014 1020
44 1014 1020
180 418 1017
418 1017 1021
56 1017 1021
180 418 1019
418 1019 1022
55 1019 1022
171 420 948
420 948 1023
46 948 1023
171 419 420
182 419 420
171 391 421
45 391 421
171 419 421
182 419 421
420 422 1025
422 1024 1025
181 1024 1025
420 422 1023
422 1023 1026
46 1023 1026
182 420 1027
420 1025 1027
181 1025 1027
424 1028 1030
423 1028 1030
424 1029 1030
181 1029 1030
424 1028 1032
423 1028 1032
424 1031 1032
57 1031 1032
423 1027 1033
182 1027 1033
423 1027 1030
181 1027 1030
425 1018 1034
179 1018 1034
425 1018 1035
56 1018 1035
182 425 1036
425 1034 1036
179 1034 1036
179 421 1016
45 421 1016
182 421 1036
179 421 1036
425 1037 1038
183 1037 1038
182 425 1038
426 1037 1039
425 1037 1039
426 1037 1040
183 1037 1040
426 1035 1039
425 1035 1039
56 426 1035
183 423 1038
423 1033 1038
182 1033 1038
183 423 427
423 427 1032
57 427 1032
398 428 1042
428 1041 1042
184 1041 1042
47 398 428
429 1042 1043
398 1042 1043
429 1042 1044
184 1042 1044
429 968 1043
398 968 1043
429 968 1045
46 968 1045
430 1047 1048
184 1047 1048
430 1046 1047
431 1046 1047
430 1049 1050
58 1049 1050
430 1046 1049
431 1046 1049
428 1041 1047
184 1041 1047
428 1047 1051
431 1047 1051
47 428 1052
428 1051 1052
431 1051 1052
424 1029 1053
181 1029 1053
424 433 1053
424 1031 1054
57 1031 1054
424 433 1054
432 1053 1056
181 1053 1056
432 1053 1055
433 1053 1055
432 1057 1058
184 1057 1058
432 1055 1057
433 1055 1057
422 1024 1060
181 1024 1060
422 1059 1060
429 1059 1060
422 1026 1045
46 1026 1045
422 1045 1059
429 1045 1059
432 1060 1061
429 1060 1061
432 1056 1060
181 1056 1060
432 1044 1061
429 1044 1061
432 1044 1058
184 1044 1058
430 1048 1062
184 1048 1062
430 434 1062
430 1050 1063
58 1050 1063
430 434 1063
433 1057 1062
184 1057 1062
433 434 1062
433 1054 1064
57 1054 1064
433 434 1064
401 975 1065
48 975 1065
401 436 1065
47 401 1066
401 436 1066
48 435 1065
435 436 1065
59 435 1067
435 436 1067
431 1049 1068
58 1049 1068
431 436 1068
431 1052 1066
47 1052 1066
431 436 1066
437 1068 1069
436 1068 1069
58 437 1068
437 1067 1069
436 1067 1069
437 1067 1070
59 1067 1070
404 984 1071
49 984 1071
404 438 1071
48 404 438
60 438 1072
438 1071 1072
49 1071 1072
59 435 438
48 435 438
60 438 1073
59 438 1073
50 407 1075
407 1074 1075
440 1074 1075
407 992 1076
49 992 1076
407 1074 1076
440 1074 1076
439 1075 1078
50 1075 1078
439 1075 1077
440 1075 1077
439 1079 1080
61 1079 1080
439 1077 1079
440 1077 1079
440 1072 1081
60 1072 1081
440 1072 1076
49 1072 1076
440 1079 1082
61 1079 1082
440 1081 1082
60 1081 1082
410 996 1084
51 996 1084
410 1083 1084
442 1083 1084
50 410 1085
410 1083 1085
442 1083 1085
51 441 1084
441 1084 1086
442 1084 1086
441 1087 1088
62 1087 1088
441 1086 1087
442 1086 1087
439 1080 1089
61 1080 1089
439 442 1089
439 1078 1085
50 1078 1085
439 442 1085
442 1087 1090
62 1087 1090
442 1089 1090
61 1089 1090
443 1091 1093
411 1091 1093
443 1092 1093
186 1092 1093
443 1000 1091
411 1000 1091
443 1000 1094
52 1000 1094
411 444 1093
186 444 1093
51 411 444
185 443 1095
443 1094 1095
52 1094 1095
443 1092 1096
186 1092 1096
185 443 1096
185 445 1097
63 445 1097
186 445 1096
185 445 1096
186 441 446
441 446 1088
62 446 1088
186 441 444
51 441 444
186 445 447
63 445 1098
445 447 1098
186 446 447
62 446 1099
446 447 1099
177 416 449
53 416 449
177 448 449
188 448 1100
448 449 1100
415 1008 1102
177 1008 1102
415 1101 1102
450 1101 1102
415 1009 1103
52 1009 1103
415 1101 1103
450 1101 1103
177 448 1102
448 450 1102
188 448 450
449 452 1104
187 452 1104
53 449 452
449 451 1104
451 1104 1105
187 1104 1105
449 451 1100
451 1100 1106
188 1100 1106
453 1107 1109
187 1107 1109
453 1108 1109
64 1108 1109
451 1105 1107
187 1105 1107
451 1107 1110
453 1107 1110
451 1106 1111
188 1106 1111
451 1110 1111
453 1110 1111
454 1097 1112
185 1097 1112
454 1097 1113
63 1097 1113
188 454 1114
454 1112 1114
185 1112 1114
185 450 1095
450 1095 1103
52 1095 1103
188 450 1114
185 450 1114
454 455 1115
189 455 1115
188 454 455
454 456 1115
456 1115 1116
189 1115 1116
454 456 1113
456 1113 1117
63 1113 1117
189 453 455
453 455 1111
188 455 1111
189 453 457
453 457 1108
64 457 1108
417 1118 1119
190 1118 1119
54 417 1119
458 1118 1120
417 1118 1120
458 1118 1121
190 1118 1121
458 1012 1120
417 1012 1120
458 1012 1122
53 1012 1122
190 1123 1124
65 1123 1124
190 1119 1124
54 1119 1124
187 1109 1126
64 1109 1126
187 1125 1126
190 1125 1126
187 452 458
53 452 1122
452 458 1122
458 1121 1125
190 1121 1125
187 458 1125
459 1123 1127
190 1123 1127
459 1123 1128
65 1123 1128
459 1126 1127
190 1126 1127
459 1126 1129
64 1126 1129
460 1130 1132
418 1130 1132
460 1131 1132
192 1131 1132
460 1021 1130
418 1021 1130
460 1021 1133
56 1021 1133
461 1132 1134
418 1132 1134
461 1132 1135
192 1132 1135
461 1022 1134
418 1022 1134
55 461 1022
460 463 1136
191 463 1136
460 463 1133
56 463 1133
462 1136 1137
460 1136 1137
462 1136 1138
191 1136 1138
462 1131 1137
460 1131 1137
462 1131 1139
192 1131 1139
465 1140 1142
464 1140 1142
465 1141 1142
191 1141 1142
465 1140 1144
464 1140 1144
465 1143 1144
67 1143 1144
462 1138 1142
191 1138 1142
462 1142 1145
464 1142 1145
462 1139 1146
192 1139 1146
462 1145 1146
464 1145 1146
192 466 1147
466 467 1147
66 466 467
461 1135 1147
192 1135 1147
461 467 1147
55 461 467
464 1146 1148
192 1146 1148
464 468 1148
464 1144 1149
67 1144 1149
464 468 1149
192 466 1148
466 468 1148
66 466 1150
466 468 1150
183 427 470
57 427 470
183 469 470
194 469 470
426 1040 1151
183 1040 1151
426 471 1151
56 426 471
183 469 1151
469 471 1151
194 469 471
193 470 473
57 470 473
193 470 472
194 470 472
193 474 475
474 475 1152
68 475 1152
193 472 474
194 472 1153
472 474 1153
465 1141 1155
191 1141 1155
465 1154 1155
477 1154 1155
465 1143 1156
67 1143 1156
465 1154 1156
477 1154 1156
476 1155 1158
191 1155 1158
476 1155 1157
477 1155 1157
194 476 1159
476 1157 1159
477 1157 1159
191 463 1160
463 471 1160
56 463 471
471 476 1160
476 1158 1160
191 1158 1160
194 471 476
195 477 1161
477 1159 1161
194 1159 1161
195 477 478
477 478 1156
478 1156 1162
67 1156 1162
474 1161 1163
195 1161 1163
474 1153 1161
194 1153 1161
474 1163 1164
195 1163 1164
474 1152 1164
68 1152 1164
479 1165 1167
434 1165 1167
479 1166 1167
196 1166 1167
479 1063 1165
434 1063 1165
479 1063 1168
58 1063 1168
434 480 1167
480 1167 1169
196 1167 1169
434 480 1064
57 480 1064
481 1170 1171
196 1170 1171
481 482 1170
481 1172 1173
69 1172 1173
481 482 1172
479 1166 1170
196 1166 1170
479 482 1170
479 1168 1174
58 1168 1174
479 482 1174
193 475 1175
475 484 1175
68 475 484
483 1175 1176
193 1175 1176
483 484 1175
483 1177 1178
196 1177 1178
483 484 1177
193 473 1179
473 480 1179
57 473 480
483 1179 1180
480 1179 1180
483 1176 1179
193 1176 1179
483 1169 1180
480 1169 1180
483 1169 1178
196 1169 1178
481 1171 1182
196 1171 1182
481 1181 1182
485 1181 1182
481 1173 1183
69 1173 1183
481 1181 1183
485 1181 1183
484 1177 1182
196 1177 1182
484 485 1182
68 484 1184
484 485 1184
437 1070 1185
59 1070 1185
437 486 1185
58 437 1186
437 486 1186
486 1187 1188
70 1187 1188
486 1185 1188
59 1185 1188
482 1172 1189
69 1172 1189
482 486 1189
482 1174 1186
58 1174 1186
482 486 1186
486 1187 1190
70 1187 1190
486 1189 1190
69 1189 1190
60 1073 1192
59 1073 1192
60 1191 1192
71 1191 1192
70 1188 1192
59 1188 1192
70 1192 1193
71 1192 1193
61 487 1082
60 487 1082
487 1194 1195
72 1194 1195
61 487 1195
487 1191 1196
71 1191 1196
60 487 1191
487 488 1196
488 1196 1197
71 1196 1197
487 488 1194
488 1194 1198
72 1194 1198
490 1090 1199
62 1090 1199
61 490 1090
489 1199 1200
62 1199 1200
489 490 1199
73 489 490
72 490 1195
61 490 1195
73 490 1201
72 490 1201
491 1202 1204
447 1202 1204
491 1203 1204
198 1203 1204
491 1098 1202
447 1098 1202
491 1098 1205
63 1098 1205
492 1204 1206
447 1204 1206
492 1204 1207
198 1204 1207
492 1099 1206
447 1099 1206
492 1099 1208
62 1099 1208
491 494 1210
494 1209 1210
197 1209 1210
491 494 1205
494 1205 1211
63 1205 1211
491 493 1210
197 493 1210
491 493 1203
198 493 1203
197 495 496
74 495 496
197 493 495
198 493 495
489 497 1212
198 497 1212
73 489 497
489 492 1212
492 1207 1212
198 1207 1212
489 492 1200
492 1200 1208
62 1200 1208
198 495 498
74 495 498
198 497 498
73 497 498
189 457 1213
457 500 1213
64 457 1214
457 500 1214
499 1213 1215
189 1213 1215
499 500 1213
499 1216 1217
200 1216 1217
499 500 1216
456 1116 1219
189 1116 1219
456 1218 1219
501 1218 1219
456 1117 1220
63 1117 1220
456 1218 1220
501 1218 1220
499 1215 1219
189 1215 1219
499 1219 1221
501 1219 1221
499 1217 1222
200 1217 1222
499 1221 1222
501 1221 1222
500 503 1224
503 1223 1224
199 1223 1224
500 503 1214
503 1214 1225
64 1214 1225
500 502 1224
199 502 1224
500 502 1216
200 502 1216
505 1226 1228
504 1226 1228
505 1227 1228
199 1227 1228
505 1226 1230
504 1226 1230
505 1229 1230
75 1229 1230
199 502 1228
502 504 1228
200 502 1231
502 504 1231
197 496 1232
496 507 1232
74 496 1233
496 507 1233
506 1232 1234
197 1232 1234
506 507 1232
506 1235 1236
200 1235 1236
506 507 1235
494 1209 1238
197 1209 1238
494 1237 1238
501 1237 1238
494 1211 1220
63 1211 1220
494 1220 1237
501 1220 1237
506 1238 1239
501 1238 1239
506 1234 1238
197 1234 1238
506 1222 1239
501 1222 1239
506 1222 1236
200 1222 1236
507 1240 1241
201 1240 1241
507 1235 1241
200 1235 1241
508 1240 1242
507 1240 1242
508 1240 1243
201 1240 1243
508 1233 1242
507 1233 1242
508 1233 1244
74 1233 1244
504 1241 1245
201 1241 1245
504 1231 1241
200 1231 1241
509 1245 1246
504 1245 1246
509 1245 1247
201 1245 1247
509 1230 1246
504 1230 1246
509 1230 1248
75 1230 1248
459 1249 1250
202 1249 1250
459 1128 1250
65 1128 1250
510 1249 1251
459 1249 1251
510 1249 1252
202 1249 1252
510 1129 1251
459 1129 1251
510 1129 1253
64 1129 1253
202 1254 1255
76 1254 1255
202 1250 1255
65 1250 1255
505 1227 1257
199 1227 1257
505 1256 1257
511 1256 1257
505 1229 1258
75 1229 1258
505 1256 1258
511 1256 1258
511 1259 1260
202 1259 1260
511 1257 1260
199 1257 1260
503 1223 1262
199 1223 1262
503 1261 1262
510 1261 1262
503 1225 1253
64 1225 1253
503 1253 1261
510 1253 1261
510 1252 1260
202 1252 1260
510 1260 1262
199 1260 1262
512 1254 1263
202 1254 1263
512 1254 1264
76 1254 1264
511 1259 1263
202 1259 1263
511 1263 1265
512 1263 1265
511 1258 1266
75 1258 1266
511 1265 1266
512 1265 1266
468 1267 1268
204 1267 1268
468 1149 1268
67 1149 1268
468 1267 1269
204 1267 1269
468 1150 1269
66 1150 1269
203 1268 1271
67 1268 1271
203 1268 1270
204 1268 1270
203 1272 1273
78 1272 1273
203 1270 1272
204 1270 1272
204 1274 1275
77 1274 1275
204 1269 1275
66 1269 1275
204 1272 1276
78 1272 1276
204 1274 1276
77 1274 1276
514 1164 1277
195 1164 1277
514 1164 1278
68 1164 1278
513 1277 1280
195 1277 1280
513 1277 1279
514 1277 1279
513 1281 1282
206 1281 1282
513 1279 1281
514 1279 1281
195 478 1284
478 1283 1284
515 1283 1284
478 1162 1285
67 1162 1285
478 1283 1285
515 1283 1285
513 1280 1284
195 1280 1284
513 1284 1286
515 1284 1286
513 1282 1287
206 1282 1287
513 1286 1287
515 1286 1287
205 514 1288
514 1278 1288
68 1278 1288
514 1281 1289
206 1281 1289
205 514 1289
516 517 1291
517 1290 1291
205 1290 1291
516 517 1293
517 1292 1293
79 1292 1293
516 1289 1294
206 1289 1294
516 1289 1291
205 1289 1291
203 1273 1296
78 1273 1296
203 1295 1296
206 1295 1296
203 515 1271
515 1271 1285
67 1271 1285
515 1287 1295
206 1287 1295
203 515 1295
207 1296 1297
206 1296 1297
207 1296 1298
78 1296 1298
207 516 1297
516 1294 1297
206 1294 1297
207 516 1299
516 1293 1299
79 1293 1299
518 1300 1302
485 1300 1302
518 1301 1302
208 1301 1302
518 1183 1300
485 1183 1300
518 1183 1303
69 1183 1303
519 1302 1304
485 1302 1304
519 1302 1305
208 1302 1305
519 1184 1304
485 1184 1304
519 1184 1306
68 1184 1306
520 1308 1309
208 1308 1309
520 1307 1308
521 1307 1308
520 1310 1311
80 1310 1311
520 1307 1310
521 1307 1310
518 1301 1308
208 1301 1308
518 1308 1312
521 1308 1312
518 1303 1313
69 1303 1313
518 1312 1313
521 1312 1313
517 1290 1315
205 1290 1315
517 1314 1315
523 1314 1315
517 1292 1316
79 1292 1316
517 1314 1316
523 1314 1316
522 1315 1318
205 1315 1318
522 1315 1317
523 1315 1317
522 1319 1320
208 1319 1320
522 1317 1319
523 1317 1319
519 1288 1321
205 1288 1321
519 1288 1306
68 1288 1306
522 1321 1322
519 1321 1322
522 1318 1321
205 1318 1321
522 1305 1322
519 1305 1322
522 1305 1320
208 1305 1320
520 1309 1324
208 1309 1324
520 1323 1324
524 1323 1324
520 1311 1325
80 1311 1325
520 1323 1325
524 1323 1325
523 1319 1324
208 1319 1324
523 1324 1326
524 1324 1326
523 1316 1327
79 1316 1327
523 1326 1327
524 1326 1327
525 1190 1328
70 1190 1328
525 1190 1329
69 1190 1329
525 1330 1331
81 1330 1331
525 1328 1331
70 1328 1331
521 1310 1333
80 1310 1333
521 1332 1333
525 1332 1333
521 1313 1329
69 1313 1329
521 1329 1332
525 1329 1332
526 1333 1334
525 1333 1334
526 1333 1335
80 1333 1335
526 1330 1334
525 1330 1334
526 1330 1336
81 1330 1336
528 1193 1337
71 1193 1337
528 1193 1338
70 1193 1338
527 1337 1340
71 1337 1340
527 1337 1339
528 1337 1339
527 1341 1342
82 1341 1342
527 1339 1341
528 1339 1341
528 1331 1343
81 1331 1343
528 1331 1338
70 1331 1338
529 1343 1344
528 1343 1344
529 1343 1345
81 1343 1345
529 1341 1344
528 1341 1344
529 1341 1346
82 1341 1346
488 1198 1348
72 1198 1348
488 1347 1348
531 1347 1348
488 1197 1349
71 1197 1349
488 1347 1349
531 1347 1349
530 1348 1351
72 1348 1351
530 1348 1350
531 1348 1350
83 530 1352
530 1350 1352
531 1350 1352
527 1342 1353
82 1342 1353
527 531 1353
527 1340 1349
71 1340 1349
527 531 1349
531 532 1353
82 532 1353
531 532 1352
83 532 1352
534 1201 1354
73 1201 1354
534 1201 1355
72 1201 1355
533 1354 1357
73 1354 1357
533 1354 1356
534 1354 1356
533 1358 1359
84 1358 1359
533 1356 1358
534 1356 1358
83 530 534
530 1351 1355
72 1351 1355
530 534 1355
534 1358 1360
84 1358 1360
83 534 1360
210 498 1361
74 498 1361
210 498 1362
73 498 1362
209 1361 1364
74 1361 1364
209 1361 1363
210 1361 1363
535 1365 1366
209 1365 1366
85 535 1366
535 1363 1367
210 1363 1367
535 1363 1365
209 1363 1365
536 1368 1370
533 1368 1370
536 1369 1370
210 1369 1370
536 1359 1368
533 1359 1368
536 1359 1371
84 1359 1371
533 1362 1370
210 1362 1370
533 1357 1362
73 1357 1362
537 1372 1374
536 1372 1374
537 1373 1374
211 1373 1374
537 1369 1372
536 1369 1372
537 1369 1375
210 1369 1375
536 538 1374
211 538 1374
536 538 1371
538 1371 1376
84 1371 1376
537 1377 1378
535 1377 1378
537 1373 1378
211 1373 1378
537 1367 1377
535 1367 1377
537 1367 1375
210 1367 1375
535 539 1378
211 539 1378
85 535 539
509 1247 1380
201 1247 1380
509 1379 1380
541 1379 1380
509 1248 1381
75 1248 1381
509 1379 1381
541 1379 1381
540 1380 1382
201 1380 1382
540 541 1380
540 1383 1384
213 1383 1384
540 541 1383
508 1243 1386
201 1243 1386
508 1385 1386
542 1385 1386
508 1244 1387
74 1244 1387
508 1385 1387
542 1385 1387
540 1382 1386
201 1382 1386
540 1386 1388
542 1386 1388
540 1384 1389
213 1384 1389
540 1388 1389
542 1388 1389
212 541 1390
541 1381 1390
75 1381 1390
541 1383 1391
213 1383 1391
212 541 1391
86 212 543
213 543 1391
212 543 1391
544 1366 1392
209 1366 1392
544 1366 1393
85 1366 1393
213 544 1394
544 1392 1394
209 1392 1394
209 542 1364
542 1364 1387
74 1364 1387
542 1389 1394
213 1389 1394
209 542 1394
214 544 545
213 544 545
214 544 546
544 546 1393
85 546 1393
214 543 545
213 543 545
86 214 543
215 512 1395
512 1264 1395
76 1264 1395
215 512 1396
512 1266 1396
75 1266 1396
215 1397 1398
87 1397 1398
215 1395 1398
76 1395 1398
86 212 1399
212 215 1399
212 1390 1396
75 1390 1396
212 215 1396
547 1397 1400
215 1397 1400
547 1397 1401
87 1397 1401
547 1399 1400
215 1399 1400
547 1399 1402
86 1399 1402
548 1276 1403
78 1276 1403
548 1276 1404
77 1276 1404
548 1405 1406
89 1405 1406
548 1403 1406
78 1403 1406
88 548 550
548 550 1404
77 550 1404
88 548 549
548 549 1405
89 549 1405
551 1299 1407
207 1299 1407
551 1299 1408
79 1299 1408
551 1409 1410
217 1409 1410
551 1407 1410
207 1407 1410
207 1298 1411
78 1298 1411
207 1410 1411
217 1410 1411
552 1412 1414
551 1412 1414
552 1413 1414
216 1413 1414
552 1408 1412
551 1408 1412
79 552 1408
551 1409 1415
217 1409 1415
551 1414 1415
216 1414 1415
553 554 1417
554 1416 1417
216 1416 1417
90 553 554
553 1415 1418
217 1415 1418
553 1415 1417
216 1415 1417
217 1406 1419
89 1406 1419
217 1406 1411
78 1406 1411
553 1418 1420
217 1418 1420
553 555 1420
90 553 555
555 1419 1420
217 1419 1420
89 555 1419
524 556 1422
556 1421 1422
218 1421 1422
524 556 1325
556 1325 1423
80 1325 1423
557 1422 1424
524 1422 1424
557 1422 1425
218 1422 1425
557 1327 1424
524 1327 1424
557 1327 1426
79 1327 1426
558 1428 1429
218 1428 1429
558 1427 1428
559 1427 1428
558 1430 1431
91 1430 1431
558 1427 1430
559 1427 1430
556 1421 1428
218 1421 1428
556 1428 1432
559 1428 1432
556 1423 1433
80 1423 1433
556 1432 1433
559 1432 1433
554 1416 1435
216 1416 1435
554 1434 1435
561 1434 1435
90 554 1436
554 1434 1436
561 1434 1436
216 560 1435
560 1435 1437
561 1435 1437
560 1438 1439
218 1438 1439
560 1437 1438
561 1437 1438
552 1413 1440
216 1413 1440
552 557 1440
79 552 1426
552 557 1426
560 1440 1441
557 1440 1441
216 560 1440
560 1425 1441
557 1425 1441
560 1425 1439
218 1425 1439
562 1442 1444
561 1442 1444
562 1443 1444
219 1443 1444
562 1438 1442
561 1438 1442
218 562 1438
561 563 1444
219 563 1444
561 563 1436
90 563 1436
558 562 1445
562 1443 1445
219 1443 1445
558 562 1429
218 562 1429
558 564 1445
219 564 1445
558 564 1431
91 564 1431
526 565 1447
565 1446 1447
220 1446 1447
526 565 1336
565 1336 1448
81 1336 1448
526 566 1447
566 1447 1449
220 1447 1449
526 566 1335
566 1335 1450
80 1335 1450
567 1452 1453
220 1452 1453
567 1451 1452
568 1451 1452
567 1454 1455
92 1454 1455
567 1451 1454
568 1451 1454
565 1446 1452
220 1446 1452
565 1452 1456
568 1452 1456
565 1448 1457
81 1448 1457
565 1456 1457
568 1456 1457
569 1458 1460
559 1458 1460
569 1459 1460
220 1459 1460
569 1430 1458
559 1430 1458
569 1430 1461
91 1430 1461
566 1460 1462
559 1460 1462
566 1449 1460
220 1449 1460
566 1433 1462
559 1433 1462
566 1433 1450
80 1433 1450
570 1463 1465
569 1463 1465
570 1464 1465
221 1464 1465
570 1459 1463
569 1459 1463
220 570 1459
569 571 1465
221 571 1465
569 571 1461
571 1461 1466
91 1461 1466
567 570 1467
570 1464 1467
221 1464 1467
567 570 1453
220 570 1453
567 572 1467
221 572 1467
567 572 1455
92 572 1455
222 529 573
529 573 1346
82 573 1346
222 529 574
529 574 1345
81 574 1345
222 575 576
93 575 576
222 573 576
82 573 576
222 568 577
568 577 1454
577 1454 1468
92 1454 1468
222 568 574
568 574 1457
81 574 1457
223 577 1469
222 577 1469
223 577 578
577 578 1468
578 1468 1470
92 1468 1470
575 1469 1471
223 1469 1471
222 575 1469
575 579 1471
579 1471 1472
223 1471 1472
93 575 579
83 224 532
82 224 532
83 94 224
93 224 576
82 224 576
93 224 225
94 224 225
227 1360 1473
84 1360 1473
83 227 1360
226 1473 1474
84 1473 1474
226 227 1473
95 226 227
83 94 227
94 227 228
95 227 228
211 539 580
85 539 580
230 580 1475
211 580 1475
211 538 1477
538 1476 1477
581 1476 1477
538 1376 1478
84 1376 1478
538 1476 1478
581 1476 1478
230 581 1475
581 1475 1477
211 1475 1477
85 229 580
229 230 580
96 229 582
229 230 582
95 226 583
226 230 583
226 581 1474
581 1474 1478
84 1474 1478
226 230 581
230 231 583
231 583 584
95 583 584
230 231 582
231 582 585
96 582 585
86 214 1479
214 233 1479
214 546 586
85 546 586
214 233 586
232 1479 1481
86 1479 1481
232 1479 1480
233 1479 1480
97 232 587
587 1480 1482
233 1480 1482
232 587 1480
96 229 588
588 1483 1484
233 1483 1484
229 588 1484
85 229 586
233 586 1484
229 586 1484
589 1485 1486
588 1485 1486
234 589 1486
589 1483 1485
588 1483 1485
589 1483 1487
233 1483 1487
588 590 1486
234 590 1486
96 588 590
234 587 589
587 589 1482
589 1482 1487
233 1482 1487
234 587 591
97 587 591
592 1488 1489
547 1488 1489
235 592 1489
592 1401 1488
547 1401 1488
592 1401 1490
87 1401 1490
593 1489 1491
547 1489 1491
593 1489 1492
235 1489 1492
593 1402 1491
547 1402 1491
593 1402 1493
86 1402 1493
594 1495 1496
235 1495 1496
594 1494 1495
595 1494 1495
98 594 1497
594 1494 1497
595 1494 1497
235 592 1495
592 595 1495
592 1490 1498
87 1490 1498
592 595 1498
97 232 1500
232 1499 1500
235 1499 1500
593 1481 1501
232 1481 1501
593 1481 1493
86 1481 1493
593 1492 1499
235 1492 1499
593 1499 1501
232 1499 1501
594 1496 1502
235 1496 1502
594 596 1502
98 594 596
596 1500 1502
235 1500 1502
97 596 1500
89 549 1503
549 598 1503
88 549 598
89 597 1503
597 1503 1504
598 1503 1504
597 1505 1506
100 1505 1506
597 1504 1505
598 1504 1505
99 598 600
88 598 600
99 598 599
598 599 1505
100 599 1505
90 555 602
89 555 602
90 601 602
601 1507 1508
101 1507 1508
601 602 1507
597 1506 1509
100 1506 1509
597 602 1509
89 597 602
602 603 1509
100 603 1509
602 603 1507
101 603 1507
219 564 605
91 564 605
219 604 605
237 604 605
219 563 606
90 563 606
219 604 606
237 604 606
236 605 1510
91 605 1510
236 237 605
236 1511 1512
102 1511 1512
236 237 1511
601 1513 1514
237 1513 1514
601 1508 1514
101 1508 1514
601 606 1513
237 606 1513
90 601 606
237 1511 1515
102 1511 1515
237 1514 1515
101 1514 1515
221 572 607
92 572 1516
572 607 1516
607 1517 1518
239 1517 1518
221 607 1518
221 571 1520
571 1519 1520
608 1519 1520
571 1466 1521
91 1466 1521
571 1519 1521
608 1519 1521
608 1518 1522
239 1518 1522
608 1518 1520
221 1518 1520
607 1523 1524
238 1523 1524
607 1516 1524
92 1516 1524
607 1517 1525
239 1517 1525
607 1523 1525
238 1523 1525
238 609 610
609 610 1526
103 610 1526
609 1525 1527
239 1525 1527
238 609 1525
611 1512 1528
236 1512 1528
102 611 1512
611 1529 1530
239 1529 1530
611 1528 1530
236 1528 1530
608 1510 1531
236 1510 1531
608 1510 1521
91 1510 1521
608 1522 1530
239 1522 1530
608 1530 1531
236 1530 1531
612 1532 1534
611 1532 1534
612 1533 1534
240 1533 1534
612 1529 1532
611 1529 1532
612 1529 1535
239 1529 1535
611 613 1534
240 613 1534
102 611 613
612 1536 1537
609 1536 1537
612 1533 1537
240 1533 1537
612 1527 1536
609 1527 1536
612 1527 1535
239 1527 1535
614 1537 1538
609 1537 1538
614 1537 1539
240 1537 1539
614 1526 1538
609 1526 1538
614 1526 1540
103 1526 1540
579 1472 1542
223 1472 1542
579 1541 1542
616 1541 1542
93 579 1543
579 1541 1543
616 1541 1543
223 615 1542
615 616 1542
242 615 616
223 578 1545
578 1544 1545
617 1544 1545
578 1470 1546
92 1470 1546
578 1544 1546
617 1544 1546
223 615 1545
615 617 1545
242 615 617
241 616 619
616 619 1543
93 619 1543
241 616 618
242 616 618
620 621 1548
621 1547 1548
241 1547 1548
620 621 1550
621 1549 1550
104 1549 1550
241 618 1548
618 620 1548
242 618 620
238 610 623
103 610 623
238 622 623
242 622 623
238 617 1524
617 1524 1546
92 1524 1546
238 617 622
242 617 622
242 243 623
103 243 623
242 243 620
243 620 1551
620 1550 1551
104 1550 1551
94 225 624
624 1552 1553
245 1552 1553
225 624 1553
93 225 625
625 1553 1554
245 1553 1554
225 625 1553
94 244 624
244 624 626
624 626 1552
626 1552 1555
245 1552 1555
627 628 1556
244 628 1556
105 627 628
244 626 1556
626 1556 1557
627 1556 1557
626 1555 1558
245 1555 1558
626 1557 1558
627 1557 1558
621 1547 1560
241 1547 1560
621 1559 1560
630 1559 1560
621 1549 1561
104 1549 1561
621 1559 1561
630 1559 1561
629 1560 1563
241 1560 1563
629 1560 1562
630 1560 1562
629 1564 1565
245 1564 1565
629 1562 1564
630 1562 1564
241 619 1566
619 625 1566
93 619 625
629 1566 1567
625 1566 1567
629 1563 1566
241 1563 1566
629 1554 1567
625 1554 1567
629 1554 1565
245 1554 1565
246 630 1568
630 1564 1568
245 1564 1568
246 630 1569
630 1561 1569
104 1561 1569
246 627 1568
627 1558 1568
245 1558 1568
105 246 627
95 228 1570
228 248 1570
94 228 248
95 247 1570
247 1570 1571
248 1570 1571
631 1572 1574
247 1572 1574
631 1573 1574
106 1573 1574
248 631 1571
631 1571 1572
247 1571 1572
244 628 632
105 628 632
244 248 632
94 244 248
249 632 633
248 632 633
105 249 632
249 631 633
248 631 633
249 631 634
631 634 1573
106 634 1573
231 585 636
96 585 636
231 635 636
251 635 636
231 584 637
95 584 637
231 635 637
251 635 637
250 636 639
96 636 639
250 636 638
251 636 638
107 250 640
250 638 640
251 638 640
247 641 1574
106 641 1574
247 251 641
95 247 637
247 251 637
252 641 642
251 641 642
106 252 641
252 640 642
251 640 642
252 640 643
107 640 643
234 591 645
97 591 645
234 644 645
253 644 645
234 590 646
96 590 646
234 644 646
253 644 646
253 647 648
108 647 648
253 645 648
97 645 648
107 250 253
250 639 646
96 639 646
250 253 646
253 647 649
108 647 649
107 253 649
98 596 650
97 596 650
98 109 650
108 648 650
97 648 650
108 109 650
100 599 651
99 599 651
100 111 651
99 110 651
110 111 651
101 603 652
100 603 652
101 112 652
100 111 652
111 112 652
102 654 1515
101 654 1515
102 653 654
113 653 654
101 112 654
112 113 654
614 1539 1575
240 1539 1575
614 656 1575
614 1540 1576
103 1540 1576
614 656 1576
240 655 1575
655 656 1575
254 655 656
240 613 657
102 613 657
240 655 657
254 655 657
254 658 659
114 658 659
254 656 659
656 1576 1577
103 1576 1577
656 659 1577
254 653 660
113 653 660
254 653 657
102 653 657
254 658 661
114 658 661
254 660 661
113 660 661
243 1551 1578
104 1551 1578
243 255 1578
103 243 1579
243 255 1579
255 662 663
115 662 663
255 663 1578
104 663 1578
255 659 664
114 659 664
255 659 1579
659 1577 1579
103 1577 1579
255 662 665
115 662 665
255 664 665
114 664 665
105 246 256
246 1569 1580
104 1569 1580
246 256 1580
105 116 256
115 256 663
256 663 1580
104 663 1580
115 116 256
249 634 666
106 634 666
249 257 666
105 249 257
257 667 668
117 667 668
257 666 668
106 666 668
105 116 257
257 667 669
117 667 669
116 257 669
252 643 670
107 643 670
252 258 670
106 252 258
118 258 671
258 670 671
107 670 671
117 258 668
106 258 668
117 118 258
108 649 673
107 649 673
108 672 673
119 672 673
118 671 673
107 671 673
118 119 673
108 109 674
109 120 674
119 672 674
108 672 674
119 120 674
