ID=4031811
numvertices=1183
numsimplices=2324
vertices
-1.500000e+00 -1.500000e+00
-1.200000e+00 -1.500000e+00
-9.000000e-01 -1.500000e+00
-6.000000e-01 -1.500000e+00
-3.000000e-01 -1.500000e+00
0.000000e+00 -1.500000e+00
3.000000e-01 -1.500000e+00
6.000000e-01 -1.500000e+00
9.000000e-01 -1.500000e+00
1.200000e+00 -1.500000e+00
1.500000e+00 -1.500000e+00
-1.500000e+00 -1.200000e+00
-1.200000e+00 -1.200000e+00
-9.000000e-01 -1.200000e+00
-6.000000e-01 -1.200000e+00
-3.000000e-01 -1.200000e+00
0.000000e+00 -1.200000e+00
3.000000e-01 -1.200000e+00
6.000000e-01 -1.200000e+00
9.000000e-01 -1.200000e+00
1.200000e+00 -1.200000e+00
1.500000e+00 -1.200000e+00
-1.500000e+00 -9.000000e-01
-1.200000e+00 -9.000000e-01
-9.000000e-01 -9.000000e-01
-6.000000e-01 -9.000000e-01
-3.000000e-01 -9.000000e-01
0.000000e+00 -9.000000e-01
3.000000e-01 -9.000000e-01
6.000000e-01 -9.000000e-01
9.000000e-01 -9.000000e-01
1.200000e+00 -9.000000e-01
1.500000e+00 -9.000000e-01
-1.500000e+00 -6.000000e-01
-1.200000e+00 -6.000000e-01
-9.000000e-01 -6.000000e-01
-6.000000e-01 -6.000000e-01
-3.000000e-01 -6.000000e-01
0.000000e+00 -6.000000e-01
3.000000e-01 -6.000000e-01
6.000000e-01 -6.000000e-01
9.000000e-01 -6.000000e-01
1.200000e+00 -6.000000e-01
1.500000e+00 -6.000000e-01
-1.500000e+00 -3.000000e-01
-1.200000e+00 -3.000000e-01
-9.000000e-01 -3.000000e-01
-6.000000e-01 -3.000000e-01
-3.000000e-01 -3.000000e-01
0.000000e+00 -3.000000e-01
3.000000e-01 -3.000000e-01
6.000000e-01 -3.000000e-01
9.000000e-01 -3.000000e-01
1.200000e+00 -3.000000e-01
1.500000e+00 -3.000000e-01
-1.500000e+00 0.000000e+00
-1.200000e+00 0.000000e+00
-9.000000e-01 0.000000e+00
-6.000000e-01 0.000000e+00
-3.000000e-01 0.000000e+00
0.000000e+00 0.000000e+00
3.000000e-01 0.000000e+00
6.000000e-01 0.000000e+00
9.000000e-01 0.000000e+00
1.200000e+00 0.000000e+00
1.500000e+00 0.000000e+00
-1.500000e+00 3.000000e-01
-1.200000e+00 3.000000e-01
-9.000000e-01 3.000000e-01
-6.000000e-01 3.000000e-01
-3.000000e-01 3.000000e-01
0.000000e+00 3.000000e-01
3.000000e-01 3.000000e-01
6.000000e-01 3.000000e-01
9.000000e-01 3.000000e-01
1.200000e+00 3.000000e-01
1.500000e+00 3.000000e-01
-1.500000e+00 6.000000e-01
-1.200000e+00 6.000000e-01
-9.000000e-01 6.000000e-01
-6.000000e-01 6.000000e-01
-3.000000e-01 6.000000e-01
0.000000e+00 6.000000e-01
3.000000e-01 6.000000e-01
6.000000e-01 6.000000e-01
9.000000e-01 6.000000e-01
1.200000e+00 6.000000e-01
1.500000e+00 6.000000e-01
-1.500000e+00 9.000000e-01
-1.200000e+00 9.000000e-01
-9.000000e-01 9.000000e-01
-6.000000e-01 9.000000e-01
-3.000000e-01 9.000000e-01
0.000000e+00 9.000000e-01
3.000000e-01 9.000000e-01
6.000000e-01 9.000000e-01
9.000000e-01 9.000000e-01
1.200000e+00 9.000000e-01
1.500000e+00 9.000000e-01
-1.500000e+00 1.200000e+00
-1.200000e+00 1.200000e+00
-9.000000e-01 1.200000e+00
-6.000000e-01 1.200000e+00
-3.000000e-01 1.200000e+00
0.000000e+00 1.200000e+00
3.000000e-01 1.200000e+00
6.000000e-01 1.200000e+00
9.000000e-01 1.200000e+00
1.200000e+00 1.200000e+00
1.500000e+00 1.200000e+00
-1.500000e+00 1.500000e+00
-1.200000e+00 1.500000e+00
-9.000000e-01 1.500000e+00
-6.000000e-01 1.500000e+00
-3.000000e-01 1.500000e+00
0.000000e+00 1.500000e+00
3.000000e-01 1.500000e+00
6.000000e-01 1.500000e+00
9.000000e-01 1.500000e+00
1.200000e+00 1.500000e+00
1.500000e+00 1.500000e+00
-7.500000e-01 -1.350000e+00
-7.500000e-01 -1.200000e+00
-4.500000e-01 -1.350000e+00
-4.500000e-01 -1.200000e+00
-1.500000e-01 -1.350000e+00
-1.500000e-01 -1.200000e+00
1.500000e-01 -1.350000e+00
1.500000e-01 -1.200000e+00
4.500000e-01 -1.350000e+00
4.500000e-01 -1.200000e+00
-9.000000e-01 -1.050000e+00
-1.050000e+00 -1.050000e+00
-1.050000e+00 -9.000000e-01
-6.000000e-01 -1.050000e+00
-7.500000e-01 -1.050000e+00
-7.500000e-01 -9.000000e-01
-3.000000e-01 -1.050000e+00
-4.500000e-01 -1.050000e+00
-4.500000e-01 -9.000000e-01
0.000000e+00 -1.050000e+00
-1.500000e-01 -1.050000e+00
-1.500000e-01 -9.000000e-01
3.000000e-01 -1.050000e+00
1.500000e-01 -1.050000e+00
1.500000e-01 -9.000000e-01
6.000000e-01 -1.050000e+00
4.500000e-01 -1.050000e+00
4.500000e-01 -9.000000e-01
7.500000e-01 -1.050000e+00
7.500000e-01 -9.000000e-01
-1.200000e+00 -7.500000e-01
-1.350000e+00 -7.500000e-01
-9.000000e-01 -7.500000e-01
-1.050000e+00 -7.500000e-01
-1.050000e+00 -6.000000e-01
-6.000000e-01 -7.500000e-01
-7.500000e-01 -7.500000e-01
-7.500000e-01 -6.000000e-01
-4.500000e-01 -7.500000e-01
-1.500000e-01 -7.500000e-01
1.500000e-01 -7.500000e-01
4.500000e-01 -7.500000e-01
9.000000e-01 -7.500000e-01
7.500000e-01 -7.500000e-01
1.050000e+00 -7.500000e-01
1.050000e+00 -6.000000e-01
-1.200000e+00 -4.500000e-01
-1.350000e+00 -4.500000e-01
-9.000000e-01 -4.500000e-01
-1.050000e+00 -4.500000e-01
-1.050000e+00 -3.000000e-01
-7.500000e-01 -4.500000e-01
9.000000e-01 -4.500000e-01
7.500000e-01 -4.500000e-01
1.200000e+00 -4.500000e-01
1.050000e+00 -4.500000e-01
1.050000e+00 -3.000000e-01
1.350000e+00 -4.500000e-01
-1.200000e+00 -1.500000e-01
-1.350000e+00 -1.500000e-01
-9.000000e-01 -1.500000e-01
-1.050000e+00 -1.500000e-01
-1.050000e+00 0.000000e+00
-7.500000e-01 -1.500000e-01
9.000000e-01 -1.500000e-01
7.500000e-01 -1.500000e-01
1.200000e+00 -1.500000e-01
1.050000e+00 -1.500000e-01
1.050000e+00 0.000000e+00
1.350000e+00 -1.500000e-01
-1.200000e+00 1.500000e-01
-1.350000e+00 1.500000e-01
-9.000000e-01 1.500000e-01
-1.050000e+00 1.500000e-01
-1.050000e+00 3.000000e-01
-7.500000e-01 1.500000e-01
9.000000e-01 1.500000e-01
7.500000e-01 1.500000e-01
1.200000e+00 1.500000e-01
1.050000e+00 1.500000e-01
1.050000e+00 3.000000e-01
1.350000e+00 1.500000e-01
-1.200000e+00 4.500000e-01
-1.350000e+00 4.500000e-01
-9.000000e-01 4.500000e-01
-1.050000e+00 4.500000e-01
-1.050000e+00 6.000000e-01
-7.500000e-01 4.500000e-01
9.000000e-01 4.500000e-01
7.500000e-01 4.500000e-01
7.500000e-01 6.000000e-01
1.200000e+00 4.500000e-01
1.050000e+00 4.500000e-01
1.050000e+00 6.000000e-01
1.350000e+00 4.500000e-01
-9.000000e-01 7.500000e-01
-1.050000e+00 7.500000e-01
-7.500000e-01 7.500000e-01
-7.500000e-01 9.000000e-01
-4.500000e-01 7.500000e-01
-4.500000e-01 9.000000e-01
-1.500000e-01 7.500000e-01
-1.500000e-01 9.000000e-01
1.500000e-01 7.500000e-01
1.500000e-01 9.000000e-01
6.000000e-01 7.500000e-01
4.500000e-01 7.500000e-01
4.500000e-01 9.000000e-01
9.000000e-01 7.500000e-01
7.500000e-01 7.500000e-01
7.500000e-01 9.000000e-01
1.200000e+00 7.500000e-01
1.050000e+00 7.500000e-01
1.050000e+00 9.000000e-01
1.350000e+00 7.500000e-01
-6.000000e-01 1.050000e+00
-7.500000e-01 1.050000e+00
-3.000000e-01 1.050000e+00
-4.500000e-01 1.050000e+00
-4.500000e-01 1.200000e+00
0.000000e+00 1.050000e+00
-1.500000e-01 1.050000e+00
-1.500000e-01 1.200000e+00
3.000000e-01 1.050000e+00
1.500000e-01 1.050000e+00
1.500000e-01 1.200000e+00
6.000000e-01 1.050000e+00
4.500000e-01 1.050000e+00
4.500000e-01 1.200000e+00
9.000000e-01 1.050000e+00
7.500000e-01 1.050000e+00
7.500000e-01 1.200000e+00
1.050000e+00 1.050000e+00
-4.500000e-01 1.350000e+00
-1.500000e-01 1.350000e+00
1.500000e-01 1.350000e+00
4.500000e-01 1.350000e+00
7.500000e-01 1.350000e+00
7.500000e-01 -1.350000e+00
7.500000e-01 -1.200000e+00
-6.750000e-01 -1.125000e+00
-6.750000e-01 -1.050000e+00
-6.750000e-01 -9.750000e-01
-6.000000e-01 -9.750000e-01
-8.250000e-01 -9.750000e-01
-7.500000e-01 -9.750000e-01
-6.750000e-01 -9.000000e-01
-3.750000e-01 -1.125000e+00
-5.250000e-01 -1.125000e+00
-3.750000e-01 -1.050000e+00
-3.750000e-01 -9.750000e-01
-3.000000e-01 -9.750000e-01
-5.250000e-01 -1.050000e+00
-5.250000e-01 -9.750000e-01
-4.500000e-01 -9.750000e-01
-5.250000e-01 -9.000000e-01
-3.750000e-01 -9.000000e-01
-7.500000e-02 -1.125000e+00
-2.250000e-01 -1.125000e+00
-7.500000e-02 -1.050000e+00
-7.500000e-02 -9.750000e-01
0.000000e+00 -9.750000e-01
-2.250000e-01 -1.050000e+00
-2.250000e-01 -9.750000e-01
-1.500000e-01 -9.750000e-01
-2.250000e-01 -9.000000e-01
-7.500000e-02 -9.000000e-01
2.250000e-01 -1.125000e+00
7.500000e-02 -1.125000e+00
2.250000e-01 -1.050000e+00
2.250000e-01 -9.750000e-01
3.000000e-01 -9.750000e-01
7.500000e-02 -1.050000e+00
7.500000e-02 -9.750000e-01
1.500000e-01 -9.750000e-01
7.500000e-02 -9.000000e-01
2.250000e-01 -9.000000e-01
5.250000e-01 -1.125000e+00
3.750000e-01 -1.125000e+00
5.250000e-01 -1.050000e+00
5.250000e-01 -9.750000e-01
6.000000e-01 -9.750000e-01
3.750000e-01 -1.050000e+00
3.750000e-01 -9.750000e-01
4.500000e-01 -9.750000e-01
3.750000e-01 -9.000000e-01
5.250000e-01 -9.000000e-01
6.750000e-01 -1.125000e+00
8.250000e-01 -9.750000e-01
9.000000e-01 -1.050000e+00
6.750000e-01 -1.050000e+00
6.750000e-01 -9.750000e-01
7.500000e-01 -9.750000e-01
6.750000e-01 -9.000000e-01
8.250000e-01 -9.000000e-01
1.050000e+00 -1.050000e+00
1.050000e+00 -9.000000e-01
-9.750000e-01 -8.250000e-01
-9.750000e-01 -7.500000e-01
-9.750000e-01 -6.750000e-01
-9.000000e-01 -6.750000e-01
-1.125000e+00 -6.750000e-01
-1.050000e+00 -6.750000e-01
-9.750000e-01 -6.000000e-01
-7.500000e-01 -8.250000e-01
-6.750000e-01 -8.250000e-01
-8.250000e-01 -8.250000e-01
-6.750000e-01 -7.500000e-01
-6.000000e-01 -8.250000e-01
-6.750000e-01 -6.750000e-01
-6.000000e-01 -6.750000e-01
-8.250000e-01 -7.500000e-01
-8.250000e-01 -6.750000e-01
-7.500000e-01 -6.750000e-01
-8.250000e-01 -6.000000e-01
-6.750000e-01 -6.000000e-01
-3.750000e-01 -8.250000e-01
-5.250000e-01 -8.250000e-01
-3.000000e-01 -7.500000e-01
-5.250000e-01 -6.750000e-01
-4.500000e-01 -6.000000e-01
-7.500000e-02 -8.250000e-01
-2.250000e-01 -8.250000e-01
0.000000e+00 -7.500000e-01
2.250000e-01 -8.250000e-01
7.500000e-02 -8.250000e-01
3.000000e-01 -7.500000e-01
5.250000e-01 -8.250000e-01
3.750000e-01 -8.250000e-01
6.000000e-01 -7.500000e-01
7.500000e-01 -8.250000e-01
8.250000e-01 -8.250000e-01
6.750000e-01 -8.250000e-01
8.250000e-01 -7.500000e-01
9.000000e-01 -8.250000e-01
8.250000e-01 -6.750000e-01
9.000000e-01 -6.750000e-01
7.500000e-01 -6.000000e-01
9.750000e-01 -8.250000e-01
1.125000e+00 -6.750000e-01
1.200000e+00 -7.500000e-01
9.750000e-01 -7.500000e-01
9.750000e-01 -6.750000e-01
1.050000e+00 -6.750000e-01
9.750000e-01 -6.000000e-01
1.350000e+00 -7.500000e-01
-1.050000e+00 -5.250000e-01
-9.750000e-01 -5.250000e-01
-1.125000e+00 -5.250000e-01
-9.750000e-01 -4.500000e-01
-9.000000e-01 -5.250000e-01
-9.750000e-01 -3.750000e-01
-9.000000e-01 -3.750000e-01
-1.125000e+00 -3.750000e-01
-1.050000e+00 -3.750000e-01
-9.750000e-01 -3.000000e-01
-6.750000e-01 -5.250000e-01
-8.250000e-01 -5.250000e-01
-6.000000e-01 -4.500000e-01
-8.250000e-01 -3.750000e-01
-7.500000e-01 -3.000000e-01
-4.500000e-01 -4.500000e-01
8.250000e-01 -5.250000e-01
9.000000e-01 -5.250000e-01
8.250000e-01 -3.750000e-01
9.000000e-01 -3.750000e-01
7.500000e-01 -3.000000e-01
1.050000e+00 -5.250000e-01
1.125000e+00 -5.250000e-01
9.750000e-01 -5.250000e-01
1.125000e+00 -3.750000e-01
9.750000e-01 -4.500000e-01
9.750000e-01 -3.750000e-01
1.050000e+00 -3.750000e-01
9.750000e-01 -3.000000e-01
-1.050000e+00 -2.250000e-01
-9.750000e-01 -2.250000e-01
-1.125000e+00 -2.250000e-01
-9.750000e-01 -1.500000e-01
-9.000000e-01 -2.250000e-01
-9.750000e-01 -7.500000e-02
-9.000000e-01 -7.500000e-02
-1.125000e+00 -7.500000e-02
-1.050000e+00 -7.500000e-02
-9.750000e-01 0.000000e+00
-8.250000e-01 -2.250000e-01
-8.250000e-01 -7.500000e-02
-7.500000e-01 0.000000e+00
8.250000e-01 -2.250000e-01
9.000000e-01 -2.250000e-01
8.250000e-01 -7.500000e-02
9.000000e-01 -7.500000e-02
7.500000e-01 0.000000e+00
1.050000e+00 -2.250000e-01
1.125000e+00 -2.250000e-01
9.750000e-01 -2.250000e-01
1.125000e+00 -7.500000e-02
9.750000e-01 -1.500000e-01
9.750000e-01 -7.500000e-02
1.050000e+00 -7.500000e-02
9.750000e-01 0.000000e+00
-1.050000e+00 7.500000e-02
-9.750000e-01 7.500000e-02
-1.125000e+00 7.500000e-02
-9.750000e-01 1.500000e-01
-9.000000e-01 7.500000e-02
-9.750000e-01 2.250000e-01
-9.000000e-01 2.250000e-01
-1.125000e+00 2.250000e-01
-1.050000e+00 2.250000e-01
-9.750000e-01 3.000000e-01
-8.250000e-01 7.500000e-02
-8.250000e-01 2.250000e-01
-7.500000e-01 3.000000e-01
8.250000e-01 7.500000e-02
9.000000e-01 7.500000e-02
8.250000e-01 2.250000e-01
9.000000e-01 2.250000e-01
7.500000e-01 3.000000e-01
1.050000e+00 7.500000e-02
1.125000e+00 7.500000e-02
9.750000e-01 7.500000e-02
1.125000e+00 2.250000e-01
9.750000e-01 1.500000e-01
9.750000e-01 2.250000e-01
1.050000e+00 2.250000e-01
9.750000e-01 3.000000e-01
-1.050000e+00 3.750000e-01
-9.750000e-01 3.750000e-01
-1.125000e+00 3.750000e-01
-9.750000e-01 4.500000e-01
-9.000000e-01 3.750000e-01
-9.750000e-01 5.250000e-01
-9.000000e-01 5.250000e-01
-1.125000e+00 5.250000e-01
-1.050000e+00 5.250000e-01
-9.750000e-01 6.000000e-01
-8.250000e-01 3.750000e-01
-8.250000e-01 5.250000e-01
-7.500000e-01 6.000000e-01
6.000000e-01 4.500000e-01
4.500000e-01 4.500000e-01
4.500000e-01 6.000000e-01
8.250000e-01 3.750000e-01
9.000000e-01 3.750000e-01
8.250000e-01 5.250000e-01
9.000000e-01 5.250000e-01
6.750000e-01 5.250000e-01
6.750000e-01 6.000000e-01
8.250000e-01 6.000000e-01
1.050000e+00 3.750000e-01
1.125000e+00 3.750000e-01
9.750000e-01 3.750000e-01
1.125000e+00 5.250000e-01
9.750000e-01 4.500000e-01
9.750000e-01 5.250000e-01
1.050000e+00 5.250000e-01
9.750000e-01 6.000000e-01
-1.200000e+00 7.500000e-01
-1.350000e+00 7.500000e-01
-1.050000e+00 6.750000e-01
-9.750000e-01 6.750000e-01
-1.125000e+00 6.750000e-01
-9.750000e-01 7.500000e-01
-9.000000e-01 6.750000e-01
-9.750000e-01 8.250000e-01
-9.000000e-01 8.250000e-01
-1.050000e+00 9.000000e-01
-8.250000e-01 6.750000e-01
-6.750000e-01 8.250000e-01
-6.000000e-01 7.500000e-01
-8.250000e-01 7.500000e-01
-8.250000e-01 8.250000e-01
-7.500000e-01 8.250000e-01
-8.250000e-01 9.000000e-01
-6.750000e-01 9.000000e-01
-3.750000e-01 8.250000e-01
-3.000000e-01 7.500000e-01
-5.250000e-01 8.250000e-01
-5.250000e-01 9.000000e-01
-3.750000e-01 9.000000e-01
-7.500000e-02 8.250000e-01
0.000000e+00 7.500000e-01
-2.250000e-01 8.250000e-01
-2.250000e-01 9.000000e-01
-7.500000e-02 9.000000e-01
2.250000e-01 8.250000e-01
3.000000e-01 7.500000e-01
7.500000e-02 8.250000e-01
7.500000e-02 9.000000e-01
2.250000e-01 9.000000e-01
5.250000e-01 6.750000e-01
6.000000e-01 6.750000e-01
5.250000e-01 8.250000e-01
6.000000e-01 8.250000e-01
3.750000e-01 8.250000e-01
3.750000e-01 9.000000e-01
5.250000e-01 9.000000e-01
7.500000e-01 6.750000e-01
8.250000e-01 6.750000e-01
6.750000e-01 6.750000e-01
8.250000e-01 7.500000e-01
9.000000e-01 6.750000e-01
8.250000e-01 8.250000e-01
6.750000e-01 7.500000e-01
6.750000e-01 8.250000e-01
7.500000e-01 8.250000e-01
6.750000e-01 9.000000e-01
1.050000e+00 6.750000e-01
1.125000e+00 6.750000e-01
9.750000e-01 6.750000e-01
9.750000e-01 7.500000e-01
9.750000e-01 8.250000e-01
-9.000000e-01 1.050000e+00
-1.050000e+00 1.050000e+00
-7.500000e-01 9.750000e-01
-6.750000e-01 9.750000e-01
-8.250000e-01 9.750000e-01
-6.750000e-01 1.050000e+00
-6.000000e-01 9.750000e-01
-6.750000e-01 1.125000e+00
-7.500000e-01 1.200000e+00
-4.500000e-01 9.750000e-01
-3.750000e-01 9.750000e-01
-5.250000e-01 9.750000e-01
-3.750000e-01 1.050000e+00
-3.000000e-01 9.750000e-01
-3.750000e-01 1.125000e+00
-5.250000e-01 1.050000e+00
-5.250000e-01 1.125000e+00
-1.500000e-01 9.750000e-01
-7.500000e-02 9.750000e-01
-2.250000e-01 9.750000e-01
-7.500000e-02 1.050000e+00
0.000000e+00 9.750000e-01
-7.500000e-02 1.125000e+00
-2.250000e-01 1.050000e+00
-2.250000e-01 1.125000e+00
1.500000e-01 9.750000e-01
2.250000e-01 9.750000e-01
7.500000e-02 9.750000e-01
2.250000e-01 1.050000e+00
3.000000e-01 9.750000e-01
2.250000e-01 1.125000e+00
7.500000e-02 1.050000e+00
7.500000e-02 1.125000e+00
4.500000e-01 9.750000e-01
5.250000e-01 9.750000e-01
3.750000e-01 9.750000e-01
5.250000e-01 1.050000e+00
6.000000e-01 9.750000e-01
5.250000e-01 1.125000e+00
3.750000e-01 1.050000e+00
3.750000e-01 1.125000e+00
7.500000e-01 9.750000e-01
8.250000e-01 9.750000e-01
6.750000e-01 9.750000e-01
6.750000e-01 1.050000e+00
6.750000e-01 1.125000e+00
-7.500000e-01 1.350000e+00
-6.375000e-01 -9.750000e-01
-6.375000e-01 -1.012500e+00
-6.000000e-01 -9.375000e-01
-6.375000e-01 -9.375000e-01
-7.125000e-01 -9.375000e-01
-6.750000e-01 -9.375000e-01
-6.375000e-01 -9.000000e-01
-3.375000e-01 -9.750000e-01
-3.375000e-01 -1.012500e+00
-3.000000e-01 -9.375000e-01
-3.375000e-01 -9.375000e-01
-4.125000e-01 -1.012500e+00
-5.625000e-01 -9.750000e-01
-5.625000e-01 -1.012500e+00
-5.625000e-01 -9.375000e-01
-4.875000e-01 -1.012500e+00
-4.875000e-01 -9.750000e-01
-4.500000e-01 -9.375000e-01
-4.875000e-01 -9.375000e-01
-5.250000e-01 -9.375000e-01
-4.875000e-01 -9.000000e-01
-5.625000e-01 -9.000000e-01
-4.125000e-01 -9.750000e-01
-4.125000e-01 -9.375000e-01
-3.750000e-01 -9.375000e-01
-4.125000e-01 -9.000000e-01
-3.375000e-01 -9.000000e-01
-3.750000e-02 -9.750000e-01
-3.750000e-02 -1.012500e+00
0.000000e+00 -9.375000e-01
-3.750000e-02 -9.375000e-01
-1.125000e-01 -1.012500e+00
-2.625000e-01 -9.750000e-01
-2.625000e-01 -1.012500e+00
-2.625000e-01 -9.375000e-01
-1.875000e-01 -1.012500e+00
-1.875000e-01 -9.750000e-01
-1.500000e-01 -9.375000e-01
-1.875000e-01 -9.375000e-01
-2.250000e-01 -9.375000e-01
-1.875000e-01 -9.000000e-01
-2.625000e-01 -9.000000e-01
-1.125000e-01 -9.750000e-01
-1.125000e-01 -9.375000e-01
-7.500000e-02 -9.375000e-01
-1.125000e-01 -9.000000e-01
-3.750000e-02 -9.000000e-01
2.625000e-01 -9.750000e-01
2.625000e-01 -1.012500e+00
3.000000e-01 -9.375000e-01
2.625000e-01 -9.375000e-01
1.875000e-01 -1.012500e+00
3.750000e-02 -9.750000e-01
3.750000e-02 -1.012500e+00
3.750000e-02 -9.375000e-01
1.125000e-01 -1.012500e+00
1.125000e-01 -9.750000e-01
1.500000e-01 -9.375000e-01
1.125000e-01 -9.375000e-01
7.500000e-02 -9.375000e-01
1.125000e-01 -9.000000e-01
3.750000e-02 -9.000000e-01
1.875000e-01 -9.750000e-01
1.875000e-01 -9.375000e-01
2.250000e-01 -9.375000e-01
1.875000e-01 -9.000000e-01
2.625000e-01 -9.000000e-01
5.625000e-01 -9.750000e-01
5.625000e-01 -1.012500e+00
6.000000e-01 -9.375000e-01
5.625000e-01 -9.375000e-01
4.875000e-01 -1.012500e+00
3.375000e-01 -9.750000e-01
3.375000e-01 -1.012500e+00
3.375000e-01 -9.375000e-01
4.125000e-01 -1.012500e+00
4.125000e-01 -9.750000e-01
4.500000e-01 -9.375000e-01
4.125000e-01 -9.375000e-01
3.750000e-01 -9.375000e-01
4.125000e-01 -9.000000e-01
3.375000e-01 -9.000000e-01
4.875000e-01 -9.750000e-01
4.875000e-01 -9.375000e-01
5.250000e-01 -9.375000e-01
4.875000e-01 -9.000000e-01
5.625000e-01 -9.000000e-01
6.375000e-01 -9.750000e-01
6.375000e-01 -1.012500e+00
6.375000e-01 -9.375000e-01
7.125000e-01 -9.375000e-01
6.750000e-01 -9.375000e-01
7.125000e-01 -9.000000e-01
6.375000e-01 -9.000000e-01
-9.375000e-01 -6.750000e-01
-9.375000e-01 -7.125000e-01
-9.000000e-01 -6.375000e-01
-9.375000e-01 -6.375000e-01
-1.012500e+00 -6.375000e-01
-9.750000e-01 -6.375000e-01
-9.375000e-01 -6.000000e-01
-6.750000e-01 -8.625000e-01
-7.125000e-01 -8.625000e-01
-6.375000e-01 -8.625000e-01
-7.125000e-01 -7.875000e-01
-6.375000e-01 -8.250000e-01
-6.000000e-01 -7.875000e-01
-6.375000e-01 -7.875000e-01
-6.000000e-01 -8.625000e-01
-6.750000e-01 -7.875000e-01
-6.375000e-01 -7.500000e-01
-6.375000e-01 -6.750000e-01
-6.000000e-01 -7.125000e-01
-6.375000e-01 -7.125000e-01
-6.000000e-01 -6.375000e-01
-6.375000e-01 -6.375000e-01
-6.750000e-01 -7.125000e-01
-7.125000e-01 -7.125000e-01
-8.625000e-01 -6.750000e-01
-8.625000e-01 -7.125000e-01
-8.625000e-01 -6.375000e-01
-7.875000e-01 -7.125000e-01
-7.875000e-01 -6.750000e-01
-7.500000e-01 -6.375000e-01
-7.875000e-01 -6.375000e-01
-8.250000e-01 -6.375000e-01
-7.875000e-01 -6.000000e-01
-8.625000e-01 -6.000000e-01
-7.125000e-01 -6.750000e-01
-7.125000e-01 -6.375000e-01
-6.750000e-01 -6.375000e-01
-7.125000e-01 -6.000000e-01
-6.375000e-01 -6.000000e-01
-4.125000e-01 -8.625000e-01
-3.375000e-01 -8.625000e-01
-4.500000e-01 -8.250000e-01
-4.875000e-01 -8.625000e-01
-5.625000e-01 -8.625000e-01
-3.000000e-01 -8.250000e-01
-5.625000e-01 -7.125000e-01
-5.625000e-01 -6.375000e-01
-5.250000e-01 -7.500000e-01
-5.625000e-01 -7.875000e-01
-5.250000e-01 -6.000000e-01
-1.125000e-01 -8.625000e-01
-3.750000e-02 -8.625000e-01
-1.500000e-01 -8.250000e-01
-1.875000e-01 -8.625000e-01
-2.625000e-01 -8.625000e-01
0.000000e+00 -8.250000e-01
1.875000e-01 -8.625000e-01
2.625000e-01 -8.625000e-01
1.500000e-01 -8.250000e-01
1.125000e-01 -8.625000e-01
3.750000e-02 -8.625000e-01
3.000000e-01 -8.250000e-01
4.875000e-01 -8.625000e-01
5.625000e-01 -8.625000e-01
4.500000e-01 -8.250000e-01
4.125000e-01 -8.625000e-01
3.375000e-01 -8.625000e-01
6.000000e-01 -8.250000e-01
7.875000e-01 -8.625000e-01
7.875000e-01 -8.250000e-01
7.500000e-01 -8.625000e-01
7.875000e-01 -7.875000e-01
7.500000e-01 -7.875000e-01
6.750000e-01 -8.625000e-01
7.125000e-01 -8.625000e-01
6.375000e-01 -8.625000e-01
7.125000e-01 -8.250000e-01
7.125000e-01 -7.875000e-01
8.625000e-01 -7.875000e-01
8.250000e-01 -7.875000e-01
8.625000e-01 -7.500000e-01
7.875000e-01 -7.500000e-01
8.625000e-01 -6.750000e-01
9.000000e-01 -7.125000e-01
8.625000e-01 -7.125000e-01
9.000000e-01 -6.375000e-01
8.625000e-01 -6.375000e-01
8.250000e-01 -7.125000e-01
7.875000e-01 -7.125000e-01
6.750000e-01 -7.500000e-01
6.750000e-01 -6.750000e-01
7.500000e-01 -6.750000e-01
8.250000e-01 -6.000000e-01
9.375000e-01 -6.750000e-01
9.375000e-01 -7.125000e-01
9.375000e-01 -6.375000e-01
1.012500e+00 -6.375000e-01
9.750000e-01 -6.375000e-01
9.375000e-01 -6.000000e-01
-9.750000e-01 -5.625000e-01
-1.012500e+00 -5.625000e-01
-9.375000e-01 -5.625000e-01
-1.012500e+00 -4.875000e-01
-9.375000e-01 -5.250000e-01
-9.000000e-01 -4.875000e-01
-9.375000e-01 -4.875000e-01
-9.000000e-01 -5.625000e-01
-9.750000e-01 -4.875000e-01
-9.375000e-01 -4.500000e-01
-9.375000e-01 -3.750000e-01
-9.000000e-01 -4.125000e-01
-9.375000e-01 -4.125000e-01
-9.000000e-01 -3.375000e-01
-9.375000e-01 -3.375000e-01
-9.750000e-01 -4.125000e-01
-1.012500e+00 -4.125000e-01
-1.012500e+00 -3.375000e-01
-9.750000e-01 -3.375000e-01
-9.375000e-01 -3.000000e-01
-7.125000e-01 -5.625000e-01
-6.375000e-01 -5.625000e-01
-7.500000e-01 -5.250000e-01
-7.875000e-01 -5.625000e-01
-8.625000e-01 -5.625000e-01
-6.000000e-01 -5.250000e-01
-8.625000e-01 -4.125000e-01
-8.625000e-01 -3.375000e-01
-8.250000e-01 -4.500000e-01
-8.625000e-01 -4.875000e-01
-8.250000e-01 -3.000000e-01
-5.250000e-01 -5.250000e-01
8.625000e-01 -5.625000e-01
9.000000e-01 -4.875000e-01
8.625000e-01 -4.875000e-01
9.000000e-01 -5.625000e-01
8.250000e-01 -4.500000e-01
9.000000e-01 -4.125000e-01
8.625000e-01 -4.125000e-01
9.000000e-01 -3.375000e-01
8.625000e-01 -3.375000e-01
8.250000e-01 -3.000000e-01
9.750000e-01 -5.625000e-01
1.012500e+00 -5.625000e-01
9.375000e-01 -5.625000e-01
1.012500e+00 -4.875000e-01
9.375000e-01 -3.750000e-01
9.375000e-01 -4.125000e-01
9.375000e-01 -3.375000e-01
9.750000e-01 -4.125000e-01
9.375000e-01 -4.500000e-01
1.012500e+00 -4.125000e-01
9.375000e-01 -5.250000e-01
9.375000e-01 -4.875000e-01
9.750000e-01 -4.875000e-01
1.012500e+00 -3.375000e-01
9.750000e-01 -3.375000e-01
9.375000e-01 -3.000000e-01
-9.750000e-01 -2.625000e-01
-1.012500e+00 -2.625000e-01
-9.375000e-01 -2.625000e-01
-1.012500e+00 -1.875000e-01
-9.375000e-01 -2.250000e-01
-9.000000e-01 -1.875000e-01
-9.375000e-01 -1.875000e-01
-9.000000e-01 -2.625000e-01
-9.750000e-01 -1.875000e-01
-9.375000e-01 -1.500000e-01
-9.375000e-01 -7.500000e-02
-9.000000e-01 -1.125000e-01
-9.375000e-01 -1.125000e-01
-9.000000e-01 -3.750000e-02
-9.375000e-01 -3.750000e-02
-9.750000e-01 -1.125000e-01
-1.012500e+00 -1.125000e-01
-1.012500e+00 -3.750000e-02
-9.750000e-01 -3.750000e-02
-9.375000e-01 0.000000e+00
-8.625000e-01 -2.625000e-01
-8.625000e-01 -1.125000e-01
-8.625000e-01 -3.750000e-02
-8.250000e-01 -1.500000e-01
-8.625000e-01 -1.875000e-01
-8.250000e-01 0.000000e+00
8.625000e-01 -2.625000e-01
9.000000e-01 -1.875000e-01
8.625000e-01 -1.875000e-01
9.000000e-01 -2.625000e-01
8.250000e-01 -1.500000e-01
9.000000e-01 -1.125000e-01
8.625000e-01 -1.125000e-01
9.000000e-01 -3.750000e-02
8.625000e-01 -3.750000e-02
8.250000e-01 0.000000e+00
9.750000e-01 -2.625000e-01
1.012500e+00 -2.625000e-01
9.375000e-01 -2.625000e-01
1.012500e+00 -1.875000e-01
9.375000e-01 -7.500000e-02
9.375000e-01 -1.125000e-01
9.375000e-01 -3.750000e-02
9.750000e-01 -1.125000e-01
9.375000e-01 -1.500000e-01
1.012500e+00 -1.125000e-01
9.375000e-01 -2.250000e-01
9.375000e-01 -1.875000e-01
9.750000e-01 -1.875000e-01
1.012500e+00 -3.750000e-02
9.750000e-01 -3.750000e-02
9.375000e-01 0.000000e+00
-9.750000e-01 3.750000e-02
-1.012500e+00 3.750000e-02
-9.375000e-01 3.750000e-02
-1.012500e+00 1.125000e-01
-9.375000e-01 7.500000e-02
-9.000000e-01 1.125000e-01
-9.375000e-01 1.125000e-01
-9.000000e-01 3.750000e-02
-9.750000e-01 1.125000e-01
-9.375000e-01 1.500000e-01
-9.375000e-01 2.250000e-01
-9.000000e-01 1.875000e-01
-9.375000e-01 1.875000e-01
-9.000000e-01 2.625000e-01
-9.375000e-01 2.625000e-01
-9.750000e-01 1.875000e-01
-1.012500e+00 1.875000e-01
-1.012500e+00 2.625000e-01
-9.750000e-01 2.625000e-01
-9.375000e-01 3.000000e-01
-8.625000e-01 3.750000e-02
-8.625000e-01 1.875000e-01
-8.625000e-01 2.625000e-01
-8.250000e-01 1.500000e-01
-8.625000e-01 1.125000e-01
-8.250000e-01 3.000000e-01
8.625000e-01 3.750000e-02
9.000000e-01 1.125000e-01
8.625000e-01 1.125000e-01
9.000000e-01 3.750000e-02
8.250000e-01 1.500000e-01
9.000000e-01 1.875000e-01
8.625000e-01 1.875000e-01
9.000000e-01 2.625000e-01
8.625000e-01 2.625000e-01
8.250000e-01 3.000000e-01
9.750000e-01 3.750000e-02
1.012500e+00 3.750000e-02
9.375000e-01 3.750000e-02
1.012500e+00 1.125000e-01
9.375000e-01 2.250000e-01
9.375000e-01 1.875000e-01
9.375000e-01 2.625000e-01
9.750000e-01 1.875000e-01
9.375000e-01 1.500000e-01
1.012500e+00 1.875000e-01
9.375000e-01 7.500000e-02
9.375000e-01 1.125000e-01
9.750000e-01 1.125000e-01
1.012500e+00 2.625000e-01
9.750000e-01 2.625000e-01
9.375000e-01 3.000000e-01
-9.750000e-01 3.375000e-01
-1.012500e+00 3.375000e-01
-9.375000e-01 3.375000e-01
-1.012500e+00 4.125000e-01
-9.375000e-01 3.750000e-01
-9.000000e-01 4.125000e-01
-9.375000e-01 4.125000e-01
-9.000000e-01 3.375000e-01
-9.750000e-01 4.125000e-01
-9.375000e-01 4.500000e-01
-9.375000e-01 5.250000e-01
-9.000000e-01 4.875000e-01
-9.375000e-01 4.875000e-01
-9.000000e-01 5.625000e-01
-9.375000e-01 5.625000e-01
-9.750000e-01 4.875000e-01
-1.012500e+00 4.875000e-01
-1.012500e+00 5.625000e-01
-9.750000e-01 5.625000e-01
-9.375000e-01 6.000000e-01
-8.625000e-01 3.375000e-01
-8.625000e-01 4.875000e-01
-8.625000e-01 5.625000e-01
-8.250000e-01 4.500000e-01
-8.625000e-01 4.125000e-01
-8.250000e-01 6.000000e-01
5.250000e-01 5.250000e-01
6.000000e-01 5.250000e-01
5.250000e-01 6.000000e-01
8.625000e-01 3.375000e-01
9.000000e-01 4.125000e-01
8.625000e-01 4.125000e-01
9.000000e-01 3.375000e-01
8.250000e-01 4.500000e-01
9.000000e-01 4.875000e-01
8.625000e-01 4.875000e-01
9.000000e-01 5.625000e-01
8.625000e-01 5.625000e-01
6.375000e-01 5.625000e-01
7.125000e-01 5.625000e-01
7.500000e-01 5.250000e-01
7.125000e-01 6.000000e-01
6.375000e-01 6.000000e-01
7.875000e-01 5.625000e-01
7.875000e-01 6.000000e-01
8.625000e-01 6.000000e-01
9.750000e-01 3.375000e-01
1.012500e+00 3.375000e-01
9.375000e-01 3.375000e-01
1.012500e+00 4.125000e-01
9.375000e-01 5.250000e-01
9.375000e-01 4.875000e-01
9.375000e-01 5.625000e-01
9.750000e-01 4.875000e-01
9.375000e-01 4.500000e-01
1.012500e+00 4.875000e-01
9.375000e-01 3.750000e-01
9.375000e-01 4.125000e-01
9.750000e-01 4.125000e-01
1.012500e+00 5.625000e-01
9.750000e-01 5.625000e-01
9.375000e-01 6.000000e-01
-9.750000e-01 6.375000e-01
-1.012500e+00 6.375000e-01
-9.375000e-01 6.375000e-01
-9.375000e-01 6.750000e-01
-9.000000e-01 7.125000e-01
-9.375000e-01 7.125000e-01
-9.000000e-01 6.375000e-01
-7.500000e-01 6.750000e-01
-6.750000e-01 6.750000e-01
-7.875000e-01 7.125000e-01
-8.625000e-01 6.375000e-01
-6.750000e-01 7.500000e-01
-7.125000e-01 7.875000e-01
-6.000000e-01 8.250000e-01
-6.375000e-01 8.625000e-01
-8.625000e-01 7.875000e-01
-8.250000e-01 7.875000e-01
-8.625000e-01 7.500000e-01
-7.875000e-01 7.875000e-01
-7.875000e-01 7.500000e-01
-8.625000e-01 6.750000e-01
-8.625000e-01 7.125000e-01
-8.250000e-01 7.125000e-01
-7.875000e-01 8.250000e-01
-7.500000e-01 8.625000e-01
-7.875000e-01 8.625000e-01
-7.500000e-01 7.875000e-01
-7.125000e-01 8.250000e-01
-7.125000e-01 8.625000e-01
-6.750000e-01 8.625000e-01
-7.125000e-01 9.000000e-01
-6.375000e-01 9.000000e-01
-3.000000e-01 8.250000e-01
-3.375000e-01 8.625000e-01
-5.625000e-01 8.625000e-01
-4.875000e-01 8.625000e-01
-4.500000e-01 8.250000e-01
-4.875000e-01 9.000000e-01
-5.625000e-01 9.000000e-01
-4.125000e-01 8.625000e-01
-4.125000e-01 9.000000e-01
-3.375000e-01 9.000000e-01
0.000000e+00 8.250000e-01
-3.750000e-02 8.625000e-01
-2.625000e-01 8.625000e-01
-1.875000e-01 8.625000e-01
-1.500000e-01 8.250000e-01
-1.875000e-01 9.000000e-01
-2.625000e-01 9.000000e-01
-1.125000e-01 8.625000e-01
-1.125000e-01 9.000000e-01
-3.750000e-02 9.000000e-01
3.000000e-01 8.250000e-01
2.625000e-01 8.625000e-01
3.750000e-02 8.625000e-01
1.125000e-01 8.625000e-01
1.500000e-01 8.250000e-01
1.125000e-01 9.000000e-01
3.750000e-02 9.000000e-01
1.875000e-01 8.625000e-01
1.875000e-01 9.000000e-01
2.625000e-01 9.000000e-01
5.625000e-01 6.375000e-01
6.000000e-01 7.125000e-01
5.625000e-01 7.125000e-01
6.000000e-01 6.375000e-01
5.250000e-01 7.500000e-01
6.000000e-01 7.875000e-01
5.625000e-01 7.875000e-01
6.000000e-01 8.625000e-01
5.625000e-01 8.625000e-01
3.375000e-01 8.625000e-01
4.125000e-01 8.625000e-01
4.500000e-01 8.250000e-01
4.125000e-01 9.000000e-01
3.375000e-01 9.000000e-01
4.875000e-01 8.625000e-01
4.875000e-01 9.000000e-01
5.625000e-01 9.000000e-01
8.250000e-01 6.375000e-01
7.875000e-01 6.375000e-01
8.625000e-01 6.375000e-01
7.875000e-01 6.750000e-01
7.500000e-01 6.375000e-01
7.875000e-01 7.125000e-01
6.750000e-01 6.375000e-01
7.125000e-01 6.375000e-01
6.375000e-01 6.375000e-01
7.125000e-01 6.750000e-01
7.125000e-01 7.125000e-01
8.625000e-01 6.750000e-01
8.625000e-01 7.125000e-01
9.000000e-01 6.375000e-01
6.375000e-01 8.250000e-01
6.375000e-01 7.875000e-01
6.375000e-01 8.625000e-01
6.750000e-01 7.875000e-01
6.375000e-01 7.500000e-01
7.125000e-01 7.875000e-01
6.375000e-01 6.750000e-01
6.375000e-01 7.125000e-01
6.750000e-01 7.125000e-01
7.125000e-01 8.625000e-01
6.750000e-01 8.625000e-01
6.375000e-01 9.000000e-01
9.750000e-01 6.375000e-01
1.012500e+00 6.375000e-01
9.375000e-01 6.375000e-01
9.375000e-01 6.750000e-01
9.375000e-01 7.125000e-01
-6.750000e-01 9.375000e-01
-7.125000e-01 9.375000e-01
-6.375000e-01 9.375000e-01
-6.375000e-01 9.750000e-01
-6.375000e-01 1.012500e+00
-6.000000e-01 9.375000e-01
-3.750000e-01 9.375000e-01
-4.125000e-01 9.375000e-01
-3.375000e-01 9.375000e-01
-4.125000e-01 9.750000e-01
-4.500000e-01 9.375000e-01
-4.125000e-01 1.012500e+00
-5.250000e-01 9.375000e-01
-4.875000e-01 9.375000e-01
-5.625000e-01 9.375000e-01
-4.875000e-01 9.750000e-01
-4.875000e-01 1.012500e+00
-3.375000e-01 9.750000e-01
-3.375000e-01 1.012500e+00
-3.000000e-01 9.375000e-01
-5.625000e-01 9.750000e-01
-5.625000e-01 1.012500e+00
-7.500000e-02 9.375000e-01
-1.125000e-01 9.375000e-01
-3.750000e-02 9.375000e-01
-1.125000e-01 9.750000e-01
-1.500000e-01 9.375000e-01
-1.125000e-01 1.012500e+00
-2.250000e-01 9.375000e-01
-1.875000e-01 9.375000e-01
-2.625000e-01 9.375000e-01
-1.875000e-01 9.750000e-01
-1.875000e-01 1.012500e+00
-3.750000e-02 9.750000e-01
-3.750000e-02 1.012500e+00
0.000000e+00 9.375000e-01
-2.625000e-01 9.750000e-01
-2.625000e-01 1.012500e+00
2.250000e-01 9.375000e-01
1.875000e-01 9.375000e-01
2.625000e-01 9.375000e-01
1.875000e-01 9.750000e-01
1.500000e-01 9.375000e-01
1.875000e-01 1.012500e+00
7.500000e-02 9.375000e-01
1.125000e-01 9.375000e-01
3.750000e-02 9.375000e-01
1.125000e-01 9.750000e-01
1.125000e-01 1.012500e+00
2.625000e-01 9.750000e-01
2.625000e-01 1.012500e+00
3.000000e-01 9.375000e-01
3.750000e-02 9.750000e-01
3.750000e-02 1.012500e+00
5.250000e-01 9.375000e-01
4.875000e-01 9.375000e-01
5.625000e-01 9.375000e-01
4.875000e-01 9.750000e-01
4.500000e-01 9.375000e-01
4.875000e-01 1.012500e+00
3.750000e-01 9.375000e-01
4.125000e-01 9.375000e-01
3.375000e-01 9.375000e-01
4.125000e-01 9.750000e-01
4.125000e-01 1.012500e+00
5.625000e-01 9.750000e-01
5.625000e-01 1.012500e+00
6.000000e-01 9.375000e-01
3.375000e-01 9.750000e-01
3.375000e-01 1.012500e+00
6.750000e-01 9.375000e-01
7.125000e-01 9.375000e-01
6.375000e-01 9.375000e-01
6.375000e-01 9.750000e-01
6.375000e-01 1.012500e+00
simplices
0 1 12
0 11 12
1 2 13
1 12 13
2 3 121
3 14 121
2 13 121
13 121 122
14 121 122
3 4 123
4 15 123
3 14 123
14 123 124
15 123 124
4 5 125
5 16 125
4 15 125
15 125 126
16 125 126
5 6 127
6 17 127
5 16 127
16 127 128
17 127 128
6 7 129
7 18 129
6 17 129
17 129 130
18 129 130
7 8 259
8 19 259
7 18 259
18 259 260
19 259 260
8 9 20
8 19 20
9 10 21
9 20 21
11 12 23
11 22 23
12 13 132
13 131 132
24 131 132
12 23 132
23 132 133
24 132 133
14 122 261
122 135 261
13 122 135
14 134 261
134 261 262
135 261 262
264 581 582
263 581 582
134 264 582
264 581 584
263 581 584
264 583 584
25 583 584
134 262 582
262 263 582
135 262 263
24 131 265
131 135 265
13 131 135
136 265 266
135 265 266
24 136 265
263 266 585
136 266 585
135 263 266
267 585 586
263 585 586
136 267 585
267 584 586
263 584 586
267 584 587
25 584 587
15 124 268
124 138 268
14 124 269
124 138 269
15 137 268
137 268 270
138 268 270
272 588 589
271 588 589
137 272 589
272 588 591
271 588 591
272 590 591
26 590 591
137 270 589
270 271 589
138 270 592
270 271 592
134 264 594
264 593 594
274 593 594
264 583 595
25 583 595
264 593 595
274 593 595
134 273 594
273 274 594
138 273 596
273 274 596
14 134 269
134 269 273
138 269 273
275 597 599
274 597 599
275 598 599
139 598 599
275 596 597
274 596 597
138 275 596
276 599 600
274 599 600
276 599 601
139 599 601
276 595 600
274 595 600
276 595 602
25 595 602
275 603 604
271 603 604
275 598 604
139 598 604
275 592 603
271 592 603
138 275 592
277 604 605
271 604 605
277 604 606
139 604 606
277 591 605
271 591 605
277 591 607
26 591 607
16 126 278
126 141 278
15 126 279
126 141 279
16 140 278
140 278 280
141 278 280
282 608 609
281 608 609
140 282 609
282 608 611
281 608 611
282 610 611
27 610 611
140 280 609
280 281 609
141 280 612
280 281 612
137 272 614
272 613 614
284 613 614
272 590 615
26 590 615
272 613 615
284 613 615
137 283 614
283 284 614
141 283 616
283 284 616
15 137 279
137 279 283
141 279 283
285 617 619
284 617 619
285 618 619
142 618 619
285 616 617
284 616 617
141 285 616
286 619 620
284 619 620
286 619 621
142 619 621
286 615 620
284 615 620
286 615 622
26 615 622
285 623 624
281 623 624
285 618 624
142 618 624
285 612 623
281 612 623
141 285 612
287 624 625
281 624 625
287 624 626
142 624 626
287 611 625
281 611 625
287 611 627
27 611 627
17 128 288
128 144 288
16 128 289
128 144 289
17 143 288
143 288 290
144 288 290
292 628 629
291 628 629
143 292 629
292 628 631
291 628 631
292 630 631
28 630 631
143 290 629
290 291 629
144 290 632
290 291 632
140 282 634
282 633 634
294 633 634
282 610 635
27 610 635
282 633 635
294 633 635
140 293 634
293 294 634
144 293 636
293 294 636
16 140 289
140 289 293
144 289 293
295 637 639
294 637 639
295 638 639
145 638 639
295 636 637
294 636 637
144 295 636
296 639 640
294 639 640
296 639 641
145 639 641
296 635 640
294 635 640
296 635 642
27 635 642
295 643 644
291 643 644
295 638 644
145 638 644
295 632 643
291 632 643
144 295 632
297 644 645
291 644 645
297 644 646
145 644 646
297 631 645
291 631 645
297 631 647
28 631 647
18 130 298
130 147 298
17 130 299
130 147 299
18 146 298
146 298 300
147 298 300
302 648 649
301 648 649
146 302 649
302 648 651
301 648 651
302 650 651
29 650 651
146 300 649
300 301 649
147 300 652
300 301 652
143 292 654
292 653 654
304 653 654
292 630 655
28 630 655
292 653 655
304 653 655
143 303 654
303 304 654
147 303 656
303 304 656
17 143 299
143 299 303
147 299 303
305 657 659
304 657 659
305 658 659
148 658 659
305 656 657
304 656 657
147 305 656
306 659 660
304 659 660
306 659 661
148 659 661
306 655 660
304 655 660
306 655 662
28 655 662
305 663 664
301 663 664
305 658 664
148 658 664
305 652 663
301 652 663
147 305 652
307 664 665
301 664 665
307 664 666
148 664 666
307 651 665
301 651 665
307 651 667
29 651 667
19 149 260
149 260 308
18 260 308
149 309 310
30 309 310
19 149 310
146 302 669
302 668 669
312 668 669
302 650 670
29 650 670
302 668 670
312 668 670
146 311 669
311 312 669
149 311 312
18 146 308
146 308 311
149 308 311
312 313 671
150 313 671
149 312 313
314 671 672
312 671 672
314 671 673
150 671 673
314 670 672
312 670 672
314 670 674
29 670 674
150 309 313
149 309 313
150 309 315
30 309 315
19 20 316
20 31 316
30 310 316
19 310 316
30 316 317
31 316 317
20 21 32
20 31 32
22 23 152
23 151 152
34 151 152
22 33 152
33 34 152
24 133 318
133 154 318
23 133 154
24 153 318
153 318 319
154 318 319
321 675 676
320 675 676
153 321 676
321 675 678
320 675 678
321 677 678
35 677 678
153 319 676
319 320 676
154 319 320
34 151 322
151 154 322
23 151 154
155 322 323
154 322 323
34 155 322
320 323 679
155 323 679
154 320 323
324 679 680
320 679 680
155 324 679
324 678 680
320 678 680
324 678 681
35 678 681
136 267 683
267 682 683
326 682 683
267 587 684
25 587 684
267 682 684
326 682 684
136 325 683
325 326 683
157 325 685
325 326 685
24 136 327
136 325 327
157 325 327
329 686 688
326 686 688
329 687 688
156 687 688
329 684 686
326 684 686
329 684 689
25 684 689
328 688 690
326 688 690
328 688 691
156 688 691
328 685 690
326 685 690
157 328 685
331 692 694
330 692 694
331 693 694
156 693 694
331 692 696
330 692 696
331 695 696
36 695 696
328 691 694
156 691 694
328 694 697
330 694 697
157 328 698
328 697 698
330 697 698
153 321 700
321 699 700
333 699 700
321 677 701
35 677 701
321 699 701
333 699 701
153 332 700
332 333 700
157 332 702
332 333 702
24 153 327
153 327 332
157 327 332
334 703 705
333 703 705
334 704 705
158 704 705
334 702 703
333 702 703
157 334 702
335 705 706
333 705 706
335 705 707
158 705 707
335 701 706
333 701 706
335 701 708
35 701 708
334 709 710
330 709 710
334 704 710
158 704 710
334 698 709
330 698 709
157 334 698
336 710 711
330 710 711
336 710 712
158 710 712
336 696 711
330 696 711
336 696 713
36 696 713
277 606 714
139 606 714
277 337 714
277 607 715
26 607 715
277 337 715
159 337 716
337 714 716
139 714 716
276 601 717
139 601 717
276 338 717
276 602 718
25 602 718
276 338 718
159 338 716
338 716 717
139 716 717
37 159 339
159 337 339
337 715 719
26 715 719
337 339 719
331 693 720
156 693 720
331 340 720
331 695 721
36 695 721
331 340 721
159 340 722
340 720 722
156 720 722
329 687 723
156 687 723
329 338 723
329 689 718
25 689 718
329 338 718
159 338 722
338 722 723
156 722 723
37 159 341
159 340 341
340 721 724
36 721 724
340 341 724
287 626 725
142 626 725
287 342 725
287 627 726
27 627 726
287 342 726
160 342 727
342 725 727
142 725 727
286 621 728
142 621 728
286 343 728
286 622 729
26 622 729
286 343 729
160 343 727
343 727 728
142 727 728
38 160 344
160 342 344
342 726 730
27 726 730
342 344 730
37 160 339
160 339 343
339 343 719
343 719 729
26 719 729
37 38 160
297 646 731
145 646 731
297 345 731
297 647 732
28 647 732
297 345 732
161 345 733
345 731 733
145 731 733
296 641 734
145 641 734
296 346 734
296 642 735
27 642 735
296 346 735
161 346 733
346 733 734
145 733 734
39 161 347
161 345 347
345 732 736
28 732 736
345 347 736
38 161 344
161 344 346
344 346 730
346 730 735
27 730 735
38 39 161
307 666 737
148 666 737
307 348 737
307 667 738
29 667 738
307 348 738
162 348 739
348 737 739
148 737 739
306 661 740
148 661 740
306 349 740
306 662 741
28 662 741
306 349 741
162 349 739
349 739 740
148 739 740
40 162 350
162 348 350
348 738 742
29 738 742
348 350 742
39 162 347
162 347 349
347 349 736
349 736 741
28 736 741
39 40 162
150 315 743
315 352 743
30 315 352
351 743 745
150 743 745
351 743 744
352 743 744
351 746 747
164 746 747
351 744 746
352 744 746
314 673 749
150 673 749
314 748 749
353 748 749
314 674 750
29 674 750
314 748 750
353 748 750
351 745 749
150 745 749
351 749 751
353 749 751
351 747 752
164 747 752
351 751 752
353 751 752
352 355 753
163 355 753
30 352 355
354 753 754
352 753 754
354 753 755
163 753 755
354 746 754
352 746 754
354 746 756
164 746 756
357 757 759
356 757 759
357 758 759
163 758 759
357 757 761
356 757 761
357 760 761
41 760 761
354 755 759
163 755 759
354 759 762
356 759 762
354 756 763
164 756 763
354 762 763
356 762 763
350 764 765
164 764 765
40 350 765
350 353 764
353 752 764
164 752 764
350 353 742
353 742 750
29 742 750
356 763 766
164 763 766
356 358 766
356 761 767
41 761 767
356 358 767
358 765 766
164 765 766
40 358 765
31 165 317
165 317 359
30 317 359
165 360 361
42 360 361
31 165 361
357 758 769
163 758 769
357 768 769
363 768 769
357 760 770
41 760 770
357 768 770
363 768 770
163 362 769
362 363 769
165 362 363
163 355 359
30 355 359
163 359 362
165 359 362
363 364 771
166 364 771
165 363 364
365 771 772
363 771 772
166 365 771
365 770 772
363 770 772
365 770 773
41 770 773
166 360 364
165 360 364
42 166 360
31 32 366
32 43 366
42 361 366
31 361 366
42 43 366
33 34 168
34 167 168
45 167 168
33 44 168
44 45 168
155 324 775
324 774 775
368 774 775
324 681 776
35 681 776
324 774 776
368 774 776
155 367 775
367 368 775
170 367 777
367 368 777
34 155 369
155 367 369
170 367 369
371 778 780
368 778 780
371 779 780
169 779 780
371 776 778
368 776 778
371 776 781
35 776 781
370 780 782
368 780 782
370 780 783
169 780 783
370 777 782
368 777 782
170 370 777
373 784 786
372 784 786
373 785 786
169 785 786
373 784 788
372 784 788
373 787 788
46 787 788
370 783 786
169 783 786
370 786 789
372 786 789
170 370 790
370 789 790
372 789 790
45 167 374
167 170 374
34 167 369
167 170 369
171 374 375
170 374 375
45 171 374
372 375 791
171 375 791
372 375 790
170 375 790
376 791 792
372 791 792
171 376 791
376 788 792
372 788 792
376 788 793
46 788 793
336 712 794
158 712 794
336 377 794
336 713 795
36 713 795
336 377 795
172 377 796
377 794 796
158 794 796
335 707 797
158 707 797
335 378 797
335 708 798
35 708 798
335 378 798
172 378 796
378 796 797
158 796 797
47 172 379
172 377 379
377 795 799
36 795 799
377 379 799
373 785 800
169 785 800
373 380 800
373 787 801
46 787 801
373 380 801
172 380 802
380 800 802
169 800 802
371 779 803
169 779 803
371 378 803
371 781 798
35 781 798
371 378 798
172 378 802
378 802 803
169 802 803
47 172 381
172 380 381
380 801 804
46 801 804
380 381 804
37 341 382
341 724 805
36 724 805
341 382 805
37 48 382
47 379 382
379 799 805
36 799 805
379 382 805
47 48 382
37 38 49
37 48 49
38 39 50
38 49 50
39 40 51
39 50 51
174 358 383
358 383 767
383 767 806
41 767 806
40 174 358
383 384 808
384 807 808
173 807 808
383 384 806
384 806 809
41 806 809
174 383 810
383 808 810
173 808 810
385 386 812
386 811 812
173 811 812
385 386 814
386 813 814
52 813 814
174 385 810
385 810 812
173 810 812
40 51 174
174 385 387
385 814 815
52 814 815
385 387 815
51 174 387
42 166 389
166 388 389
176 388 389
166 365 817
365 816 817
390 816 817
365 773 818
41 773 818
365 816 818
390 816 818
166 388 817
388 390 817
176 388 819
388 390 819
42 175 389
175 176 389
53 175 391
175 176 391
386 811 821
173 811 821
386 820 821
393 820 821
386 813 822
52 813 822
386 820 822
393 820 822
392 821 824
173 821 824
392 821 823
393 821 823
176 392 825
392 823 825
393 823 825
384 807 827
173 807 827
384 826 827
390 826 827
384 809 818
41 809 818
384 818 826
390 818 826
392 827 828
390 827 828
392 824 827
173 824 827
392 819 828
390 819 828
176 392 819
393 394 829
177 394 829
393 394 825
176 394 825
395 829 830
393 829 830
177 395 829
395 822 830
393 822 830
395 822 831
52 822 831
177 391 394
176 391 394
53 177 391
42 43 178
43 54 178
53 175 178
42 175 178
53 54 178
44 45 180
45 179 180
56 179 180
44 55 180
55 56 180
171 376 833
376 832 833
397 832 833
376 793 834
46 793 834
376 832 834
397 832 834
171 396 833
396 397 833
182 396 835
396 397 835
45 171 398
171 396 398
182 396 398
400 836 838
397 836 838
400 837 838
181 837 838
400 834 836
397 834 836
400 834 839
46 834 839
399 838 840
397 838 840
399 838 841
181 838 841
399 835 840
397 835 840
182 399 835
402 842 844
401 842 844
402 843 844
181 843 844
402 842 846
401 842 846
402 845 846
57 845 846
399 841 844
181 841 844
399 844 847
401 844 847
182 399 848
399 847 848
401 847 848
56 179 403
179 182 403
45 179 398
179 182 398
183 403 404
182 403 404
56 183 403
401 404 849
183 404 849
401 404 848
182 404 848
405 849 850
401 849 850
183 405 849
405 846 850
401 846 850
405 846 851
57 846 851
47 184 381
184 381 406
381 406 804
406 804 852
46 804 852
47 58 184
402 843 853
181 843 853
402 407 853
402 845 854
57 845 854
402 407 854
184 407 855
407 853 855
181 853 855
400 837 856
181 837 856
400 406 856
400 839 852
46 839 852
400 406 852
184 406 855
406 855 856
181 855 856
58 184 408
184 407 408
407 854 857
57 854 857
407 408 857
47 48 59
47 58 59
48 49 60
48 59 60
49 50 61
49 60 61
50 51 62
50 61 62
186 387 409
387 409 815
409 815 858
52 815 858
51 186 387
409 410 860
410 859 860
185 859 860
409 410 858
410 858 861
52 858 861
186 409 862
409 860 862
185 860 862
411 412 864
412 863 864
185 863 864
411 412 866
412 865 866
63 865 866
186 411 862
411 862 864
185 862 864
51 62 186
186 411 413
411 866 867
63 866 867
411 413 867
62 186 413
53 177 415
177 414 415
188 414 415
177 395 869
395 868 869
416 868 869
395 831 870
52 831 870
395 868 870
416 868 870
177 414 869
414 416 869
188 414 871
414 416 871
53 187 415
187 188 415
64 187 417
187 188 417
412 863 873
185 863 873
412 872 873
419 872 873
412 865 874
63 865 874
412 872 874
419 872 874
418 873 876
185 873 876
418 873 875
419 873 875
188 418 877
418 875 877
419 875 877
410 859 879
185 859 879
410 878 879
416 878 879
410 861 870
52 861 870
410 870 878
416 870 878
418 879 880
416 879 880
418 876 879
185 876 879
418 871 880
416 871 880
188 418 871
419 420 881
189 420 881
419 420 877
188 420 877
421 881 882
419 881 882
189 421 881
421 874 882
419 874 882
421 874 883
63 874 883
189 417 420
188 417 420
64 189 417
53 54 190
54 65 190
64 187 190
53 187 190
64 65 190
55 56 192
56 191 192
67 191 192
55 66 192
66 67 192
183 405 885
405 884 885
423 884 885
405 851 886
57 851 886
405 884 886
423 884 886
183 422 885
422 423 885
194 422 887
422 423 887
56 183 424
183 422 424
194 422 424
426 888 890
423 888 890
426 889 890
193 889 890
426 886 888
423 886 888
426 886 891
57 886 891
425 890 892
423 890 892
425 890 893
193 890 893
425 887 892
423 887 892
194 425 887
428 894 896
427 894 896
428 895 896
193 895 896
428 894 898
427 894 898
428 897 898
68 897 898
425 893 896
193 893 896
425 896 899
427 896 899
194 425 900
425 899 900
427 899 900
67 191 429
191 194 429
56 191 424
191 194 424
195 429 430
194 429 430
67 195 429
427 430 901
195 430 901
427 430 900
194 430 900
431 901 902
427 901 902
195 431 901
431 898 902
427 898 902
431 898 903
68 898 903
58 196 408
196 408 432
408 432 857
432 857 904
57 857 904
58 69 196
428 895 905
193 895 905
428 433 905
428 897 906
68 897 906
428 433 906
196 433 907
433 905 907
193 905 907
426 889 908
193 889 908
426 432 908
426 891 904
57 891 904
426 432 904
196 432 907
432 907 908
193 907 908
69 196 434
196 433 434
433 906 909
68 906 909
433 434 909
58 59 70
58 69 70
59 60 71
59 70 71
60 61 72
60 71 72
61 62 73
61 72 73
198 413 435
413 435 867
435 867 910
63 867 910
62 198 413
435 436 912
436 911 912
197 911 912
435 436 910
436 910 913
63 910 913
198 435 914
435 912 914
197 912 914
437 438 916
438 915 916
197 915 916
437 438 918
438 917 918
74 917 918
198 437 914
437 914 916
197 914 916
62 73 198
198 437 439
437 918 919
74 918 919
437 439 919
73 198 439
64 189 441
189 440 441
200 440 441
189 421 921
421 920 921
442 920 921
421 883 922
63 883 922
421 920 922
442 920 922
189 440 921
440 442 921
200 440 923
440 442 923
64 199 441
199 200 441
75 199 443
199 200 443
438 915 925
197 915 925
438 924 925
445 924 925
438 917 926
74 917 926
438 924 926
445 924 926
444 925 928
197 925 928
444 925 927
445 925 927
200 444 929
444 927 929
445 927 929
436 911 931
197 911 931
436 930 931
442 930 931
436 913 922
63 913 922
436 922 930
442 922 930
444 931 932
442 931 932
444 928 931
197 928 931
444 923 932
442 923 932
200 444 923
445 446 933
201 446 933
445 446 929
200 446 929
447 933 934
445 933 934
201 447 933
447 926 934
445 926 934
447 926 935
74 926 935
201 443 446
200 443 446
75 201 443
64 65 202
65 76 202
75 199 202
64 199 202
75 76 202
66 67 204
67 203 204
78 203 204
66 77 204
77 78 204
195 431 937
431 936 937
449 936 937
431 903 938
68 903 938
431 936 938
449 936 938
195 448 937
448 449 937
206 448 939
448 449 939
67 195 450
195 448 450
206 448 450
452 940 942
449 940 942
452 941 942
205 941 942
452 938 940
449 938 940
452 938 943
68 938 943
451 942 944
449 942 944
451 942 945
205 942 945
451 939 944
449 939 944
206 451 939
454 946 948
453 946 948
454 947 948
205 947 948
454 946 950
453 946 950
454 949 950
79 949 950
451 945 948
205 945 948
451 948 951
453 948 951
206 451 952
451 951 952
453 951 952
78 203 455
203 206 455
67 203 450
203 206 450
207 455 456
206 455 456
78 207 455
453 456 953
207 456 953
453 456 952
206 456 952
457 953 954
453 953 954
207 457 953
457 950 954
453 950 954
457 950 955
79 950 955
69 208 434
208 434 458
434 458 909
458 909 956
68 909 956
69 80 208
454 947 957
205 947 957
454 459 957
454 949 958
79 949 958
454 459 958
208 459 959
459 957 959
205 957 959
452 941 960
205 941 960
452 458 960
452 943 956
68 943 956
452 458 956
208 458 959
458 959 960
205 959 960
80 208 460
208 459 460
459 958 961
79 958 961
459 460 961
69 70 81
69 80 81
70 71 82
70 81 82
71 72 83
71 82 83
72 73 462
73 461 462
461 962 963
84 962 963
461 462 962
72 83 462
83 462 463
462 463 962
463 962 964
84 962 964
210 439 464
439 464 919
464 919 965
74 919 965
73 210 439
464 465 967
465 966 967
209 966 967
464 465 965
465 965 968
74 965 968
210 464 969
464 967 969
209 967 969
466 467 971
467 970 971
209 970 971
466 467 973
467 972 973
85 972 973
210 466 969
466 969 971
209 969 971
210 461 468
461 468 963
468 963 974
84 963 974
73 210 461
468 975 976
211 975 976
210 468 976
468 469 975
469 975 977
211 975 977
468 469 974
469 974 978
84 974 978
466 976 979
211 976 979
210 466 976
466 470 979
470 979 980
211 979 980
466 470 973
470 973 981
85 973 981
75 201 472
201 471 472
213 471 472
201 447 983
447 982 983
473 982 983
447 935 984
74 935 984
447 982 984
473 982 984
201 471 983
471 473 983
213 471 985
471 473 985
75 212 472
212 213 472
86 212 474
212 213 474
467 970 987
209 970 987
467 986 987
476 986 987
467 972 988
85 972 988
467 986 988
476 986 988
475 987 990
209 987 990
475 987 989
476 987 989
213 475 991
475 989 991
476 989 991
465 966 993
209 966 993
465 992 993
473 992 993
465 968 984
74 968 984
465 984 992
473 984 992
475 993 994
473 993 994
475 990 993
209 990 993
475 985 994
473 985 994
213 475 985
476 477 995
214 477 995
476 477 991
213 477 991
478 995 996
476 995 996
214 478 995
478 988 996
476 988 996
478 988 997
85 988 997
214 474 477
213 474 477
86 214 474
75 76 215
76 87 215
86 212 215
75 212 215
86 87 215
77 78 480
78 479 480
89 479 480
77 88 480
88 89 480
207 457 999
457 998 999
482 998 999
457 955 1000
79 955 1000
457 998 1000
482 998 1000
207 481 999
481 482 999
217 481 482
78 207 483
207 481 483
217 481 483
485 1001 1003
482 1001 1003
485 1002 1003
216 1002 1003
485 1000 1001
482 1000 1001
485 1000 1004
79 1000 1004
482 484 1003
216 484 1003
217 482 484
216 486 487
90 486 487
216 484 486
217 484 486
89 217 479
217 479 483
78 479 483
217 486 488
90 486 488
89 217 488
460 1005 1006
218 1005 1006
80 460 1006
460 489 1005
489 1005 1007
218 1005 1007
460 489 961
489 961 1008
79 961 1008
490 1009 1010
218 1009 1010
490 491 1009
490 1011 1012
91 1011 1012
490 491 1011
491 1006 1009
218 1006 1009
80 491 1006
216 487 1013
487 493 1013
90 487 493
492 1013 1015
216 1013 1015
492 1013 1014
493 1013 1014
492 1016 1017
218 1016 1017
492 1014 1016
493 1014 1016
485 1002 1019
216 1002 1019
485 1018 1019
489 1018 1019
485 1004 1008
79 1004 1008
485 1008 1018
489 1008 1018
492 1019 1020
489 1019 1020
492 1015 1019
216 1015 1019
492 1007 1020
489 1007 1020
492 1007 1017
218 1007 1017
494 1021 1023
493 1021 1023
494 1022 1023
219 1022 1023
494 1016 1021
493 1016 1021
494 1016 1024
218 1016 1024
493 495 1023
219 495 1023
90 493 495
494 1025 1026
490 1025 1026
494 1022 1026
219 1022 1026
494 1010 1025
490 1010 1025
494 1010 1024
218 1010 1024
496 1026 1027
490 1026 1027
496 1026 1028
219 1026 1028
496 1012 1027
490 1012 1027
496 1012 1029
91 1012 1029
80 81 220
220 497 498
497 1030 1031
92 1030 1031
497 498 1030
81 220 498
220 491 499
491 499 1011
499 1011 1032
91 1011 1032
80 220 491
499 1033 1034
221 1033 1034
220 499 1034
499 500 1033
500 1033 1035
221 1033 1035
499 500 1032
500 1032 1036
91 1032 1036
497 1034 1037
221 1034 1037
220 497 1034
497 501 1037
501 1037 1038
221 1037 1038
497 501 1031
501 1031 1039
92 1031 1039
81 82 222
222 502 503
502 1040 1041
93 1040 1041
502 503 1040
82 222 503
222 498 504
498 504 1030
504 1030 1042
92 1030 1042
81 222 498
504 1043 1044
223 1043 1044
222 504 1044
504 505 1043
505 1043 1045
223 1043 1045
504 505 1042
505 1042 1046
92 1042 1046
502 1044 1047
223 1044 1047
222 502 1044
502 506 1047
506 1047 1048
223 1047 1048
502 506 1041
506 1041 1049
93 1041 1049
82 83 224
224 507 508
507 1050 1051
94 1050 1051
507 508 1050
83 224 508
224 503 509
503 509 1040
509 1040 1052
93 1040 1052
82 224 503
509 1053 1054
225 1053 1054
224 509 1054
509 510 1053
510 1053 1055
225 1053 1055
509 510 1052
510 1052 1056
93 1052 1056
507 1054 1057
225 1054 1057
224 507 1054
507 511 1057
511 1057 1058
225 1057 1058
507 511 1051
511 1051 1059
94 1051 1059
227 463 512
463 512 964
512 964 1060
84 964 1060
83 227 463
512 513 1062
513 1061 1062
226 1061 1062
512 513 1060
513 1060 1063
84 1060 1063
227 512 1064
512 1062 1064
226 1062 1064
514 515 1066
515 1065 1066
226 1065 1066
514 515 1068
515 1067 1068
95 1067 1068
227 514 1064
514 1064 1066
226 1064 1066
227 508 516
508 516 1050
516 1050 1069
94 1050 1069
83 227 508
516 1070 1071
228 1070 1071
227 516 1071
516 517 1070
517 1070 1072
228 1070 1072
516 517 1069
517 1069 1073
94 1069 1073
514 1071 1074
228 1071 1074
227 514 1071
514 518 1074
518 1074 1075
228 1074 1075
514 518 1068
518 1068 1076
95 1068 1076
470 980 1078
211 980 1078
470 1077 1078
520 1077 1078
470 981 1079
85 981 1079
470 1077 1079
520 1077 1079
519 1078 1081
211 1078 1081
519 1078 1080
520 1078 1080
230 519 1082
519 1080 1082
520 1080 1082
469 977 1084
211 977 1084
469 1083 1084
521 1083 1084
469 978 1085
84 978 1085
469 1083 1085
521 1083 1085
519 1081 1084
211 1081 1084
519 1084 1086
521 1084 1086
230 519 1087
519 1086 1087
521 1086 1087
523 1088 1089
520 1088 1089
229 523 1089
523 1079 1088
520 1079 1088
523 1079 1090
85 1079 1090
520 522 1089
229 522 1089
520 522 1082
230 522 1082
96 229 524
229 522 524
230 522 524
515 1065 1092
226 1065 1092
515 1091 1092
526 1091 1092
515 1067 1093
95 1067 1093
515 1091 1093
526 1091 1093
525 1092 1095
226 1092 1095
525 1092 1094
526 1092 1094
230 525 1096
525 1094 1096
526 1094 1096
513 1061 1098
226 1061 1098
513 1097 1098
521 1097 1098
513 1063 1085
84 1063 1085
513 1085 1097
521 1085 1097
525 1098 1099
521 1098 1099
525 1095 1098
226 1095 1098
525 1087 1099
521 1087 1099
230 525 1087
526 527 1100
231 527 1100
526 527 1096
230 527 1096
528 1100 1101
526 1100 1101
231 528 1100
528 1093 1101
526 1093 1101
528 1093 1102
95 1093 1102
231 524 527
230 524 527
96 231 524
86 214 530
214 529 530
233 529 530
214 478 1104
478 1103 1104
531 1103 1104
478 997 1105
85 997 1105
478 1103 1105
531 1103 1105
214 529 1104
529 531 1104
233 529 531
86 232 530
232 233 530
97 232 233
96 229 533
229 532 533
233 532 533
229 523 1107
523 1106 1107
531 1106 1107
523 1090 1105
85 1090 1105
523 1105 1106
531 1105 1106
531 532 1107
229 532 1107
233 531 532
233 234 533
96 234 533
97 233 234
86 87 235
87 98 235
97 232 235
86 232 235
97 98 235
88 89 100
88 99 100
90 488 535
89 488 535
90 534 535
101 534 535
89 100 535
100 101 535
496 1028 1109
219 1028 1109
496 1108 1109
537 1108 1109
496 1029 1110
91 1029 1110
496 1108 1110
537 1108 1110
219 536 1109
536 537 1109
237 536 537
219 495 538
90 495 538
219 536 538
237 536 538
540 1111 1112
537 1111 1112
236 540 1112
540 1110 1111
537 1110 1111
540 1110 1113
91 1110 1113
537 539 1112
236 539 1112
237 537 539
102 236 541
236 539 541
237 539 541
101 237 534
237 534 538
90 534 538
237 541 542
102 541 542
101 237 542
501 1038 1115
221 1038 1115
501 1114 1115
544 1114 1115
501 1039 1116
92 1039 1116
501 1114 1116
544 1114 1116
543 1115 1118
221 1115 1118
543 1115 1117
544 1115 1117
239 543 1119
543 1117 1119
544 1117 1119
500 1035 1121
221 1035 1121
500 1120 1121
545 1120 1121
500 1036 1122
91 1036 1122
500 1120 1122
545 1120 1122
543 1118 1121
221 1118 1121
543 1121 1123
545 1121 1123
239 543 1124
543 1123 1124
545 1123 1124
547 1125 1126
544 1125 1126
238 547 1126
547 1116 1125
544 1116 1125
547 1116 1127
92 1116 1127
544 546 1126
238 546 1126
544 546 1119
239 546 1119
103 238 548
238 546 548
239 546 548
102 236 550
236 549 550
239 549 550
236 540 1129
540 1128 1129
545 1128 1129
540 1113 1122
91 1113 1122
540 1122 1128
545 1122 1128
545 549 1129
236 549 1129
545 549 1124
239 549 1124
239 240 550
102 240 550
239 240 548
103 240 548
506 1048 1131
223 1048 1131
506 1130 1131
552 1130 1131
506 1049 1132
93 1049 1132
506 1130 1132
552 1130 1132
551 1131 1134
223 1131 1134
551 1131 1133
552 1131 1133
242 551 1135
551 1133 1135
552 1133 1135
505 1045 1137
223 1045 1137
505 1136 1137
553 1136 1137
505 1046 1138
92 1046 1138
505 1136 1138
553 1136 1138
551 1134 1137
223 1134 1137
551 1137 1139
553 1137 1139
242 551 1140
551 1139 1140
553 1139 1140
555 1141 1142
552 1141 1142
241 555 1142
555 1132 1141
552 1132 1141
555 1132 1143
93 1132 1143
552 554 1142
241 554 1142
552 554 1135
242 554 1135
104 241 556
241 554 556
242 554 556
103 238 558
238 557 558
242 557 558
238 547 1145
547 1144 1145
553 1144 1145
547 1127 1138
92 1127 1138
547 1138 1144
553 1138 1144
553 557 1145
238 557 1145
553 557 1140
242 557 1140
242 243 558
103 243 558
242 243 556
104 243 556
511 1058 1147
225 1058 1147
511 1146 1147
560 1146 1147
511 1059 1148
94 1059 1148
511 1146 1148
560 1146 1148
559 1147 1150
225 1147 1150
559 1147 1149
560 1147 1149
245 559 1151
559 1149 1151
560 1149 1151
510 1055 1153
225 1055 1153
510 1152 1153
561 1152 1153
510 1056 1154
93 1056 1154
510 1152 1154
561 1152 1154
559 1150 1153
225 1150 1153
559 1153 1155
561 1153 1155
245 559 1156
559 1155 1156
561 1155 1156
563 1157 1158
560 1157 1158
244 563 1158
563 1148 1157
560 1148 1157
563 1148 1159
94 1148 1159
560 562 1158
244 562 1158
560 562 1151
245 562 1151
105 244 564
244 562 564
245 562 564
104 241 566
241 565 566
245 565 566
241 555 1161
555 1160 1161
561 1160 1161
555 1143 1154
93 1143 1154
555 1154 1160
561 1154 1160
561 565 1161
241 565 1161
561 565 1156
245 565 1156
245 246 566
104 246 566
245 246 564
105 246 564
518 1075 1163
228 1075 1163
518 1162 1163
568 1162 1163
518 1076 1164
95 1076 1164
518 1162 1164
568 1162 1164
567 1163 1166
228 1163 1166
567 1163 1165
568 1163 1165
248 567 1167
567 1165 1167
568 1165 1167
517 1072 1169
228 1072 1169
517 1168 1169
569 1168 1169
517 1073 1170
94 1073 1170
517 1168 1170
569 1168 1170
567 1166 1169
228 1166 1169
567 1169 1171
569 1169 1171
248 567 1172
567 1171 1172
569 1171 1172
571 1173 1174
568 1173 1174
247 571 1174
571 1164 1173
568 1164 1173
571 1164 1175
95 1164 1175
568 570 1174
247 570 1174
568 570 1167
248 570 1167
106 247 572
247 570 572
248 570 572
105 244 574
244 573 574
248 573 574
244 563 1177
563 1176 1177
569 1176 1177
563 1159 1170
94 1159 1170
563 1170 1176
569 1170 1176
569 573 1177
244 573 1177
569 573 1172
248 573 1172
248 249 574
105 249 574
248 249 572
106 249 572
96 231 576
231 575 576
251 575 576
231 528 1179
528 1178 1179
577 1178 1179
528 1102 1180
95 1102 1180
528 1178 1180
577 1178 1180
231 575 1179
575 577 1179
251 575 577
96 250 576
250 251 576
107 250 251
106 247 579
247 578 579
251 578 579
247 571 1182
571 1181 1182
577 1181 1182
571 1175 1180
95 1175 1180
571 1180 1181
577 1180 1181
577 578 1182
247 578 1182
251 577 578
251 252 579
106 252 579
107 251 252
97 234 253
96 234 253
97 108 253
107 250 253
96 250 253
107 108 253
97 98 109
97 108 109
99 100 111
99 110 111
100 101 112
100 111 112
102 542 580
101 542 580
102 113 580
101 112 580
112 113 580
103 240 254
102 240 254
103 114 254
102 113 254
113 114 254
104 243 255
103 243 255
104 115 255
103 114 255
114 115 255
105 246 256
104 246 256
105 116 256
104 115 256
115 116 256
106 249 257
105 249 257
106 117 257
105 116 257
116 117 257
107 252 258
106 252 258
107 118 258
106 117 258
117 118 258
107 108 119
107 118 119
108 109 120
108 119 120
