ID=8441818
numvertices=446
numsimplices=830
vertices
-1.500000e+00 -1.500000e+00
-1.300000e+00 -1.500000e+00
-1.100000e+00 -1.500000e+00
-9.000000e-01 -1.500000e+00
-7.000000e-01 -1.500000e+00
-5.000000e-01 -1.500000e+00
-3.000000e-01 -1.500000e+00
-1.000000e-01 -1.500000e+00
1.000000e-01 -1.500000e+00
3.000000e-01 -1.500000e+00
5.000000e-01 -1.500000e+00
7.000000e-01 -1.500000e+00
9.000000e-01 -1.500000e+00
1.100000e+00 -1.500000e+00
1.300000e+00 -1.500000e+00
1.500000e+00 -1.500000e+00
-1.500000e+00 -1.300000e+00
-1.300000e+00 -1.300000e+00
-1.100000e+00 -1.300000e+00
-9.000000e-01 -1.300000e+00
-7.000000e-01 -1.300000e+00
-5.000000e-01 -1.300000e+00
-3.000000e-01 -1.300000e+00
-1.000000e-01 -1.300000e+00
1.000000e-01 -1.300000e+00
3.000000e-01 -1.300000e+00
5.000000e-01 -1.300000e+00
7.000000e-01 -1.300000e+00
9.000000e-01 -1.300000e+00
1.100000e+00 -1.300000e+00
1.300000e+00 -1.300000e+00
1.500000e+00 -1.300000e+00
-1.500000e+00 -1.100000e+00
-1.300000e+00 -1.100000e+00
-1.100000e+00 -1.100000e+00
-9.000000e-01 -1.100000e+00
-7.000000e-01 -1.100000e+00
-5.000000e-01 -1.100000e+00
-3.000000e-01 -1.100000e+00
-1.000000e-01 -1.100000e+00
1.000000e-01 -1.100000e+00
3.000000e-01 -1.100000e+00
5.000000e-01 -1.100000e+00
7.000000e-01 -1.100000e+00
9.000000e-01 -1.100000e+00
1.100000e+00 -1.100000e+00
1.300000e+00 -1.100000e+00
1.500000e+00 -1.100000e+00
-1.500000e+00 -9.000000e-01
-1.300000e+00 -9.000000e-01
-1.100000e+00 -9.000000e-01
-9.000000e-01 -9.000000e-01
-7.000000e-01 -9.000000e-01
-5.000000e-01 -9.000000e-01
-3.000000e-01 -9.000000e-01
-1.000000e-01 -9.000000e-01
1.000000e-01 -9.000000e-01
3.000000e-01 -9.000000e-01
5.000000e-01 -9.000000e-01
7.000000e-01 -9.000000e-01
9.000000e-01 -9.000000e-01
1.100000e+00 -9.000000e-01
1.300000e+00 -9.000000e-01
1.500000e+00 -9.000000e-01
-1.500000e+00 -7.000000e-01
-1.300000e+00 -7.000000e-01
-1.100000e+00 -7.000000e-01
-9.000000e-01 -7.000000e-01
-7.000000e-01 -7.000000e-01
-5.000000e-01 -7.000000e-01
-3.000000e-01 -7.000000e-01
-1.000000e-01 -7.000000e-01
1.000000e-01 -7.000000e-01
3.000000e-01 -7.000000e-01
5.000000e-01 -7.000000e-01
7.000000e-01 -7.000000e-01
9.000000e-01 -7.000000e-01
1.100000e+00 -7.000000e-01
1.300000e+00 -7.000000e-01
1.500000e+00 -7.000000e-01
-1.500000e+00 -5.000000e-01
-1.300000e+00 -5.000000e-01
-1.100000e+00 -5.000000e-01
-9.000000e-01 -5.000000e-01
-7.000000e-01 -5.000000e-01
-5.000000e-01 -5.000000e-01
-3.000000e-01 -5.000000e-01
-1.000000e-01 -5.000000e-01
1.000000e-01 -5.000000e-01
3.000000e-01 -5.000000e-01
5.000000e-01 -5.000000e-01
7.000000e-01 -5.000000e-01
9.000000e-01 -5.000000e-01
1.100000e+00 -5.000000e-01
1.300000e+00 -5.000000e-01
1.500000e+00 -5.000000e-01
-1.500000e+00 -3.000000e-01
-1.300000e+00 -3.000000e-01
-1.100000e+00 -3.000000e-01
-9.000000e-01 -3.000000e-01
-7.000000e-01 -3.000000e-01
-5.000000e-01 -3.000000e-01
-3.000000e-01 -3.000000e-01
-1.000000e-01 -3.000000e-01
1.000000e-01 -3.000000e-01
3.000000e-01 -3.000000e-01
5.000000e-01 -3.000000e-01
7.000000e-01 -3.000000e-01
9.000000e-01 -3.000000e-01
1.100000e+00 -3.000000e-01
1.300000e+00 -3.000000e-01
1.500000e+00 -3.000000e-01
-1.500000e+00 -1.000000e-01
-1.300000e+00 -1.000000e-01
-1.100000e+00 -1.000000e-01
-9.000000e-01 -1.000000e-01
-7.000000e-01 -1.000000e-01
-5.000000e-01 -1.000000e-01
-3.000000e-01 -1.000000e-01
-1.000000e-01 -1.000000e-01
1.000000e-01 -1.000000e-01
3.000000e-01 -1.000000e-01
5.000000e-01 -1.000000e-01
7.000000e-01 -1.000000e-01
9.000000e-01 -1.000000e-01
1.100000e+00 -1.000000e-01
1.300000e+00 -1.000000e-01
1.500000e+00 -1.000000e-01
-1.500000e+00 1.000000e-01
-1.300000e+00 1.000000e-01
-1.100000e+00 1.000000e-01
-9.000000e-01 1.000000e-01
-7.000000e-01 1.000000e-01
-5.000000e-01 1.000000e-01
-3.000000e-01 1.000000e-01
-1.000000e-01 1.000000e-01
1.000000e-01 1.000000e-01
3.000000e-01 1.000000e-01
5.000000e-01 1.000000e-01
7.000000e-01 1.000000e-01
9.000000e-01 1.000000e-01
1.100000e+00 1.000000e-01
1.300000e+00 1.000000e-01
1.500000e+00 1.000000e-01
-1.500000e+00 3.000000e-01
-1.300000e+00 3.000000e-01
-1.100000e+00 3.000000e-01
-9.000000e-01 3.000000e-01
-7.000000e-01 3.000000e-01
-5.000000e-01 3.000000e-01
-3.000000e-01 3.000000e-01
-1.000000e-01 3.000000e-01
1.000000e-01 3.000000e-01
3.000000e-01 3.000000e-01
5.000000e-01 3.000000e-01
7.000000e-01 3.000000e-01
9.000000e-01 3.000000e-01
1.100000e+00 3.000000e-01
1.300000e+00 3.000000e-01
1.500000e+00 3.000000e-01
-1.500000e+00 5.000000e-01
-1.300000e+00 5.000000e-01
-1.100000e+00 5.000000e-01
-9.000000e-01 5.000000e-01
-7.000000e-01 5.000000e-01
-5.000000e-01 5.000000e-01
-3.000000e-01 5.000000e-01
-1.000000e-01 5.000000e-01
1.000000e-01 5.000000e-01
3.000000e-01 5.000000e-01
5.000000e-01 5.000000e-01
7.000000e-01 5.000000e-01
9.000000e-01 5.000000e-01
1.100000e+00 5.000000e-01
1.300000e+00 5.000000e-01
1.500000e+00 5.000000e-01
-1.500000e+00 7.000000e-01
-1.300000e+00 7.000000e-01
-1.100000e+00 7.000000e-01
-9.000000e-01 7.000000e-01
-7.000000e-01 7.000000e-01
-5.000000e-01 7.000000e-01
-3.000000e-01 7.000000e-01
-1.000000e-01 7.000000e-01
1.000000e-01 7.000000e-01
3.000000e-01 7.000000e-01
5.000000e-01 7.000000e-01
7.000000e-01 7.000000e-01
9.000000e-01 7.000000e-01
1.100000e+00 7.000000e-01
1.300000e+00 7.000000e-01
1.500000e+00 7.000000e-01
-1.500000e+00 9.000000e-01
-1.300000e+00 9.000000e-01
-1.100000e+00 9.000000e-01
-9.000000e-01 9.000000e-01
-7.000000e-01 9.000000e-01
-5.000000e-01 9.000000e-01
-3.000000e-01 9.000000e-01
-1.000000e-01 9.000000e-01
1.000000e-01 9.000000e-01
3.000000e-01 9.000000e-01
5.000000e-01 9.000000e-01
7.000000e-01 9.000000e-01
9.000000e-01 9.000000e-01
1.100000e+00 9.000000e-01
1.300000e+00 9.000000e-01
1.500000e+00 9.000000e-01
-1.500000e+00 1.100000e+00
-1.300000e+00 1.100000e+00
-1.100000e+00 1.100000e+00
-9.000000e-01 1.100000e+00
-7.000000e-01 1.100000e+00
-5.000000e-01 1.100000e+00
-3.000000e-01 1.100000e+00
-1.000000e-01 1.100000e+00
1.000000e-01 1.100000e+00
3.000000e-01 1.100000e+00
5.000000e-01 1.100000e+00
7.000000e-01 1.100000e+00
9.000000e-01 1.100000e+00
1.100000e+00 1.100000e+00
1.300000e+00 1.100000e+00
1.500000e+00 1.100000e+00
-1.500000e+00 1.300000e+00
-1.300000e+00 1.300000e+00
-1.100000e+00 1.300000e+00
-9.000000e-01 1.300000e+00
-7.000000e-01 1.300000e+00
-5.000000e-01 1.300000e+00
-3.000000e-01 1.300000e+00
-1.000000e-01 1.300000e+00
1.000000e-01 1.300000e+00
3.000000e-01 1.300000e+00
5.000000e-01 1.300000e+00
7.000000e-01 1.300000e+00
9.000000e-01 1.300000e+00
1.100000e+00 1.300000e+00
1.300000e+00 1.300000e+00
1.500000e+00 1.300000e+00
-1.500000e+00 1.500000e+00
-1.300000e+00 1.500000e+00
-1.100000e+00 1.500000e+00
-9.000000e-01 1.500000e+00
-7.000000e-01 1.500000e+00
-5.000000e-01 1.500000e+00
-3.000000e-01 1.500000e+00
-1.000000e-01 1.500000e+00
1.000000e-01 1.500000e+00
3.000000e-01 1.500000e+00
5.000000e-01 1.500000e+00
7.000000e-01 1.500000e+00
9.000000e-01 1.500000e+00
1.100000e+00 1.500000e+00
1.300000e+00 1.500000e+00
1.500000e+00 1.500000e+00
-6.000000e-01 -1.200000e+00
-6.000000e-01 -1.100000e+00
-4.000000e-01 -1.200000e+00
-4.000000e-01 -1.100000e+00
-2.000000e-01 -1.200000e+00
-2.000000e-01 -1.100000e+00
0.000000e+00 -1.200000e+00
0.000000e+00 -1.100000e+00
2.000000e-01 -1.200000e+00
2.000000e-01 -1.100000e+00
4.000000e-01 -1.200000e+00
4.000000e-01 -1.100000e+00
-7.000000e-01 -1.000000e+00
-8.000000e-01 -1.000000e+00
-8.000000e-01 -9.000000e-01
-5.000000e-01 -1.000000e+00
-6.000000e-01 -1.000000e+00
-6.000000e-01 -9.000000e-01
-3.000000e-01 -1.000000e+00
-4.000000e-01 -1.000000e+00
-4.000000e-01 -9.000000e-01
-1.000000e-01 -1.000000e+00
-2.000000e-01 -1.000000e+00
-2.000000e-01 -9.000000e-01
1.000000e-01 -1.000000e+00
0.000000e+00 -1.000000e+00
0.000000e+00 -9.000000e-01
3.000000e-01 -1.000000e+00
2.000000e-01 -1.000000e+00
2.000000e-01 -9.000000e-01
5.000000e-01 -1.000000e+00
4.000000e-01 -1.000000e+00
4.000000e-01 -9.000000e-01
6.000000e-01 -1.000000e+00
6.000000e-01 -9.000000e-01
-9.000000e-01 -8.000000e-01
-1.000000e+00 -8.000000e-01
-1.000000e+00 -7.000000e-01
-7.000000e-01 -8.000000e-01
-8.000000e-01 -8.000000e-01
-8.000000e-01 -7.000000e-01
-5.000000e-01 -8.000000e-01
-6.000000e-01 -8.000000e-01
-6.000000e-01 -7.000000e-01
-4.000000e-01 -8.000000e-01
-2.000000e-01 -8.000000e-01
0.000000e+00 -8.000000e-01
2.000000e-01 -8.000000e-01
4.000000e-01 -8.000000e-01
7.000000e-01 -8.000000e-01
6.000000e-01 -8.000000e-01
8.000000e-01 -8.000000e-01
8.000000e-01 -7.000000e-01
-1.100000e+00 -6.000000e-01
-1.200000e+00 -6.000000e-01
-9.000000e-01 -6.000000e-01
-1.000000e+00 -6.000000e-01
-1.000000e+00 -5.000000e-01
-7.000000e-01 -6.000000e-01
-8.000000e-01 -6.000000e-01
-8.000000e-01 -5.000000e-01
-6.000000e-01 -6.000000e-01
9.000000e-01 -6.000000e-01
8.000000e-01 -6.000000e-01
1.000000e+00 -6.000000e-01
1.000000e+00 -5.000000e-01
-1.100000e+00 -4.000000e-01
-1.200000e+00 -4.000000e-01
-9.000000e-01 -4.000000e-01
-1.000000e+00 -4.000000e-01
-1.000000e+00 -3.000000e-01
-8.000000e-01 -4.000000e-01
9.000000e-01 -4.000000e-01
8.000000e-01 -4.000000e-01
1.100000e+00 -4.000000e-01
1.000000e+00 -4.000000e-01
1.000000e+00 -3.000000e-01
1.200000e+00 -4.000000e-01
-1.100000e+00 -2.000000e-01
-1.200000e+00 -2.000000e-01
-9.000000e-01 -2.000000e-01
-1.000000e+00 -2.000000e-01
-1.000000e+00 -1.000000e-01
-8.000000e-01 -2.000000e-01
9.000000e-01 -2.000000e-01
8.000000e-01 -2.000000e-01
1.100000e+00 -2.000000e-01
1.000000e+00 -2.000000e-01
1.000000e+00 -1.000000e-01
1.200000e+00 -2.000000e-01
-1.100000e+00 0.000000e+00
-1.200000e+00 0.000000e+00
-9.000000e-01 0.000000e+00
-1.000000e+00 0.000000e+00
-1.000000e+00 1.000000e-01
-8.000000e-01 0.000000e+00
9.000000e-01 0.000000e+00
8.000000e-01 0.000000e+00
1.100000e+00 0.000000e+00
1.000000e+00 0.000000e+00
1.000000e+00 1.000000e-01
1.200000e+00 0.000000e+00
-1.100000e+00 2.000000e-01
-1.200000e+00 2.000000e-01
-9.000000e-01 2.000000e-01
-1.000000e+00 2.000000e-01
-1.000000e+00 3.000000e-01
-8.000000e-01 2.000000e-01
9.000000e-01 2.000000e-01
8.000000e-01 2.000000e-01
1.100000e+00 2.000000e-01
1.000000e+00 2.000000e-01
1.000000e+00 3.000000e-01
1.200000e+00 2.000000e-01
-1.100000e+00 4.000000e-01
-1.200000e+00 4.000000e-01
-9.000000e-01 4.000000e-01
-1.000000e+00 4.000000e-01
-1.000000e+00 5.000000e-01
-8.000000e-01 4.000000e-01
9.000000e-01 4.000000e-01
8.000000e-01 4.000000e-01
8.000000e-01 5.000000e-01
1.100000e+00 4.000000e-01
1.000000e+00 4.000000e-01
1.000000e+00 5.000000e-01
1.200000e+00 4.000000e-01
-9.000000e-01 6.000000e-01
-1.000000e+00 6.000000e-01
-8.000000e-01 6.000000e-01
-8.000000e-01 7.000000e-01
7.000000e-01 6.000000e-01
6.000000e-01 6.000000e-01
6.000000e-01 7.000000e-01
9.000000e-01 6.000000e-01
8.000000e-01 6.000000e-01
8.000000e-01 7.000000e-01
1.100000e+00 6.000000e-01
1.000000e+00 6.000000e-01
1.000000e+00 7.000000e-01
1.200000e+00 6.000000e-01
-7.000000e-01 8.000000e-01
-8.000000e-01 8.000000e-01
-6.000000e-01 8.000000e-01
-6.000000e-01 9.000000e-01
-4.000000e-01 8.000000e-01
-4.000000e-01 9.000000e-01
-2.000000e-01 8.000000e-01
-2.000000e-01 9.000000e-01
0.000000e+00 8.000000e-01
0.000000e+00 9.000000e-01
2.000000e-01 8.000000e-01
2.000000e-01 9.000000e-01
5.000000e-01 8.000000e-01
4.000000e-01 8.000000e-01
4.000000e-01 9.000000e-01
7.000000e-01 8.000000e-01
6.000000e-01 8.000000e-01
6.000000e-01 9.000000e-01
9.000000e-01 8.000000e-01
8.000000e-01 8.000000e-01
8.000000e-01 9.000000e-01
1.000000e+00 8.000000e-01
-5.000000e-01 1.000000e+00
-6.000000e-01 1.000000e+00
-3.000000e-01 1.000000e+00
-4.000000e-01 1.000000e+00
-4.000000e-01 1.100000e+00
-1.000000e-01 1.000000e+00
-2.000000e-01 1.000000e+00
-2.000000e-01 1.100000e+00
1.000000e-01 1.000000e+00
0.000000e+00 1.000000e+00
0.000000e+00 1.100000e+00
3.000000e-01 1.000000e+00
2.000000e-01 1.000000e+00
2.000000e-01 1.100000e+00
5.000000e-01 1.000000e+00
4.000000e-01 1.000000e+00
4.000000e-01 1.100000e+00
7.000000e-01 1.000000e+00
6.000000e-01 1.000000e+00
6.000000e-01 1.100000e+00
8.000000e-01 1.000000e+00
-4.000000e-01 1.200000e+00
-2.000000e-01 1.200000e+00
0.000000e+00 1.200000e+00
2.000000e-01 1.200000e+00
4.000000e-01 1.200000e+00
6.000000e-01 1.200000e+00
simplices
0 1 17
0 16 17
1 2 18
1 17 18
2 3 19
2 18 19
3 4 20
3 19 20
4 5 21
4 20 21
5 6 22
5 21 22
6 7 23
6 22 23
7 8 24
7 23 24
8 9 25
8 24 25
9 10 26
9 25 26
10 11 27
10 26 27
11 12 28
11 27 28
12 13 29
12 28 29
13 14 30
13 29 30
14 15 31
14 30 31
16 17 33
16 32 33
17 18 34
17 33 34
18 19 35
18 34 35
19 20 36
19 35 36
20 21 256
21 37 256
20 36 256
36 256 257
37 256 257
21 22 258
22 38 258
21 37 258
37 258 259
38 258 259
22 23 260
23 39 260
22 38 260
38 260 261
39 260 261
23 24 262
24 40 262
23 39 262
39 262 263
40 262 263
24 25 264
25 41 264
24 40 264
40 264 265
41 264 265
25 26 266
26 42 266
25 41 266
41 266 267
42 266 267
26 27 43
26 42 43
27 28 44
27 43 44
28 29 45
28 44 45
29 30 46
29 45 46
30 31 47
30 46 47
32 33 49
32 48 49
33 34 50
33 49 50
34 35 51
34 50 51
35 36 269
36 268 269
52 268 269
35 51 269
51 269 270
52 269 270
37 257 272
36 257 272
37 271 272
53 271 272
52 268 272
36 268 272
52 272 273
53 272 273
38 259 275
37 259 275
38 274 275
54 274 275
53 271 275
37 271 275
53 275 276
54 275 276
39 261 278
38 261 278
39 277 278
55 277 278
54 274 278
38 274 278
54 278 279
55 278 279
40 263 281
39 263 281
40 280 281
56 280 281
55 277 281
39 277 281
55 281 282
56 281 282
41 265 284
40 265 284
41 283 284
57 283 284
56 280 284
40 280 284
56 284 285
57 284 285
42 267 287
41 267 287
42 286 287
58 286 287
57 283 287
41 283 287
57 287 288
58 287 288
42 43 289
43 59 289
58 286 289
42 286 289
58 289 290
59 289 290
43 44 60
43 59 60
44 45 61
44 60 61
45 46 62
45 61 62
46 47 63
46 62 63
48 49 65
48 64 65
49 50 66
49 65 66
50 51 292
51 291 292
67 291 292
50 66 292
66 292 293
67 292 293
52 270 295
51 270 295
52 294 295
68 294 295
67 291 295
51 291 295
67 295 296
68 295 296
53 273 298
52 273 298
53 297 298
69 297 298
68 294 298
52 294 298
68 298 299
69 298 299
54 276 300
53 276 300
54 70 300
69 297 300
53 297 300
69 70 300
55 279 301
54 279 301
55 71 301
54 70 301
70 71 301
56 282 302
55 282 302
56 72 302
55 71 302
71 72 302
57 285 303
56 285 303
57 73 303
56 72 303
72 73 303
58 288 304
57 288 304
58 74 304
57 73 304
73 74 304
59 290 306
58 290 306
59 305 306
75 305 306
58 74 306
74 75 306
59 60 307
60 76 307
75 305 307
59 305 307
75 307 308
76 307 308
60 61 77
60 76 77
61 62 78
61 77 78
62 63 79
62 78 79
64 65 81
64 80 81
65 66 310
66 309 310
82 309 310
65 81 310
81 82 310
67 293 312
66 293 312
67 311 312
83 311 312
82 309 312
66 309 312
82 312 313
83 312 313
68 296 315
67 296 315
68 314 315
84 314 315
83 311 315
67 311 315
83 315 316
84 315 316
69 299 317
68 299 317
69 85 317
84 314 317
68 314 317
84 85 317
69 70 86
69 85 86
70 71 87
70 86 87
71 72 88
71 87 88
72 73 89
72 88 89
73 74 90
73 89 90
74 75 91
74 90 91
76 308 319
75 308 319
76 318 319
92 318 319
75 91 319
91 92 319
76 77 320
77 93 320
92 318 320
76 318 320
92 320 321
93 320 321
77 78 94
77 93 94
78 79 95
78 94 95
80 81 97
80 96 97
81 82 323
82 322 323
98 322 323
81 97 323
97 98 323
83 313 325
82 313 325
83 324 325
99 324 325
98 322 325
82 322 325
98 325 326
99 325 326
84 316 327
83 316 327
84 100 327
99 324 327
83 324 327
99 100 327
84 85 101
84 100 101
85 86 102
85 101 102
86 87 103
86 102 103
87 88 104
87 103 104
88 89 105
88 104 105
89 90 106
89 105 106
90 91 107
90 106 107
91 92 329
92 328 329
108 328 329
91 107 329
107 108 329
93 321 331
92 321 331
93 330 331
109 330 331
108 328 331
92 328 331
108 331 332
109 331 332
93 94 333
94 110 333
109 330 333
93 330 333
109 110 333
94 95 111
94 110 111
96 97 113
96 112 113
97 98 335
98 334 335
114 334 335
97 113 335
113 114 335
99 326 337
98 326 337
99 336 337
115 336 337
114 334 337
98 334 337
114 337 338
115 337 338
99 100 339
100 116 339
115 336 339
99 336 339
115 116 339
100 101 117
100 116 117
101 102 118
101 117 118
102 103 119
102 118 119
103 104 120
103 119 120
104 105 121
104 120 121
105 106 122
105 121 122
106 107 123
106 122 123
107 108 341
108 340 341
124 340 341
107 123 341
123 124 341
109 332 343
108 332 343
109 342 343
125 342 343
124 340 343
108 340 343
124 343 344
125 343 344
109 110 345
110 126 345
125 342 345
109 342 345
125 126 345
110 111 127
110 126 127
112 113 129
112 128 129
113 114 347
114 346 347
130 346 347
113 129 347
129 130 347
115 338 349
114 338 349
115 348 349
131 348 349
130 346 349
114 346 349
130 349 350
131 349 350
115 116 351
116 132 351
131 348 351
115 348 351
131 132 351
116 117 133
116 132 133
117 118 134
117 133 134
118 119 135
118 134 135
119 120 136
119 135 136
120 121 137
120 136 137
121 122 138
121 137 138
122 123 139
122 138 139
123 124 353
124 352 353
140 352 353
123 139 353
139 140 353
125 344 355
124 344 355
125 354 355
141 354 355
140 352 355
124 352 355
140 355 356
141 355 356
125 126 357
126 142 357
141 354 357
125 354 357
141 142 357
126 127 143
126 142 143
128 129 145
128 144 145
129 130 359
130 358 359
146 358 359
129 145 359
145 146 359
131 350 361
130 350 361
131 360 361
147 360 361
146 358 361
130 358 361
146 361 362
147 361 362
131 132 363
132 148 363
147 360 363
131 360 363
147 148 363
132 133 149
132 148 149
133 134 150
133 149 150
134 135 151
134 150 151
135 136 152
135 151 152
136 137 153
136 152 153
137 138 154
137 153 154
138 139 155
138 154 155
139 140 365
140 364 365
156 364 365
139 155 365
155 156 365
141 356 367
140 356 367
141 366 367
157 366 367
156 364 367
140 364 367
156 367 368
157 367 368
141 142 369
142 158 369
157 366 369
141 366 369
157 158 369
142 143 159
142 158 159
144 145 161
144 160 161
145 146 371
146 370 371
162 370 371
145 161 371
161 162 371
147 362 373
146 362 373
147 372 373
163 372 373
162 370 373
146 370 373
162 373 374
163 373 374
147 148 375
148 164 375
163 372 375
147 372 375
163 164 375
148 149 165
148 164 165
149 150 166
149 165 166
150 151 167
150 166 167
151 152 168
151 167 168
152 153 169
152 168 169
153 154 170
153 169 170
154 155 171
154 170 171
155 156 377
156 376 377
172 376 377
155 171 377
171 377 378
172 377 378
157 368 380
156 368 380
157 379 380
173 379 380
172 376 380
156 376 380
172 380 381
173 380 381
157 158 382
158 174 382
173 379 382
157 379 382
173 174 382
158 159 175
158 174 175
160 161 177
160 176 177
161 162 178
161 177 178
163 374 384
162 374 384
163 383 384
179 383 384
162 178 384
178 179 384
163 164 385
164 180 385
179 383 385
163 383 385
179 385 386
180 385 386
164 165 181
164 180 181
165 166 182
165 181 182
166 167 183
166 182 183
167 168 184
167 183 184
168 169 185
168 184 185
169 170 186
169 185 186
170 171 388
171 387 388
187 387 388
170 186 388
186 388 389
187 388 389
172 378 391
171 378 391
172 390 391
188 390 391
187 387 391
171 387 391
187 391 392
188 391 392
173 381 394
172 381 394
173 393 394
189 393 394
188 390 394
172 390 394
188 394 395
189 394 395
173 174 396
174 190 396
189 393 396
173 393 396
189 190 396
174 175 191
174 190 191
176 177 193
176 192 193
177 178 194
177 193 194
178 179 195
178 194 195
180 386 398
179 386 398
180 397 398
196 397 398
179 195 398
195 196 398
180 181 399
181 197 399
196 397 399
180 397 399
196 399 400
197 399 400
181 182 401
182 198 401
181 197 401
197 401 402
198 401 402
182 183 403
183 199 403
182 198 403
198 403 404
199 403 404
183 184 405
184 200 405
183 199 405
199 405 406
200 405 406
184 185 407
185 201 407
184 200 407
200 407 408
201 407 408
185 186 410
186 409 410
202 409 410
185 201 410
201 410 411
202 410 411
187 389 413
186 389 413
187 412 413
203 412 413
202 409 413
186 409 413
202 413 414
203 413 414
188 392 416
187 392 416
188 415 416
204 415 416
203 412 416
187 412 416
203 416 417
204 416 417
189 395 418
188 395 418
189 205 418
204 415 418
188 415 418
204 205 418
189 190 206
189 205 206
190 191 207
190 206 207
192 193 209
192 208 209
193 194 210
193 209 210
194 195 211
194 210 211
195 196 212
195 211 212
197 400 420
196 400 420
197 419 420
213 419 420
196 212 420
212 213 420
198 402 422
197 402 422
198 421 422
214 421 422
213 419 422
197 419 422
213 422 423
214 422 423
199 404 425
198 404 425
199 424 425
215 424 425
214 421 425
198 421 425
214 425 426
215 425 426
200 406 428
199 406 428
200 427 428
216 427 428
215 424 428
199 424 428
215 428 429
216 428 429
201 408 431
200 408 431
201 430 431
217 430 431
216 427 431
200 427 431
216 431 432
217 431 432
202 411 434
201 411 434
202 433 434
218 433 434
217 430 434
201 430 434
217 434 435
218 434 435
203 414 437
202 414 437
203 436 437
219 436 437
218 433 437
202 433 437
218 437 438
219 437 438
204 417 439
203 417 439
204 220 439
219 436 439
203 436 439
219 220 439
204 205 221
204 220 221
205 206 222
205 221 222
206 207 223
206 222 223
208 209 225
208 224 225
209 210 226
209 225 226
210 211 227
210 226 227
211 212 228
211 227 228
212 213 229
212 228 229
214 423 440
213 423 440
214 230 440
213 229 440
229 230 440
215 426 441
214 426 441
215 231 441
214 230 441
230 231 441
216 429 442
215 429 442
216 232 442
215 231 442
231 232 442
217 432 443
216 432 443
217 233 443
216 232 443
232 233 443
218 435 444
217 435 444
218 234 444
217 233 444
233 234 444
219 438 445
218 438 445
219 235 445
218 234 445
234 235 445
219 220 236
219 235 236
220 221 237
220 236 237
221 222 238
221 237 238
222 223 239
222 238 239
224 225 241
224 240 241
225 226 242
225 241 242
226 227 243
226 242 243
227 228 244
227 243 244
228 229 245
228 244 245
229 230 246
229 245 246
230 231 247
230 246 247
231 232 248
231 247 248
232 233 249
232 248 249
233 234 250
233 249 250
234 235 251
234 250 251
235 236 252
235 251 252
236 237 253
236 252 253
237 238 254
237 253 254
238 239 255
238 254 255
