ID=6247782
numvertices=602
numsimplices=1138
vertices
-1.500000e+00 -1.500000e+00
1.500000e+00 -1.500000e+00
1.500000e+00 1.500000e+00
-1.500000e+00 1.500000e+00
0.000000e+00 -1.500000e+00
1.500000e+00 0.000000e+00
0.000000e+00 1.500000e+00
-1.500000e+00 0.000000e+00
0.000000e+00 0.000000e+00
-1.500000e+00 -7.500000e-01
-7.500000e-01 -1.500000e+00
-7.500000e-01 1.500000e+00
-1.500000e+00 7.500000e-01
1.500000e+00 -7.500000e-01
7.500000e-01 -1.500000e+00
1.500000e+00 7.500000e-01
7.500000e-01 1.500000e+00
6.250000e-01 -6.250000e-01
-6.250000e-01 6.250000e-01
-3.750000e-01 -7.500000e-01
7.500000e-01 3.750000e-01
-7.291667e-01 -1.041667e-01
1.099138e-01 7.607759e-01
-9.375000e-01 -9.375000e-01
9.375000e-01 9.375000e-01
-1.064867e+00 3.158144e-01
-3.750000e-01 1.107143e+00
1.580882e-01 -9.522059e-01
1.107143e+00 -3.750000e-01
1.015625e+00 -1.015625e+00
-1.015625e+00 1.015625e+00
5.208333e-01 -1.041667e-01
-1.089744e+00 -4.567308e-01
4.712911e-01 1.094597e+00
3.074382e-02 -4.841219e-01
-4.036458e-01 2.213542e-01
5.789250e-01 -1.091165e+00
-3.342717e-01 -2.642648e-01
3.273810e-01 2.827381e-01
1.125000e+00 5.625000e-01
-2.181633e-01 -1.140332e+00
1.063337e+00 6.417411e-02
-1.125000e+00 -1.500000e+00
-1.500000e+00 -1.125000e+00
1.500000e+00 1.125000e+00
1.125000e+00 1.500000e+00
-1.115997e+00 -6.921230e-02
-6.913853e-01 -5.034747e-01
6.094702e-01 7.343433e-01
3.750000e-01 -1.500000e+00
-3.750000e-01 -1.500000e+00
-1.125000e+00 1.500000e+00
1.125000e+00 -1.500000e+00
1.500000e+00 -3.750000e-01
-1.500000e+00 -3.750000e-01
-1.500000e+00 3.750000e-01
-3.750000e-01 1.500000e+00
1.500000e+00 -1.125000e+00
-1.500000e+00 1.125000e+00
3.750000e-01 1.500000e+00
1.500000e+00 3.750000e-01
-6.062135e-01 -1.139571e+00
-2.672414e-01 7.453818e-01
9.751259e-02 1.136715e+00
-5.049878e-02 3.993180e-01
-9.792008e-01 6.614242e-01
-7.395241e-01 2.317116e-01
-7.098214e-01 1.162946e+00
9.598214e-01 -6.808036e-01
7.749081e-01 -3.241850e-01
2.250847e-01 -2.287433e-01
3.025081e-01 -6.615515e-01
-1.255097e+00 5.463888e-01
-1.250000e+00 -9.375000e-01
-8.914858e-01 -1.234662e+00
-6.700437e-01 -8.023690e-01
1.218750e+00 8.437500e-01
1.171875e+00 1.171875e+00
7.637089e-01 1.192070e+00
1.875000e-01 -1.257402e+00
-1.227679e+00 -1.227679e+00
-1.167230e-01 -8.728980e-01
7.627583e-01 7.451416e-02
4.377707e-01 -4.140258e-01
7.681145e-01 -8.848157e-01
-1.287802e+00 9.375000e-01
-1.222574e+00 1.223431e+00
1.287802e+00 -9.375000e-01
1.222574e+00 -1.223431e+00
9.375000e-01 -1.287802e+00
-7.797133e-01 8.609117e-01
1.236315e+00 -6.654065e-01
8.750634e-01 6.719067e-01
1.303571e+00 -1.875000e-01
-1.875000e-01 1.303571e+00
-3.823149e-01 4.955686e-01
-1.303912e+00 1.875000e-01
1.304509e+00 1.875000e-01
-1.300596e-01 9.831741e-01
-9.375000e-01 1.306727e+00
3.509284e-01 5.819338e-01
3.680564e-01 8.483734e-01
-5.082913e-01 8.705094e-01
2.595916e-01 3.032564e-02
4.868104e-01 -8.467008e-01
-1.093750e+00 -7.224893e-01
-1.500000e+00 -5.625000e-01
-8.716711e-01 -3.190914e-01
1.009999e+00 3.237522e-01
5.625000e-01 1.500000e+00
-8.572153e-01 4.477655e-01
-1.500000e+00 -1.875000e-01
-1.268054e+00 -2.812500e-01
-4.716824e-01 -3.613013e-02
-4.347622e-01 -5.004139e-01
-1.612578e-01 -6.336496e-01
-7.565956e-02 -2.478418e-01
9.689509e-01 -1.670123e-01
6.967815e-01 9.597721e-01
5.269296e-01 1.406969e-01
-9.094741e-01 5.837204e-02
-5.143229e-01 1.303571e+00
9.375000e-01 1.500000e+00
-2.403247e-01 4.046791e-02
6.972165e-02 -7.212625e-01
1.500000e+00 1.312500e+00
-9.037467e-01 -5.924442e-01
1.875000e-01 1.500000e+00
3.016172e-01 1.268433e+00
4.233765e-01 -1.268854e+00
-4.928301e-01 -9.434660e-01
5.191960e-01 4.181662e-01
-5.670990e-01 3.720059e-01
3.650450e-01 -1.032169e+00
7.106214e-01 -1.276267e+00
1.297289e-01 5.356581e-01
-7.368850e-02 6.311840e-01
-1.274960e+00 -5.868480e-01
1.074441e-01 2.064964e-01
-5.654185e-01 -3.053588e-01
-4.124426e-01 -1.269644e+00
7.208833e-03 -1.120762e+00
-1.875000e-01 -1.500000e+00
-9.001593e-02 -1.308601e+00
1.312500e+00 6.562500e-01
1.281632e+00 4.070135e-01
1.312500e+00 1.500000e+00
5.072915e-01 1.299459e+00
-1.177964e+00 7.497619e-01
1.109725e+00 -8.302789e-01
2.319354e-01 -4.355918e-01
-1.093750e+00 -1.071429e+00
-5.625000e-01 -1.500000e+00
9.725053e-01 1.277236e+00
-1.943055e-01 -4.239177e-01
-1.013371e-01 1.965782e-01
9.219699e-01 -4.741805e-01
8.327848e-01 -1.110444e+00
5.625000e-01 -1.500000e+00
7.240542e-01 -1.262000e-01
1.318359e+00 1.025391e+00
-2.455448e-01 3.469925e-01
1.891065e-01 9.515625e-01
1.303571e+00 -4.615600e-01
1.312500e+00 -1.500000e+00
-1.312500e+00 1.500000e+00
-1.500000e+00 1.312500e+00
1.500000e+00 -1.312500e+00
-1.303435e+00 -9.283899e-03
-1.072540e+00 -2.609167e-01
-1.117414e+00 1.268841e-01
-7.890052e-01 -1.066650e+00
-7.086940e-01 -1.307583e+00
7.101655e-01 5.665722e-01
-1.312500e+00 -1.500000e+00
-1.500000e+00 -1.312500e+00
1.039078e+00 7.734851e-01
-5.613746e-01 -6.444008e-01
-2.954155e-01 -9.580736e-01
-9.269245e-01 -1.340003e-01
-6.366076e-01 6.678643e-02
-4.482314e-01 6.914637e-01
-3.112114e-01 9.292140e-01
5.745450e-03 1.306813e+00
1.312317e+00 -2.068828e-05
-5.625000e-01 1.500000e+00
-9.375000e-01 1.500000e+00
1.500000e+00 1.875000e-01
-1.875000e-01 1.500000e+00
1.500000e+00 -5.625000e-01
1.500000e+00 -1.875000e-01
9.375000e-01 -1.500000e+00
1.500000e+00 -9.375000e-01
1.875000e-01 -1.500000e+00
-9.375000e-01 -1.500000e+00
-1.500000e+00 -9.375000e-01
-1.500000e+00 1.875000e-01
-1.500000e+00 5.625000e-01
-1.500000e+00 9.375000e-01
1.500000e+00 5.625000e-01
1.500000e+00 9.375000e-01
9.065089e-01 4.838682e-01
-1.315352e+00 3.718203e-01
1.307813e+00 1.307813e+00
-1.001526e-01 8.074548e-01
-1.030214e+00 4.906468e-01
-8.045396e-01 6.194923e-01
-1.020560e+00 8.361443e-01
-5.560410e-01 1.053263e+00
-1.061438e+00 -1.320516e+00
-1.316713e+00 -7.660345e-01
9.164851e-01 1.692680e-01
-8.837475e-02 1.155995e+00
5.845418e-01 -2.873074e-01
1.140849e+00 -1.023320e-01
5.364227e-01 8.922583e-01
-8.534854e-01 -7.715395e-01
9.393669e-01 -8.603487e-01
3.045837e-01 -8.437896e-01
9.184910e-01 1.111130e+00
6.024691e-01 -4.564295e-01
7.833805e-01 -7.070829e-01
-8.855954e-01 1.136763e+00
1.091540e+00 -5.558712e-01
-7.652980e-01 1.327255e+00
7.658403e-01 8.034020e-01
-2.348993e-01 5.790735e-01
2.950919e-01 1.092340e+00
-9.130321e-01 2.318436e-01
-4.416989e-01 -1.103859e+00
7.591094e-01 -5.212842e-01
-1.392242e-01 -9.296787e-02
1.147461e+00 1.000977e+00
1.144336e+00 1.335352e+00
1.122228e-01 3.715081e-01
5.452597e-01 5.817005e-01
-3.509115e-01 1.335291e+00
-2.578188e-01 -1.343660e+00
4.680390e-01 -6.810820e-01
1.607594e-01 -5.818224e-01
1.170609e+00 2.844943e-01
6.131573e-01 2.819427e-01
3.175318e-02 9.050484e-01
-1.339023e+00 6.945330e-01
6.953078e-02 -1.566953e-01
7.278495e-02 -3.230914e-01
3.507137e-01 -1.136440e-01
-6.566087e-01 -9.673312e-01
4.509089e-01 7.112167e-01
-2.983282e-01 -1.084980e-01
2.655990e-01 4.381249e-01
9.103788e-01 -8.238497e-03
8.215014e-01 1.348913e+00
6.581213e-01 1.364056e+00
-7.399497e-01 -6.571514e-01
-5.644536e-01 2.108790e-01
3.772797e-01 -2.687510e-01
-1.375000e+00 -1.031250e+00
-1.093750e+00 -9.133185e-01
9.308693e-01 -3.183647e-01
-7.076537e-01 1.003341e+00
4.285567e-01 2.063838e-02
-1.376020e+00 -4.687500e-01
6.064654e-01 1.176437e+00
3.005515e-01 -1.363783e+00
1.603163e-01 -1.106007e+00
6.184884e-02 -1.354045e+00
-7.206850e-01 -2.644961e-01
-2.878246e-01 -5.461233e-01
-2.538465e-01 1.924332e-01
-1.055899e+00 1.182468e+00
-1.096693e+00 1.339875e+00
7.522275e-01 2.245808e-01
6.344089e-01 -4.824783e-03
-8.437500e-01 -1.379599e+00
-9.397111e-01 -1.089986e+00
2.197808e-01 6.570155e-01
-6.949253e-01 4.758740e-01
-5.202360e-01 -7.890625e-01
-1.119871e+00 6.104362e-01
-1.165439e+00 4.265994e-01
-5.613935e-01 -1.282170e+00
1.608608e-01 1.342970e+00
6.427826e-01 -7.845286e-01
6.137608e-01 -9.384519e-01
1.171875e+00 7.031250e-01
1.359375e+00 7.968750e-01
-8.664562e-01 9.858628e-01
-1.377088e+00 1.218750e+00
-1.360294e+00 1.069284e+00
1.377088e+00 -1.218750e+00
1.360294e+00 -1.069284e+00
1.176377e+00 -1.062487e+00
1.056473e+00 -1.174651e+00
1.096699e+00 -1.336070e+00
-1.176377e+00 1.062487e+00
-1.199566e+00 -1.372597e+00
-1.346454e+00 -1.325906e+00
-1.363839e+00 -1.176339e+00
-1.238839e+00 -1.082589e+00
-1.303735e+00 1.349946e+00
1.303735e+00 -1.349946e+00
-2.370772e-01 1.163192e+00
5.678799e-01 -1.238424e+00
2.954279e-01 -1.159885e+00
-1.233457e+00 -4.490438e-01
4.980734e-03 -9.669608e-01
-1.615697e-01 -1.008843e+00
-2.507562e-01 -8.217356e-01
-1.152790e+00 8.904905e-01
4.702410e-01 2.722472e-01
-5.794457e-01 -1.495428e-01
-1.382211e+00 8.305200e-01
8.437500e-01 -1.393901e+00
1.342995e+00 -7.861380e-01
1.360065e+00 -5.932178e-01
1.358131e+00 1.168284e+00
-7.938541e-01 -9.222813e-01
-8.924937e-01 7.742047e-01
-6.410826e-01 7.831400e-01
3.452662e-01 -5.241965e-01
1.118299e+00 4.186565e-01
3.507065e-01 1.411645e-01
7.104098e-01 -1.040828e+00
-9.418915e-01 -4.494100e-01
-5.013881e-01 5.645394e-01
-4.260582e-01 3.610345e-01
1.101606e+00 -6.930105e-01
-4.687500e-01 -1.397017e+00
1.170155e+00 -2.443720e-01
-2.840064e-03 1.040034e+00
-1.241784e+00 -1.395481e-01
1.360473e+00 -3.245300e-01
-1.399454e+00 -6.562500e-01
-7.720230e-01 2.957068e-02
9.062817e-01 8.047034e-01
9.900910e-01 5.944941e-01
2.332759e-01 8.213993e-01
8.833372e-01 -9.842293e-01
-4.351638e-01 9.851750e-01
-3.843389e-01 8.145484e-01
-9.375000e-02 1.401786e+00
-1.401956e+00 9.375000e-02
-1.202975e+00 2.862802e-01
1.173097e+00 1.470080e-01
1.402254e+00 2.812500e-01
-4.410570e-01 -1.731339e-01
5.197693e-01 -1.368278e+00
4.923512e-01 -5.430830e-01
8.230801e-01 1.012829e+00
6.518165e-01 -1.398234e+00
1.402213e+00 4.687500e-01
4.266298e-01 9.685688e-01
1.354981e-01 -3.364927e-02
-6.562500e-01 1.404648e+00
-3.809894e-01 7.763655e-02
-9.989873e-01 -8.179039e-01
-1.191236e+00 -8.159251e-01
-1.135167e+00 -5.889555e-01
4.915067e-01 -9.908937e-01
2.812500e-01 1.403321e+00
-1.406034e+00 4.687500e-01
-1.378163e+00 -1.243714e-01
1.402254e+00 9.764707e-02
1.401786e+00 -9.813780e-02
1.401674e+00 1.401674e+00
-9.513670e-01 -7.051740e-01
-8.218482e-01 -6.247978e-01
-8.786161e-01 -6.819919e-01
6.166021e-01 9.260152e-01
5.729464e-01 8.133008e-01
6.531259e-01 8.470577e-01
9.482999e-01 5.391811e-01
9.325772e-01 6.332004e-01
8.907862e-01 5.778875e-01
8.465026e-01 -1.466062e-01
8.719295e-01 -2.455987e-01
6.598178e-01 6.504577e-01
-5.446570e-01 7.373018e-01
-6.330413e-01 7.040700e-01
-5.366157e-01 6.582318e-01
8.264853e-02 -1.036484e+00
8.172165e-01 -6.721926e-02
8.365685e-01 3.313783e-02
9.396649e-01 -8.762540e-02
-5.746869e-01 8.268247e-01
-4.782614e-01 7.809865e-01
9.313324e-02 9.957984e-01
4.733626e-02 1.088375e+00
1.433096e-01 1.044139e+00
8.153448e-02 -9.595834e-01
5.038569e-01 9.934277e-01
5.840363e-01 1.027185e+00
-4.476180e-01 -7.695312e-01
-4.339150e-01 -8.467330e-01
-4.980684e-01 -5.724073e-01
-4.681873e-01 -6.972004e-01
-4.048811e-01 -6.252070e-01
-6.079725e-01 9.369251e-01
-5.321662e-01 9.618861e-01
-3.845170e-01 -3.823394e-01
9.632420e-01 2.465101e-01
9.899111e-01 1.167210e-01
1.036668e+00 1.939632e-01
8.332425e-01 2.721340e-01
8.799994e-01 3.493761e-01
-9.112531e-01 1.451078e-01
-8.262781e-01 2.317776e-01
-8.244991e-01 1.450418e-01
-5.630738e-01 -5.019443e-01
-7.961781e-01 -2.917938e-01
-7.815282e-01 -4.112831e-01
7.313109e-01 8.815870e-01
6.876552e-01 7.688726e-01
-3.299311e-01 -1.122095e+00
-3.153030e-01 -1.204988e+00
1.291867e-01 1.239843e+00
1.995649e-01 1.202574e+00
1.963022e-01 1.114528e+00
-7.156675e-01 -5.803130e-01
-7.975660e-01 -5.479595e-01
-2.056820e-01 8.683344e-01
-2.206355e-01 9.561941e-01
2.420992e-01 1.021951e+00
-2.892264e-01 8.372979e-01
-1.015223e+00 1.793638e-01
5.554108e-01 -7.328053e-01
5.647965e-01 -8.156147e-01
4.774247e-01 -7.638914e-01
6.886886e-01 -3.903073e-01
9.264196e-01 -3.962726e-01
1.019006e+00 -3.466824e-01
1.014556e+00 -4.245903e-01
3.348144e-01 -9.379792e-01
2.313360e-01 -8.979977e-01
2.615666e-01 -9.921873e-01
3.863114e-01 -7.624358e-01
-5.884224e-01 -8.781968e-01
-5.951399e-01 -7.957157e-01
-4.576808e-02 -6.774560e-01
-6.525700e-02 -5.588857e-01
-2.730858e-01 -8.899046e-01
-1.837396e-01 -8.473168e-01
-2.060692e-01 -9.154858e-01
6.448439e-01 1.076055e-01
8.405396e-01 -4.977324e-01
7.670087e-01 -4.227346e-01
8.484390e-01 -3.991828e-01
6.282717e-01 -8.614903e-01
6.909376e-01 -9.116338e-01
7.054486e-01 -8.346722e-01
-5.981567e-01 5.202067e-01
-6.599627e-01 5.504370e-01
1.054195e+00 5.065753e-01
8.204519e-01 7.376544e-01
1.064149e+00 3.712044e-01
1.090304e+00 3.041233e-01
8.528887e-01 -3.212749e-01
-3.731876e-01 9.571945e-01
-4.050819e-01 1.046159e+00
-3.431057e-01 1.018178e+00
1.091548e+00 2.353801e-01
-1.379374e-01 1.229783e+00
-9.087727e-02 1.305192e+00
3.608609e-01 1.030455e+00
4.489605e-01 1.031583e+00
2.785815e-01 8.999680e-01
-4.097513e-01 8.998617e-01
-4.463151e-01 8.425289e-01
-4.717276e-01 9.278422e-01
-1.627260e-01 1.159594e+00
-1.835684e-01 1.073183e+00
-1.092172e-01 1.069585e+00
5.502856e-01 -8.925764e-01
6.338913e-01 -7.047643e-01
-9.067813e-01 -3.842507e-01
-8.166384e-01 -4.764423e-01
9.582539e-01 4.038102e-01
8.282544e-01 4.294341e-01
-8.308775e-01 5.336289e-01
-9.182081e-01 5.545949e-01
-9.997322e-01 -1.974585e-01
-1.021461e+00 -1.016063e-01
-2.350065e-02 -7.970802e-01
-1.389904e-01 -7.532738e-01
-1.777817e-01 -5.287837e-01
-3.612934e-01 -5.232686e-01
-3.145339e-01 -4.621658e-01
1.155502e+00 -1.733520e-01
1.069553e+00 -2.056922e-01
1.054900e+00 -1.346722e-01
1.025614e+00 -5.528526e-02
8.516701e-01 8.704510e-01
-9.181993e-01 -3.781415e-02
-1.012736e+00 -5.420127e-03
-8.992978e-01 -2.265459e-01
-9.721056e-01 -2.900041e-01
-3.629557e-01 1.221217e+00
-4.446615e-01 1.205357e+00
3.956971e-01 -8.452452e-01
-9.228191e-01 -5.209271e-01
-9.967452e-01 -5.245875e-01
4.568921e-03 1.146355e+00
5.162902e-02 1.221764e+00
-3.128781e-01 -7.858678e-01
-3.352077e-01 -8.540368e-01
6.815787e-01 3.284713e-01
6.345980e-01 3.965831e-01
-7.760703e-01 4.618197e-01
-7.172247e-01 3.537928e-01
-7.983697e-01 3.397386e-01
4.259277e-01 -9.394348e-01
-6.500653e-01 -2.070195e-01
-7.249258e-01 -1.843314e-01
-1.054772e-01 -1.130547e+00
-7.718042e-02 -1.064802e+00
-7.829447e-02 -9.879018e-01
-2.245412e-01 -5.898864e-01
8.613737e-01 -7.837158e-01
8.716010e-01 -6.939433e-01
7.757475e-01 -7.959493e-01
1.104299e-01 9.283055e-01
1.495102e-01 8.561692e-01
1.138649e+00 -3.096860e-01
1.038047e+00 -2.710061e-01
6.146808e-01 4.923692e-01
-6.263800e-01 -5.739378e-01
-7.049967e-01 -7.297602e-01
-7.617645e-01 -7.869543e-01
-2.567894e-01 -1.049203e+00
-1.391463e-01 -9.408703e-01
-5.587111e-02 -9.199294e-01
-8.407486e-01 4.397136e-02
-7.557736e-01 1.306412e-01
-7.505948e-01 -3.729799e-02
-6.828871e-01 -1.869012e-02
-3.477751e-01 8.718812e-01
1.222210e+00 -1.449160e-01
8.083372e-01 5.252202e-01
7.926145e-01 6.192395e-01
-4.915321e-02 9.441113e-01
-9.610414e-01 3.817900e-01
-5.351820e-01 1.178417e+00
-4.655205e-01 1.080203e+00
7.574929e-01 1.495475e-01
9.868579e-01 2.796780e-02
1.102093e+00 -1.907896e-02
-2.741443e-01 1.046203e+00
-3.060386e-01 1.135168e+00
1.226583e+00 -5.117636e-02
1.156973e+00 2.233797e-02
4.815263e-01 9.304135e-01
3.973431e-01 9.084711e-01
4.522396e-01 8.703159e-01
4.936658e-01 8.017375e-01
1.871527e-01 -7.825260e-01
1.139049e-01 -8.367342e-01
7.712449e-01 -6.141836e-01
6.920547e-01 -5.731421e-01
7.041903e-01 -6.660415e-01
6.137346e-01 -5.407147e-01
9.408957e-01 -5.774921e-01
7.380029e-01 6.849871e-01
-3.415654e-01 6.352686e-01
-3.577364e-01 7.184227e-01
-8.851237e-01 3.398046e-01
8.594654e-01 -6.010439e-01
7.511137e-01 2.997904e-01
1.445656e-02 9.725414e-01
-6.644983e-02 1.011604e+00
9.134319e-01 8.051473e-02
8.396217e-01 1.218911e-01
-6.506621e-01 -6.507761e-01
-6.157091e-01 -7.233849e-01
9.499101e-01 -2.426885e-01
-8.238047e-01 -1.992482e-01
-8.280456e-01 -1.190835e-01
-3.314123e-01 -6.480616e-01
-2.681289e-01 -6.918248e-01
8.343563e-01 1.969244e-01
-7.497325e-01 5.476831e-01
-7.147698e-01 6.222461e-01
-5.408053e-01 -7.167316e-01
7.130816e-01 -7.458058e-01
7.392622e-01 -9.628221e-01
3.735119e-02 -8.441117e-01
-2.284926e-01 -9.834581e-01
-2.060070e-01 -7.276926e-01
-6.080266e-01 -4.137820e-02
-7.921264e-01 7.402020e-01
-7.228111e-01 7.013161e-01
1.012404e+00 4.512624e-01
-1.007216e+00 -3.551633e-01
1.236863e+00 -3.529660e-01
-4.560741e-02 1.098015e+00
-8.494737e-01 -5.221483e-02
9.570709e-01 7.226959e-01
7.968735e-01 -1.012529e+00
-4.162851e-01 7.530060e-01
7.944602e-01 9.081154e-01
3.078682e-01 9.600657e-01
-1.019457e+00 -5.906998e-01
simplices
34 116 154
105 356 366
105 126 366
216 254 368
254 367 368
126 367 368
80 151 209
47 139 267
61 171 247
148 243 312
99 222 224
88 293 294
129 133 304
130 178 229
215 369 371
118 369 371
215 370 371
48 370 371
33 147 263
336 372 374
201 372 374
336 373 374
92 373 374
97 145 240
159 375 376
117 375 376
69 159 376
173 235 377
48 235 377
123 231 249
18 378 379
319 378 379
18 378 380
181 378 380
71 124 239
141 306 381
141 265 381
82 382 383
251 382 383
82 159 382
251 375 382
159 375 382
251 375 384
117 375 384
102 378 385
319 378 385
102 378 386
181 378 386
113 249 355
63 387 388
330 387 388
63 387 389
162 387 389
80 298 299
99 222 270
27 381 390
306 381 390
27 265 381
91 223 327
36 284 359
38 138 234
83 150 320
215 369 392
118 369 392
215 391 392
33 391 392
130 278 394
278 393 394
19 393 394
177 395 397
114 395 397
177 396 397
19 396 397
8 123 231
208 398 399
102 398 399
208 260 398
129 264 347
37 231 249
114 139 400
37 139 400
70 246 353
211 401 403
108 401 403
211 402 403
41 402 403
140 281 328
39 144 285
211 401 405
108 401 405
211 404 405
20 404 405
43 195 257
151 209 275
76 160 232
76 144 286
77 160 232
77 203 316
228 406 408
120 406 408
228 407 408
66 407 408
114 139 409
47 139 409
267 410 411
107 410 411
47 267 411
225 371 412
118 371 412
225 371 413
48 371 413
100 131 235
79 141 265
140 229 415
229 414 415
40 414 415
30 270 295
30 222 270
89 293 294
13 189 315
54 111 112
25 280 343
55 196 202
260 319 398
319 385 398
102 385 398
94 188 341
57 167 290
88 292 293
58 166 288
99 270 271
128 282 417
282 416 417
63 416 417
128 227 417
227 417 418
63 417 418
145 240 321
254 367 420
126 367 420
254 419 420
47 419 420
64 136 226
100 250 276
98 204 421
98 421 422
182 421 422
227 389 423
162 389 423
227 389 418
63 389 418
22 135 276
62 204 421
62 421 424
182 421 424
72 148 279
202 280 343
25 228 425
25 170 425
66 180 255
67 222 224
68 223 327
104 426 427
283 426 427
104 426 428
238 426 428
69 213 429
213 220 429
259 430 432
156 430 432
259 431 432
28 431 432
31 246 261
70 244 245
218 433 435
133 433 435
218 434 435
27 434 435
71 238 436
71 218 436
9 106 333
105 137 357
61 171 172
74 209 275
74 171 172
75 437 438
278 437 438
75 247 437
78 153 252
78 153 219
122 153 252
79 141 266
141 143 266
34 124 439
34 439 440
115 439 440
308 441 443
178 441 443
308 442 443
81 442 443
119 241 310
119 273 444
82 273 444
230 445 447
156 445 447
230 446 447
69 446 447
83 213 256
283 449 450
84 449 450
283 448 449
284 448 449
36 129 133
85 289 295
85 295 309
87 291 292
91 149 314
89 134 157
89 134 313
65 148 207
18 325 451
18 451 452
277 451 452
53 163 189
91 163 223
39 336 453
39 321 453
225 335 454
92 335 454
240 321 456
321 455 456
108 455 456
259 430 447
156 430 447
259 447 457
69 447 457
339 458 460
182 458 460
339 459 460
26 459 460
66 132 255
95 325 326
96 168 170
96 202 343
344 403 461
108 403 461
41 344 403
187 345 363
183 212 463
212 462 463
94 462 463
62 136 204
11 186 224
64 138 234
135 250 276
33 464 465
352 464 465
33 227 464
162 337 466
101 337 466
102 467 468
340 467 468
102 467 469
339 467 469
212 471 472
98 471 472
212 470 471
302 470 471
38 234 250
8 138 155
284 427 448
283 427 448
284 427 473
104 427 473
17 426 474
283 426 474
17 238 426
216 366 368
126 366 368
216 356 366
105 137 358
137 262 305
137 210 333
46 168 170
324 411 475
107 411 475
324 411 476
47 411 476
39 145 321
201 405 477
108 405 477
201 405 478
20 405 478
33 128 147
78 253 263
181 325 380
18 325 380
206 479 480
110 479 480
65 206 480
7 196 342
168 331 362
54 106 262
46 169 482
169 481 482
179 481 482
35 255 355
113 311 346
81 439 483
124 439 483
81 439 484
115 439 484
154 440 485
115 440 485
34 154 440
37 116 154
154 268 487
268 486 487
114 486 487
116 244 245
8 231 244
214 489 490
117 489 490
214 488 489
329 488 489
117 384 491
251 384 491
117 490 491
214 490 491
225 335 492
24 335 492
78 118 349
119 261 273
103 246 261
179 493 494
120 493 494
179 482 494
46 482 494
179 481 496
169 481 496
179 495 496
107 495 496
121 236 498
236 497 498
26 497 498
56 121 236
45 122 233
122 153 233
8 123 155
64 138 155
104 428 436
238 428 436
104 436 499
218 436 499
34 124 239
77 203 233
77 153 233
126 420 476
47 420 476
126 476 500
324 476 500
324 500 501
126 500 501
32 324 501
183 212 503
212 502 503
63 502 503
183 416 503
63 416 503
183 282 416
59 109 147
128 282 360
36 284 323
308 441 505
178 441 505
308 504 505
19 504 505
130 178 394
178 394 505
19 394 505
131 241 310
131 241 507
241 506 507
20 506 507
110 509 510
66 509 510
110 508 509
277 508 509
66 132 509
132 277 509
284 359 473
104 359 473
218 433 511
133 433 511
218 499 511
104 499 511
303 347 350
134 303 350
22 135 136
64 135 136
95 161 226
64 161 226
137 210 357
32 305 358
103 246 353
38 310 322
139 311 346
21 311 512
21 512 513
267 512 513
141 143 514
40 143 514
307 514 515
141 514 515
40 307 514
141 306 515
306 515 516
307 515 516
40 143 237
140 237 415
40 237 415
142 143 237
4 142 143
60 187 345
15 144 199
39 144 145
146 203 365
125 203 365
16 122 252
16 252 253
72 148 243
65 148 279
68 149 217
29 149 217
70 246 256
34 116 245
23 151 275
73 210 357
10 152 172
10 194 274
77 219 232
77 153 219
154 400 487
114 400 487
37 154 400
154 268 485
268 485 517
115 485 517
35 255 326
123 155 269
68 518 519
221 518 519
68 217 518
28 163 223
29 292 293
84 518 520
221 518 520
84 217 518
158 347 350
129 303 347
31 261 273
220 230 429
230 429 446
69 429 446
44 160 200
155 161 269
64 155 161
242 521 522
162 521 522
22 242 522
22 136 204
93 329 332
329 489 524
117 489 524
329 523 524
28 523 524
1 164 301
52 191 294
3 165 300
51 186 271
3 166 300
166 288 300
1 167 301
167 290 301
111 112 362
46 168 331
112 331 362
137 305 358
120 170 494
46 170 494
120 406 425
228 406 425
120 170 425
75 247 317
23 216 356
152 172 281
61 172 281
173 235 525
131 235 525
20 173 525
20 507 525
131 507 525
0 175 297
174 296 297
0 174 297
80 296 297
76 144 285
24 219 232
177 395 409
114 395 409
177 409 526
47 409 526
216 254 528
254 527 528
75 527 528
178 414 529
40 414 529
178 229 414
81 516 530
307 516 530
81 516 531
306 516 531
139 311 512
139 267 512
334 408 532
120 408 532
334 408 533
66 408 533
66 180 533
180 334 533
180 334 535
334 534 535
21 534 535
95 181 325
62 136 226
182 467 536
340 467 536
182 458 467
339 458 467
340 424 536
182 424 536
62 340 424
6 127 282
6 183 282
329 488 537
214 488 537
93 329 537
5 190 364
67 224 354
56 121 185
99 186 271
99 186 224
5 184 363
5 187 363
302 462 470
212 462 470
94 302 462
6 188 341
91 314 315
13 314 315
93 190 364
53 163 332
89 191 294
14 158 350
87 149 314
57 290 291
79 265 304
4 143 266
74 209 274
42 174 296
73 195 257
9 210 333
96 196 342
96 196 202
72 202 280
12 243 312
85 148 312
58 288 289
144 199 351
60 199 351
15 200 286
15 144 286
92 374 538
201 374 538
92 538 539
173 538 539
20 478 538
201 478 538
20 173 538
55 197 361
55 202 361
44 125 316
125 203 316
22 204 242
98 204 540
204 242 540
110 205 541
25 205 541
110 205 480
65 205 480
90 260 319
65 207 318
90 287 318
30 222 287
26 542 543
208 542 543
26 498 542
121 498 542
67 208 542
67 121 542
42 194 209
194 209 274
9 195 210
73 195 210
119 272 444
272 444 544
82 444 544
41 491 545
251 491 545
41 491 546
214 491 546
26 547 548
302 547 548
26 460 547
182 460 547
98 471 547
302 471 547
98 422 547
182 422 547
69 159 213
31 159 213
93 537 549
214 537 549
93 184 549
41 344 550
41 546 550
214 546 550
352 551 553
215 551 553
352 552 553
101 552 553
48 248 554
48 370 554
215 370 554
171 247 317
23 171 317
29 157 338
29 217 338
71 218 555
71 124 555
27 434 555
218 434 555
27 555 556
124 555 556
78 219 349
24 219 349
83 213 220
17 238 348
17 557 558
230 557 558
17 557 559
221 557 559
220 230 560
230 558 560
17 558 560
90 260 287
67 208 260
156 223 432
28 223 432
156 223 561
68 223 561
11 185 354
11 224 354
48 413 562
225 413 562
48 377 562
173 377 562
92 454 562
225 454 562
92 539 562
173 539 562
62 226 563
62 563 564
181 563 564
95 226 563
95 181 563
352 391 551
215 391 551
352 391 465
33 391 465
33 128 227
228 510 565
110 510 565
228 407 510
66 407 510
228 541 565
110 541 565
25 228 541
61 130 229
152 281 328
221 519 566
68 519 566
221 557 566
230 557 566
156 561 566
68 561 566
156 445 566
230 445 566
37 116 231
116 231 244
24 176 232
76 176 232
146 203 233
45 146 233
135 234 250
64 135 234
48 235 248
100 235 248
94 188 236
56 188 236
50 152 328
50 142 237
83 320 348
71 239 320
150 239 320
34 150 239
240 456 461
108 456 461
240 344 461
97 240 344
119 241 272
241 272 506
272 506 567
20 506 567
242 387 521
162 387 521
242 387 568
330 387 568
330 540 568
242 540 568
330 540 569
98 540 569
12 197 243
72 202 361
70 244 353
8 244 353
34 150 245
70 150 245
31 213 256
31 246 256
61 130 247
130 278 437
130 247 437
101 248 554
101 553 554
215 553 554
100 248 276
123 249 355
37 139 346
38 131 250
100 131 250
251 402 570
211 402 570
251 402 545
41 402 545
251 570 571
211 570 571
251 383 571
82 383 571
147 253 263
78 252 253
16 109 253
109 147 253
254 572 573
177 572 573
254 527 573
75 527 573
254 526 572
177 526 572
254 419 526
47 419 526
35 269 355
132 255 326
70 150 256
83 150 256
80 297 298
73 257 299
73 151 258
23 151 258
259 524 574
117 524 574
259 431 524
28 431 524
259 376 574
117 376 574
259 376 457
69 376 457
67 222 260
222 260 287
119 261 322
103 261 322
112 262 305
54 112 262
118 263 392
33 263 392
78 118 263
4 193 266
49 193 264
133 265 304
133 265 435
27 265 435
193 264 266
79 264 266
21 513 575
267 513 575
21 575 576
179 575 576
107 410 575
267 410 575
107 495 575
179 495 575
268 397 486
114 397 486
268 397 577
19 397 577
268 517 578
115 517 578
268 577 578
19 577 578
35 161 269
123 269 355
86 270 271
86 270 295
86 271 300
86 288 300
272 571 579
211 571 579
272 544 571
82 544 571
272 404 579
211 404 579
272 404 567
20 404 567
31 159 273
82 159 273
10 172 274
74 172 274
74 171 275
23 171 275
101 248 276
162 337 522
22 337 522
18 452 580
277 452 580
18 580 581
206 580 581
110 508 580
277 508 580
110 479 580
206 479 580
278 396 582
177 396 582
278 393 396
19 393 396
278 573 582
177 573 582
278 438 573
75 438 573
25 205 280
65 205 279
205 279 280
72 279 280
140 229 281
61 229 281
59 127 360
127 282 360
283 520 583
221 520 583
283 450 520
84 450 520
283 559 583
221 559 583
283 474 559
17 474 559
84 217 338
284 449 584
84 449 584
284 323 584
76 176 285
39 285 336
160 200 286
76 160 286
30 207 287
207 287 318
86 289 295
86 288 289
58 198 289
85 198 289
88 291 292
88 290 291
57 192 291
87 192 291
87 149 292
29 149 292
29 157 293
89 157 293
88 294 301
88 290 301
30 207 309
30 295 309
42 209 296
80 209 296
43 175 298
175 297 298
257 298 299
43 257 298
80 151 299
73 151 299
51 271 300
51 165 300
52 294 301
52 164 301
94 236 302
236 302 497
302 497 548
26 497 548
36 134 303
36 129 303
79 264 304
129 264 304
32 169 305
112 169 305
27 390 585
306 390 585
27 556 585
124 556 585
81 531 585
306 531 585
81 483 585
124 483 585
307 443 586
178 443 586
307 443 530
81 443 530
307 529 586
178 529 586
40 307 529
308 484 587
115 484 587
308 442 484
81 442 484
308 578 587
115 578 587
308 504 578
19 504 578
85 148 309
148 207 309
38 131 310
119 310 322
113 311 588
113 180 588
21 311 588
21 535 588
180 535 588
85 198 312
12 198 312
14 191 313
89 191 313
87 192 314
13 192 314
163 189 315
91 163 315
77 160 316
44 160 316
216 317 528
75 317 528
23 216 317
65 206 318
206 318 589
90 318 589
319 589 590
206 589 590
90 319 589
18 379 590
319 379 590
18 581 590
206 581 590
71 238 320
238 320 348
336 453 591
321 453 591
336 372 591
201 372 591
108 455 591
321 455 591
108 477 591
201 477 591
38 138 322
103 138 322
36 134 323
134 157 323
107 475 592
324 475 592
107 496 592
169 496 592
32 324 592
32 169 592
132 325 451
132 277 451
132 325 326
35 161 326
95 161 326
68 149 327
91 149 327
50 237 328
140 237 328
28 523 593
329 523 593
28 163 593
329 332 593
163 332 593
330 502 594
212 502 594
330 388 502
63 388 502
330 472 594
212 472 594
330 472 569
98 472 569
112 169 331
46 169 331
53 190 332
93 190 332
137 262 333
106 262 333
120 532 595
334 532 595
120 493 595
179 493 595
21 534 595
334 534 595
21 576 595
179 576 595
176 335 596
92 335 596
24 176 335
176 285 336
176 336 596
336 373 596
92 373 596
22 276 337
101 276 337
84 338 597
84 584 597
323 584 597
157 338 597
157 323 597
208 339 543
339 459 543
26 459 543
208 339 399
339 399 469
102 399 469
340 386 598
181 386 598
340 386 468
102 386 468
340 564 598
181 564 598
62 340 564
183 341 463
94 341 463
6 183 341
7 168 342
96 168 342
96 170 343
25 170 343
184 344 550
184 549 550
214 549 550
97 184 344
144 145 351
97 145 345
37 249 346
113 249 346
49 264 347
49 158 347
220 348 560
17 348 560
83 220 348
118 349 599
118 412 599
225 412 599
349 492 599
225 492 599
24 349 492
14 313 350
134 313 350
145 345 351
60 345 351
227 423 600
162 423 600
227 464 600
352 464 600
101 552 600
352 552 600
101 466 600
162 466 600
103 138 353
8 138 353
67 121 354
121 185 354
180 255 355
113 180 355
105 258 356
23 258 356
73 258 357
105 258 357
105 358 601
105 126 601
32 358 601
32 501 601
126 501 601
133 359 511
104 359 511
36 133 359
128 147 360
59 147 360
72 243 361
197 243 361
7 168 362
7 111 362
97 345 363
97 184 363
5 184 364
93 184 364
2 125 365
2 146 365
