ID=6074204
numvertices=1506
numsimplices=2932
vertices
-1.500000e+00 -1.500000e+00
-1.200000e+00 -1.500000e+00
-9.000000e-01 -1.500000e+00
-6.000000e-01 -1.500000e+00
-3.000000e-01 -1.500000e+00
0.000000e+00 -1.500000e+00
3.000000e-01 -1.500000e+00
6.000000e-01 -1.500000e+00
9.000000e-01 -1.500000e+00
1.200000e+00 -1.500000e+00
1.500000e+00 -1.500000e+00
-1.500000e+00 -1.200000e+00
-1.200000e+00 -1.200000e+00
-9.000000e-01 -1.200000e+00
-6.000000e-01 -1.200000e+00
-3.000000e-01 -1.200000e+00
0.000000e+00 -1.200000e+00
3.000000e-01 -1.200000e+00
6.000000e-01 -1.200000e+00
9.000000e-01 -1.200000e+00
1.200000e+00 -1.200000e+00
1.500000e+00 -1.200000e+00
-1.500000e+00 -9.000000e-01
-1.200000e+00 -9.000000e-01
-9.000000e-01 -9.000000e-01
-6.000000e-01 -9.000000e-01
-3.000000e-01 -9.000000e-01
0.000000e+00 -9.000000e-01
3.000000e-01 -9.000000e-01
6.000000e-01 -9.000000e-01
9.000000e-01 -9.000000e-01
1.200000e+00 -9.000000e-01
1.500000e+00 -9.000000e-01
-1.500000e+00 -6.000000e-01
-1.200000e+00 -6.000000e-01
-9.000000e-01 -6.000000e-01
-6.000000e-01 -6.000000e-01
-3.000000e-01 -6.000000e-01
0.000000e+00 -6.000000e-01
3.000000e-01 -6.000000e-01
6.000000e-01 -6.000000e-01
9.000000e-01 -6.000000e-01
1.200000e+00 -6.000000e-01
1.500000e+00 -6.000000e-01
-1.500000e+00 -3.000000e-01
-1.200000e+00 -3.000000e-01
-9.000000e-01 -3.000000e-01
-6.000000e-01 -3.000000e-01
-3.000000e-01 -3.000000e-01
0.000000e+00 -3.000000e-01
3.000000e-01 -3.000000e-01
6.000000e-01 -3.000000e-01
9.000000e-01 -3.000000e-01
1.200000e+00 -3.000000e-01
1.500000e+00 -3.000000e-01
-1.500000e+00 0.000000e+00
-1.200000e+00 0.000000e+00
-9.000000e-01 0.000000e+00
-6.000000e-01 0.000000e+00
-3.000000e-01 0.000000e+00
0.000000e+00 0.000000e+00
3.000000e-01 0.000000e+00
6.000000e-01 0.000000e+00
9.000000e-01 0.000000e+00
1.200000e+00 0.000000e+00
1.500000e+00 0.000000e+00
-1.500000e+00 3.000000e-01
-1.200000e+00 3.000000e-01
-9.000000e-01 3.000000e-01
-6.000000e-01 3.000000e-01
-3.000000e-01 3.000000e-01
0.000000e+00 3.000000e-01
3.000000e-01 3.000000e-01
6.000000e-01 3.000000e-01
9.000000e-01 3.000000e-01
1.200000e+00 3.000000e-01
1.500000e+00 3.000000e-01
-1.500000e+00 6.000000e-01
-1.200000e+00 6.000000e-01
-9.000000e-01 6.000000e-01
-6.000000e-01 6.000000e-01
-3.000000e-01 6.000000e-01
0.000000e+00 6.000000e-01
3.000000e-01 6.000000e-01
6.000000e-01 6.000000e-01
9.000000e-01 6.000000e-01
1.200000e+00 6.000000e-01
1.500000e+00 6.000000e-01
-1.500000e+00 9.000000e-01
-1.200000e+00 9.000000e-01
-9.000000e-01 9.000000e-01
-6.000000e-01 9.000000e-01
-3.000000e-01 9.000000e-01
0.000000e+00 9.000000e-01
3.000000e-01 9.000000e-01
6.000000e-01 9.000000e-01
9.000000e-01 9.000000e-01
1.200000e+00 9.000000e-01
1.500000e+00 9.000000e-01
-1.500000e+00 1.200000e+00
-1.200000e+00 1.200000e+00
-9.000000e-01 1.200000e+00
-6.000000e-01 1.200000e+00
-3.000000e-01 1.200000e+00
0.000000e+00 1.200000e+00
3.000000e-01 1.200000e+00
6.000000e-01 1.200000e+00
9.000000e-01 1.200000e+00
1.200000e+00 1.200000e+00
1.500000e+00 1.200000e+00
-1.500000e+00 1.500000e+00
-1.200000e+00 1.500000e+00
-9.000000e-01 1.500000e+00
-6.000000e-01 1.500000e+00
-3.000000e-01 1.500000e+00
0.000000e+00 1.500000e+00
3.000000e-01 1.500000e+00
6.000000e-01 1.500000e+00
9.000000e-01 1.500000e+00
1.200000e+00 1.500000e+00
1.500000e+00 1.500000e+00
-7.500000e-01 -1.350000e+00
-7.500000e-01 -1.200000e+00
-4.500000e-01 -1.350000e+00
-4.500000e-01 -1.200000e+00
-1.500000e-01 -1.350000e+00
-1.500000e-01 -1.200000e+00
1.500000e-01 -1.350000e+00
1.500000e-01 -1.200000e+00
4.500000e-01 -1.350000e+00
4.500000e-01 -1.200000e+00
-9.000000e-01 -1.050000e+00
-1.050000e+00 -1.050000e+00
-1.050000e+00 -9.000000e-01
-6.000000e-01 -1.050000e+00
-7.500000e-01 -1.050000e+00
-7.500000e-01 -9.000000e-01
-3.000000e-01 -1.050000e+00
-4.500000e-01 -1.050000e+00
-4.500000e-01 -9.000000e-01
0.000000e+00 -1.050000e+00
-1.500000e-01 -1.050000e+00
-1.500000e-01 -9.000000e-01
3.000000e-01 -1.050000e+00
1.500000e-01 -1.050000e+00
1.500000e-01 -9.000000e-01
6.000000e-01 -1.050000e+00
4.500000e-01 -1.050000e+00
4.500000e-01 -9.000000e-01
7.500000e-01 -1.050000e+00
7.500000e-01 -9.000000e-01
-1.200000e+00 -7.500000e-01
-1.350000e+00 -7.500000e-01
-9.000000e-01 -7.500000e-01
-1.050000e+00 -7.500000e-01
-1.050000e+00 -6.000000e-01
-6.000000e-01 -7.500000e-01
-7.500000e-01 -7.500000e-01
-7.500000e-01 -6.000000e-01
-4.500000e-01 -7.500000e-01
-1.500000e-01 -7.500000e-01
1.500000e-01 -7.500000e-01
4.500000e-01 -7.500000e-01
9.000000e-01 -7.500000e-01
7.500000e-01 -7.500000e-01
1.050000e+00 -7.500000e-01
1.050000e+00 -6.000000e-01
-1.200000e+00 -4.500000e-01
-1.350000e+00 -4.500000e-01
-9.000000e-01 -4.500000e-01
-1.050000e+00 -4.500000e-01
-1.050000e+00 -3.000000e-01
-7.500000e-01 -4.500000e-01
9.000000e-01 -4.500000e-01
7.500000e-01 -4.500000e-01
1.200000e+00 -4.500000e-01
1.050000e+00 -4.500000e-01
1.050000e+00 -3.000000e-01
1.350000e+00 -4.500000e-01
-1.200000e+00 -1.500000e-01
-1.350000e+00 -1.500000e-01
-9.000000e-01 -1.500000e-01
-1.050000e+00 -1.500000e-01
-1.050000e+00 0.000000e+00
-7.500000e-01 -1.500000e-01
9.000000e-01 -1.500000e-01
7.500000e-01 -1.500000e-01
1.200000e+00 -1.500000e-01
1.050000e+00 -1.500000e-01
1.050000e+00 0.000000e+00
1.350000e+00 -1.500000e-01
-1.200000e+00 1.500000e-01
-1.350000e+00 1.500000e-01
-9.000000e-01 1.500000e-01
-1.050000e+00 1.500000e-01
-1.050000e+00 3.000000e-01
-7.500000e-01 1.500000e-01
9.000000e-01 1.500000e-01
7.500000e-01 1.500000e-01
1.200000e+00 1.500000e-01
1.050000e+00 1.500000e-01
1.050000e+00 3.000000e-01
1.350000e+00 1.500000e-01
-1.200000e+00 4.500000e-01
-1.350000e+00 4.500000e-01
-9.000000e-01 4.500000e-01
-1.050000e+00 4.500000e-01
-1.050000e+00 6.000000e-01
-7.500000e-01 4.500000e-01
9.000000e-01 4.500000e-01
7.500000e-01 4.500000e-01
7.500000e-01 6.000000e-01
1.200000e+00 4.500000e-01
1.050000e+00 4.500000e-01
1.050000e+00 6.000000e-01
1.350000e+00 4.500000e-01
-9.000000e-01 7.500000e-01
-1.050000e+00 7.500000e-01
-7.500000e-01 7.500000e-01
-7.500000e-01 9.000000e-01
-4.500000e-01 7.500000e-01
-4.500000e-01 9.000000e-01
-1.500000e-01 7.500000e-01
-1.500000e-01 9.000000e-01
1.500000e-01 7.500000e-01
1.500000e-01 9.000000e-01
6.000000e-01 7.500000e-01
4.500000e-01 7.500000e-01
4.500000e-01 9.000000e-01
9.000000e-01 7.500000e-01
7.500000e-01 7.500000e-01
7.500000e-01 9.000000e-01
1.200000e+00 7.500000e-01
1.050000e+00 7.500000e-01
1.050000e+00 9.000000e-01
1.350000e+00 7.500000e-01
-6.000000e-01 1.050000e+00
-7.500000e-01 1.050000e+00
-3.000000e-01 1.050000e+00
-4.500000e-01 1.050000e+00
-4.500000e-01 1.200000e+00
0.000000e+00 1.050000e+00
-1.500000e-01 1.050000e+00
-1.500000e-01 1.200000e+00
3.000000e-01 1.050000e+00
1.500000e-01 1.050000e+00
1.500000e-01 1.200000e+00
6.000000e-01 1.050000e+00
4.500000e-01 1.050000e+00
4.500000e-01 1.200000e+00
9.000000e-01 1.050000e+00
7.500000e-01 1.050000e+00
7.500000e-01 1.200000e+00
1.050000e+00 1.050000e+00
-4.500000e-01 1.350000e+00
-1.500000e-01 1.350000e+00
1.500000e-01 1.350000e+00
4.500000e-01 1.350000e+00
7.500000e-01 1.350000e+00
-1.350000e+00 -1.350000e+00
-1.350000e+00 -1.200000e+00
-9.000000e-01 -1.350000e+00
-1.050000e+00 -1.350000e+00
-6.750000e-01 -1.275000e+00
-6.000000e-01 -1.350000e+00
-8.250000e-01 -1.275000e+00
-8.250000e-01 -1.200000e+00
-6.750000e-01 -1.200000e+00
3.000000e-01 -1.350000e+00
5.250000e-01 -1.425000e+00
3.750000e-01 -1.425000e+00
4.500000e-01 -1.500000e+00
5.250000e-01 -1.275000e+00
6.000000e-01 -1.350000e+00
3.750000e-01 -1.275000e+00
4.500000e-01 -1.275000e+00
3.750000e-01 -1.200000e+00
5.250000e-01 -1.200000e+00
9.000000e-01 -1.350000e+00
7.500000e-01 -1.350000e+00
7.500000e-01 -1.500000e+00
7.500000e-01 -1.200000e+00
1.200000e+00 -1.350000e+00
1.050000e+00 -1.350000e+00
1.050000e+00 -1.500000e+00
1.050000e+00 -1.200000e+00
1.500000e+00 -1.350000e+00
1.350000e+00 -1.350000e+00
1.350000e+00 -1.500000e+00
-1.200000e+00 -1.050000e+00
-1.350000e+00 -1.050000e+00
-1.350000e+00 -9.000000e-01
-9.750000e-01 -9.750000e-01
-1.125000e+00 -9.750000e-01
-1.050000e+00 -9.750000e-01
-9.750000e-01 -9.000000e-01
-7.500000e-01 -1.125000e+00
-6.750000e-01 -1.125000e+00
-8.250000e-01 -1.125000e+00
-6.750000e-01 -1.050000e+00
-6.000000e-01 -1.125000e+00
-6.750000e-01 -9.750000e-01
-3.750000e-01 -1.125000e+00
-5.250000e-01 -1.125000e+00
-3.750000e-01 -1.050000e+00
-3.750000e-01 -9.750000e-01
-3.000000e-01 -9.750000e-01
-5.250000e-01 -9.750000e-01
-4.500000e-01 -9.750000e-01
-5.250000e-01 -9.000000e-01
-7.500000e-02 -1.125000e+00
-2.250000e-01 -1.125000e+00
-7.500000e-02 -1.050000e+00
-7.500000e-02 -9.750000e-01
0.000000e+00 -9.750000e-01
-2.250000e-01 -1.050000e+00
-2.250000e-01 -9.750000e-01
7.500000e-02 -9.750000e-01
4.500000e-01 -1.125000e+00
5.250000e-01 -1.125000e+00
3.750000e-01 -1.125000e+00
5.250000e-01 -1.050000e+00
6.000000e-01 -1.125000e+00
5.250000e-01 -9.750000e-01
3.750000e-01 -9.750000e-01
4.500000e-01 -9.750000e-01
5.250000e-01 -9.000000e-01
8.250000e-01 -1.125000e+00
6.750000e-01 -1.125000e+00
9.000000e-01 -1.050000e+00
6.750000e-01 -9.750000e-01
6.750000e-01 -9.000000e-01
1.050000e+00 -1.050000e+00
1.050000e+00 -9.000000e-01
-1.275000e+00 -8.250000e-01
-1.425000e+00 -8.250000e-01
-1.200000e+00 -8.250000e-01
-1.275000e+00 -6.750000e-01
-1.200000e+00 -6.750000e-01
-1.425000e+00 -6.750000e-01
-1.500000e+00 -7.500000e-01
-1.350000e+00 -6.000000e-01
-9.750000e-01 -8.250000e-01
-1.125000e+00 -8.250000e-01
-9.750000e-01 -6.750000e-01
-1.125000e+00 -7.500000e-01
-1.125000e+00 -6.750000e-01
-1.125000e+00 -6.000000e-01
-9.750000e-01 -6.000000e-01
-6.750000e-01 -6.750000e-01
-6.000000e-01 -6.750000e-01
-3.750000e-01 -8.250000e-01
-5.250000e-01 -8.250000e-01
-3.750000e-01 -6.750000e-01
-3.000000e-01 -7.500000e-01
-5.250000e-01 -7.500000e-01
-5.250000e-01 -6.750000e-01
-4.500000e-01 -6.000000e-01
-7.500000e-02 -8.250000e-01
-2.250000e-01 -8.250000e-01
-7.500000e-02 -6.750000e-01
0.000000e+00 -7.500000e-01
-2.250000e-01 -6.750000e-01
-1.500000e-01 -6.000000e-01
1.500000e-01 -6.000000e-01
5.250000e-01 -8.250000e-01
6.000000e-01 -7.500000e-01
4.500000e-01 -6.000000e-01
7.500000e-01 -8.250000e-01
8.250000e-01 -8.250000e-01
6.750000e-01 -8.250000e-01
8.250000e-01 -7.500000e-01
9.000000e-01 -8.250000e-01
8.250000e-01 -6.750000e-01
7.500000e-01 -6.000000e-01
1.125000e+00 -8.250000e-01
9.750000e-01 -8.250000e-01
1.125000e+00 -6.750000e-01
1.200000e+00 -7.500000e-01
9.750000e-01 -6.750000e-01
1.050000e+00 -6.750000e-01
9.750000e-01 -6.000000e-01
1.350000e+00 -7.500000e-01
-1.050000e+00 -5.250000e-01
-9.750000e-01 -5.250000e-01
-1.125000e+00 -5.250000e-01
-9.750000e-01 -4.500000e-01
-9.000000e-01 -5.250000e-01
-9.750000e-01 -3.750000e-01
-9.000000e-01 -3.750000e-01
-1.125000e+00 -3.750000e-01
-1.125000e+00 -3.000000e-01
-6.750000e-01 -5.250000e-01
-8.250000e-01 -5.250000e-01
-6.750000e-01 -3.750000e-01
-6.000000e-01 -4.500000e-01
-8.250000e-01 -4.500000e-01
-8.250000e-01 -3.750000e-01
-7.500000e-01 -3.000000e-01
-3.000000e-01 -4.500000e-01
-4.500000e-01 -4.500000e-01
-4.500000e-01 -3.000000e-01
0.000000e+00 -4.500000e-01
-1.500000e-01 -4.500000e-01
-1.500000e-01 -3.000000e-01
3.000000e-01 -4.500000e-01
1.500000e-01 -4.500000e-01
1.500000e-01 -3.000000e-01
6.000000e-01 -4.500000e-01
4.500000e-01 -4.500000e-01
4.500000e-01 -3.000000e-01
9.750000e-01 -5.250000e-01
-1.050000e+00 -2.250000e-01
-9.750000e-01 -2.250000e-01
-1.125000e+00 -2.250000e-01
-9.750000e-01 -1.500000e-01
-9.000000e-01 -2.250000e-01
-9.750000e-01 -7.500000e-02
-8.250000e-01 -2.250000e-01
-4.500000e-01 -1.500000e-01
-4.500000e-01 0.000000e+00
-1.500000e-01 -1.500000e-01
-1.500000e-01 0.000000e+00
1.500000e-01 -1.500000e-01
1.500000e-01 0.000000e+00
4.500000e-01 -1.500000e-01
4.500000e-01 0.000000e+00
7.500000e-01 0.000000e+00
1.125000e+00 -7.500000e-02
1.125000e+00 0.000000e+00
1.350000e+00 0.000000e+00
-6.000000e-01 1.500000e-01
-3.000000e-01 1.500000e-01
-4.500000e-01 1.500000e-01
-4.500000e-01 3.000000e-01
0.000000e+00 1.500000e-01
-1.500000e-01 1.500000e-01
-1.500000e-01 3.000000e-01
3.000000e-01 1.500000e-01
1.500000e-01 1.500000e-01
1.500000e-01 3.000000e-01
6.000000e-01 1.500000e-01
4.500000e-01 1.500000e-01
4.500000e-01 3.000000e-01
8.250000e-01 7.500000e-02
6.750000e-01 7.500000e-02
8.250000e-01 1.500000e-01
9.000000e-01 7.500000e-02
8.250000e-01 2.250000e-01
9.000000e-01 2.250000e-01
6.750000e-01 2.250000e-01
7.500000e-01 3.000000e-01
1.050000e+00 7.500000e-02
1.125000e+00 7.500000e-02
9.750000e-01 7.500000e-02
1.125000e+00 1.500000e-01
1.125000e+00 2.250000e-01
1.200000e+00 2.250000e-01
9.750000e-01 1.500000e-01
9.750000e-01 2.250000e-01
1.050000e+00 2.250000e-01
9.750000e-01 3.000000e-01
1.125000e+00 3.000000e-01
1.425000e+00 7.500000e-02
1.275000e+00 7.500000e-02
1.500000e+00 1.500000e-01
1.275000e+00 2.250000e-01
1.350000e+00 3.000000e-01
-9.750000e-01 5.250000e-01
-1.125000e+00 5.250000e-01
-1.125000e+00 6.000000e-01
-9.750000e-01 6.000000e-01
-7.500000e-01 6.000000e-01
-4.500000e-01 4.500000e-01
-4.500000e-01 6.000000e-01
-1.500000e-01 4.500000e-01
-1.500000e-01 6.000000e-01
1.500000e-01 4.500000e-01
4.500000e-01 4.500000e-01
1.125000e+00 3.750000e-01
9.750000e-01 3.750000e-01
-1.200000e+00 7.500000e-01
-1.350000e+00 7.500000e-01
-1.350000e+00 9.000000e-01
-1.500000e+00 7.500000e-01
-1.050000e+00 6.750000e-01
-9.750000e-01 6.750000e-01
-1.125000e+00 6.750000e-01
-9.750000e-01 7.500000e-01
-9.000000e-01 6.750000e-01
-9.750000e-01 8.250000e-01
-9.000000e-01 8.250000e-01
-1.125000e+00 8.250000e-01
-1.050000e+00 9.000000e-01
-6.750000e-01 6.750000e-01
-8.250000e-01 6.750000e-01
-6.750000e-01 8.250000e-01
-6.000000e-01 7.500000e-01
-8.250000e-01 7.500000e-01
-8.250000e-01 8.250000e-01
-7.500000e-01 8.250000e-01
-8.250000e-01 9.000000e-01
-6.750000e-01 9.000000e-01
-3.750000e-01 6.750000e-01
-5.250000e-01 6.750000e-01
-3.750000e-01 8.250000e-01
-3.000000e-01 7.500000e-01
-5.250000e-01 8.250000e-01
-4.500000e-01 8.250000e-01
-5.250000e-01 9.000000e-01
-3.750000e-01 9.000000e-01
-7.500000e-02 6.750000e-01
-2.250000e-01 6.750000e-01
-7.500000e-02 8.250000e-01
0.000000e+00 7.500000e-01
-2.250000e-01 8.250000e-01
-1.500000e-01 8.250000e-01
-2.250000e-01 9.000000e-01
-1.350000e+00 1.050000e+00
-9.000000e-01 1.050000e+00
-1.050000e+00 1.050000e+00
-6.750000e-01 9.750000e-01
-8.250000e-01 9.750000e-01
-3.750000e-01 9.750000e-01
-5.250000e-01 9.750000e-01
-2.250000e-01 9.750000e-01
1.050000e+00 1.200000e+00
1.350000e+00 1.050000e+00
1.350000e+00 1.200000e+00
9.000000e-01 1.350000e+00
1.200000e+00 1.350000e+00
1.050000e+00 1.350000e+00
1.050000e+00 1.500000e+00
1.500000e+00 1.350000e+00
1.350000e+00 1.350000e+00
1.350000e+00 1.500000e+00
-1.275000e+00 -1.275000e+00
-1.200000e+00 -1.350000e+00
-1.275000e+00 -1.200000e+00
-1.050000e+00 -1.200000e+00
-6.750000e-01 -1.425000e+00
-7.500000e-01 -1.500000e+00
-6.000000e-01 -1.275000e+00
-6.000000e-01 -1.425000e+00
-3.750000e-01 -1.425000e+00
-5.250000e-01 -1.425000e+00
-4.500000e-01 -1.500000e+00
-3.750000e-01 -1.275000e+00
-3.000000e-01 -1.350000e+00
-5.250000e-01 -1.350000e+00
-5.250000e-01 -1.275000e+00
-4.500000e-01 -1.275000e+00
-5.250000e-01 -1.200000e+00
-3.750000e-01 -1.200000e+00
-7.500000e-02 -1.425000e+00
-2.250000e-01 -1.425000e+00
-1.500000e-01 -1.500000e+00
-7.500000e-02 -1.275000e+00
0.000000e+00 -1.350000e+00
-2.250000e-01 -1.275000e+00
-1.500000e-01 -1.275000e+00
-2.250000e-01 -1.200000e+00
-7.500000e-02 -1.200000e+00
2.250000e-01 -1.425000e+00
1.500000e-01 -1.500000e+00
2.250000e-01 -1.350000e+00
3.000000e-01 -1.275000e+00
2.250000e-01 -1.275000e+00
3.000000e-01 -1.425000e+00
7.500000e-02 -1.275000e+00
7.500000e-02 -1.200000e+00
2.250000e-01 -1.200000e+00
4.500000e-01 -1.425000e+00
4.125000e-01 -1.462500e+00
4.125000e-01 -1.387500e+00
3.750000e-01 -1.500000e+00
3.375000e-01 -1.462500e+00
5.625000e-01 -1.312500e+00
5.250000e-01 -1.350000e+00
4.875000e-01 -1.312500e+00
6.000000e-01 -1.275000e+00
5.625000e-01 -1.237500e+00
4.125000e-01 -1.312500e+00
3.750000e-01 -1.350000e+00
3.375000e-01 -1.237500e+00
4.125000e-01 -1.237500e+00
4.500000e-01 -1.312500e+00
3.750000e-01 -1.237500e+00
4.125000e-01 -1.200000e+00
4.875000e-01 -1.275000e+00
4.875000e-01 -1.237500e+00
8.250000e-01 -1.425000e+00
8.250000e-01 -1.350000e+00
9.000000e-01 -1.425000e+00
8.250000e-01 -1.275000e+00
9.000000e-01 -1.275000e+00
6.750000e-01 -1.275000e+00
6.750000e-01 -1.200000e+00
8.250000e-01 -1.200000e+00
9.750000e-01 -1.425000e+00
9.750000e-01 -1.275000e+00
1.350000e+00 -1.425000e+00
1.425000e+00 -1.500000e+00
1.425000e+00 -1.425000e+00
1.275000e+00 -1.500000e+00
1.275000e+00 -1.425000e+00
1.425000e+00 -1.275000e+00
1.275000e+00 -1.275000e+00
1.350000e+00 -1.200000e+00
-1.350000e+00 -1.125000e+00
-1.275000e+00 -1.125000e+00
-1.425000e+00 -1.125000e+00
-1.200000e+00 -1.125000e+00
-1.275000e+00 -9.750000e-01
-1.425000e+00 -9.750000e-01
-1.500000e+00 -1.050000e+00
-1.425000e+00 -9.000000e-01
-1.275000e+00 -9.000000e-01
-1.125000e+00 -1.125000e+00
-9.375000e-01 -9.375000e-01
-9.000000e-01 -9.750000e-01
-1.087500e+00 -1.012500e+00
-1.125000e+00 -1.050000e+00
-1.087500e+00 -9.750000e-01
-1.050000e+00 -9.375000e-01
-1.087500e+00 -9.375000e-01
-1.125000e+00 -9.000000e-01
-1.012500e+00 -9.375000e-01
-9.750000e-01 -9.375000e-01
-1.012500e+00 -9.000000e-01
-9.375000e-01 -9.000000e-01
-6.375000e-01 -1.087500e+00
-6.375000e-01 -1.050000e+00
-6.375000e-01 -1.012500e+00
-6.375000e-01 -9.375000e-01
-6.000000e-01 -9.750000e-01
-6.750000e-01 -1.012500e+00
-7.125000e-01 -1.012500e+00
-8.250000e-01 -9.750000e-01
-7.500000e-01 -9.750000e-01
-8.250000e-01 -9.000000e-01
-7.125000e-01 -9.375000e-01
-6.750000e-01 -9.000000e-01
-3.000000e-01 -1.125000e+00
-4.125000e-01 -1.012500e+00
-5.625000e-01 -1.012500e+00
-5.625000e-01 -9.375000e-01
-4.875000e-01 -1.012500e+00
-5.250000e-01 -1.050000e+00
-4.875000e-01 -9.750000e-01
-4.500000e-01 -9.375000e-01
-4.875000e-01 -9.375000e-01
-4.500000e-01 -1.012500e+00
-4.125000e-01 -9.750000e-01
-4.125000e-01 -9.375000e-01
-3.750000e-01 -9.000000e-01
-1.125000e-01 -1.087500e+00
-1.500000e-01 -1.125000e+00
-1.875000e-01 -1.087500e+00
-3.750000e-02 -1.087500e+00
0.000000e+00 -1.125000e+00
-7.500000e-02 -1.087500e+00
-3.750000e-02 -1.050000e+00
-1.125000e-01 -1.050000e+00
-3.750000e-02 -9.750000e-01
0.000000e+00 -1.012500e+00
-3.750000e-02 -1.012500e+00
0.000000e+00 -9.375000e-01
-3.750000e-02 -9.375000e-01
-7.500000e-02 -1.012500e+00
-1.125000e-01 -1.012500e+00
-2.625000e-01 -1.012500e+00
-2.625000e-01 -9.375000e-01
-2.625000e-01 -1.050000e+00
-1.875000e-01 -1.012500e+00
-2.625000e-01 -1.087500e+00
-2.250000e-01 -1.087500e+00
-1.875000e-01 -9.375000e-01
-1.500000e-01 -9.750000e-01
-2.250000e-01 -9.000000e-01
-1.125000e-01 -9.375000e-01
-7.500000e-02 -9.000000e-01
1.500000e-01 -1.125000e+00
2.250000e-01 -1.125000e+00
7.500000e-02 -1.125000e+00
2.250000e-01 -1.050000e+00
3.000000e-01 -1.125000e+00
2.250000e-01 -9.750000e-01
3.000000e-01 -9.750000e-01
3.750000e-02 -9.750000e-01
3.750000e-02 -1.012500e+00
3.750000e-02 -9.375000e-01
7.500000e-02 -1.050000e+00
7.500000e-02 -9.000000e-01
2.250000e-01 -9.000000e-01
5.625000e-01 -1.162500e+00
4.125000e-01 -1.162500e+00
6.000000e-01 -1.087500e+00
5.625000e-01 -1.087500e+00
6.000000e-01 -1.162500e+00
5.625000e-01 -9.375000e-01
6.000000e-01 -9.750000e-01
4.125000e-01 -1.012500e+00
3.750000e-01 -1.050000e+00
4.125000e-01 -9.750000e-01
4.500000e-01 -9.375000e-01
4.125000e-01 -9.375000e-01
3.750000e-01 -9.000000e-01
4.875000e-01 -9.375000e-01
5.625000e-01 -9.000000e-01
7.875000e-01 -1.162500e+00
7.500000e-01 -1.125000e+00
8.625000e-01 -1.162500e+00
7.125000e-01 -1.162500e+00
7.125000e-01 -1.087500e+00
6.375000e-01 -1.162500e+00
8.250000e-01 -1.050000e+00
9.000000e-01 -9.750000e-01
8.250000e-01 -9.750000e-01
9.000000e-01 -1.125000e+00
7.125000e-01 -1.012500e+00
6.750000e-01 -1.050000e+00
6.375000e-01 -1.125000e+00
6.375000e-01 -1.087500e+00
7.125000e-01 -9.375000e-01
7.500000e-01 -9.750000e-01
8.250000e-01 -9.000000e-01
1.125000e+00 -1.125000e+00
9.750000e-01 -1.125000e+00
1.125000e+00 -9.750000e-01
1.200000e+00 -1.050000e+00
9.750000e-01 -1.050000e+00
9.750000e-01 -9.750000e-01
9.750000e-01 -9.000000e-01
1.350000e+00 -1.050000e+00
1.350000e+00 -9.000000e-01
-1.312500e+00 -8.625000e-01
-1.312500e+00 -7.875000e-01
-1.350000e+00 -8.250000e-01
-1.237500e+00 -8.625000e-01
-1.387500e+00 -7.875000e-01
-1.462500e+00 -8.625000e-01
-1.200000e+00 -8.625000e-01
-1.275000e+00 -7.500000e-01
-1.237500e+00 -6.750000e-01
-1.200000e+00 -7.125000e-01
-1.237500e+00 -7.125000e-01
-1.200000e+00 -6.375000e-01
-1.237500e+00 -6.375000e-01
-1.312500e+00 -7.125000e-01
-1.462500e+00 -7.125000e-01
-1.425000e+00 -7.500000e-01
-1.387500e+00 -7.125000e-01
-1.500000e+00 -6.750000e-01
-1.462500e+00 -6.375000e-01
-1.462500e+00 -7.875000e-01
-1.500000e+00 -8.250000e-01
-1.350000e+00 -6.750000e-01
-1.275000e+00 -6.000000e-01
-1.387500e+00 -6.375000e-01
-1.425000e+00 -6.000000e-01
-1.012500e+00 -8.625000e-01
-9.375000e-01 -8.625000e-01
-1.012500e+00 -7.875000e-01
-1.050000e+00 -8.250000e-01
-1.162500e+00 -8.625000e-01
-9.375000e-01 -7.875000e-01
-9.000000e-01 -8.250000e-01
-9.750000e-01 -7.500000e-01
-9.375000e-01 -7.125000e-01
-9.375000e-01 -6.375000e-01
-9.000000e-01 -6.750000e-01
-1.012500e+00 -7.125000e-01
-1.162500e+00 -6.750000e-01
-1.162500e+00 -7.125000e-01
-1.162500e+00 -6.375000e-01
-1.162500e+00 -8.250000e-01
-1.162500e+00 -7.875000e-01
-1.050000e+00 -6.750000e-01
-1.012500e+00 -6.375000e-01
-9.750000e-01 -6.375000e-01
-9.375000e-01 -6.000000e-01
-6.750000e-01 -8.250000e-01
-8.250000e-01 -8.250000e-01
-6.000000e-01 -8.250000e-01
-8.250000e-01 -7.500000e-01
-8.250000e-01 -6.750000e-01
-8.250000e-01 -6.000000e-01
-4.500000e-01 -8.250000e-01
-5.625000e-01 -8.625000e-01
-4.875000e-01 -7.875000e-01
-3.750000e-01 -7.500000e-01
-4.125000e-01 -7.125000e-01
-3.000000e-01 -6.750000e-01
-3.375000e-01 -6.375000e-01
-5.625000e-01 -7.125000e-01
-5.625000e-01 -6.375000e-01
-5.250000e-01 -7.125000e-01
-5.625000e-01 -7.500000e-01
-4.875000e-01 -7.125000e-01
-4.875000e-01 -7.500000e-01
-5.625000e-01 -7.875000e-01
-5.250000e-01 -7.875000e-01
-4.125000e-01 -6.375000e-01
-4.500000e-01 -6.750000e-01
-3.750000e-01 -6.000000e-01
-4.875000e-01 -6.375000e-01
-5.250000e-01 -6.000000e-01
-1.125000e-01 -8.625000e-01
-3.750000e-02 -8.625000e-01
-1.125000e-01 -7.875000e-01
-1.500000e-01 -8.250000e-01
-7.500000e-02 -7.500000e-01
0.000000e+00 -6.750000e-01
0.000000e+00 -8.250000e-01
-2.625000e-01 -7.125000e-01
-1.875000e-01 -7.125000e-01
-2.250000e-01 -7.500000e-01
-1.500000e-01 -6.750000e-01
1.500000e-01 -8.250000e-01
2.250000e-01 -8.250000e-01
7.500000e-02 -8.250000e-01
2.250000e-01 -6.750000e-01
3.000000e-01 -7.500000e-01
7.500000e-02 -7.500000e-01
7.500000e-02 -6.750000e-01
1.500000e-01 -6.750000e-01
2.250000e-01 -6.000000e-01
7.500000e-02 -6.000000e-01
5.250000e-01 -8.625000e-01
4.875000e-01 -8.625000e-01
5.625000e-01 -8.625000e-01
4.875000e-01 -7.875000e-01
4.500000e-01 -8.250000e-01
3.750000e-01 -8.250000e-01
5.250000e-01 -7.500000e-01
6.000000e-01 -6.750000e-01
5.250000e-01 -6.750000e-01
6.000000e-01 -8.250000e-01
3.750000e-01 -6.750000e-01
4.500000e-01 -6.750000e-01
5.250000e-01 -6.000000e-01
3.750000e-01 -6.000000e-01
7.875000e-01 -8.625000e-01
8.625000e-01 -8.625000e-01
7.875000e-01 -8.250000e-01
7.500000e-01 -8.625000e-01
7.875000e-01 -7.875000e-01
7.500000e-01 -7.875000e-01
7.125000e-01 -8.625000e-01
6.375000e-01 -8.625000e-01
7.125000e-01 -7.875000e-01
9.000000e-01 -8.625000e-01
8.625000e-01 -6.375000e-01
9.000000e-01 -6.750000e-01
7.875000e-01 -7.125000e-01
6.750000e-01 -7.500000e-01
6.750000e-01 -6.750000e-01
6.375000e-01 -7.875000e-01
7.875000e-01 -6.375000e-01
7.500000e-01 -6.750000e-01
8.250000e-01 -6.000000e-01
1.087500e+00 -7.875000e-01
1.050000e+00 -8.250000e-01
1.012500e+00 -8.625000e-01
1.012500e+00 -7.875000e-01
9.375000e-01 -8.625000e-01
1.162500e+00 -7.125000e-01
1.125000e+00 -7.500000e-01
1.087500e+00 -7.125000e-01
1.200000e+00 -6.750000e-01
1.162500e+00 -6.375000e-01
1.162500e+00 -7.875000e-01
1.200000e+00 -8.250000e-01
1.012500e+00 -7.125000e-01
9.750000e-01 -7.500000e-01
9.375000e-01 -8.250000e-01
9.375000e-01 -7.875000e-01
1.012500e+00 -6.750000e-01
1.050000e+00 -6.375000e-01
1.012500e+00 -6.375000e-01
1.050000e+00 -7.125000e-01
1.087500e+00 -6.375000e-01
1.125000e+00 -6.000000e-01
1.275000e+00 -8.250000e-01
1.275000e+00 -6.750000e-01
1.350000e+00 -6.000000e-01
-1.275000e+00 -5.250000e-01
-1.425000e+00 -5.250000e-01
-1.275000e+00 -4.500000e-01
-1.200000e+00 -5.250000e-01
-1.275000e+00 -3.750000e-01
-1.200000e+00 -3.750000e-01
-1.425000e+00 -3.750000e-01
-1.500000e+00 -4.500000e-01
-1.350000e+00 -3.000000e-01
-9.375000e-01 -5.625000e-01
-1.012500e+00 -4.125000e-01
-1.162500e+00 -3.375000e-01
-1.087500e+00 -4.125000e-01
-1.125000e+00 -4.500000e-01
-1.087500e+00 -3.375000e-01
-1.050000e+00 -3.750000e-01
-1.125000e+00 -3.375000e-01
-1.087500e+00 -3.000000e-01
-1.162500e+00 -3.000000e-01
-1.012500e+00 -3.375000e-01
-9.750000e-01 -3.000000e-01
-7.125000e-01 -4.875000e-01
-7.500000e-01 -5.250000e-01
-7.875000e-01 -5.625000e-01
-7.875000e-01 -4.875000e-01
-6.375000e-01 -4.125000e-01
-6.750000e-01 -4.500000e-01
-7.125000e-01 -4.125000e-01
-6.000000e-01 -3.750000e-01
-6.375000e-01 -3.375000e-01
-6.375000e-01 -4.875000e-01
-6.000000e-01 -5.250000e-01
-8.625000e-01 -3.375000e-01
-7.500000e-01 -3.750000e-01
-6.750000e-01 -3.000000e-01
-7.875000e-01 -3.375000e-01
-8.250000e-01 -3.000000e-01
-3.750000e-01 -5.250000e-01
-5.250000e-01 -5.250000e-01
-3.750000e-01 -3.750000e-01
-5.250000e-01 -3.750000e-01
-4.500000e-01 -3.750000e-01
-3.750000e-01 -3.000000e-01
-7.500000e-02 -3.750000e-01
-2.250000e-01 -3.750000e-01
-1.500000e-01 -3.750000e-01
-2.250000e-01 -3.000000e-01
-7.500000e-02 -3.000000e-01
1.500000e-01 -5.250000e-01
2.250000e-01 -5.250000e-01
7.500000e-02 -5.250000e-01
2.250000e-01 -4.500000e-01
3.000000e-01 -5.250000e-01
2.250000e-01 -3.750000e-01
7.500000e-02 -3.750000e-01
1.500000e-01 -3.750000e-01
2.250000e-01 -3.000000e-01
4.500000e-01 -5.250000e-01
5.250000e-01 -5.250000e-01
3.750000e-01 -5.250000e-01
5.250000e-01 -4.500000e-01
6.000000e-01 -5.250000e-01
5.250000e-01 -3.750000e-01
3.750000e-01 -3.750000e-01
4.500000e-01 -3.750000e-01
5.250000e-01 -3.000000e-01
8.250000e-01 -5.250000e-01
6.750000e-01 -5.250000e-01
9.000000e-01 -5.250000e-01
7.500000e-01 -3.000000e-01
1.050000e+00 -5.250000e-01
1.125000e+00 -5.250000e-01
1.012500e+00 -4.875000e-01
1.125000e+00 -3.750000e-01
1.200000e+00 -3.750000e-01
9.750000e-01 -4.500000e-01
9.750000e-01 -3.750000e-01
9.375000e-01 -4.875000e-01
1.050000e+00 -3.750000e-01
9.750000e-01 -3.000000e-01
1.125000e+00 -3.000000e-01
1.425000e+00 -5.250000e-01
1.275000e+00 -5.250000e-01
1.425000e+00 -3.750000e-01
1.500000e+00 -4.500000e-01
1.275000e+00 -4.500000e-01
1.275000e+00 -3.750000e-01
1.350000e+00 -3.000000e-01
-1.275000e+00 -2.250000e-01
-1.425000e+00 -2.250000e-01
-1.200000e+00 -2.250000e-01
-1.275000e+00 -7.500000e-02
-1.200000e+00 -7.500000e-02
-1.425000e+00 -7.500000e-02
-1.500000e+00 -1.500000e-01
-1.350000e+00 0.000000e+00
-1.012500e+00 -2.625000e-01
-9.375000e-01 -2.625000e-01
-1.012500e+00 -1.875000e-01
-1.087500e+00 -2.625000e-01
-1.162500e+00 -2.625000e-01
-1.087500e+00 -1.875000e-01
-9.375000e-01 -1.875000e-01
-9.375000e-01 -1.500000e-01
-1.012500e+00 -1.500000e-01
-9.375000e-01 -1.125000e-01
-9.375000e-01 -3.750000e-02
-9.000000e-01 -7.500000e-02
-9.750000e-01 -1.125000e-01
-1.012500e+00 -1.125000e-01
-1.125000e+00 -1.500000e-01
-1.125000e+00 -7.500000e-02
-1.162500e+00 -1.875000e-01
-1.050000e+00 -7.500000e-02
-1.125000e+00 0.000000e+00
-1.012500e+00 -3.750000e-02
-9.750000e-01 0.000000e+00
-6.750000e-01 -2.250000e-01
-6.000000e-01 -1.500000e-01
-8.250000e-01 -7.500000e-02
-7.500000e-01 0.000000e+00
-3.750000e-01 -2.250000e-01
-3.000000e-01 -1.500000e-01
-1.500000e-01 -2.250000e-01
-7.500000e-02 -2.250000e-01
-2.250000e-01 -2.250000e-01
-7.500000e-02 -7.500000e-02
0.000000e+00 -1.500000e-01
-2.250000e-01 -7.500000e-02
2.250000e-01 -2.250000e-01
3.000000e-01 -1.500000e-01
5.250000e-01 -2.250000e-01
5.250000e-01 -7.500000e-02
6.000000e-01 -1.500000e-01
3.750000e-01 -7.500000e-02
4.500000e-01 -7.500000e-02
3.750000e-01 0.000000e+00
5.250000e-01 0.000000e+00
8.250000e-01 -2.250000e-01
6.750000e-01 -2.250000e-01
8.250000e-01 -1.500000e-01
9.000000e-01 -2.250000e-01
8.250000e-01 -7.500000e-02
9.000000e-01 -7.500000e-02
6.750000e-01 -7.500000e-02
7.500000e-01 -7.500000e-02
8.250000e-01 0.000000e+00
6.750000e-01 0.000000e+00
1.050000e+00 -2.250000e-01
1.125000e+00 -2.250000e-01
9.750000e-01 -2.250000e-01
1.125000e+00 -1.500000e-01
1.162500e+00 -3.750000e-02
1.200000e+00 -7.500000e-02
1.087500e+00 -1.125000e-01
9.750000e-01 -7.500000e-02
1.050000e+00 -7.500000e-02
9.750000e-01 0.000000e+00
1.087500e+00 -3.750000e-02
1.125000e+00 -3.750000e-02
1.087500e+00 0.000000e+00
1.162500e+00 0.000000e+00
1.425000e+00 -2.250000e-01
1.275000e+00 -2.250000e-01
1.425000e+00 -7.500000e-02
1.500000e+00 -1.500000e-01
1.275000e+00 -1.500000e-01
1.275000e+00 -7.500000e-02
1.350000e+00 -7.500000e-02
1.275000e+00 0.000000e+00
-1.275000e+00 7.500000e-02
-1.425000e+00 7.500000e-02
-1.275000e+00 1.500000e-01
-1.200000e+00 7.500000e-02
-1.275000e+00 2.250000e-01
-1.200000e+00 2.250000e-01
-1.500000e+00 1.500000e-01
-1.350000e+00 3.000000e-01
-9.750000e-01 7.500000e-02
-1.125000e+00 7.500000e-02
-9.750000e-01 1.500000e-01
-9.000000e-01 7.500000e-02
-9.750000e-01 2.250000e-01
-9.000000e-01 2.250000e-01
-1.125000e+00 1.500000e-01
-1.125000e+00 2.250000e-01
-1.125000e+00 3.000000e-01
-9.750000e-01 3.000000e-01
-6.750000e-01 7.500000e-02
-8.250000e-01 7.500000e-02
-6.750000e-01 1.500000e-01
-6.750000e-01 2.250000e-01
-6.000000e-01 7.500000e-02
-8.250000e-01 1.500000e-01
-8.250000e-01 2.250000e-01
-7.500000e-01 3.000000e-01
-5.250000e-01 7.500000e-02
-3.750000e-01 2.250000e-01
-3.000000e-01 2.250000e-01
-7.500000e-02 7.500000e-02
-2.250000e-01 7.500000e-02
0.000000e+00 7.500000e-02
-7.500000e-02 2.250000e-01
0.000000e+00 2.250000e-01
-2.250000e-01 1.500000e-01
-2.250000e-01 2.250000e-01
7.500000e-02 7.500000e-02
2.250000e-01 2.250000e-01
3.000000e-01 2.250000e-01
7.500000e-02 1.500000e-01
7.500000e-02 2.250000e-01
1.500000e-01 2.250000e-01
7.500000e-02 3.000000e-01
2.250000e-01 3.000000e-01
4.500000e-01 7.500000e-02
5.250000e-01 7.500000e-02
3.750000e-01 7.500000e-02
5.250000e-01 2.250000e-01
6.000000e-01 2.250000e-01
3.750000e-01 1.500000e-01
3.750000e-01 2.250000e-01
7.875000e-01 3.750000e-02
7.875000e-01 1.125000e-01
7.500000e-01 7.500000e-02
8.625000e-01 3.750000e-02
8.625000e-01 7.500000e-02
9.000000e-01 1.125000e-01
8.625000e-01 1.125000e-01
9.000000e-01 3.750000e-02
8.250000e-01 1.125000e-01
8.625000e-01 1.500000e-01
7.875000e-01 1.500000e-01
8.625000e-01 1.875000e-01
7.875000e-01 1.875000e-01
6.375000e-01 1.875000e-01
7.125000e-01 1.875000e-01
6.750000e-01 1.500000e-01
7.500000e-01 2.250000e-01
1.125000e+00 3.750000e-02
1.087500e+00 3.750000e-02
1.162500e+00 3.750000e-02
1.087500e+00 7.500000e-02
1.050000e+00 3.750000e-02
1.087500e+00 1.125000e-01
1.050000e+00 1.125000e-01
1.012500e+00 3.750000e-02
9.375000e-01 3.750000e-02
1.012500e+00 7.500000e-02
1.012500e+00 1.125000e-01
1.162500e+00 1.125000e-01
1.200000e+00 7.500000e-02
1.125000e+00 1.125000e-01
1.162500e+00 1.500000e-01
1.087500e+00 1.500000e-01
1.162500e+00 2.250000e-01
1.200000e+00 1.875000e-01
1.162500e+00 1.875000e-01
1.200000e+00 2.625000e-01
1.162500e+00 2.625000e-01
1.125000e+00 1.875000e-01
1.087500e+00 1.875000e-01
9.375000e-01 1.875000e-01
9.375000e-01 2.625000e-01
9.750000e-01 1.875000e-01
9.375000e-01 1.500000e-01
1.012500e+00 1.875000e-01
1.012500e+00 1.500000e-01
9.375000e-01 7.500000e-02
9.375000e-01 1.125000e-01
1.012500e+00 2.625000e-01
9.750000e-01 2.625000e-01
1.012500e+00 3.000000e-01
9.375000e-01 3.000000e-01
1.087500e+00 2.625000e-01
1.087500e+00 3.000000e-01
1.350000e+00 7.500000e-02
1.312500e+00 1.125000e-01
1.425000e+00 2.250000e-01
1.237500e+00 1.875000e-01
1.237500e+00 2.625000e-01
1.312500e+00 1.875000e-01
1.275000e+00 1.500000e-01
1.237500e+00 1.125000e-01
1.350000e+00 2.250000e-01
1.425000e+00 3.000000e-01
1.312500e+00 2.625000e-01
1.275000e+00 3.000000e-01
-1.275000e+00 3.750000e-01
-1.425000e+00 3.750000e-01
-1.200000e+00 3.750000e-01
-1.275000e+00 5.250000e-01
-1.200000e+00 5.250000e-01
-1.425000e+00 5.250000e-01
-1.500000e+00 4.500000e-01
-1.350000e+00 6.000000e-01
-1.050000e+00 3.750000e-01
-9.750000e-01 3.750000e-01
-1.125000e+00 3.750000e-01
-1.162500e+00 4.875000e-01
-1.162500e+00 5.625000e-01
-1.087500e+00 4.875000e-01
-1.125000e+00 4.500000e-01
-1.087500e+00 5.625000e-01
-1.050000e+00 5.250000e-01
-1.125000e+00 5.625000e-01
-1.087500e+00 6.000000e-01
-1.162500e+00 6.000000e-01
-6.750000e-01 3.750000e-01
-8.250000e-01 3.750000e-01
-6.000000e-01 4.500000e-01
-8.250000e-01 5.250000e-01
-8.250000e-01 6.000000e-01
-3.750000e-01 3.750000e-01
-5.250000e-01 3.750000e-01
-3.750000e-01 5.250000e-01
-3.000000e-01 4.500000e-01
-5.250000e-01 5.250000e-01
-4.500000e-01 5.250000e-01
-5.250000e-01 6.000000e-01
-3.750000e-01 6.000000e-01
-7.500000e-02 5.250000e-01
0.000000e+00 4.500000e-01
-7.500000e-02 6.000000e-01
2.250000e-01 3.750000e-01
7.500000e-02 3.750000e-01
3.000000e-01 4.500000e-01
1.500000e-01 6.000000e-01
6.000000e-01 4.500000e-01
8.250000e-01 3.750000e-01
6.750000e-01 3.750000e-01
9.000000e-01 3.750000e-01
8.250000e-01 5.250000e-01
6.750000e-01 5.250000e-01
7.500000e-01 5.250000e-01
6.750000e-01 6.000000e-01
8.250000e-01 6.000000e-01
1.125000e+00 3.375000e-01
1.087500e+00 3.375000e-01
1.162500e+00 3.375000e-01
1.087500e+00 4.125000e-01
1.050000e+00 3.750000e-01
1.012500e+00 3.375000e-01
9.375000e-01 3.375000e-01
1.012500e+00 4.125000e-01
1.162500e+00 4.125000e-01
1.200000e+00 3.750000e-01
1.125000e+00 4.500000e-01
1.125000e+00 5.250000e-01
1.200000e+00 5.250000e-01
9.750000e-01 4.500000e-01
9.750000e-01 5.250000e-01
1.425000e+00 3.750000e-01
1.275000e+00 3.750000e-01
1.500000e+00 4.500000e-01
1.275000e+00 5.250000e-01
1.350000e+00 6.000000e-01
-1.275000e+00 6.750000e-01
-1.425000e+00 6.750000e-01
-1.275000e+00 7.500000e-01
-1.200000e+00 6.750000e-01
-1.275000e+00 8.250000e-01
-1.200000e+00 8.250000e-01
-1.425000e+00 7.500000e-01
-1.500000e+00 8.250000e-01
-1.425000e+00 8.250000e-01
-1.500000e+00 6.750000e-01
-1.012500e+00 6.375000e-01
-9.375000e-01 6.375000e-01
-1.012500e+00 6.750000e-01
-1.050000e+00 6.375000e-01
-1.012500e+00 7.125000e-01
-1.050000e+00 7.125000e-01
-1.125000e+00 6.375000e-01
-1.087500e+00 6.375000e-01
-1.162500e+00 6.375000e-01
-1.087500e+00 7.125000e-01
-9.000000e-01 7.125000e-01
-9.375000e-01 7.125000e-01
-9.000000e-01 6.375000e-01
-9.750000e-01 7.125000e-01
-9.375000e-01 7.500000e-01
-9.375000e-01 7.875000e-01
-9.375000e-01 8.625000e-01
-1.012500e+00 7.875000e-01
-1.125000e+00 7.500000e-01
-1.162500e+00 7.125000e-01
-1.012500e+00 8.625000e-01
-1.050000e+00 8.250000e-01
-9.750000e-01 9.000000e-01
-1.125000e+00 9.000000e-01
-7.500000e-01 6.750000e-01
-7.875000e-01 6.375000e-01
-7.875000e-01 7.125000e-01
-8.625000e-01 6.375000e-01
-6.375000e-01 7.875000e-01
-6.750000e-01 7.500000e-01
-7.125000e-01 7.875000e-01
-6.000000e-01 8.250000e-01
-6.375000e-01 8.625000e-01
-6.000000e-01 6.750000e-01
-8.625000e-01 7.875000e-01
-8.625000e-01 8.625000e-01
-8.250000e-01 7.875000e-01
-8.625000e-01 7.500000e-01
-7.875000e-01 7.875000e-01
-7.875000e-01 7.500000e-01
-8.625000e-01 6.750000e-01
-8.625000e-01 7.125000e-01
-7.500000e-01 8.625000e-01
-7.875000e-01 8.625000e-01
-7.500000e-01 7.875000e-01
-8.250000e-01 8.625000e-01
-7.875000e-01 9.000000e-01
-8.625000e-01 9.000000e-01
-7.125000e-01 8.250000e-01
-7.125000e-01 8.625000e-01
-7.125000e-01 9.000000e-01
-6.375000e-01 9.000000e-01
-4.500000e-01 6.750000e-01
-4.875000e-01 6.375000e-01
-4.875000e-01 7.125000e-01
-5.625000e-01 6.375000e-01
-3.750000e-01 7.500000e-01
-4.125000e-01 7.875000e-01
-3.000000e-01 8.250000e-01
-3.375000e-01 8.625000e-01
-4.875000e-01 7.875000e-01
-5.250000e-01 7.500000e-01
-5.625000e-01 8.625000e-01
-5.625000e-01 7.125000e-01
-4.875000e-01 8.250000e-01
-4.500000e-01 8.625000e-01
-4.875000e-01 8.625000e-01
-4.500000e-01 7.875000e-01
-4.875000e-01 9.000000e-01
-5.625000e-01 9.000000e-01
-4.125000e-01 8.625000e-01
-3.750000e-01 8.625000e-01
-3.375000e-01 9.000000e-01
-1.125000e-01 6.375000e-01
-1.125000e-01 7.125000e-01
-1.500000e-01 6.750000e-01
-3.750000e-02 6.375000e-01
-7.500000e-02 7.500000e-01
-1.125000e-01 7.875000e-01
-3.750000e-02 7.125000e-01
0.000000e+00 6.750000e-01
-2.625000e-01 7.875000e-01
-1.875000e-01 7.875000e-01
-2.250000e-01 7.500000e-01
-2.625000e-01 8.625000e-01
-1.500000e-01 8.625000e-01
-1.875000e-01 8.625000e-01
-1.500000e-01 7.875000e-01
-2.250000e-01 8.625000e-01
-1.875000e-01 9.000000e-01
-2.625000e-01 9.000000e-01
-1.125000e-01 8.250000e-01
-1.125000e-01 8.625000e-01
-7.500000e-02 9.000000e-01
7.500000e-02 6.750000e-01
3.000000e-01 7.500000e-01
7.500000e-02 7.500000e-01
7.500000e-02 8.250000e-01
7.500000e-02 9.000000e-01
5.250000e-01 8.250000e-01
3.750000e-01 8.250000e-01
4.500000e-01 8.250000e-01
3.750000e-01 9.000000e-01
5.250000e-01 9.000000e-01
8.250000e-01 6.750000e-01
6.750000e-01 6.750000e-01
8.250000e-01 8.250000e-01
6.750000e-01 8.250000e-01
7.500000e-01 8.250000e-01
6.750000e-01 9.000000e-01
8.250000e-01 9.000000e-01
9.750000e-01 8.250000e-01
9.750000e-01 9.000000e-01
1.350000e+00 9.000000e-01
-1.275000e+00 9.750000e-01
-1.425000e+00 9.750000e-01
-1.275000e+00 1.125000e+00
-1.200000e+00 1.050000e+00
-1.425000e+00 1.125000e+00
-1.500000e+00 1.050000e+00
-1.350000e+00 1.200000e+00
-1.050000e+00 9.750000e-01
-9.750000e-01 9.750000e-01
-1.125000e+00 9.750000e-01
-9.750000e-01 1.050000e+00
-9.000000e-01 9.750000e-01
-9.750000e-01 1.125000e+00
-9.000000e-01 1.125000e+00
-1.125000e+00 1.125000e+00
-1.050000e+00 1.200000e+00
-6.750000e-01 9.375000e-01
-7.125000e-01 9.375000e-01
-6.375000e-01 9.375000e-01
-7.125000e-01 1.012500e+00
-7.500000e-01 9.750000e-01
-8.250000e-01 9.375000e-01
-7.875000e-01 9.375000e-01
-8.625000e-01 9.375000e-01
-6.375000e-01 1.012500e+00
-6.000000e-01 9.750000e-01
-6.750000e-01 1.050000e+00
-6.750000e-01 1.125000e+00
-8.250000e-01 1.125000e+00
-7.500000e-01 1.200000e+00
-4.125000e-01 9.375000e-01
-3.375000e-01 9.375000e-01
-4.125000e-01 1.012500e+00
-4.500000e-01 9.750000e-01
-5.250000e-01 9.375000e-01
-4.875000e-01 9.375000e-01
-5.625000e-01 9.375000e-01
-4.875000e-01 1.012500e+00
-3.375000e-01 1.012500e+00
-3.000000e-01 9.750000e-01
-3.750000e-01 1.050000e+00
-3.750000e-01 1.125000e+00
-3.000000e-01 1.125000e+00
-5.250000e-01 1.050000e+00
-5.250000e-01 1.125000e+00
-5.625000e-01 1.012500e+00
-4.500000e-01 1.125000e+00
-5.250000e-01 1.200000e+00
-3.750000e-01 1.200000e+00
-1.500000e-01 9.750000e-01
-7.500000e-02 9.750000e-01
-1.875000e-01 9.375000e-01
-2.625000e-01 9.375000e-01
-7.500000e-02 1.050000e+00
0.000000e+00 9.750000e-01
-7.500000e-02 1.125000e+00
0.000000e+00 1.125000e+00
-2.250000e-01 1.050000e+00
-2.250000e-01 1.125000e+00
-2.625000e-01 1.012500e+00
1.500000e-01 9.750000e-01
2.250000e-01 9.750000e-01
7.500000e-02 9.750000e-01
2.250000e-01 1.050000e+00
3.000000e-01 9.750000e-01
2.250000e-01 1.125000e+00
3.000000e-01 1.125000e+00
7.500000e-02 1.050000e+00
7.500000e-02 1.125000e+00
4.500000e-01 9.750000e-01
5.250000e-01 9.750000e-01
3.750000e-01 9.750000e-01
5.250000e-01 1.125000e+00
3.750000e-01 1.125000e+00
3.750000e-01 1.200000e+00
5.250000e-01 1.200000e+00
7.500000e-01 9.750000e-01
8.250000e-01 9.750000e-01
6.750000e-01 9.750000e-01
9.000000e-01 9.750000e-01
8.250000e-01 1.125000e+00
9.000000e-01 1.125000e+00
1.050000e+00 9.750000e-01
1.125000e+00 9.750000e-01
9.750000e-01 9.750000e-01
1.125000e+00 1.125000e+00
1.200000e+00 1.050000e+00
9.750000e-01 1.050000e+00
9.750000e-01 1.125000e+00
1.050000e+00 1.125000e+00
1.125000e+00 1.200000e+00
9.750000e-01 1.200000e+00
1.275000e+00 9.750000e-01
1.425000e+00 1.125000e+00
1.500000e+00 1.050000e+00
1.275000e+00 1.125000e+00
1.275000e+00 1.200000e+00
1.425000e+00 1.200000e+00
-1.350000e+00 1.350000e+00
-1.050000e+00 1.350000e+00
-6.000000e-01 1.350000e+00
-7.500000e-01 1.350000e+00
-3.750000e-01 1.275000e+00
-5.250000e-01 1.275000e+00
-3.000000e-01 1.350000e+00
-7.500000e-02 1.275000e+00
-7.500000e-02 1.425000e+00
0.000000e+00 1.350000e+00
-1.500000e-01 1.500000e+00
3.000000e-01 1.350000e+00
4.500000e-01 1.275000e+00
5.250000e-01 1.275000e+00
3.750000e-01 1.275000e+00
5.250000e-01 1.425000e+00
6.000000e-01 1.350000e+00
3.750000e-01 1.425000e+00
4.500000e-01 1.500000e+00
8.250000e-01 1.275000e+00
8.250000e-01 1.350000e+00
8.250000e-01 1.425000e+00
9.000000e-01 1.275000e+00
7.500000e-01 1.500000e+00
1.125000e+00 1.275000e+00
9.750000e-01 1.275000e+00
1.200000e+00 1.275000e+00
1.125000e+00 1.425000e+00
9.750000e-01 1.350000e+00
9.750000e-01 1.425000e+00
1.050000e+00 1.425000e+00
9.750000e-01 1.500000e+00
1.125000e+00 1.500000e+00
1.350000e+00 1.275000e+00
1.425000e+00 1.275000e+00
1.275000e+00 1.275000e+00
1.425000e+00 1.350000e+00
1.500000e+00 1.275000e+00
1.425000e+00 1.425000e+00
1.275000e+00 1.350000e+00
1.275000e+00 1.425000e+00
simplices
0 1 259
259 536 537
12 536 537
1 259 537
0 11 259
11 259 260
259 260 536
260 536 538
12 536 538
1 2 262
2 261 262
13 261 262
12 262 537
1 262 537
13 262 539
12 262 539
121 540 541
3 540 541
2 121 541
121 263 264
14 263 542
263 264 542
121 264 540
264 540 543
3 540 543
121 261 265
13 261 265
2 121 261
121 122 265
122 265 266
13 265 266
121 122 263
122 263 267
14 263 267
123 544 546
4 544 546
123 545 546
3 545 546
123 547 548
15 547 548
123 544 548
4 544 548
264 549 550
123 549 550
264 542 550
14 542 550
264 545 549
123 545 549
264 543 545
3 543 545
124 550 551
123 550 551
124 550 552
14 550 552
124 547 551
123 547 551
124 547 553
15 547 553
125 554 556
5 554 556
125 555 556
4 555 556
125 557 558
16 557 558
125 554 558
5 554 558
125 548 559
15 548 559
125 548 555
4 548 555
126 559 560
125 559 560
126 559 561
15 559 561
126 557 560
125 557 560
126 557 562
16 557 562
127 563 564
6 563 564
5 127 564
268 565 567
127 565 567
268 566 567
17 566 567
268 563 565
127 563 565
268 563 568
6 563 568
127 558 569
16 558 569
5 127 558
127 128 569
128 569 570
16 569 570
127 128 567
128 567 571
17 567 571
129 269 572
269 271 572
7 269 271
270 572 574
129 572 574
270 572 573
271 572 573
270 575 576
6 575 576
270 573 575
271 573 575
272 578 579
129 578 579
272 577 578
273 577 578
272 580 581
18 580 581
272 577 580
273 577 580
129 269 578
269 273 578
7 269 273
268 274 583
274 582 583
129 582 583
268 274 566
274 566 584
17 566 584
268 270 583
270 574 583
129 574 583
268 270 568
270 568 576
6 568 576
274 275 585
130 275 585
274 275 582
275 582 586
129 582 586
276 585 587
274 585 587
276 585 588
130 585 588
276 584 587
274 584 587
17 276 584
275 589 590
272 589 590
130 275 590
275 579 589
272 579 589
275 579 586
129 579 586
272 277 590
130 277 590
272 277 581
18 277 581
279 280 591
8 280 591
7 279 280
278 591 593
8 591 593
278 591 592
279 591 592
278 594 595
19 594 595
278 592 594
279 592 594
273 580 596
18 580 596
273 279 596
7 273 279
279 281 596
281 596 597
18 596 597
279 281 594
281 594 598
19 594 598
9 283 284
283 284 599
8 284 599
9 282 283
20 282 283
278 595 600
19 595 600
278 283 600
278 593 599
8 593 599
278 283 599
283 285 600
19 285 600
20 283 285
288 601 603
287 601 603
288 602 603
10 602 603
288 601 605
287 601 605
288 604 605
9 604 605
10 286 603
286 287 603
21 286 606
286 287 606
20 282 607
282 287 607
9 282 605
282 287 605
287 606 608
21 606 608
287 607 608
20 607 608
260 538 610
12 538 610
260 609 610
290 609 610
11 260 611
260 609 611
290 609 611
289 610 612
12 610 612
289 290 610
23 289 613
289 290 613
290 614 615
22 614 615
290 611 615
11 611 615
290 291 614
291 614 616
22 614 616
290 291 613
291 613 617
23 613 617
13 132 539
132 539 618
12 539 618
13 131 132
131 292 620
292 619 620
24 619 620
131 132 292
289 293 622
293 621 622
132 621 622
23 289 293
289 618 622
132 618 622
289 612 618
12 612 618
294 623 625
293 623 625
294 624 625
133 624 625
294 621 623
293 621 623
132 294 621
293 625 626
133 625 626
23 293 626
292 294 627
294 624 627
133 624 627
132 292 294
295 627 628
292 627 628
295 627 629
133 627 629
295 619 628
292 619 628
295 619 630
24 619 630
122 267 297
14 267 297
122 296 297
135 296 297
122 266 298
13 266 298
122 296 298
135 296 298
297 300 631
134 300 631
14 297 300
297 299 631
299 631 632
134 631 632
135 297 299
301 633 635
134 633 635
301 634 635
25 634 635
299 632 633
134 632 633
299 633 636
301 633 636
135 299 637
299 636 637
301 636 637
131 620 638
24 620 638
131 135 638
13 131 298
131 135 298
136 638 639
135 638 639
136 638 640
24 638 640
301 639 641
136 639 641
301 637 639
135 637 639
301 641 642
136 641 642
301 634 642
25 634 642
124 302 553
15 302 553
124 138 302
124 303 552
14 303 552
124 138 303
137 302 643
15 302 643
137 302 304
138 302 304
137 305 306
26 305 306
137 304 305
138 304 644
304 305 644
307 635 645
134 635 645
307 635 646
25 635 646
307 647 648
138 647 648
307 645 648
134 645 648
134 300 303
14 300 303
138 303 648
134 303 648
308 649 651
307 649 651
308 650 651
139 650 651
308 647 649
307 647 649
308 647 652
138 647 652
307 309 651
139 309 651
307 309 646
25 309 646
308 653 654
305 653 654
308 650 654
139 650 654
308 644 653
305 644 653
308 644 652
138 644 652
305 654 655
139 654 655
26 305 655
126 310 562
16 310 562
310 656 657
141 656 657
126 310 657
126 311 561
15 311 561
311 657 658
141 657 658
126 311 657
310 659 660
140 659 660
16 310 660
312 659 661
310 659 661
312 659 662
140 659 662
312 656 661
310 656 661
312 656 663
141 656 663
314 664 666
313 664 666
314 665 666
140 665 666
314 664 668
313 664 668
314 667 668
27 667 668
312 662 666
140 662 666
312 666 669
313 666 669
312 663 670
141 663 670
312 669 670
313 669 670
137 306 671
306 316 671
26 306 672
306 316 672
315 671 673
137 671 673
315 316 671
141 315 674
315 316 674
311 643 675
137 643 675
15 311 643
315 675 676
311 675 676
315 673 675
137 673 675
315 658 676
311 658 676
141 315 658
316 677 678
142 677 678
316 674 678
141 674 678
316 677 679
142 677 679
316 672 679
26 672 679
313 678 680
142 678 680
313 670 678
141 670 678
313 680 681
142 680 681
313 668 681
27 668 681
128 571 683
17 571 683
128 682 683
144 682 683
128 570 684
16 570 684
128 682 684
144 682 684
143 683 686
17 683 686
143 683 685
144 683 685
143 687 688
28 687 688
143 685 687
144 685 687
314 665 690
140 665 690
314 689 690
317 689 690
314 667 691
27 667 691
314 689 691
317 689 691
144 317 692
317 690 692
140 690 692
140 660 684
16 660 684
140 684 692
144 684 692
144 145 317
145 317 693
317 691 693
27 691 693
144 145 687
145 687 694
28 687 694
130 277 319
18 277 695
277 319 695
130 318 319
147 318 319
276 588 696
130 588 696
276 320 696
17 276 320
130 318 696
318 320 696
147 318 320
319 322 698
322 697 698
146 697 698
319 322 695
322 695 699
18 695 699
319 321 698
146 321 698
147 319 321
146 323 701
323 700 701
29 700 701
146 321 323
147 321 323
143 324 688
28 324 688
324 702 703
147 702 703
143 324 703
143 320 686
17 320 686
147 320 703
143 320 703
325 704 706
324 704 706
325 705 706
148 705 706
325 702 704
324 702 704
147 325 702
324 706 707
148 706 707
28 324 707
323 325 708
325 705 708
148 705 708
147 323 325
323 326 708
148 326 708
323 326 700
326 700 709
29 700 709
327 710 711
281 710 711
149 327 711
327 598 710
281 598 710
327 598 712
19 598 712
328 711 713
281 711 713
328 711 714
149 711 714
328 597 713
281 597 713
328 597 715
18 597 715
329 716 718
149 716 718
329 717 718
30 717 718
149 327 716
327 329 716
327 712 719
19 712 719
327 329 719
146 330 701
29 330 701
330 720 721
149 720 721
146 330 721
322 697 723
146 697 723
322 722 723
328 722 723
322 699 715
18 699 715
322 715 722
328 715 722
328 714 721
149 714 721
328 721 723
146 721 723
330 724 725
150 724 725
330 720 725
149 720 725
330 331 724
150 331 724
29 330 331
150 718 725
149 718 725
150 718 726
30 718 726
20 285 727
285 332 727
19 285 728
285 332 728
332 729 730
31 729 730
332 727 730
20 727 730
329 717 732
30 717 732
329 731 732
332 731 732
329 719 728
19 719 728
329 728 731
332 728 731
332 333 732
333 732 733
30 732 733
332 333 729
31 333 729
21 608 734
20 608 734
21 32 734
31 730 734
20 730 734
31 734 735
32 734 735
334 736 738
291 736 738
334 737 738
152 737 738
334 617 736
291 617 736
334 617 739
23 617 739
291 335 738
335 738 740
152 738 740
291 335 616
335 616 741
22 616 741
151 334 336
334 336 739
336 739 742
23 739 742
334 737 743
152 737 743
151 334 743
338 744 746
337 744 746
338 745 746
151 745 746
338 744 748
337 744 748
338 747 748
34 747 748
337 743 749
152 743 749
337 743 746
151 743 746
339 751 752
152 751 752
339 750 751
340 750 751
339 753 754
33 753 754
339 750 753
340 750 753
335 740 751
152 740 751
335 751 755
340 751 755
335 741 756
22 741 756
335 755 756
340 755 756
337 749 757
152 749 757
337 341 757
337 748 758
34 748 758
337 341 758
339 752 757
152 752 757
339 757 759
341 757 759
339 754 760
33 754 760
339 759 760
341 759 760
295 629 761
133 629 761
295 342 761
295 630 762
24 630 762
295 342 762
342 763 764
154 763 764
342 761 764
133 761 764
133 343 626
343 626 765
23 626 765
154 343 764
133 343 764
342 766 767
153 766 767
342 762 767
24 762 767
342 763 768
154 763 768
342 766 768
153 766 768
344 769 771
153 769 771
344 770 771
35 770 771
344 768 772
154 768 772
344 768 769
153 768 769
338 745 774
151 745 774
338 773 774
346 773 774
338 747 775
34 747 775
338 773 775
346 773 775
151 345 774
345 346 774
154 345 346
151 336 777
336 776 777
343 776 777
336 742 765
23 742 765
336 765 776
343 765 776
343 345 777
151 345 777
154 343 345
155 346 778
154 346 778
155 346 347
346 347 775
34 347 775
344 778 779
155 778 779
344 772 778
154 772 778
348 779 780
344 779 780
155 348 779
348 770 780
344 770 780
348 770 781
35 770 781
136 642 782
25 642 782
136 157 782
136 640 783
24 640 783
136 157 783
156 782 784
25 782 784
156 157 782
156 349 350
36 349 350
156 157 349
153 771 786
35 771 786
153 785 786
157 785 786
153 767 783
24 767 783
153 783 785
157 783 785
157 158 786
158 786 787
35 786 787
157 158 349
36 158 349
139 351 655
26 351 655
159 351 788
139 351 788
139 309 352
25 309 789
309 352 789
352 788 790
159 788 790
139 352 788
353 791 792
159 791 792
353 354 791
353 793 794
37 793 794
353 354 793
159 351 791
351 354 791
26 351 354
156 350 795
350 356 795
36 350 796
350 356 796
355 795 798
156 795 798
355 795 797
356 795 797
355 799 800
159 799 800
355 797 799
356 797 799
352 784 801
156 784 801
352 784 789
25 784 789
355 801 802
352 801 802
355 798 801
156 798 801
355 790 802
352 790 802
355 790 800
159 790 800
353 792 804
159 792 804
353 803 804
357 803 804
353 794 805
37 794 805
353 803 805
357 803 805
356 799 804
159 799 804
356 804 806
357 804 806
356 796 807
36 796 807
356 806 807
357 806 807
358 681 808
142 681 808
358 681 809
27 681 809
358 810 811
160 810 811
358 808 811
142 808 811
142 359 679
26 359 679
160 359 811
142 359 811
160 360 812
360 361 812
38 360 813
360 361 813
358 810 812
160 810 812
358 361 812
358 809 814
27 809 814
358 361 814
362 815 817
354 815 817
362 816 817
160 816 817
362 793 815
354 793 815
37 362 793
354 359 817
160 359 817
26 354 359
160 360 818
360 363 818
38 360 363
362 816 818
160 816 818
362 363 818
37 362 363
145 694 820
28 694 820
145 819 820
161 819 820
145 693 821
27 693 821
145 819 821
161 819 821
161 822 823
39 822 823
161 820 823
28 820 823
361 824 825
161 824 825
361 813 825
38 813 825
361 821 824
161 821 824
361 814 821
27 814 821
364 822 826
161 822 826
364 822 827
39 822 827
364 825 826
161 825 826
364 825 828
38 825 828
148 326 830
326 829 830
365 829 830
326 709 831
29 709 831
326 829 831
365 829 831
365 832 833
162 832 833
365 830 833
148 830 833
148 707 834
28 707 834
148 833 834
162 833 834
366 835 837
162 835 837
366 836 837
40 836 837
365 832 835
162 832 835
365 366 835
365 831 838
29 831 838
365 366 838
162 823 839
39 823 839
162 823 834
28 823 834
367 837 840
162 837 840
367 837 841
40 837 841
367 839 840
162 839 840
367 839 842
39 839 842
369 726 843
150 726 843
369 726 844
30 726 844
368 843 846
150 843 846
368 843 845
369 843 845
368 847 848
164 847 848
368 845 847
369 845 847
150 331 849
331 370 849
29 331 850
331 370 850
368 846 849
150 846 849
368 370 849
368 848 851
164 848 851
368 370 851
163 369 372
369 372 844
372 844 852
30 844 852
163 369 371
369 371 847
164 371 847
163 373 854
373 853 854
41 853 854
163 371 373
164 371 855
371 373 855
366 856 857
164 856 857
366 836 857
40 836 857
370 856 858
366 856 858
370 851 856
164 851 856
370 838 858
366 838 858
370 838 850
29 838 850
373 855 860
164 855 860
373 859 860
374 859 860
373 853 861
41 853 861
373 859 861
374 859 861
374 857 860
164 857 860
40 374 857
333 375 863
375 862 863
165 862 863
31 333 375
376 863 864
333 863 864
376 863 865
165 863 865
376 733 864
333 733 864
376 733 866
30 733 866
377 868 869
165 868 869
377 867 868
378 867 868
377 870 871
42 870 871
377 867 870
378 867 870
375 862 868
165 862 868
375 868 872
378 868 872
31 375 873
375 872 873
378 872 873
163 379 854
41 379 854
379 874 875
165 874 875
163 379 875
163 372 877
372 876 877
376 876 877
372 852 866
30 852 866
372 866 876
376 866 876
376 865 875
165 865 875
376 875 877
163 875 877
380 878 880
379 878 880
380 879 880
166 879 880
380 874 878
379 874 878
380 874 881
165 874 881
379 381 880
166 381 880
41 379 381
377 380 882
380 879 882
166 879 882
377 380 869
380 869 881
165 869 881
377 882 883
166 882 883
377 871 883
42 871 883
32 382 735
382 735 884
31 735 884
32 43 382
378 870 885
42 870 885
378 382 885
378 873 884
31 873 884
378 382 884
43 382 886
382 885 886
42 885 886
168 341 887
341 758 887
34 758 887
168 341 888
341 760 888
33 760 888
167 887 890
34 887 890
167 887 889
168 887 889
167 891 892
45 891 892
167 889 891
168 889 891
168 893 894
44 893 894
168 888 894
33 888 894
168 891 895
45 891 895
168 893 895
44 893 895
155 348 384
348 781 896
35 781 896
348 384 896
155 383 384
170 383 384
155 347 385
34 347 385
155 383 385
170 383 385
169 384 387
384 387 896
35 387 896
169 384 386
170 384 386
169 388 389
46 388 389
169 386 388
170 386 897
386 388 897
167 390 892
390 892 898
45 892 898
390 899 900
170 899 900
167 390 900
167 385 890
34 385 890
170 385 900
167 385 900
390 901 902
171 901 902
390 899 902
170 899 902
391 901 903
390 901 903
391 901 904
171 901 904
391 898 903
390 898 903
391 898 905
45 898 905
388 902 906
171 902 906
388 897 902
170 897 902
388 906 907
171 906 907
46 388 907
36 158 392
392 908 909
172 908 909
158 392 909
393 787 910
158 787 910
35 393 787
393 909 911
172 909 911
393 909 910
158 909 910
394 913 914
172 913 914
394 912 913
395 912 913
394 915 916
47 915 916
394 912 915
395 912 915
392 908 913
172 908 913
392 913 917
395 913 917
36 392 918
392 917 918
395 917 918
169 389 397
46 389 919
389 397 919
169 396 397
172 396 397
169 387 393
35 387 393
169 393 396
393 396 911
172 396 911
394 914 920
172 914 920
394 398 920
394 916 921
47 916 921
394 398 921
172 397 920
397 920 922
398 920 922
397 919 923
46 919 923
397 922 923
398 922 923
357 805 924
37 805 924
357 400 924
357 807 925
36 807 925
357 400 925
37 399 924
399 400 924
48 399 926
399 400 926
395 915 927
47 915 927
395 400 927
395 918 925
36 918 925
395 400 925
401 927 928
400 927 928
47 401 927
401 926 928
400 926 928
401 926 929
48 926 929
38 363 403
37 363 403
38 402 403
49 402 930
402 403 930
48 399 931
399 403 931
37 399 403
404 931 932
403 931 932
404 931 933
48 931 933
404 930 932
403 930 932
404 930 934
49 930 934
364 827 936
39 827 936
364 935 936
406 935 936
364 828 937
38 828 937
364 935 937
406 935 937
405 936 939
39 936 939
405 936 938
406 936 938
50 405 940
405 938 940
406 938 940
49 402 941
402 406 941
38 402 937
402 406 937
407 941 942
406 941 942
49 407 941
407 940 942
406 940 942
407 940 943
50 940 943
367 841 945
40 841 945
367 944 945
409 944 945
367 842 946
39 842 946
367 944 946
409 944 946
408 945 948
40 945 948
408 945 947
409 945 947
51 408 949
408 947 949
409 947 949
50 405 950
405 409 950
405 939 946
39 939 946
405 409 946
410 950 951
409 950 951
50 410 950
410 949 951
409 949 951
410 949 952
51 949 952
174 374 953
374 861 953
41 861 953
174 374 954
40 374 954
173 953 955
41 953 955
173 174 953
52 173 174
51 174 408
174 408 954
408 948 954
40 948 954
52 174 956
51 174 956
166 883 958
42 883 958
166 957 958
176 957 958
166 381 411
41 381 411
411 957 959
176 957 959
166 411 957
42 175 958
175 176 958
175 960 961
53 960 961
175 176 960
52 173 963
173 962 963
176 962 963
411 955 964
173 955 964
41 411 955
411 959 962
176 959 962
411 962 964
173 962 964
177 963 965
176 963 965
177 963 966
52 963 966
177 960 965
176 960 965
177 960 967
53 960 967
178 886 968
43 886 968
178 886 969
42 886 969
178 970 971
54 970 971
178 968 971
43 968 971
175 961 973
53 961 973
175 972 973
178 972 973
42 175 969
175 969 972
178 969 972
178 970 974
54 970 974
178 973 974
53 973 974
180 895 975
45 895 975
180 895 976
44 895 976
179 975 977
45 975 977
179 180 975
179 978 979
56 978 979
179 180 978
180 980 981
55 980 981
180 976 981
44 976 981
180 978 982
56 978 982
180 980 982
55 980 982
413 907 983
171 907 983
413 907 984
46 907 984
171 412 983
412 413 983
182 412 985
412 413 985
391 904 986
171 904 986
391 414 986
391 905 987
45 905 987
391 414 987
171 412 986
412 414 986
182 412 988
412 414 988
413 416 989
181 416 989
413 416 984
46 416 984
413 415 989
415 989 990
181 989 990
413 415 985
415 985 991
182 985 991
417 992 994
181 992 994
417 993 994
57 993 994
415 990 992
181 990 992
415 992 995
417 992 995
415 991 996
182 991 996
415 995 996
417 995 996
179 979 998
56 979 998
179 997 998
182 997 998
414 977 999
179 977 999
414 977 987
45 977 987
414 988 997
182 988 997
414 997 999
179 997 999
183 998 1000
182 998 1000
183 998 1001
56 998 1001
417 1000 1002
183 1000 1002
417 996 1000
182 996 1000
417 1002 1003
183 1002 1003
417 993 1003
57 993 1003
184 398 1004
398 921 1004
47 921 1004
184 398 418
398 418 923
46 418 923
58 184 1005
184 1004 1005
47 1004 1005
181 994 1006
57 994 1006
181 184 1006
181 416 418
46 416 418
181 184 418
58 184 1007
184 1006 1007
57 1006 1007
401 929 1008
48 929 1008
401 419 1008
47 401 419
59 419 1009
419 1008 1009
48 1008 1009
58 419 1005
47 419 1005
58 419 420
59 419 420
404 934 1011
49 934 1011
404 1010 1011
421 1010 1011
404 933 1012
48 933 1012
404 1010 1012
421 1010 1012
421 1013 1014
60 1013 1014
421 1011 1014
49 1011 1014
421 1009 1015
59 1009 1015
421 1009 1012
48 1009 1012
421 422 1015
59 422 1015
421 422 1013
60 422 1013
407 943 1016
50 943 1016
407 423 1016
49 407 423
61 423 1017
423 1016 1017
50 1016 1017
60 423 1014
49 423 1014
60 423 424
61 423 424
410 952 1018
51 952 1018
410 425 1018
50 410 425
425 1019 1020
62 1019 1020
425 1018 1020
51 1018 1020
425 1017 1021
61 1017 1021
50 425 1017
426 1021 1022
425 1021 1022
426 1021 1023
61 1021 1023
426 1019 1022
425 1019 1022
426 1019 1024
62 1019 1024
186 956 1025
52 956 1025
186 956 1026
51 956 1026
185 1025 1028
52 1025 1028
185 1025 1027
186 1025 1027
185 1029 1030
63 1029 1030
185 1027 1029
186 1027 1029
186 1020 1031
62 1020 1031
186 1020 1026
51 1020 1026
427 1029 1032
186 1029 1032
427 1029 1033
63 1029 1033
427 1031 1032
186 1031 1032
427 1031 1034
62 1031 1034
177 967 1036
53 967 1036
177 1035 1036
188 1035 1036
177 966 1037
52 966 1037
177 1035 1037
188 1035 1037
53 187 1036
187 1036 1038
188 1036 1038
187 428 1040
428 1039 1040
64 1039 1040
428 1038 1041
188 1038 1041
187 428 1038
185 1030 1042
63 1030 1042
185 188 1042
185 1028 1037
52 1028 1037
185 188 1037
189 1042 1043
188 1042 1043
189 1042 1044
63 1042 1044
428 1043 1045
189 1043 1045
428 1041 1043
188 1041 1043
429 1045 1046
428 1045 1046
429 1045 1047
189 1045 1047
429 1039 1046
428 1039 1046
429 1039 1048
64 1039 1048
190 974 1049
54 974 1049
190 974 1050
53 974 1050
190 1051 1052
65 1051 1052
190 1049 1052
54 1049 1052
187 1040 1054
64 1040 1054
187 1053 1054
190 1053 1054
53 187 1050
187 1050 1053
190 1050 1053
430 1051 1055
190 1051 1055
65 430 1051
430 1054 1055
190 1054 1055
430 1054 1056
64 1054 1056
192 982 1057
56 982 1057
192 982 1058
55 982 1058
191 1057 1060
56 1057 1060
191 1057 1059
192 1057 1059
191 1061 1062
67 1061 1062
191 1059 1061
192 1059 1061
66 192 1063
192 1058 1063
55 1058 1063
192 1061 1064
67 1061 1064
66 192 1064
183 1003 1065
57 1003 1065
183 194 1065
183 1001 1066
56 1001 1066
183 194 1066
193 1065 1068
57 1065 1068
193 1065 1067
194 1065 1067
193 1069 1070
68 1069 1070
193 1067 1069
194 1067 1069
191 1062 1072
67 1062 1072
191 1071 1072
194 1071 1072
191 1060 1066
56 1060 1066
191 1066 1071
194 1066 1071
194 195 1072
195 1072 1073
67 1072 1073
194 195 1069
195 1069 1074
68 1069 1074
196 1007 1075
58 1007 1075
196 1007 1076
57 1007 1076
431 1077 1078
196 1077 1078
69 431 1078
431 1075 1077
196 1075 1077
431 1075 1079
58 1075 1079
193 1070 1081
68 1070 1081
193 1080 1081
196 1080 1081
193 1068 1076
57 1068 1076
193 1076 1080
196 1076 1080
196 1078 1082
69 1078 1082
196 1081 1082
68 1081 1082
59 420 433
58 420 1083
420 433 1083
59 432 433
432 1084 1085
70 1084 1085
432 433 1084
69 431 433
431 1079 1083
58 1079 1083
431 433 1083
69 433 434
433 434 1084
70 434 1084
60 422 1086
422 436 1086
59 422 1087
422 436 1087
435 1086 1088
60 1086 1088
435 436 1086
435 1089 1090
71 1089 1090
435 436 1089
432 1085 1092
70 1085 1092
432 1091 1092
436 1091 1092
59 432 1087
432 1087 1091
436 1087 1091
436 437 1092
70 437 1092
436 437 1089
71 437 1089
61 424 439
60 424 1093
424 439 1093
61 438 439
438 1094 1095
72 1094 1095
438 439 1094
435 1090 1097
71 1090 1097
435 1096 1097
439 1096 1097
435 1088 1093
60 1088 1093
435 1093 1096
439 1093 1096
440 1097 1098
439 1097 1098
440 1097 1099
71 1097 1099
440 1094 1098
439 1094 1098
440 1094 1100
72 1094 1100
426 1024 1102
62 1024 1102
426 1101 1102
442 1101 1102
426 1023 1103
61 1023 1103
426 1101 1103
442 1101 1103
62 441 1102
441 442 1102
441 1104 1105
73 1104 1105
441 442 1104
438 1095 1107
72 1095 1107
438 1106 1107
442 1106 1107
61 438 1103
438 1103 1106
442 1103 1106
442 443 1107
72 443 1107
442 443 1104
73 443 1104
444 1108 1110
427 1108 1110
444 1109 1110
198 1109 1110
444 1033 1108
427 1033 1108
444 1033 1111
63 1033 1111
427 445 1110
198 445 1110
427 445 1034
62 445 1034
447 1112 1114
444 1112 1114
447 1113 1114
197 1113 1114
447 1111 1112
444 1111 1112
447 1111 1115
63 1111 1115
446 1114 1116
444 1114 1116
446 1114 1117
197 1114 1117
446 1109 1116
444 1109 1116
446 1109 1118
198 1109 1118
448 449 1119
197 449 1119
74 448 449
446 1117 1119
197 1117 1119
446 448 1119
446 1118 1120
198 1118 1120
446 448 1120
450 1121 1123
441 1121 1123
450 1122 1123
198 1122 1123
450 1105 1121
441 1105 1121
73 450 1105
441 445 1123
198 445 1123
62 441 445
448 1120 1124
198 1120 1124
448 451 1124
74 448 451
450 1122 1124
198 1122 1124
450 451 1124
73 450 451
429 1047 1126
189 1047 1126
429 1125 1126
453 1125 1126
429 1048 1127
64 1048 1127
429 1125 1127
453 1125 1127
452 1126 1129
189 1126 1129
452 1126 1128
453 1126 1128
452 1130 1131
200 1130 1131
452 1128 1130
453 1128 1130
454 1044 1132
189 1044 1132
454 1044 1133
63 1044 1133
452 1129 1132
189 1129 1132
452 1132 1134
454 1132 1134
452 1131 1135
200 1131 1135
452 1134 1135
454 1134 1135
453 1136 1137
199 1136 1137
453 1127 1137
64 1127 1137
455 1136 1138
453 1136 1138
455 1136 1139
199 1136 1139
455 1130 1138
453 1130 1138
455 1130 1140
200 1130 1140
457 1141 1143
456 1141 1143
457 1142 1143
199 1142 1143
457 1141 1145
456 1141 1145
457 1144 1145
75 1144 1145
455 1139 1143
199 1139 1143
455 1143 1146
456 1143 1146
455 1140 1147
200 1140 1147
455 1146 1147
456 1146 1147
197 449 1148
449 459 1148
74 449 1149
449 459 1149
458 1148 1151
197 1148 1151
458 1148 1150
459 1148 1150
458 1152 1153
200 1152 1153
458 1150 1152
459 1150 1152
447 1113 1155
197 1113 1155
447 1154 1155
454 1154 1155
447 1115 1133
63 1115 1133
447 1133 1154
454 1133 1154
454 458 1155
458 1151 1155
197 1151 1155
454 458 1135
458 1135 1153
200 1135 1153
459 460 1156
201 460 1156
459 460 1152
200 460 1152
461 1156 1157
459 1156 1157
461 1156 1158
201 1156 1158
461 1149 1157
459 1149 1157
461 1149 1159
74 1149 1159
456 460 1160
201 460 1160
456 460 1147
200 460 1147
456 462 1160
462 1160 1161
201 1160 1161
456 462 1145
75 462 1145
430 463 1162
202 463 1162
65 430 463
430 464 1162
464 1162 1163
202 1162 1163
430 464 1056
64 464 1056
202 465 1164
76 465 1164
202 463 465
65 463 465
457 1142 1165
199 1142 1165
457 466 1165
457 1144 1166
75 1144 1166
457 466 1166
466 1167 1168
202 1167 1168
466 1165 1168
199 1165 1168
464 1137 1169
199 1137 1169
64 464 1137
464 1163 1168
202 1163 1168
464 1168 1169
199 1168 1169
467 1164 1170
202 1164 1170
467 1164 1171
76 1164 1171
466 1167 1170
202 1167 1170
466 1170 1172
467 1170 1172
466 1166 1173
75 1166 1173
466 1172 1173
467 1172 1173
204 1064 1174
67 1064 1174
204 1064 1175
66 1064 1175
203 1174 1176
67 1174 1176
203 204 1174
203 1177 1178
78 1177 1178
203 204 1177
204 1179 1180
77 1179 1180
204 1175 1180
66 1175 1180
204 1177 1181
78 1177 1181
204 1179 1181
77 1179 1181
195 1074 1183
68 1074 1183
195 1182 1183
206 1182 1183
195 1073 1184
67 1073 1184
195 1182 1184
206 1182 1184
68 205 1183
205 206 1183
79 205 468
205 206 468
469 1178 1185
203 1178 1185
469 1178 1186
78 1178 1186
469 1187 1188
206 1187 1188
469 1185 1188
203 1185 1188
203 1176 1184
67 1176 1184
203 1184 1188
206 1184 1188
469 1189 1190
207 1189 1190
469 1187 1190
206 1187 1190
470 1189 1191
469 1189 1191
470 1189 1192
207 1189 1192
470 1186 1191
469 1186 1191
470 1186 1193
78 1186 1193
207 468 1190
206 468 1190
207 468 471
79 468 471
208 1082 1194
69 1082 1194
208 1082 1195
68 1082 1195
80 208 1196
208 1194 1196
69 1194 1196
79 205 1197
205 208 1197
68 205 1195
205 208 1195
80 208 472
208 472 1197
472 1197 1198
79 1197 1198
70 434 1199
434 473 1199
69 434 1200
434 473 1200
473 1201 1202
81 1201 1202
473 1199 1202
70 1199 1202
473 1196 1203
80 1196 1203
473 1196 1200
69 1196 1200
474 1203 1204
473 1203 1204
474 1203 1205
80 1203 1205
474 1201 1204
473 1201 1204
474 1201 1206
81 1201 1206
71 437 475
70 437 475
475 1207 1208
82 1207 1208
71 475 1208
81 475 1202
70 475 1202
81 475 476
475 476 1207
476 1207 1209
82 1207 1209
440 1100 1210
72 1100 1210
440 477 1210
440 1099 1211
71 1099 1211
440 477 1211
83 477 1212
477 1210 1212
72 1210 1212
82 477 1208
477 1208 1211
71 1208 1211
83 477 1213
82 477 1213
73 443 478
72 443 478
84 478 1214
73 478 1214
83 478 1212
72 478 1212
83 84 478
210 451 1215
74 451 1215
210 451 1216
73 451 1216
209 1215 1217
74 1215 1217
209 210 1215
85 209 1218
209 210 1218
210 1214 1219
84 1214 1219
210 1214 1216
73 1214 1216
211 1219 1220
210 1219 1220
211 1219 1221
84 1219 1221
211 1218 1220
210 1218 1220
211 1218 1222
85 1218 1222
462 1161 1224
201 1161 1224
462 1223 1224
479 1223 1224
75 462 1225
462 1223 1225
479 1223 1225
479 1226 1227
213 1226 1227
479 1224 1227
201 1224 1227
461 1158 1228
201 1158 1228
461 480 1228
461 1159 1229
74 1159 1229
461 480 1229
480 1227 1230
213 1227 1230
480 1227 1228
201 1227 1228
479 1231 1232
212 1231 1232
479 1225 1232
75 1225 1232
479 1226 1233
213 1226 1233
479 1231 1233
212 1231 1233
212 1234 1235
86 1234 1235
212 1233 1234
213 1233 1234
85 209 1237
209 1236 1237
213 1236 1237
209 480 1217
480 1217 1229
74 1217 1229
480 1230 1236
213 1230 1236
209 480 1236
213 214 1237
85 214 1237
213 214 1234
86 214 1234
215 467 1238
467 1171 1238
76 1171 1238
215 467 1239
467 1173 1239
75 1173 1239
87 215 1240
215 1238 1240
76 1238 1240
212 1235 1241
86 1235 1241
212 215 1241
212 1232 1239
75 1232 1239
212 215 1239
87 215 1242
215 1241 1242
86 1241 1242
482 1181 1243
78 1181 1243
482 1181 1244
77 1181 1244
481 1243 1246
78 1243 1246
481 1243 1245
482 1243 1245
481 1247 1248
89 1247 1248
481 1245 1247
482 1245 1247
484 1249 1251
482 1249 1251
484 1250 1251
88 1250 1251
484 1244 1249
482 1244 1249
484 1244 1252
77 1244 1252
482 483 1251
88 483 1251
482 483 1247
89 483 1247
207 471 1253
471 486 1253
79 471 1254
471 486 1254
485 1253 1256
207 1253 1256
485 1253 1255
486 1253 1255
485 1257 1258
217 1257 1258
485 1255 1257
486 1255 1257
470 1192 1260
207 1192 1260
470 1259 1260
487 1259 1260
470 1193 1261
78 1193 1261
470 1259 1261
487 1259 1261
485 1256 1260
207 1256 1260
485 487 1260
485 1258 1262
217 1258 1262
485 487 1262
486 489 1264
489 1263 1264
216 1263 1264
486 489 1254
489 1254 1265
79 1254 1265
488 1264 1266
486 1264 1266
488 1264 1267
216 1264 1267
488 1257 1266
486 1257 1266
217 488 1257
490 491 1268
216 491 1268
490 491 1269
90 491 1269
488 1267 1268
216 1267 1268
488 490 1268
217 488 1270
488 490 1270
481 492 1271
217 492 1271
481 492 1248
89 492 1248
487 1271 1272
481 1271 1272
487 1262 1271
217 1262 1271
487 1246 1272
481 1246 1272
487 1246 1261
78 1246 1261
490 1270 1274
217 1270 1274
490 1273 1274
493 1273 1274
490 1269 1275
90 1269 1275
490 1273 1275
493 1273 1275
217 492 1274
492 493 1274
89 492 1276
492 493 1276
472 494 1277
218 494 1277
80 472 494
495 1277 1278
472 1277 1278
495 1277 1279
218 1277 1279
495 1198 1278
472 1198 1278
495 1198 1280
79 1198 1280
496 1282 1283
218 1282 1283
496 1281 1282
497 1281 1282
496 1284 1285
91 1284 1285
496 1281 1284
497 1281 1284
218 494 1282
494 497 1282
80 494 1286
494 497 1286
216 491 1287
491 499 1287
90 491 1288
491 499 1288
498 1287 1290
216 1287 1290
498 1287 1289
499 1287 1289
498 1291 1292
218 1291 1292
498 1289 1291
499 1289 1291
489 1263 1294
216 1263 1294
489 1293 1294
495 1293 1294
489 1265 1280
79 1265 1280
489 1280 1293
495 1280 1293
495 498 1294
498 1290 1294
216 1290 1294
495 498 1279
498 1279 1292
218 1279 1292
499 500 1296
500 1295 1296
219 1295 1296
499 500 1291
500 1291 1297
218 1291 1297
501 1296 1298
499 1296 1298
501 1296 1299
219 1296 1299
501 1288 1298
499 1288 1298
501 1288 1300
90 1288 1300
500 1301 1302
496 1301 1302
500 1295 1302
219 1295 1302
500 1283 1301
496 1283 1301
500 1283 1297
218 1283 1297
496 502 1302
502 1302 1303
219 1302 1303
496 502 1285
502 1285 1304
91 1285 1304
474 503 1305
220 503 1305
474 503 1206
81 503 1206
504 1305 1306
474 1305 1306
504 1305 1307
220 1305 1307
504 1205 1306
474 1205 1306
504 1205 1308
80 1205 1308
505 1309 1310
220 1309 1310
505 506 1309
505 1311 1312
92 1311 1312
505 506 1311
220 503 1309
503 506 1309
81 503 506
497 507 1314
507 1313 1314
220 1313 1314
497 507 1284
507 1284 1315
91 1284 1315
504 1314 1316
497 1314 1316
504 1307 1314
220 1307 1314
504 1286 1316
497 1286 1316
504 1286 1308
80 1286 1308
508 1317 1319
507 1317 1319
508 1318 1319
221 1318 1319
508 1313 1317
507 1313 1317
508 1313 1320
220 1313 1320
507 509 1319
509 1319 1321
221 1319 1321
507 509 1315
509 1315 1322
91 1315 1322
505 508 1323
508 1318 1323
221 1318 1323
505 508 1310
508 1310 1320
220 1310 1320
510 1323 1324
505 1323 1324
221 510 1323
510 1312 1324
505 1312 1324
510 1312 1325
92 1312 1325
511 1326 1328
476 1326 1328
511 1327 1328
222 1327 1328
511 1209 1326
476 1209 1326
511 1209 1329
82 1209 1329
476 512 1328
222 512 1328
81 476 512
513 1330 1331
222 1330 1331
513 514 1330
93 513 514
511 1327 1330
222 1327 1330
511 1330 1332
514 1330 1332
511 1329 1333
82 1329 1333
511 1332 1333
514 1332 1333
515 1334 1336
506 1334 1336
515 1335 1336
222 1335 1336
515 1311 1334
506 1311 1334
515 1311 1337
92 1311 1337
506 512 1336
222 512 1336
81 506 512
515 516 1339
516 1338 1339
223 1338 1339
515 516 1335
516 1335 1340
222 1335 1340
517 1339 1341
515 1339 1341
517 1339 1342
223 1339 1342
517 1337 1341
515 1337 1341
517 1337 1343
92 1337 1343
516 1344 1345
513 1344 1345
516 1338 1345
223 1338 1345
516 1331 1344
513 1331 1344
516 1331 1340
222 1331 1340
513 1345 1346
223 1345 1346
93 513 1346
83 224 1213
224 1213 1347
82 1213 1347
94 224 1348
83 224 1348
514 1349 1350
224 1349 1350
93 514 1350
514 1347 1349
224 1347 1349
514 1333 1347
82 1333 1347
224 225 1350
225 1350 1351
93 1350 1351
94 224 225
83 84 227
84 226 227
95 226 1352
226 227 1352
227 1348 1353
94 1348 1353
83 227 1348
228 1353 1354
227 1353 1354
228 1353 1355
94 1353 1355
228 1352 1354
227 1352 1354
228 1352 1356
95 1352 1356
211 1222 1357
85 1222 1357
211 230 1357
211 1221 1358
84 1221 1358
211 230 1358
85 229 1357
229 230 1357
96 229 1359
229 230 1359
95 226 1360
226 230 1360
84 226 1358
226 230 1358
231 1360 1361
230 1360 1361
231 1360 1362
95 1360 1362
231 1359 1361
230 1359 1361
231 1359 1363
96 1359 1363
86 214 233
85 214 233
86 232 233
97 232 233
96 229 1364
229 233 1364
85 229 233
233 234 1364
234 1364 1365
96 1364 1365
97 233 234
87 235 1242
86 235 1242
87 98 235
97 232 235
86 232 235
98 235 1366
97 235 1366
89 483 1367
483 518 1367
88 483 1368
483 518 1368
518 1369 1370
100 1369 1370
518 1367 1370
89 1367 1370
518 1371 1372
99 1371 1372
518 1368 1372
88 1368 1372
518 1369 1373
100 1369 1373
518 1371 1373
99 1371 1373
493 1275 1375
90 1275 1375
493 1374 1375
520 1374 1375
493 1276 1376
89 1276 1376
493 1374 1376
520 1374 1376
519 1375 1378
90 1375 1378
519 1375 1377
520 1375 1377
519 1379 1380
101 1379 1380
519 1377 1379
520 1377 1379
520 1370 1381
100 1370 1381
520 1370 1376
89 1370 1376
520 1379 1382
101 1379 1382
520 1381 1382
100 1381 1382
502 1303 1384
219 1303 1384
502 1383 1384
521 1383 1384
502 1304 1385
91 1304 1385
502 1383 1385
521 1383 1385
521 1386 1387
237 1386 1387
521 1384 1387
219 1384 1387
501 1299 1389
219 1299 1389
501 1388 1389
522 1388 1389
501 1300 1390
90 1300 1390
501 1388 1390
522 1388 1390
237 522 1387
522 1387 1389
219 1387 1389
521 1391 1392
236 1391 1392
521 1385 1392
91 1385 1392
521 1386 1393
237 1386 1393
521 1391 1393
236 1391 1393
102 236 1394
236 1393 1394
237 1393 1394
237 519 1395
519 1380 1395
101 1380 1395
237 519 522
519 522 1378
522 1378 1390
90 1378 1390
237 1394 1396
102 1394 1396
237 1395 1396
101 1395 1396
221 510 1397
510 523 1397
510 1325 1398
92 1325 1398
510 523 1398
523 1399 1400
239 1399 1400
523 1397 1400
221 1397 1400
509 1321 1402
221 1321 1402
509 1401 1402
524 1401 1402
509 1322 1403
91 1322 1403
509 1401 1403
524 1401 1403
524 1400 1404
239 1400 1404
524 1400 1402
221 1400 1402
523 1405 1406
238 1405 1406
523 1398 1406
92 1398 1406
523 1399 1407
239 1399 1407
523 1405 1407
238 1405 1407
238 1408 1409
103 1408 1409
238 1407 1408
239 1407 1408
102 236 1411
236 1410 1411
239 1410 1411
524 1392 1412
236 1392 1412
524 1392 1403
91 1392 1403
524 1404 1410
239 1404 1410
524 1410 1412
236 1410 1412
240 1411 1413
239 1411 1413
240 1411 1414
102 1411 1414
240 1408 1413
239 1408 1413
240 1408 1415
103 1408 1415
223 1346 1417
93 1346 1417
223 1416 1417
242 1416 1417
517 1342 1418
223 1342 1418
517 525 1418
517 1343 1419
92 1343 1419
517 525 1419
242 525 1416
525 1416 1418
223 1416 1418
241 1417 1421
93 1417 1421
241 1417 1420
242 1417 1420
241 1422 1423
104 1422 1423
241 1420 1422
242 1420 1422
238 1409 1425
103 1409 1425
238 1424 1425
242 1424 1425
525 1406 1426
238 1406 1426
525 1406 1419
92 1406 1419
242 525 1424
525 1424 1426
238 1424 1426
242 243 1425
103 243 1425
242 243 1422
104 243 1422
94 225 1428
225 1427 1428
245 1427 1428
225 1351 1429
93 1351 1429
225 1427 1429
245 1427 1429
244 1428 1431
94 1428 1431
244 1428 1430
245 1428 1430
244 1432 1433
105 1432 1433
244 1430 1432
245 1430 1432
241 1423 1435
104 1423 1435
241 1434 1435
245 1434 1435
241 1421 1429
93 1421 1429
241 1429 1434
245 1429 1434
245 246 1435
104 246 1435
245 246 1432
105 246 1432
228 1356 1437
95 1356 1437
228 1436 1437
248 1436 1437
228 1355 1438
94 1355 1438
228 1436 1438
248 1436 1438
95 247 1437
247 248 1437
106 247 1439
247 248 1439
244 1433 1440
105 1433 1440
244 248 1440
244 1431 1438
94 1431 1438
244 248 1438
248 249 1440
249 1440 1441
105 1440 1441
248 249 1439
249 1439 1442
106 1439 1442
231 1363 1444
96 1363 1444
231 1443 1444
251 1443 1444
231 1362 1445
95 1362 1445
231 1443 1445
251 1443 1445
250 1444 1446
96 1444 1446
250 251 1444
250 1447 1448
107 1447 1448
250 251 1447
106 247 251
95 247 1445
247 251 1445
106 251 252
251 252 1447
107 252 1447
97 234 1450
234 1449 1450
253 1449 1450
234 1365 1451
96 1365 1451
234 1449 1451
253 1449 1451
253 1452 1453
108 1452 1453
253 1450 1453
97 1450 1453
250 1448 1455
107 1448 1455
250 1454 1455
253 1454 1455
250 1446 1451
96 1446 1451
250 1451 1454
253 1451 1454
526 1452 1456
253 1452 1456
526 1452 1457
108 1452 1457
526 1455 1456
253 1455 1456
526 1455 1458
107 1455 1458
98 527 1366
527 1366 1459
97 1366 1459
527 1460 1461
109 1460 1461
98 527 1461
527 1453 1462
108 1453 1462
527 1453 1459
97 1453 1459
527 528 1462
528 1462 1463
108 1462 1463
527 528 1460
528 1460 1464
109 1460 1464
100 1373 1465
99 1373 1465
100 111 1465
99 110 1465
110 111 1465
101 1382 1466
100 1382 1466
101 112 1466
100 111 1466
111 112 1466
102 1396 1468
101 1396 1468
102 1467 1468
113 1467 1468
101 112 1468
112 113 1468
240 1415 1469
103 1415 1469
240 254 1469
240 1414 1470
102 1414 1470
240 254 1470
114 254 1471
254 1469 1471
103 1469 1471
113 254 1467
254 1467 1470
102 1467 1470
113 114 254
104 243 1472
243 255 1472
103 243 255
255 1473 1474
115 1473 1474
255 1472 1474
104 1472 1474
114 255 1471
103 255 1471
255 1473 1475
115 1473 1475
114 255 1475
105 246 256
104 246 256
116 256 1476
105 256 1476
115 256 1474
104 256 1474
115 116 256
249 1442 1478
106 1442 1478
249 1477 1478
257 1477 1478
249 1441 1479
105 1441 1479
249 1477 1479
257 1477 1479
257 1480 1481
117 1480 1481
257 1478 1481
106 1478 1481
257 1476 1482
116 1476 1482
257 1476 1479
105 1476 1479
257 1480 1483
117 1480 1483
257 1482 1483
116 1482 1483
107 252 1484
252 258 1484
106 252 258
529 1485 1486
258 1485 1486
118 529 1486
529 1484 1485
258 1484 1485
529 1484 1487
107 1484 1487
117 258 1481
106 258 1481
258 1486 1488
118 1486 1488
117 258 1488
526 1457 1489
108 1457 1489
526 531 1489
526 1458 1490
107 1458 1490
526 531 1490
530 1489 1491
108 1489 1491
530 531 1489
119 530 1492
530 531 1492
118 529 1494
529 1493 1494
531 1493 1494
529 1487 1490
107 1487 1490
529 1490 1493
531 1490 1493
532 1494 1495
531 1494 1495
532 1494 1496
118 1494 1496
532 1492 1495
531 1492 1495
532 1492 1497
119 1492 1497
528 1464 1499
109 1464 1499
528 1498 1499
534 1498 1499
528 1463 1500
108 1463 1500
528 1498 1500
534 1498 1500
533 1499 1502
109 1499 1502
533 1499 1501
534 1499 1501
120 533 1503
533 1501 1503
534 1501 1503
119 530 1505
530 1504 1505
534 1504 1505
530 1491 1500
108 1491 1500
530 1500 1504
534 1500 1504
534 535 1505
119 535 1505
534 535 1503
120 535 1503
