ID=1835747
numvertices=21
numsimplices=28
vertices
-1.500000e+00 -1.500000e+00
0.000000e+00 -1.500000e+00
1.500000e+00 -1.500000e+00
-1.500000e+00 0.000000e+00
0.000000e+00 0.000000e+00
1.500000e+00 0.000000e+00
-1.500000e+00 1.500000e+00
0.000000e+00 1.500000e+00
1.500000e+00 1.500000e+00
0.000000e+00 -7.500000e-01
-7.500000e-01 -7.500000e-01
-7.500000e-01 -1.500000e+00
-7.500000e-01 0.000000e+00
-1.500000e+00 -7.500000e-01
7.500000e-01 -7.500000e-01
7.500000e-01 0.000000e+00
0.000000e+00 7.500000e-01
-7.500000e-01 7.500000e-01
1.500000e+00 7.500000e-01
7.500000e-01 7.500000e-01
7.500000e-01 1.500000e+00
simplices
1 10 11
0 10 11
1 9 10
4 9 10
3 10 13
0 10 13
3 10 12
4 10 12
1 2 14
2 5 14
4 9 14
1 9 14
4 14 15
5 14 15
4 12 17
3 12 17
4 16 17
7 16 17
3 6 17
6 7 17
5 15 19
4 15 19
5 18 19
8 18 19
7 16 19
4 16 19
7 19 20
8 19 20
