ID=9362381
numvertices=691
numsimplices=1300
vertices
-1.500000e+00 -1.500000e+00
-1.350000e+00 -1.500000e+00
-1.200000e+00 -1.500000e+00
-1.050000e+00 -1.500000e+00
-9.000000e-01 -1.500000e+00
-7.500000e-01 -1.500000e+00
-6.000000e-01 -1.500000e+00
-4.500000e-01 -1.500000e+00
-3.000000e-01 -1.500000e+00
-1.500000e-01 -1.500000e+00
0.000000e+00 -1.500000e+00
1.500000e-01 -1.500000e+00
3.000000e-01 -1.500000e+00
4.500000e-01 -1.500000e+00
6.000000e-01 -1.500000e+00
7.500000e-01 -1.500000e+00
9.000000e-01 -1.500000e+00
1.050000e+00 -1.500000e+00
1.200000e+00 -1.500000e+00
1.350000e+00 -1.500000e+00
1.500000e+00 -1.500000e+00
-1.500000e+00 -1.350000e+00
-1.350000e+00 -1.350000e+00
-1.200000e+00 -1.350000e+00
-1.050000e+00 -1.350000e+00
-9.000000e-01 -1.350000e+00
-7.500000e-01 -1.350000e+00
-6.000000e-01 -1.350000e+00
-4.500000e-01 -1.350000e+00
-3.000000e-01 -1.350000e+00
-1.500000e-01 -1.350000e+00
0.000000e+00 -1.350000e+00
1.500000e-01 -1.350000e+00
3.000000e-01 -1.350000e+00
4.500000e-01 -1.350000e+00
6.000000e-01 -1.350000e+00
7.500000e-01 -1.350000e+00
9.000000e-01 -1.350000e+00
1.050000e+00 -1.350000e+00
1.200000e+00 -1.350000e+00
1.350000e+00 -1.350000e+00
1.500000e+00 -1.350000e+00
-1.500000e+00 -1.200000e+00
-1.350000e+00 -1.200000e+00
-1.200000e+00 -1.200000e+00
-1.050000e+00 -1.200000e+00
-9.000000e-01 -1.200000e+00
-7.500000e-01 -1.200000e+00
-6.000000e-01 -1.200000e+00
-4.500000e-01 -1.200000e+00
-3.000000e-01 -1.200000e+00
-1.500000e-01 -1.200000e+00
0.000000e+00 -1.200000e+00
1.500000e-01 -1.200000e+00
3.000000e-01 -1.200000e+00
4.500000e-01 -1.200000e+00
6.000000e-01 -1.200000e+00
7.500000e-01 -1.200000e+00
9.000000e-01 -1.200000e+00
1.050000e+00 -1.200000e+00
1.200000e+00 -1.200000e+00
1.350000e+00 -1.200000e+00
1.500000e+00 -1.200000e+00
-1.500000e+00 -1.050000e+00
-1.350000e+00 -1.050000e+00
-1.200000e+00 -1.050000e+00
-1.050000e+00 -1.050000e+00
-9.000000e-01 -1.050000e+00
-7.500000e-01 -1.050000e+00
-6.000000e-01 -1.050000e+00
-4.500000e-01 -1.050000e+00
-3.000000e-01 -1.050000e+00
-1.500000e-01 -1.050000e+00
0.000000e+00 -1.050000e+00
1.500000e-01 -1.050000e+00
3.000000e-01 -1.050000e+00
4.500000e-01 -1.050000e+00
6.000000e-01 -1.050000e+00
7.500000e-01 -1.050000e+00
9.000000e-01 -1.050000e+00
1.050000e+00 -1.050000e+00
1.200000e+00 -1.050000e+00
1.350000e+00 -1.050000e+00
1.500000e+00 -1.050000e+00
-1.500000e+00 -9.000000e-01
-1.350000e+00 -9.000000e-01
-1.200000e+00 -9.000000e-01
-1.050000e+00 -9.000000e-01
-9.000000e-01 -9.000000e-01
-7.500000e-01 -9.000000e-01
-6.000000e-01 -9.000000e-01
-4.500000e-01 -9.000000e-01
-3.000000e-01 -9.000000e-01
-1.500000e-01 -9.000000e-01
0.000000e+00 -9.000000e-01
1.500000e-01 -9.000000e-01
3.000000e-01 -9.000000e-01
4.500000e-01 -9.000000e-01
6.000000e-01 -9.000000e-01
7.500000e-01 -9.000000e-01
9.000000e-01 -9.000000e-01
1.050000e+00 -9.000000e-01
1.200000e+00 -9.000000e-01
1.350000e+00 -9.000000e-01
1.500000e+00 -9.000000e-01
-1.500000e+00 -7.500000e-01
-1.350000e+00 -7.500000e-01
-1.200000e+00 -7.500000e-01
-1.050000e+00 -7.500000e-01
-9.000000e-01 -7.500000e-01
-7.500000e-01 -7.500000e-01
-6.000000e-01 -7.500000e-01
-4.500000e-01 -7.500000e-01
-3.000000e-01 -7.500000e-01
-1.500000e-01 -7.500000e-01
0.000000e+00 -7.500000e-01
1.500000e-01 -7.500000e-01
3.000000e-01 -7.500000e-01
4.500000e-01 -7.500000e-01
6.000000e-01 -7.500000e-01
7.500000e-01 -7.500000e-01
9.000000e-01 -7.500000e-01
1.050000e+00 -7.500000e-01
1.200000e+00 -7.500000e-01
1.350000e+00 -7.500000e-01
1.500000e+00 -7.500000e-01
-1.500000e+00 -6.000000e-01
-1.350000e+00 -6.000000e-01
-1.200000e+00 -6.000000e-01
-1.050000e+00 -6.000000e-01
-9.000000e-01 -6.000000e-01
-7.500000e-01 -6.000000e-01
-6.000000e-01 -6.000000e-01
-4.500000e-01 -6.000000e-01
-3.000000e-01 -6.000000e-01
-1.500000e-01 -6.000000e-01
0.000000e+00 -6.000000e-01
1.500000e-01 -6.000000e-01
3.000000e-01 -6.000000e-01
4.500000e-01 -6.000000e-01
6.000000e-01 -6.000000e-01
7.500000e-01 -6.000000e-01
9.000000e-01 -6.000000e-01
1.050000e+00 -6.000000e-01
1.200000e+00 -6.000000e-01
1.350000e+00 -6.000000e-01
1.500000e+00 -6.000000e-01
-1.500000e+00 -4.500000e-01
-1.350000e+00 -4.500000e-01
-1.200000e+00 -4.500000e-01
-1.050000e+00 -4.500000e-01
-9.000000e-01 -4.500000e-01
-7.500000e-01 -4.500000e-01
-6.000000e-01 -4.500000e-01
-4.500000e-01 -4.500000e-01
-3.000000e-01 -4.500000e-01
-1.500000e-01 -4.500000e-01
0.000000e+00 -4.500000e-01
1.500000e-01 -4.500000e-01
3.000000e-01 -4.500000e-01
4.500000e-01 -4.500000e-01
6.000000e-01 -4.500000e-01
7.500000e-01 -4.500000e-01
9.000000e-01 -4.500000e-01
1.050000e+00 -4.500000e-01
1.200000e+00 -4.500000e-01
1.350000e+00 -4.500000e-01
1.500000e+00 -4.500000e-01
-1.500000e+00 -3.000000e-01
-1.350000e+00 -3.000000e-01
-1.200000e+00 -3.000000e-01
-1.050000e+00 -3.000000e-01
-9.000000e-01 -3.000000e-01
-7.500000e-01 -3.000000e-01
-6.000000e-01 -3.000000e-01
-4.500000e-01 -3.000000e-01
-3.000000e-01 -3.000000e-01
-1.500000e-01 -3.000000e-01
0.000000e+00 -3.000000e-01
1.500000e-01 -3.000000e-01
3.000000e-01 -3.000000e-01
4.500000e-01 -3.000000e-01
6.000000e-01 -3.000000e-01
7.500000e-01 -3.000000e-01
9.000000e-01 -3.000000e-01
1.050000e+00 -3.000000e-01
1.200000e+00 -3.000000e-01
1.350000e+00 -3.000000e-01
1.500000e+00 -3.000000e-01
-1.500000e+00 -1.500000e-01
-1.350000e+00 -1.500000e-01
-1.200000e+00 -1.500000e-01
-1.050000e+00 -1.500000e-01
-9.000000e-01 -1.500000e-01
-7.500000e-01 -1.500000e-01
-6.000000e-01 -1.500000e-01
-4.500000e-01 -1.500000e-01
-3.000000e-01 -1.500000e-01
-1.500000e-01 -1.500000e-01
0.000000e+00 -1.500000e-01
1.500000e-01 -1.500000e-01
3.000000e-01 -1.500000e-01
4.500000e-01 -1.500000e-01
6.000000e-01 -1.500000e-01
7.500000e-01 -1.500000e-01
9.000000e-01 -1.500000e-01
1.050000e+00 -1.500000e-01
1.200000e+00 -1.500000e-01
1.350000e+00 -1.500000e-01
1.500000e+00 -1.500000e-01
-1.500000e+00 0.000000e+00
-1.350000e+00 0.000000e+00
-1.200000e+00 0.000000e+00
-1.050000e+00 0.000000e+00
-9.000000e-01 0.000000e+00
-7.500000e-01 0.000000e+00
-6.000000e-01 0.000000e+00
-4.500000e-01 0.000000e+00
-3.000000e-01 0.000000e+00
-1.500000e-01 0.000000e+00
0.000000e+00 0.000000e+00
1.500000e-01 0.000000e+00
3.000000e-01 0.000000e+00
4.500000e-01 0.000000e+00
6.000000e-01 0.000000e+00
7.500000e-01 0.000000e+00
9.000000e-01 0.000000e+00
1.050000e+00 0.000000e+00
1.200000e+00 0.000000e+00
1.350000e+00 0.000000e+00
1.500000e+00 0.000000e+00
-1.500000e+00 1.500000e-01
-1.350000e+00 1.500000e-01
-1.200000e+00 1.500000e-01
-1.050000e+00 1.500000e-01
-9.000000e-01 1.500000e-01
-7.500000e-01 1.500000e-01
-6.000000e-01 1.500000e-01
-4.500000e-01 1.500000e-01
-3.000000e-01 1.500000e-01
-1.500000e-01 1.500000e-01
0.000000e+00 1.500000e-01
1.500000e-01 1.500000e-01
3.000000e-01 1.500000e-01
4.500000e-01 1.500000e-01
6.000000e-01 1.500000e-01
7.500000e-01 1.500000e-01
9.000000e-01 1.500000e-01
1.050000e+00 1.500000e-01
1.200000e+00 1.500000e-01
1.350000e+00 1.500000e-01
1.500000e+00 1.500000e-01
-1.500000e+00 3.000000e-01
-1.350000e+00 3.000000e-01
-1.200000e+00 3.000000e-01
-1.050000e+00 3.000000e-01
-9.000000e-01 3.000000e-01
-7.500000e-01 3.000000e-01
-6.000000e-01 3.000000e-01
-4.500000e-01 3.000000e-01
-3.000000e-01 3.000000e-01
-1.500000e-01 3.000000e-01
0.000000e+00 3.000000e-01
1.500000e-01 3.000000e-01
3.000000e-01 3.000000e-01
4.500000e-01 3.000000e-01
6.000000e-01 3.000000e-01
7.500000e-01 3.000000e-01
9.000000e-01 3.000000e-01
1.050000e+00 3.000000e-01
1.200000e+00 3.000000e-01
1.350000e+00 3.000000e-01
1.500000e+00 3.000000e-01
-1.500000e+00 4.500000e-01
-1.350000e+00 4.500000e-01
-1.200000e+00 4.500000e-01
-1.050000e+00 4.500000e-01
-9.000000e-01 4.500000e-01
-7.500000e-01 4.500000e-01
-6.000000e-01 4.500000e-01
-4.500000e-01 4.500000e-01
-3.000000e-01 4.500000e-01
-1.500000e-01 4.500000e-01
0.000000e+00 4.500000e-01
1.500000e-01 4.500000e-01
3.000000e-01 4.500000e-01
4.500000e-01 4.500000e-01
6.000000e-01 4.500000e-01
7.500000e-01 4.500000e-01
9.000000e-01 4.500000e-01
1.050000e+00 4.500000e-01
1.200000e+00 4.500000e-01
1.350000e+00 4.500000e-01
1.500000e+00 4.500000e-01
-1.500000e+00 6.000000e-01
-1.350000e+00 6.000000e-01
-1.200000e+00 6.000000e-01
-1.050000e+00 6.000000e-01
-9.000000e-01 6.000000e-01
-7.500000e-01 6.000000e-01
-6.000000e-01 6.000000e-01
-4.500000e-01 6.000000e-01
-3.000000e-01 6.000000e-01
-1.500000e-01 6.000000e-01
0.000000e+00 6.000000e-01
1.500000e-01 6.000000e-01
3.000000e-01 6.000000e-01
4.500000e-01 6.000000e-01
6.000000e-01 6.000000e-01
7.500000e-01 6.000000e-01
9.000000e-01 6.000000e-01
1.050000e+00 6.000000e-01
1.200000e+00 6.000000e-01
1.350000e+00 6.000000e-01
1.500000e+00 6.000000e-01
-1.500000e+00 7.500000e-01
-1.350000e+00 7.500000e-01
-1.200000e+00 7.500000e-01
-1.050000e+00 7.500000e-01
-9.000000e-01 7.500000e-01
-7.500000e-01 7.500000e-01
-6.000000e-01 7.500000e-01
-4.500000e-01 7.500000e-01
-3.000000e-01 7.500000e-01
-1.500000e-01 7.500000e-01
0.000000e+00 7.500000e-01
1.500000e-01 7.500000e-01
3.000000e-01 7.500000e-01
4.500000e-01 7.500000e-01
6.000000e-01 7.500000e-01
7.500000e-01 7.500000e-01
9.000000e-01 7.500000e-01
1.050000e+00 7.500000e-01
1.200000e+00 7.500000e-01
1.350000e+00 7.500000e-01
1.500000e+00 7.500000e-01
-1.500000e+00 9.000000e-01
-1.350000e+00 9.000000e-01
-1.200000e+00 9.000000e-01
-1.050000e+00 9.000000e-01
-9.000000e-01 9.000000e-01
-7.500000e-01 9.000000e-01
-6.000000e-01 9.000000e-01
-4.500000e-01 9.000000e-01
-3.000000e-01 9.000000e-01
-1.500000e-01 9.000000e-01
0.000000e+00 9.000000e-01
1.500000e-01 9.000000e-01
3.000000e-01 9.000000e-01
4.500000e-01 9.000000e-01
6.000000e-01 9.000000e-01
7.500000e-01 9.000000e-01
9.000000e-01 9.000000e-01
1.050000e+00 9.000000e-01
1.200000e+00 9.000000e-01
1.350000e+00 9.000000e-01
1.500000e+00 9.000000e-01
-1.500000e+00 1.050000e+00
-1.350000e+00 1.050000e+00
-1.200000e+00 1.050000e+00
-1.050000e+00 1.050000e+00
-9.000000e-01 1.050000e+00
-7.500000e-01 1.050000e+00
-6.000000e-01 1.050000e+00
-4.500000e-01 1.050000e+00
-3.000000e-01 1.050000e+00
-1.500000e-01 1.050000e+00
0.000000e+00 1.050000e+00
1.500000e-01 1.050000e+00
3.000000e-01 1.050000e+00
4.500000e-01 1.050000e+00
6.000000e-01 1.050000e+00
7.500000e-01 1.050000e+00
9.000000e-01 1.050000e+00
1.050000e+00 1.050000e+00
1.200000e+00 1.050000e+00
1.350000e+00 1.050000e+00
1.500000e+00 1.050000e+00
-1.500000e+00 1.200000e+00
-1.350000e+00 1.200000e+00
-1.200000e+00 1.200000e+00
-1.050000e+00 1.200000e+00
-9.000000e-01 1.200000e+00
-7.500000e-01 1.200000e+00
-6.000000e-01 1.200000e+00
-4.500000e-01 1.200000e+00
-3.000000e-01 1.200000e+00
-1.500000e-01 1.200000e+00
0.000000e+00 1.200000e+00
1.500000e-01 1.200000e+00
3.000000e-01 1.200000e+00
4.500000e-01 1.200000e+00
6.000000e-01 1.200000e+00
7.500000e-01 1.200000e+00
9.000000e-01 1.200000e+00
1.050000e+00 1.200000e+00
1.200000e+00 1.200000e+00
1.350000e+00 1.200000e+00
1.500000e+00 1.200000e+00
-1.500000e+00 1.350000e+00
-1.350000e+00 1.350000e+00
-1.200000e+00 1.350000e+00
-1.050000e+00 1.350000e+00
-9.000000e-01 1.350000e+00
-7.500000e-01 1.350000e+00
-6.000000e-01 1.350000e+00
-4.500000e-01 1.350000e+00
-3.000000e-01 1.350000e+00
-1.500000e-01 1.350000e+00
0.000000e+00 1.350000e+00
1.500000e-01 1.350000e+00
3.000000e-01 1.350000e+00
4.500000e-01 1.350000e+00
6.000000e-01 1.350000e+00
7.500000e-01 1.350000e+00
9.000000e-01 1.350000e+00
1.050000e+00 1.350000e+00
1.200000e+00 1.350000e+00
1.350000e+00 1.350000e+00
1.500000e+00 1.350000e+00
-1.500000e+00 1.500000e+00
-1.350000e+00 1.500000e+00
-1.200000e+00 1.500000e+00
-1.050000e+00 1.500000e+00
-9.000000e-01 1.500000e+00
-7.500000e-01 1.500000e+00
-6.000000e-01 1.500000e+00
-4.500000e-01 1.500000e+00
-3.000000e-01 1.500000e+00
-1.500000e-01 1.500000e+00
0.000000e+00 1.500000e+00
1.500000e-01 1.500000e+00
3.000000e-01 1.500000e+00
4.500000e-01 1.500000e+00
6.000000e-01 1.500000e+00
7.500000e-01 1.500000e+00
9.000000e-01 1.500000e+00
1.050000e+00 1.500000e+00
1.200000e+00 1.500000e+00
1.350000e+00 1.500000e+00
1.500000e+00 1.500000e+00
-7.500000e-02 -1.275000e+00
-7.500000e-02 -1.200000e+00
-5.250000e-01 -1.125000e+00
-5.250000e-01 -1.050000e+00
-3.750000e-01 -1.125000e+00
-3.750000e-01 -1.050000e+00
-1.500000e-01 -1.125000e+00
-2.250000e-01 -1.125000e+00
-2.250000e-01 -1.050000e+00
0.000000e+00 -1.125000e+00
-7.500000e-02 -1.125000e+00
-7.500000e-02 -1.050000e+00
7.500000e-02 -1.125000e+00
7.500000e-02 -1.050000e+00
2.250000e-01 -1.125000e+00
2.250000e-01 -1.050000e+00
3.750000e-01 -1.125000e+00
3.750000e-01 -1.050000e+00
-6.000000e-01 -9.750000e-01
-6.750000e-01 -9.750000e-01
-6.750000e-01 -9.000000e-01
-4.500000e-01 -9.750000e-01
-5.250000e-01 -9.750000e-01
-5.250000e-01 -9.000000e-01
-3.000000e-01 -9.750000e-01
-3.750000e-01 -9.750000e-01
-3.750000e-01 -9.000000e-01
-1.500000e-01 -9.750000e-01
-2.250000e-01 -9.750000e-01
-2.250000e-01 -9.000000e-01
0.000000e+00 -9.750000e-01
-7.500000e-02 -9.750000e-01
-7.500000e-02 -9.000000e-01
1.500000e-01 -9.750000e-01
7.500000e-02 -9.750000e-01
3.000000e-01 -9.750000e-01
2.250000e-01 -9.750000e-01
2.250000e-01 -9.000000e-01
4.500000e-01 -9.750000e-01
3.750000e-01 -9.750000e-01
3.750000e-01 -9.000000e-01
5.250000e-01 -9.750000e-01
5.250000e-01 -9.000000e-01
-7.500000e-01 -8.250000e-01
-8.250000e-01 -8.250000e-01
-8.250000e-01 -7.500000e-01
-6.000000e-01 -8.250000e-01
-6.750000e-01 -8.250000e-01
-6.750000e-01 -7.500000e-01
-4.500000e-01 -8.250000e-01
-5.250000e-01 -8.250000e-01
-5.250000e-01 -7.500000e-01
-3.750000e-01 -8.250000e-01
-2.250000e-01 -8.250000e-01
-7.500000e-02 -8.250000e-01
2.250000e-01 -8.250000e-01
3.750000e-01 -8.250000e-01
6.000000e-01 -8.250000e-01
5.250000e-01 -8.250000e-01
6.750000e-01 -8.250000e-01
6.750000e-01 -7.500000e-01
-9.000000e-01 -6.750000e-01
-9.750000e-01 -6.750000e-01
-9.750000e-01 -6.000000e-01
-7.500000e-01 -6.750000e-01
-8.250000e-01 -6.750000e-01
-8.250000e-01 -6.000000e-01
-6.000000e-01 -6.750000e-01
-6.750000e-01 -6.750000e-01
-6.750000e-01 -6.000000e-01
-5.250000e-01 -6.750000e-01
7.500000e-01 -6.750000e-01
6.750000e-01 -6.750000e-01
8.250000e-01 -6.750000e-01
8.250000e-01 -6.000000e-01
-1.050000e+00 -5.250000e-01
-1.125000e+00 -5.250000e-01
-9.000000e-01 -5.250000e-01
-9.750000e-01 -5.250000e-01
-9.750000e-01 -4.500000e-01
-7.500000e-01 -5.250000e-01
-8.250000e-01 -5.250000e-01
-8.250000e-01 -4.500000e-01
-6.750000e-01 -5.250000e-01
9.000000e-01 -5.250000e-01
8.250000e-01 -5.250000e-01
9.750000e-01 -5.250000e-01
9.750000e-01 -4.500000e-01
-1.050000e+00 -3.750000e-01
-1.125000e+00 -3.750000e-01
-9.000000e-01 -3.750000e-01
-9.750000e-01 -3.750000e-01
-9.750000e-01 -3.000000e-01
-8.250000e-01 -3.750000e-01
9.000000e-01 -3.750000e-01
8.250000e-01 -3.750000e-01
1.050000e+00 -3.750000e-01
9.750000e-01 -3.750000e-01
9.750000e-01 -3.000000e-01
1.125000e+00 -3.750000e-01
-1.050000e+00 -2.250000e-01
-1.125000e+00 -2.250000e-01
-1.125000e+00 -1.500000e-01
-9.000000e-01 -2.250000e-01
-9.750000e-01 -2.250000e-01
-9.750000e-01 -1.500000e-01
-8.250000e-01 -2.250000e-01
9.000000e-01 -2.250000e-01
8.250000e-01 -2.250000e-01
1.050000e+00 -2.250000e-01
9.750000e-01 -2.250000e-01
9.750000e-01 -1.500000e-01
1.125000e+00 -2.250000e-01
-1.200000e+00 -7.500000e-02
-1.275000e+00 -7.500000e-02
-1.050000e+00 -7.500000e-02
-1.125000e+00 -7.500000e-02
-1.125000e+00 0.000000e+00
-9.000000e-01 -7.500000e-02
-9.750000e-01 -7.500000e-02
-9.750000e-01 0.000000e+00
-8.250000e-01 -7.500000e-02
1.050000e+00 -7.500000e-02
9.750000e-01 -7.500000e-02
9.750000e-01 0.000000e+00
1.125000e+00 -7.500000e-02
1.125000e+00 0.000000e+00
-1.050000e+00 7.500000e-02
-1.125000e+00 7.500000e-02
-9.750000e-01 7.500000e-02
-9.750000e-01 1.500000e-01
9.000000e-01 7.500000e-02
8.250000e-01 7.500000e-02
1.050000e+00 7.500000e-02
9.750000e-01 7.500000e-02
9.750000e-01 1.500000e-01
1.200000e+00 7.500000e-02
1.125000e+00 7.500000e-02
1.125000e+00 1.500000e-01
1.275000e+00 7.500000e-02
-1.050000e+00 2.250000e-01
-1.125000e+00 2.250000e-01
-9.000000e-01 2.250000e-01
-9.750000e-01 2.250000e-01
-9.750000e-01 3.000000e-01
-8.250000e-01 2.250000e-01
9.000000e-01 2.250000e-01
8.250000e-01 2.250000e-01
1.050000e+00 2.250000e-01
9.750000e-01 2.250000e-01
9.750000e-01 3.000000e-01
1.125000e+00 2.250000e-01
-1.050000e+00 3.750000e-01
-1.125000e+00 3.750000e-01
-9.000000e-01 3.750000e-01
-9.750000e-01 3.750000e-01
-9.750000e-01 4.500000e-01
-8.250000e-01 3.750000e-01
9.000000e-01 3.750000e-01
8.250000e-01 3.750000e-01
8.250000e-01 4.500000e-01
1.050000e+00 3.750000e-01
9.750000e-01 3.750000e-01
9.750000e-01 4.500000e-01
1.125000e+00 3.750000e-01
-9.000000e-01 5.250000e-01
-9.750000e-01 5.250000e-01
-8.250000e-01 5.250000e-01
-8.250000e-01 6.000000e-01
7.500000e-01 5.250000e-01
6.750000e-01 5.250000e-01
6.750000e-01 6.000000e-01
9.000000e-01 5.250000e-01
8.250000e-01 5.250000e-01
8.250000e-01 6.000000e-01
1.050000e+00 5.250000e-01
9.750000e-01 5.250000e-01
9.750000e-01 6.000000e-01
1.125000e+00 5.250000e-01
-7.500000e-01 6.750000e-01
-8.250000e-01 6.750000e-01
-6.750000e-01 6.750000e-01
-6.750000e-01 7.500000e-01
6.000000e-01 6.750000e-01
5.250000e-01 6.750000e-01
5.250000e-01 7.500000e-01
7.500000e-01 6.750000e-01
6.750000e-01 6.750000e-01
6.750000e-01 7.500000e-01
9.000000e-01 6.750000e-01
8.250000e-01 6.750000e-01
8.250000e-01 7.500000e-01
9.750000e-01 6.750000e-01
-6.000000e-01 8.250000e-01
-6.750000e-01 8.250000e-01
-5.250000e-01 8.250000e-01
-5.250000e-01 9.000000e-01
-3.750000e-01 8.250000e-01
-3.750000e-01 9.000000e-01
-2.250000e-01 8.250000e-01
-2.250000e-01 9.000000e-01
7.500000e-02 8.250000e-01
7.500000e-02 9.000000e-01
2.250000e-01 8.250000e-01
2.250000e-01 9.000000e-01
4.500000e-01 8.250000e-01
3.750000e-01 8.250000e-01
3.750000e-01 9.000000e-01
6.000000e-01 8.250000e-01
5.250000e-01 8.250000e-01
5.250000e-01 9.000000e-01
7.500000e-01 8.250000e-01
6.750000e-01 8.250000e-01
6.750000e-01 9.000000e-01
8.250000e-01 8.250000e-01
-4.500000e-01 9.750000e-01
-5.250000e-01 9.750000e-01
-3.000000e-01 9.750000e-01
-3.750000e-01 9.750000e-01
-3.750000e-01 1.050000e+00
-1.500000e-01 9.750000e-01
-2.250000e-01 9.750000e-01
-2.250000e-01 1.050000e+00
0.000000e+00 9.750000e-01
-7.500000e-02 9.750000e-01
-7.500000e-02 1.050000e+00
1.500000e-01 9.750000e-01
7.500000e-02 9.750000e-01
7.500000e-02 1.050000e+00
3.000000e-01 9.750000e-01
2.250000e-01 9.750000e-01
2.250000e-01 1.050000e+00
4.500000e-01 9.750000e-01
3.750000e-01 9.750000e-01
3.750000e-01 1.050000e+00
6.000000e-01 9.750000e-01
5.250000e-01 9.750000e-01
5.250000e-01 1.050000e+00
6.750000e-01 9.750000e-01
-3.750000e-01 1.125000e+00
-2.250000e-01 1.125000e+00
0.000000e+00 1.125000e+00
-7.500000e-02 1.125000e+00
1.500000e-01 1.125000e+00
7.500000e-02 1.125000e+00
7.500000e-02 1.200000e+00
2.250000e-01 1.125000e+00
3.750000e-01 1.125000e+00
5.250000e-01 1.125000e+00
7.500000e-02 1.275000e+00
simplices
0 1 22
0 21 22
1 2 23
1 22 23
2 3 24
2 23 24
3 4 25
3 24 25
4 5 26
4 25 26
5 6 27
5 26 27
6 7 28
6 27 28
7 8 29
7 28 29
8 9 30
8 29 30
9 10 31
9 30 31
10 11 32
10 31 32
11 12 33
11 32 33
12 13 34
12 33 34
13 14 35
13 34 35
14 15 36
14 35 36
15 16 37
15 36 37
16 17 38
16 37 38
17 18 39
17 38 39
18 19 40
18 39 40
19 20 41
19 40 41
21 22 43
21 42 43
22 23 44
22 43 44
23 24 45
23 44 45
24 25 46
24 45 46
25 26 47
25 46 47
26 27 48
26 47 48
27 28 49
27 48 49
28 29 50
28 49 50
29 30 51
29 50 51
30 31 441
31 52 441
30 51 441
51 441 442
52 441 442
31 32 53
31 52 53
32 33 54
32 53 54
33 34 55
33 54 55
34 35 56
34 55 56
35 36 57
35 56 57
36 37 58
36 57 58
37 38 59
37 58 59
38 39 60
38 59 60
39 40 61
39 60 61
40 41 62
40 61 62
42 43 64
42 63 64
43 44 65
43 64 65
44 45 66
44 65 66
45 46 67
45 66 67
46 47 68
46 67 68
47 48 69
47 68 69
48 49 443
49 70 443
48 69 443
69 443 444
70 443 444
49 50 445
50 71 445
49 70 445
70 445 446
71 445 446
50 51 448
51 447 448
72 447 448
50 71 448
71 448 449
72 448 449
52 442 451
51 442 451
52 450 451
73 450 451
72 447 451
51 447 451
72 451 452
73 451 452
52 53 453
53 74 453
73 450 453
52 450 453
73 453 454
74 453 454
53 54 455
54 75 455
53 74 455
74 455 456
75 455 456
54 55 457
55 76 457
54 75 457
75 457 458
76 457 458
55 56 77
55 76 77
56 57 78
56 77 78
57 58 79
57 78 79
58 59 80
58 79 80
59 60 81
59 80 81
60 61 82
60 81 82
61 62 83
61 82 83
63 64 85
63 84 85
64 65 86
64 85 86
65 66 87
65 86 87
66 67 88
66 87 88
67 68 89
67 88 89
68 69 460
69 459 460
90 459 460
68 89 460
89 460 461
90 460 461
70 444 463
69 444 463
70 462 463
91 462 463
90 459 463
69 459 463
90 463 464
91 463 464
71 446 466
70 446 466
71 465 466
92 465 466
91 462 466
70 462 466
91 466 467
92 466 467
72 449 469
71 449 469
72 468 469
93 468 469
92 465 469
71 465 469
92 469 470
93 469 470
73 452 472
72 452 472
73 471 472
94 471 472
93 468 472
72 468 472
93 472 473
94 472 473
74 454 475
73 454 475
74 474 475
95 474 475
94 471 475
73 471 475
94 95 475
75 456 477
74 456 477
75 476 477
96 476 477
95 474 477
74 474 477
95 477 478
96 477 478
76 458 480
75 458 480
76 479 480
97 479 480
96 476 480
75 476 480
96 480 481
97 480 481
76 77 482
77 98 482
97 479 482
76 479 482
97 482 483
98 482 483
77 78 99
77 98 99
78 79 100
78 99 100
79 80 101
79 100 101
80 81 102
80 101 102
81 82 103
81 102 103
82 83 104
82 103 104
84 85 106
84 105 106
85 86 107
85 106 107
86 87 108
86 107 108
87 88 109
87 108 109
88 89 485
89 484 485
110 484 485
88 109 485
109 485 486
110 485 486
90 461 488
89 461 488
90 487 488
111 487 488
110 484 488
89 484 488
110 488 489
111 488 489
91 464 491
90 464 491
91 490 491
112 490 491
111 487 491
90 487 491
111 491 492
112 491 492
92 467 493
91 467 493
92 113 493
112 490 493
91 490 493
112 113 493
93 470 494
92 470 494
93 114 494
92 113 494
113 114 494
94 473 495
93 473 495
94 115 495
93 114 495
114 115 495
94 95 116
94 115 116
96 478 496
95 478 496
96 117 496
95 116 496
116 117 496
97 481 497
96 481 497
97 118 497
96 117 497
117 118 497
98 483 499
97 483 499
98 498 499
119 498 499
97 118 499
118 119 499
98 99 500
99 120 500
119 498 500
98 498 500
119 500 501
120 500 501
99 100 121
99 120 121
100 101 122
100 121 122
101 102 123
101 122 123
102 103 124
102 123 124
103 104 125
103 124 125
105 106 127
105 126 127
106 107 128
106 127 128
107 108 129
107 128 129
108 109 503
109 502 503
130 502 503
108 129 503
129 503 504
130 503 504
110 486 506
109 486 506
110 505 506
131 505 506
130 502 506
109 502 506
130 506 507
131 506 507
111 489 509
110 489 509
111 508 509
132 508 509
131 505 509
110 505 509
131 509 510
132 509 510
112 492 511
111 492 511
112 133 511
132 508 511
111 508 511
132 133 511
112 113 134
112 133 134
113 114 135
113 134 135
114 115 136
114 135 136
115 116 137
115 136 137
116 117 138
116 137 138
117 118 139
117 138 139
118 119 140
118 139 140
120 501 513
119 501 513
120 512 513
141 512 513
119 140 513
140 141 513
120 121 514
121 142 514
141 512 514
120 512 514
141 514 515
142 514 515
121 122 143
121 142 143
122 123 144
122 143 144
123 124 145
123 144 145
124 125 146
124 145 146
126 127 148
126 147 148
127 128 149
127 148 149
128 129 517
129 516 517
150 516 517
128 149 517
149 150 517
130 504 519
129 504 519
130 518 519
151 518 519
150 516 519
129 516 519
150 519 520
151 519 520
131 507 522
130 507 522
131 521 522
152 521 522
151 518 522
130 518 522
151 522 523
152 522 523
132 510 524
131 510 524
132 153 524
152 521 524
131 521 524
152 153 524
132 133 154
132 153 154
133 134 155
133 154 155
134 135 156
134 155 156
135 136 157
135 156 157
136 137 158
136 157 158
137 138 159
137 158 159
138 139 160
138 159 160
139 140 161
139 160 161
140 141 162
140 161 162
142 515 526
141 515 526
142 525 526
163 525 526
141 162 526
162 163 526
142 143 527
143 164 527
163 525 527
142 525 527
163 527 528
164 527 528
143 144 165
143 164 165
144 145 166
144 165 166
145 146 167
145 166 167
147 148 169
147 168 169
148 149 170
148 169 170
149 150 530
150 529 530
171 529 530
149 170 530
170 171 530
151 520 532
150 520 532
151 531 532
172 531 532
171 529 532
150 529 532
171 532 533
172 532 533
152 523 534
151 523 534
152 173 534
172 531 534
151 531 534
172 173 534
152 153 174
152 173 174
153 154 175
153 174 175
154 155 176
154 175 176
155 156 177
155 176 177
156 157 178
156 177 178
157 158 179
157 178 179
158 159 180
158 179 180
159 160 181
159 180 181
160 161 182
160 181 182
161 162 183
161 182 183
162 163 536
163 535 536
184 535 536
162 183 536
183 184 536
164 528 538
163 528 538
164 537 538
185 537 538
184 535 538
163 535 538
184 538 539
185 538 539
164 165 540
165 186 540
185 537 540
164 537 540
185 186 540
165 166 187
165 186 187
166 167 188
166 187 188
168 169 190
168 189 190
169 170 191
169 190 191
170 171 542
171 541 542
192 541 542
170 191 542
191 542 543
192 542 543
172 533 545
171 533 545
172 544 545
193 544 545
192 541 545
171 541 545
192 545 546
193 545 546
172 173 547
173 194 547
193 544 547
172 544 547
193 194 547
173 174 195
173 194 195
174 175 196
174 195 196
175 176 197
175 196 197
176 177 198
176 197 198
177 178 199
177 198 199
178 179 200
178 199 200
179 180 201
179 200 201
180 181 202
180 201 202
181 182 203
181 202 203
182 183 204
182 203 204
183 184 549
184 548 549
205 548 549
183 204 549
204 205 549
185 539 551
184 539 551
185 550 551
206 550 551
205 548 551
184 548 551
205 551 552
206 551 552
185 186 553
186 207 553
206 550 553
185 550 553
206 207 553
186 187 208
186 207 208
187 188 209
187 208 209
189 190 211
189 210 211
190 191 555
191 554 555
212 554 555
190 211 555
211 212 555
192 543 557
191 543 557
192 556 557
213 556 557
212 554 557
191 554 557
212 557 558
213 557 558
193 546 560
192 546 560
193 559 560
214 559 560
213 556 560
192 556 560
213 560 561
214 560 561
193 194 562
194 215 562
214 559 562
193 559 562
214 215 562
194 195 216
194 215 216
195 196 217
195 216 217
196 197 218
196 217 218
197 198 219
197 218 219
198 199 220
198 219 220
199 200 221
199 220 221
200 201 222
200 221 222
201 202 223
201 222 223
202 203 224
202 223 224
203 204 225
203 224 225
204 205 226
204 225 226
206 552 564
205 552 564
206 563 564
227 563 564
205 226 564
226 564 565
227 564 565
206 207 566
207 228 566
227 563 566
206 563 566
227 566 567
228 566 567
207 208 229
207 228 229
208 209 230
208 229 230
210 211 232
210 231 232
211 212 233
211 232 233
213 558 569
212 558 569
213 568 569
234 568 569
212 233 569
233 234 569
214 561 570
213 561 570
214 235 570
234 568 570
213 568 570
234 570 571
235 570 571
214 215 236
214 235 236
215 216 237
215 236 237
216 217 238
216 237 238
217 218 239
217 238 239
218 219 240
218 239 240
219 220 241
219 240 241
220 221 242
220 241 242
221 222 243
221 242 243
222 223 244
222 243 244
223 224 245
223 244 245
224 225 246
224 245 246
225 226 573
226 572 573
247 572 573
225 246 573
246 247 573
227 565 575
226 565 575
227 574 575
248 574 575
247 572 575
226 572 575
247 575 576
248 575 576
228 567 578
227 567 578
228 577 578
249 577 578
248 574 578
227 574 578
248 578 579
249 578 579
228 229 580
229 250 580
249 577 580
228 577 580
249 250 580
229 230 251
229 250 251
231 232 253
231 252 253
232 233 254
232 253 254
233 234 582
234 581 582
255 581 582
233 254 582
254 255 582
235 571 584
234 571 584
235 583 584
256 583 584
255 581 584
234 581 584
255 584 585
256 584 585
235 236 586
236 257 586
256 583 586
235 583 586
256 257 586
236 237 258
236 257 258
237 238 259
237 258 259
238 239 260
238 259 260
239 240 261
239 260 261
240 241 262
240 261 262
241 242 263
241 262 263
242 243 264
242 263 264
243 244 265
243 264 265
244 245 266
244 265 266
245 246 267
245 266 267
246 247 588
247 587 588
268 587 588
246 267 588
267 268 588
248 576 590
247 576 590
248 589 590
269 589 590
268 587 590
247 587 590
268 590 591
269 590 591
249 579 592
248 579 592
249 270 592
269 589 592
248 589 592
269 270 592
249 250 271
249 270 271
250 251 272
250 271 272
252 253 274
252 273 274
253 254 275
253 274 275
254 255 594
255 593 594
276 593 594
254 275 594
275 276 594
256 585 596
255 585 596
256 595 596
277 595 596
276 593 596
255 593 596
276 596 597
277 596 597
256 257 598
257 278 598
277 595 598
256 595 598
277 278 598
257 258 279
257 278 279
258 259 280
258 279 280
259 260 281
259 280 281
260 261 282
260 281 282
261 262 283
261 282 283
262 263 284
262 283 284
263 264 285
263 284 285
264 265 286
264 285 286
265 266 287
265 286 287
266 267 288
266 287 288
267 268 600
268 599 600
289 599 600
267 288 600
288 600 601
289 600 601
269 591 603
268 591 603
269 602 603
290 602 603
289 599 603
268 599 603
289 603 604
290 603 604
269 270 605
270 291 605
290 602 605
269 602 605
290 291 605
270 271 292
270 291 292
271 272 293
271 292 293
273 274 295
273 294 295
274 275 296
274 295 296
275 276 297
275 296 297
277 597 607
276 597 607
277 606 607
298 606 607
276 297 607
297 298 607
277 278 608
278 299 608
298 606 608
277 606 608
298 608 609
299 608 609
278 279 300
278 299 300
279 280 301
279 300 301
280 281 302
280 301 302
281 282 303
281 302 303
282 283 304
282 303 304
283 284 305
283 304 305
284 285 306
284 305 306
285 286 307
285 306 307
286 287 308
286 307 308
287 288 611
288 610 611
309 610 611
287 308 611
308 611 612
309 611 612
289 601 614
288 601 614
289 613 614
310 613 614
309 610 614
288 610 614
309 614 615
310 614 615
290 604 617
289 604 617
290 616 617
311 616 617
310 613 617
289 613 617
310 617 618
311 617 618
290 291 619
291 312 619
311 616 619
290 616 619
311 312 619
291 292 313
291 312 313
292 293 314
292 313 314
294 295 316
294 315 316
295 296 317
295 316 317
296 297 318
296 317 318
297 298 319
297 318 319
299 609 621
298 609 621
299 620 621
320 620 621
298 319 621
319 320 621
299 300 622
300 321 622
320 620 622
299 620 622
320 622 623
321 622 623
300 301 322
300 321 322
301 302 323
301 322 323
302 303 324
302 323 324
303 304 325
303 324 325
304 305 326
304 325 326
305 306 327
305 326 327
306 307 328
306 327 328
307 308 625
308 624 625
329 624 625
307 328 625
328 625 626
329 625 626
309 612 628
308 612 628
309 627 628
330 627 628
329 624 628
308 624 628
329 628 629
330 628 629
310 615 631
309 615 631
310 630 631
331 630 631
330 627 631
309 627 631
330 631 632
331 631 632
311 618 633
310 618 633
311 332 633
331 630 633
310 630 633
331 332 633
311 312 333
311 332 333
312 313 334
312 333 334
313 314 335
313 334 335
315 316 337
315 336 337
316 317 338
316 337 338
317 318 339
317 338 339
318 319 340
318 339 340
319 320 341
319 340 341
321 623 635
320 623 635
321 634 635
342 634 635
320 341 635
341 342 635
321 322 636
322 343 636
342 634 636
321 634 636
342 636 637
343 636 637
322 323 638
323 344 638
322 343 638
343 638 639
344 638 639
323 324 640
324 345 640
323 344 640
344 640 641
345 640 641
324 325 346
324 345 346
325 326 642
326 347 642
325 346 642
346 642 643
347 642 643
326 327 644
327 348 644
326 347 644
347 644 645
348 644 645
327 328 647
328 646 647
349 646 647
327 348 647
348 647 648
349 647 648
329 626 650
328 626 650
329 649 650
350 649 650
349 646 650
328 646 650
349 650 651
350 650 651
330 629 653
329 629 653
330 652 653
351 652 653
350 649 653
329 649 653
350 653 654
351 653 654
331 632 655
330 632 655
331 352 655
351 652 655
330 652 655
351 352 655
331 332 353
331 352 353
332 333 354
332 353 354
333 334 355
333 354 355
334 335 356
334 355 356
336 337 358
336 357 358
337 338 359
337 358 359
338 339 360
338 359 360
339 340 361
339 360 361
340 341 362
340 361 362
341 342 363
341 362 363
343 637 657
342 637 657
343 656 657
364 656 657
342 363 657
363 364 657
344 639 659
343 639 659
344 658 659
365 658 659
364 656 659
343 656 659
364 659 660
365 659 660
345 641 662
344 641 662
345 661 662
366 661 662
365 658 662
344 658 662
365 662 663
366 662 663
345 346 665
346 664 665
367 664 665
366 661 665
345 661 665
366 665 666
367 665 666
347 643 668
346 643 668
347 667 668
368 667 668
367 664 668
346 664 668
367 668 669
368 668 669
348 645 671
347 645 671
348 670 671
369 670 671
368 667 671
347 667 671
368 671 672
369 671 672
349 648 674
348 648 674
349 673 674
370 673 674
369 670 674
348 670 674
369 674 675
370 674 675
350 651 677
349 651 677
350 676 677
371 676 677
370 673 677
349 673 677
370 677 678
371 677 678
351 654 679
350 654 679
351 372 679
371 676 679
350 676 679
371 372 679
351 352 373
351 372 373
352 353 374
352 373 374
353 354 375
353 374 375
354 355 376
354 375 376
355 356 377
355 376 377
357 358 379
357 378 379
358 359 380
358 379 380
359 360 381
359 380 381
360 361 382
360 381 382
361 362 383
361 382 383
362 363 384
362 383 384
363 364 385
363 384 385
365 660 680
364 660 680
365 386 680
364 385 680
385 386 680
366 663 681
365 663 681
366 387 681
365 386 681
386 387 681
367 666 683
366 666 683
367 682 683
388 682 683
366 387 683
387 388 683
368 669 685
367 669 685
368 684 685
389 684 685
388 682 685
367 682 685
388 685 686
389 685 686
369 672 687
368 672 687
369 390 687
389 684 687
368 684 687
389 390 687
370 675 688
369 675 688
370 391 688
369 390 688
390 391 688
371 678 689
370 678 689
371 392 689
370 391 689
391 392 689
371 372 393
371 392 393
372 373 394
372 393 394
373 374 395
373 394 395
374 375 396
374 395 396
375 376 397
375 396 397
376 377 398
376 397 398
378 379 400
378 399 400
379 380 401
379 400 401
380 381 402
380 401 402
381 382 403
381 402 403
382 383 404
382 403 404
383 384 405
383 404 405
384 385 406
384 405 406
385 386 407
385 406 407
386 387 408
386 407 408
387 388 409
387 408 409
389 686 690
388 686 690
389 410 690
388 409 690
409 410 690
389 390 411
389 410 411
390 391 412
390 411 412
391 392 413
391 412 413
392 393 414
392 413 414
393 394 415
393 414 415
394 395 416
394 415 416
395 396 417
395 416 417
396 397 418
396 417 418
397 398 419
397 418 419
399 400 421
399 420 421
400 401 422
400 421 422
401 402 423
401 422 423
402 403 424
402 423 424
403 404 425
403 424 425
404 405 426
404 425 426
405 406 427
405 426 427
406 407 428
406 427 428
407 408 429
407 428 429
408 409 430
408 429 430
409 410 431
409 430 431
410 411 432
410 431 432
411 412 433
411 432 433
412 413 434
412 433 434
413 414 435
413 434 435
414 415 436
414 435 436
415 416 437
415 436 437
416 417 438
416 437 438
417 418 439
417 438 439
418 419 440
418 439 440
