ID=1838639
numvertices=41
numsimplices=56
vertices
-1.5000000000000000e+00 -1.5000000000000000e+00
1.5000000000000000e+00 -1.5000000000000000e+00
1.5000000000000000e+00 1.5000000000000000e+00
-1.5000000000000000e+00 1.5000000000000000e+00
0.0000000000000000e+00 -1.5000000000000000e+00
1.5000000000000000e+00 0.0000000000000000e+00
0.0000000000000000e+00 1.5000000000000000e+00
-1.5000000000000000e+00 0.0000000000000000e+00
0.0000000000000000e+00 0.0000000000000000e+00
-1.5000000000000000e+00 -7.5000000000000000e-01
-7.5000000000000000e-01 -1.5000000000000000e+00
-7.5000000000000000e-01 1.5000000000000000e+00
-1.5000000000000000e+00 7.5000000000000000e-01
1.5000000000000000e+00 -7.5000000000000000e-01
7.5000000000000000e-01 -1.5000000000000000e+00
1.5000000000000000e+00 7.5000000000000000e-01
7.5000000000000000e-01 1.5000000000000000e+00
7.5000000000000000e-01 -3.7500000000000000e-01
1.5000000000000000e+00 -3.7500000000000000e-01
7.5000000000000000e-01 0.0000000000000000e+00
-3.7500000000000000e-01 -7.5000000000000000e-01
-3.7500000000000000e-01 -1.5000000000000000e+00
0.0000000000000000e+00 -7.5000000000000000e-01
-7.5000000000000000e-01 -3.7500000000000000e-01
-1.5000000000000000e+00 -3.7500000000000000e-01
-7.5000000000000000e-01 0.0000000000000000e+00
-1.1250000000000000e+00 -1.1250000000000000e+00
-7.5000000000000000e-01 3.7500000000000000e-01
-1.5000000000000000e+00 3.7500000000000000e-01
-3.7500000000000000e-01 7.5000000000000000e-01
-3.7500000000000000e-01 1.5000000000000000e+00
0.0000000000000000e+00 7.5000000000000000e-01
-1.1250000000000000e+00 1.1250000000000000e+00
1.1250000000000000e+00 -1.1250000000000000e+00
3.7500000000000000e-01 -7.5000000000000000e-01
3.7500000000000000e-01 -1.5000000000000000e+00
3.7500000000000000e-01 7.5000000000000000e-01
3.7500000000000000e-01 1.5000000000000000e+00
7.5000000000000000e-01 3.7500000000000000e-01
1.5000000000000000e+00 3.7500000000000000e-01
1.1250000000000000e+00 1.1250000000000000e+00
simplices
5 17 18
13 17 18
5 17 19
8 17 19
4 20 21
10 20 21
4 20 22
8 20 22
7 23 24
9 23 24
7 23 25
8 23 25
10 23 26
9 23 26
10 20 23
8 20 23
0 10 26
0 9 26
7 27 28
12 27 28
7 25 27
8 25 27
6 29 30
11 29 30
6 29 31
8 29 31
12 29 32
11 29 32
12 27 29
8 27 29
3 12 32
3 11 32
1 14 33
1 13 33
14 17 33
13 17 33
14 17 34
8 17 34
4 34 35
14 34 35
4 22 34
8 22 34
6 36 37
16 36 37
6 31 36
8 31 36
5 38 39
15 38 39
5 19 38
8 19 38
16 38 40
15 38 40
16 36 38
8 36 38
2 16 40
2 15 40
