ID=1598572
numvertices=998
numsimplices=1894
vertices
-1.500000e+00 -1.500000e+00
-1.380000e+00 -1.500000e+00
-1.260000e+00 -1.500000e+00
-1.140000e+00 -1.500000e+00
-1.020000e+00 -1.500000e+00
-9.000000e-01 -1.500000e+00
-7.800000e-01 -1.500000e+00
-6.600000e-01 -1.500000e+00
-5.400000e-01 -1.500000e+00
-4.200000e-01 -1.500000e+00
-3.000000e-01 -1.500000e+00
-1.800000e-01 -1.500000e+00
-6.000000e-02 -1.500000e+00
6.000000e-02 -1.500000e+00
1.800000e-01 -1.500000e+00
3.000000e-01 -1.500000e+00
4.200000e-01 -1.500000e+00
5.400000e-01 -1.500000e+00
6.600000e-01 -1.500000e+00
7.800000e-01 -1.500000e+00
9.000000e-01 -1.500000e+00
1.020000e+00 -1.500000e+00
1.140000e+00 -1.500000e+00
1.260000e+00 -1.500000e+00
1.380000e+00 -1.500000e+00
1.500000e+00 -1.500000e+00
-1.500000e+00 -1.380000e+00
-1.380000e+00 -1.380000e+00
-1.260000e+00 -1.380000e+00
-1.140000e+00 -1.380000e+00
-1.020000e+00 -1.380000e+00
-9.000000e-01 -1.380000e+00
-7.800000e-01 -1.380000e+00
-6.600000e-01 -1.380000e+00
-5.400000e-01 -1.380000e+00
-4.200000e-01 -1.380000e+00
-3.000000e-01 -1.380000e+00
-1.800000e-01 -1.380000e+00
-6.000000e-02 -1.380000e+00
6.000000e-02 -1.380000e+00
1.800000e-01 -1.380000e+00
3.000000e-01 -1.380000e+00
4.200000e-01 -1.380000e+00
5.400000e-01 -1.380000e+00
6.600000e-01 -1.380000e+00
7.800000e-01 -1.380000e+00
9.000000e-01 -1.380000e+00
1.020000e+00 -1.380000e+00
1.140000e+00 -1.380000e+00
1.260000e+00 -1.380000e+00
1.380000e+00 -1.380000e+00
1.500000e+00 -1.380000e+00
-1.500000e+00 -1.260000e+00
-1.380000e+00 -1.260000e+00
-1.260000e+00 -1.260000e+00
-1.140000e+00 -1.260000e+00
-1.020000e+00 -1.260000e+00
-9.000000e-01 -1.260000e+00
-7.800000e-01 -1.260000e+00
-6.600000e-01 -1.260000e+00
-5.400000e-01 -1.260000e+00
-4.200000e-01 -1.260000e+00
-3.000000e-01 -1.260000e+00
-1.800000e-01 -1.260000e+00
-6.000000e-02 -1.260000e+00
6.000000e-02 -1.260000e+00
1.800000e-01 -1.260000e+00
3.000000e-01 -1.260000e+00
4.200000e-01 -1.260000e+00
5.400000e-01 -1.260000e+00
6.600000e-01 -1.260000e+00
7.800000e-01 -1.260000e+00
9.000000e-01 -1.260000e+00
1.020000e+00 -1.260000e+00
1.140000e+00 -1.260000e+00
1.260000e+00 -1.260000e+00
1.380000e+00 -1.260000e+00
1.500000e+00 -1.260000e+00
-1.500000e+00 -1.140000e+00
-1.380000e+00 -1.140000e+00
-1.260000e+00 -1.140000e+00
-1.140000e+00 -1.140000e+00
-1.020000e+00 -1.140000e+00
-9.000000e-01 -1.140000e+00
-7.800000e-01 -1.140000e+00
-6.600000e-01 -1.140000e+00
-5.400000e-01 -1.140000e+00
-4.200000e-01 -1.140000e+00
-3.000000e-01 -1.140000e+00
-1.800000e-01 -1.140000e+00
-6.000000e-02 -1.140000e+00
6.000000e-02 -1.140000e+00
1.800000e-01 -1.140000e+00
3.000000e-01 -1.140000e+00
4.200000e-01 -1.140000e+00
5.400000e-01 -1.140000e+00
6.600000e-01 -1.140000e+00
7.800000e-01 -1.140000e+00
9.000000e-01 -1.140000e+00
1.020000e+00 -1.140000e+00
1.140000e+00 -1.140000e+00
1.260000e+00 -1.140000e+00
1.380000e+00 -1.140000e+00
1.500000e+00 -1.140000e+00
-1.500000e+00 -1.020000e+00
-1.380000e+00 -1.020000e+00
-1.260000e+00 -1.020000e+00
-1.140000e+00 -1.020000e+00
-1.020000e+00 -1.020000e+00
-9.000000e-01 -1.020000e+00
-7.800000e-01 -1.020000e+00
-6.600000e-01 -1.020000e+00
-5.400000e-01 -1.020000e+00
-4.200000e-01 -1.020000e+00
-3.000000e-01 -1.020000e+00
-1.800000e-01 -1.020000e+00
-6.000000e-02 -1.020000e+00
6.000000e-02 -1.020000e+00
1.800000e-01 -1.020000e+00
3.000000e-01 -1.020000e+00
4.200000e-01 -1.020000e+00
5.400000e-01 -1.020000e+00
6.600000e-01 -1.020000e+00
7.800000e-01 -1.020000e+00
9.000000e-01 -1.020000e+00
1.020000e+00 -1.020000e+00
1.140000e+00 -1.020000e+00
1.260000e+00 -1.020000e+00
1.380000e+00 -1.020000e+00
1.500000e+00 -1.020000e+00
-1.500000e+00 -9.000000e-01
-1.380000e+00 -9.000000e-01
-1.260000e+00 -9.000000e-01
-1.140000e+00 -9.000000e-01
-1.020000e+00 -9.000000e-01
-9.000000e-01 -9.000000e-01
-7.800000e-01 -9.000000e-01
-6.600000e-01 -9.000000e-01
-5.400000e-01 -9.000000e-01
-4.200000e-01 -9.000000e-01
-3.000000e-01 -9.000000e-01
-1.800000e-01 -9.000000e-01
-6.000000e-02 -9.000000e-01
6.000000e-02 -9.000000e-01
1.800000e-01 -9.000000e-01
3.000000e-01 -9.000000e-01
4.200000e-01 -9.000000e-01
5.400000e-01 -9.000000e-01
6.600000e-01 -9.000000e-01
7.800000e-01 -9.000000e-01
9.000000e-01 -9.000000e-01
1.020000e+00 -9.000000e-01
1.140000e+00 -9.000000e-01
1.260000e+00 -9.000000e-01
1.380000e+00 -9.000000e-01
1.500000e+00 -9.000000e-01
-1.500000e+00 -7.800000e-01
-1.380000e+00 -7.800000e-01
-1.260000e+00 -7.800000e-01
-1.140000e+00 -7.800000e-01
-1.020000e+00 -7.800000e-01
-9.000000e-01 -7.800000e-01
-7.800000e-01 -7.800000e-01
-6.600000e-01 -7.800000e-01
-5.400000e-01 -7.800000e-01
-4.200000e-01 -7.800000e-01
-3.000000e-01 -7.800000e-01
-1.800000e-01 -7.800000e-01
-6.000000e-02 -7.800000e-01
6.000000e-02 -7.800000e-01
1.800000e-01 -7.800000e-01
3.000000e-01 -7.800000e-01
4.200000e-01 -7.800000e-01
5.400000e-01 -7.800000e-01
6.600000e-01 -7.800000e-01
7.800000e-01 -7.800000e-01
9.000000e-01 -7.800000e-01
1.020000e+00 -7.800000e-01
1.140000e+00 -7.800000e-01
1.260000e+00 -7.800000e-01
1.380000e+00 -7.800000e-01
1.500000e+00 -7.800000e-01
-1.500000e+00 -6.600000e-01
-1.380000e+00 -6.600000e-01
-1.260000e+00 -6.600000e-01
-1.140000e+00 -6.600000e-01
-1.020000e+00 -6.600000e-01
-9.000000e-01 -6.600000e-01
-7.800000e-01 -6.600000e-01
-6.600000e-01 -6.600000e-01
-5.400000e-01 -6.600000e-01
-4.200000e-01 -6.600000e-01
-3.000000e-01 -6.600000e-01
-1.800000e-01 -6.600000e-01
-6.000000e-02 -6.600000e-01
6.000000e-02 -6.600000e-01
1.800000e-01 -6.600000e-01
3.000000e-01 -6.600000e-01
4.200000e-01 -6.600000e-01
5.400000e-01 -6.600000e-01
6.600000e-01 -6.600000e-01
7.800000e-01 -6.600000e-01
9.000000e-01 -6.600000e-01
1.020000e+00 -6.600000e-01
1.140000e+00 -6.600000e-01
1.260000e+00 -6.600000e-01
1.380000e+00 -6.600000e-01
1.500000e+00 -6.600000e-01
-1.500000e+00 -5.400000e-01
-1.380000e+00 -5.400000e-01
-1.260000e+00 -5.400000e-01
-1.140000e+00 -5.400000e-01
-1.020000e+00 -5.400000e-01
-9.000000e-01 -5.400000e-01
-7.800000e-01 -5.400000e-01
-6.600000e-01 -5.400000e-01
-5.400000e-01 -5.400000e-01
-4.200000e-01 -5.400000e-01
-3.000000e-01 -5.400000e-01
-1.800000e-01 -5.400000e-01
-6.000000e-02 -5.400000e-01
6.000000e-02 -5.400000e-01
1.800000e-01 -5.400000e-01
3.000000e-01 -5.400000e-01
4.200000e-01 -5.400000e-01
5.400000e-01 -5.400000e-01
6.600000e-01 -5.400000e-01
7.800000e-01 -5.400000e-01
9.000000e-01 -5.400000e-01
1.020000e+00 -5.400000e-01
1.140000e+00 -5.400000e-01
1.260000e+00 -5.400000e-01
1.380000e+00 -5.400000e-01
1.500000e+00 -5.400000e-01
-1.500000e+00 -4.200000e-01
-1.380000e+00 -4.200000e-01
-1.260000e+00 -4.200000e-01
-1.140000e+00 -4.200000e-01
-1.020000e+00 -4.200000e-01
-9.000000e-01 -4.200000e-01
-7.800000e-01 -4.200000e-01
-6.600000e-01 -4.200000e-01
-5.400000e-01 -4.200000e-01
-4.200000e-01 -4.200000e-01
-3.000000e-01 -4.200000e-01
-1.800000e-01 -4.200000e-01
-6.000000e-02 -4.200000e-01
6.000000e-02 -4.200000e-01
1.800000e-01 -4.200000e-01
3.000000e-01 -4.200000e-01
4.200000e-01 -4.200000e-01
5.400000e-01 -4.200000e-01
6.600000e-01 -4.200000e-01
7.800000e-01 -4.200000e-01
9.000000e-01 -4.200000e-01
1.020000e+00 -4.200000e-01
1.140000e+00 -4.200000e-01
1.260000e+00 -4.200000e-01
1.380000e+00 -4.200000e-01
1.500000e+00 -4.200000e-01
-1.500000e+00 -3.000000e-01
-1.380000e+00 -3.000000e-01
-1.260000e+00 -3.000000e-01
-1.140000e+00 -3.000000e-01
-1.020000e+00 -3.000000e-01
-9.000000e-01 -3.000000e-01
-7.800000e-01 -3.000000e-01
-6.600000e-01 -3.000000e-01
-5.400000e-01 -3.000000e-01
-4.200000e-01 -3.000000e-01
-3.000000e-01 -3.000000e-01
-1.800000e-01 -3.000000e-01
-6.000000e-02 -3.000000e-01
6.000000e-02 -3.000000e-01
1.800000e-01 -3.000000e-01
3.000000e-01 -3.000000e-01
4.200000e-01 -3.000000e-01
5.400000e-01 -3.000000e-01
6.600000e-01 -3.000000e-01
7.800000e-01 -3.000000e-01
9.000000e-01 -3.000000e-01
1.020000e+00 -3.000000e-01
1.140000e+00 -3.000000e-01
1.260000e+00 -3.000000e-01
1.380000e+00 -3.000000e-01
1.500000e+00 -3.000000e-01
-1.500000e+00 -1.800000e-01
-1.380000e+00 -1.800000e-01
-1.260000e+00 -1.800000e-01
-1.140000e+00 -1.800000e-01
-1.020000e+00 -1.800000e-01
-9.000000e-01 -1.800000e-01
-7.800000e-01 -1.800000e-01
-6.600000e-01 -1.800000e-01
-5.400000e-01 -1.800000e-01
-4.200000e-01 -1.800000e-01
-3.000000e-01 -1.800000e-01
-1.800000e-01 -1.800000e-01
-6.000000e-02 -1.800000e-01
6.000000e-02 -1.800000e-01
1.800000e-01 -1.800000e-01
3.000000e-01 -1.800000e-01
4.200000e-01 -1.800000e-01
5.400000e-01 -1.800000e-01
6.600000e-01 -1.800000e-01
7.800000e-01 -1.800000e-01
9.000000e-01 -1.800000e-01
1.020000e+00 -1.800000e-01
1.140000e+00 -1.800000e-01
1.260000e+00 -1.800000e-01
1.380000e+00 -1.800000e-01
1.500000e+00 -1.800000e-01
-1.500000e+00 -6.000000e-02
-1.380000e+00 -6.000000e-02
-1.260000e+00 -6.000000e-02
-1.140000e+00 -6.000000e-02
-1.020000e+00 -6.000000e-02
-9.000000e-01 -6.000000e-02
-7.800000e-01 -6.000000e-02
-6.600000e-01 -6.000000e-02
-5.400000e-01 -6.000000e-02
-4.200000e-01 -6.000000e-02
-3.000000e-01 -6.000000e-02
-1.800000e-01 -6.000000e-02
-6.000000e-02 -6.000000e-02
6.000000e-02 -6.000000e-02
1.800000e-01 -6.000000e-02
3.000000e-01 -6.000000e-02
4.200000e-01 -6.000000e-02
5.400000e-01 -6.000000e-02
6.600000e-01 -6.000000e-02
7.800000e-01 -6.000000e-02
9.000000e-01 -6.000000e-02
1.020000e+00 -6.000000e-02
1.140000e+00 -6.000000e-02
1.260000e+00 -6.000000e-02
1.380000e+00 -6.000000e-02
1.500000e+00 -6.000000e-02
-1.500000e+00 6.000000e-02
-1.380000e+00 6.000000e-02
-1.260000e+00 6.000000e-02
-1.140000e+00 6.000000e-02
-1.020000e+00 6.000000e-02
-9.000000e-01 6.000000e-02
-7.800000e-01 6.000000e-02
-6.600000e-01 6.000000e-02
-5.400000e-01 6.000000e-02
-4.200000e-01 6.000000e-02
-3.000000e-01 6.000000e-02
-1.800000e-01 6.000000e-02
-6.000000e-02 6.000000e-02
6.000000e-02 6.000000e-02
1.800000e-01 6.000000e-02
3.000000e-01 6.000000e-02
4.200000e-01 6.000000e-02
5.400000e-01 6.000000e-02
6.600000e-01 6.000000e-02
7.800000e-01 6.000000e-02
9.000000e-01 6.000000e-02
1.020000e+00 6.000000e-02
1.140000e+00 6.000000e-02
1.260000e+00 6.000000e-02
1.380000e+00 6.000000e-02
1.500000e+00 6.000000e-02
-1.500000e+00 1.800000e-01
-1.380000e+00 1.800000e-01
-1.260000e+00 1.800000e-01
-1.140000e+00 1.800000e-01
-1.020000e+00 1.800000e-01
-9.000000e-01 1.800000e-01
-7.800000e-01 1.800000e-01
-6.600000e-01 1.800000e-01
-5.400000e-01 1.800000e-01
-4.200000e-01 1.800000e-01
-3.000000e-01 1.800000e-01
-1.800000e-01 1.800000e-01
-6.000000e-02 1.800000e-01
6.000000e-02 1.800000e-01
1.800000e-01 1.800000e-01
3.000000e-01 1.800000e-01
4.200000e-01 1.800000e-01
5.400000e-01 1.800000e-01
6.600000e-01 1.800000e-01
7.800000e-01 1.800000e-01
9.000000e-01 1.800000e-01
1.020000e+00 1.800000e-01
1.140000e+00 1.800000e-01
1.260000e+00 1.800000e-01
1.380000e+00 1.800000e-01
1.500000e+00 1.800000e-01
-1.500000e+00 3.000000e-01
-1.380000e+00 3.000000e-01
-1.260000e+00 3.000000e-01
-1.140000e+00 3.000000e-01
-1.020000e+00 3.000000e-01
-9.000000e-01 3.000000e-01
-7.800000e-01 3.000000e-01
-6.600000e-01 3.000000e-01
-5.400000e-01 3.000000e-01
-4.200000e-01 3.000000e-01
-3.000000e-01 3.000000e-01
-1.800000e-01 3.000000e-01
-6.000000e-02 3.000000e-01
6.000000e-02 3.000000e-01
1.800000e-01 3.000000e-01
3.000000e-01 3.000000e-01
4.200000e-01 3.000000e-01
5.400000e-01 3.000000e-01
6.600000e-01 3.000000e-01
7.800000e-01 3.000000e-01
9.000000e-01 3.000000e-01
1.020000e+00 3.000000e-01
1.140000e+00 3.000000e-01
1.260000e+00 3.000000e-01
1.380000e+00 3.000000e-01
1.500000e+00 3.000000e-01
-1.500000e+00 4.200000e-01
-1.380000e+00 4.200000e-01
-1.260000e+00 4.200000e-01
-1.140000e+00 4.200000e-01
-1.020000e+00 4.200000e-01
-9.000000e-01 4.200000e-01
-7.800000e-01 4.200000e-01
-6.600000e-01 4.200000e-01
-5.400000e-01 4.200000e-01
-4.200000e-01 4.200000e-01
-3.000000e-01 4.200000e-01
-1.800000e-01 4.200000e-01
-6.000000e-02 4.200000e-01
6.000000e-02 4.200000e-01
1.800000e-01 4.200000e-01
3.000000e-01 4.200000e-01
4.200000e-01 4.200000e-01
5.400000e-01 4.200000e-01
6.600000e-01 4.200000e-01
7.800000e-01 4.200000e-01
9.000000e-01 4.200000e-01
1.020000e+00 4.200000e-01
1.140000e+00 4.200000e-01
1.260000e+00 4.200000e-01
1.380000e+00 4.200000e-01
1.500000e+00 4.200000e-01
-1.500000e+00 5.400000e-01
-1.380000e+00 5.400000e-01
-1.260000e+00 5.400000e-01
-1.140000e+00 5.400000e-01
-1.020000e+00 5.400000e-01
-9.000000e-01 5.400000e-01
-7.800000e-01 5.400000e-01
-6.600000e-01 5.400000e-01
-5.400000e-01 5.400000e-01
-4.200000e-01 5.400000e-01
-3.000000e-01 5.400000e-01
-1.800000e-01 5.400000e-01
-6.000000e-02 5.400000e-01
6.000000e-02 5.400000e-01
1.800000e-01 5.400000e-01
3.000000e-01 5.400000e-01
4.200000e-01 5.400000e-01
5.400000e-01 5.400000e-01
6.600000e-01 5.400000e-01
7.800000e-01 5.400000e-01
9.000000e-01 5.400000e-01
1.020000e+00 5.400000e-01
1.140000e+00 5.400000e-01
1.260000e+00 5.400000e-01
1.380000e+00 5.400000e-01
1.500000e+00 5.400000e-01
-1.500000e+00 6.600000e-01
-1.380000e+00 6.600000e-01
-1.260000e+00 6.600000e-01
-1.140000e+00 6.600000e-01
-1.020000e+00 6.600000e-01
-9.000000e-01 6.600000e-01
-7.800000e-01 6.600000e-01
-6.600000e-01 6.600000e-01
-5.400000e-01 6.600000e-01
-4.200000e-01 6.600000e-01
-3.000000e-01 6.600000e-01
-1.800000e-01 6.600000e-01
-6.000000e-02 6.600000e-01
6.000000e-02 6.600000e-01
1.800000e-01 6.600000e-01
3.000000e-01 6.600000e-01
4.200000e-01 6.600000e-01
5.400000e-01 6.600000e-01
6.600000e-01 6.600000e-01
7.800000e-01 6.600000e-01
9.000000e-01 6.600000e-01
1.020000e+00 6.600000e-01
1.140000e+00 6.600000e-01
1.260000e+00 6.600000e-01
1.380000e+00 6.600000e-01
1.500000e+00 6.600000e-01
-1.500000e+00 7.800000e-01
-1.380000e+00 7.800000e-01
-1.260000e+00 7.800000e-01
-1.140000e+00 7.800000e-01
-1.020000e+00 7.800000e-01
-9.000000e-01 7.800000e-01
-7.800000e-01 7.800000e-01
-6.600000e-01 7.800000e-01
-5.400000e-01 7.800000e-01
-4.200000e-01 7.800000e-01
-3.000000e-01 7.800000e-01
-1.800000e-01 7.800000e-01
-6.000000e-02 7.800000e-01
6.000000e-02 7.800000e-01
1.800000e-01 7.800000e-01
3.000000e-01 7.800000e-01
4.200000e-01 7.800000e-01
5.400000e-01 7.800000e-01
6.600000e-01 7.800000e-01
7.800000e-01 7.800000e-01
9.000000e-01 7.800000e-01
1.020000e+00 7.800000e-01
1.140000e+00 7.800000e-01
1.260000e+00 7.800000e-01
1.380000e+00 7.800000e-01
1.500000e+00 7.800000e-01
-1.500000e+00 9.000000e-01
-1.380000e+00 9.000000e-01
-1.260000e+00 9.000000e-01
-1.140000e+00 9.000000e-01
-1.020000e+00 9.000000e-01
-9.000000e-01 9.000000e-01
-7.800000e-01 9.000000e-01
-6.600000e-01 9.000000e-01
-5.400000e-01 9.000000e-01
-4.200000e-01 9.000000e-01
-3.000000e-01 9.000000e-01
-1.800000e-01 9.000000e-01
-6.000000e-02 9.000000e-01
6.000000e-02 9.000000e-01
1.800000e-01 9.000000e-01
3.000000e-01 9.000000e-01
4.200000e-01 9.000000e-01
5.400000e-01 9.000000e-01
6.600000e-01 9.000000e-01
7.800000e-01 9.000000e-01
9.000000e-01 9.000000e-01
1.020000e+00 9.000000e-01
1.140000e+00 9.000000e-01
1.260000e+00 9.000000e-01
1.380000e+00 9.000000e-01
1.500000e+00 9.000000e-01
-1.500000e+00 1.020000e+00
-1.380000e+00 1.020000e+00
-1.260000e+00 1.020000e+00
-1.140000e+00 1.020000e+00
-1.020000e+00 1.020000e+00
-9.000000e-01 1.020000e+00
-7.800000e-01 1.020000e+00
-6.600000e-01 1.020000e+00
-5.400000e-01 1.020000e+00
-4.200000e-01 1.020000e+00
-3.000000e-01 1.020000e+00
-1.800000e-01 1.020000e+00
-6.000000e-02 1.020000e+00
6.000000e-02 1.020000e+00
1.800000e-01 1.020000e+00
3.000000e-01 1.020000e+00
4.200000e-01 1.020000e+00
5.400000e-01 1.020000e+00
6.600000e-01 1.020000e+00
7.800000e-01 1.020000e+00
9.000000e-01 1.020000e+00
1.020000e+00 1.020000e+00
1.140000e+00 1.020000e+00
1.260000e+00 1.020000e+00
1.380000e+00 1.020000e+00
1.500000e+00 1.020000e+00
-1.500000e+00 1.140000e+00
-1.380000e+00 1.140000e+00
-1.260000e+00 1.140000e+00
-1.140000e+00 1.140000e+00
-1.020000e+00 1.140000e+00
-9.000000e-01 1.140000e+00
-7.800000e-01 1.140000e+00
-6.600000e-01 1.140000e+00
-5.400000e-01 1.140000e+00
-4.200000e-01 1.140000e+00
-3.000000e-01 1.140000e+00
-1.800000e-01 1.140000e+00
-6.000000e-02 1.140000e+00
6.000000e-02 1.140000e+00
1.800000e-01 1.140000e+00
3.000000e-01 1.140000e+00
4.200000e-01 1.140000e+00
5.400000e-01 1.140000e+00
6.600000e-01 1.140000e+00
7.800000e-01 1.140000e+00
9.000000e-01 1.140000e+00
1.020000e+00 1.140000e+00
1.140000e+00 1.140000e+00
1.260000e+00 1.140000e+00
1.380000e+00 1.140000e+00
1.500000e+00 1.140000e+00
-1.500000e+00 1.260000e+00
-1.380000e+00 1.260000e+00
-1.260000e+00 1.260000e+00
-1.140000e+00 1.260000e+00
-1.020000e+00 1.260000e+00
-9.000000e-01 1.260000e+00
-7.800000e-01 1.260000e+00
-6.600000e-01 1.260000e+00
-5.400000e-01 1.260000e+00
-4.200000e-01 1.260000e+00
-3.000000e-01 1.260000e+00
-1.800000e-01 1.260000e+00
-6.000000e-02 1.260000e+00
6.000000e-02 1.260000e+00
1.800000e-01 1.260000e+00
3.000000e-01 1.260000e+00
4.200000e-01 1.260000e+00
5.400000e-01 1.260000e+00
6.600000e-01 1.260000e+00
7.800000e-01 1.260000e+00
9.000000e-01 1.260000e+00
1.020000e+00 1.260000e+00
1.140000e+00 1.260000e+00
1.260000e+00 1.260000e+00
1.380000e+00 1.260000e+00
1.500000e+00 1.260000e+00
-1.500000e+00 1.380000e+00
-1.380000e+00 1.380000e+00
-1.260000e+00 1.380000e+00
-1.140000e+00 1.380000e+00
-1.020000e+00 1.380000e+00
-9.000000e-01 1.380000e+00
-7.800000e-01 1.380000e+00
-6.600000e-01 1.380000e+00
-5.400000e-01 1.380000e+00
-4.200000e-01 1.380000e+00
-3.000000e-01 1.380000e+00
-1.800000e-01 1.380000e+00
-6.000000e-02 1.380000e+00
6.000000e-02 1.380000e+00
1.800000e-01 1.380000e+00
3.000000e-01 1.380000e+00
4.200000e-01 1.380000e+00
5.400000e-01 1.380000e+00
6.600000e-01 1.380000e+00
7.800000e-01 1.380000e+00
9.000000e-01 1.380000e+00
1.020000e+00 1.380000e+00
1.140000e+00 1.380000e+00
1.260000e+00 1.380000e+00
1.380000e+00 1.380000e+00
1.500000e+00 1.380000e+00
-1.500000e+00 1.500000e+00
-1.380000e+00 1.500000e+00
-1.260000e+00 1.500000e+00
-1.140000e+00 1.500000e+00
-1.020000e+00 1.500000e+00
-9.000000e-01 1.500000e+00
-7.800000e-01 1.500000e+00
-6.600000e-01 1.500000e+00
-5.400000e-01 1.500000e+00
-4.200000e-01 1.500000e+00
-3.000000e-01 1.500000e+00
-1.800000e-01 1.500000e+00
-6.000000e-02 1.500000e+00
6.000000e-02 1.500000e+00
1.800000e-01 1.500000e+00
3.000000e-01 1.500000e+00
4.200000e-01 1.500000e+00
5.400000e-01 1.500000e+00
6.600000e-01 1.500000e+00
7.800000e-01 1.500000e+00
9.000000e-01 1.500000e+00
1.020000e+00 1.500000e+00
1.140000e+00 1.500000e+00
1.260000e+00 1.500000e+00
1.380000e+00 1.500000e+00
1.500000e+00 1.500000e+00
-2.400000e-01 -1.200000e+00
-2.400000e-01 -1.140000e+00
-1.200000e-01 -1.200000e+00
-1.200000e-01 -1.140000e+00
0.000000e+00 -1.200000e+00
0.000000e+00 -1.140000e+00
1.200000e-01 -1.200000e+00
1.200000e-01 -1.140000e+00
-4.800000e-01 -1.080000e+00
-4.800000e-01 -1.020000e+00
-3.000000e-01 -1.080000e+00
-3.600000e-01 -1.080000e+00
-3.600000e-01 -1.020000e+00
-1.800000e-01 -1.080000e+00
-2.400000e-01 -1.080000e+00
-2.400000e-01 -1.020000e+00
-6.000000e-02 -1.080000e+00
-1.200000e-01 -1.080000e+00
-1.200000e-01 -1.020000e+00
6.000000e-02 -1.080000e+00
0.000000e+00 -1.080000e+00
0.000000e+00 -1.020000e+00
1.800000e-01 -1.080000e+00
1.200000e-01 -1.080000e+00
1.200000e-01 -1.020000e+00
2.400000e-01 -1.080000e+00
2.400000e-01 -1.020000e+00
3.600000e-01 -1.080000e+00
3.600000e-01 -1.020000e+00
-7.200000e-01 -9.600000e-01
-7.200000e-01 -9.000000e-01
-5.400000e-01 -9.600000e-01
-6.000000e-01 -9.600000e-01
-6.000000e-01 -9.000000e-01
-4.200000e-01 -9.600000e-01
-4.800000e-01 -9.600000e-01
-4.800000e-01 -9.000000e-01
-3.000000e-01 -9.600000e-01
-3.600000e-01 -9.600000e-01
-3.600000e-01 -9.000000e-01
-1.800000e-01 -9.600000e-01
-2.400000e-01 -9.600000e-01
-2.400000e-01 -9.000000e-01
-1.200000e-01 -9.600000e-01
0.000000e+00 -9.600000e-01
1.200000e-01 -9.600000e-01
3.000000e-01 -9.600000e-01
2.400000e-01 -9.600000e-01
4.200000e-01 -9.600000e-01
3.600000e-01 -9.600000e-01
3.600000e-01 -9.000000e-01
4.800000e-01 -9.600000e-01
4.800000e-01 -9.000000e-01
6.000000e-01 -9.600000e-01
6.000000e-01 -9.000000e-01
-7.800000e-01 -8.400000e-01
-8.400000e-01 -8.400000e-01
-8.400000e-01 -7.800000e-01
-6.600000e-01 -8.400000e-01
-7.200000e-01 -8.400000e-01
-7.200000e-01 -7.800000e-01
-5.400000e-01 -8.400000e-01
-6.000000e-01 -8.400000e-01
-6.000000e-01 -7.800000e-01
-4.200000e-01 -8.400000e-01
-4.800000e-01 -8.400000e-01
-4.800000e-01 -7.800000e-01
-3.600000e-01 -8.400000e-01
-2.400000e-01 -8.400000e-01
3.600000e-01 -8.400000e-01
5.400000e-01 -8.400000e-01
4.800000e-01 -8.400000e-01
6.600000e-01 -8.400000e-01
6.000000e-01 -8.400000e-01
6.000000e-01 -7.800000e-01
7.200000e-01 -8.400000e-01
7.200000e-01 -7.800000e-01
-9.000000e-01 -7.200000e-01
-9.600000e-01 -7.200000e-01
-7.800000e-01 -7.200000e-01
-8.400000e-01 -7.200000e-01
-8.400000e-01 -6.600000e-01
-6.600000e-01 -7.200000e-01
-7.200000e-01 -7.200000e-01
-7.200000e-01 -6.600000e-01
-6.000000e-01 -7.200000e-01
-4.800000e-01 -7.200000e-01
6.000000e-01 -7.200000e-01
7.800000e-01 -7.200000e-01
7.200000e-01 -7.200000e-01
8.400000e-01 -7.200000e-01
8.400000e-01 -6.600000e-01
-9.000000e-01 -6.000000e-01
-9.600000e-01 -6.000000e-01
-9.600000e-01 -5.400000e-01
-7.800000e-01 -6.000000e-01
-8.400000e-01 -6.000000e-01
-8.400000e-01 -5.400000e-01
-7.200000e-01 -6.000000e-01
7.800000e-01 -6.000000e-01
7.200000e-01 -6.000000e-01
9.000000e-01 -6.000000e-01
8.400000e-01 -6.000000e-01
8.400000e-01 -5.400000e-01
9.600000e-01 -6.000000e-01
-1.020000e+00 -4.800000e-01
-1.080000e+00 -4.800000e-01
-9.000000e-01 -4.800000e-01
-9.600000e-01 -4.800000e-01
-9.600000e-01 -4.200000e-01
-7.800000e-01 -4.800000e-01
-8.400000e-01 -4.800000e-01
-8.400000e-01 -4.200000e-01
-7.200000e-01 -4.800000e-01
9.000000e-01 -4.800000e-01
8.400000e-01 -4.800000e-01
9.600000e-01 -4.800000e-01
9.600000e-01 -4.200000e-01
-1.020000e+00 -3.600000e-01
-1.080000e+00 -3.600000e-01
-1.080000e+00 -3.000000e-01
-9.000000e-01 -3.600000e-01
-9.600000e-01 -3.600000e-01
-9.600000e-01 -3.000000e-01
-8.400000e-01 -3.600000e-01
9.000000e-01 -3.600000e-01
8.400000e-01 -3.600000e-01
1.020000e+00 -3.600000e-01
9.600000e-01 -3.600000e-01
9.600000e-01 -3.000000e-01
1.080000e+00 -3.600000e-01
-1.140000e+00 -2.400000e-01
-1.200000e+00 -2.400000e-01
-1.020000e+00 -2.400000e-01
-1.080000e+00 -2.400000e-01
-1.080000e+00 -1.800000e-01
-9.000000e-01 -2.400000e-01
-9.600000e-01 -2.400000e-01
-9.600000e-01 -1.800000e-01
-8.400000e-01 -2.400000e-01
1.020000e+00 -2.400000e-01
9.600000e-01 -2.400000e-01
1.080000e+00 -2.400000e-01
1.080000e+00 -1.800000e-01
-1.140000e+00 -1.200000e-01
-1.200000e+00 -1.200000e-01
-1.020000e+00 -1.200000e-01
-1.080000e+00 -1.200000e-01
-1.080000e+00 -6.000000e-02
-9.600000e-01 -1.200000e-01
1.020000e+00 -1.200000e-01
9.600000e-01 -1.200000e-01
1.140000e+00 -1.200000e-01
1.080000e+00 -1.200000e-01
1.080000e+00 -6.000000e-02
1.200000e+00 -1.200000e-01
-1.140000e+00 0.000000e+00
-1.200000e+00 0.000000e+00
-1.020000e+00 0.000000e+00
-1.080000e+00 0.000000e+00
-1.080000e+00 6.000000e-02
-9.600000e-01 0.000000e+00
1.020000e+00 0.000000e+00
9.600000e-01 0.000000e+00
1.140000e+00 0.000000e+00
1.080000e+00 0.000000e+00
1.080000e+00 6.000000e-02
1.200000e+00 0.000000e+00
-1.140000e+00 1.200000e-01
-1.200000e+00 1.200000e-01
-1.020000e+00 1.200000e-01
-1.080000e+00 1.200000e-01
-1.080000e+00 1.800000e-01
-9.600000e-01 1.200000e-01
1.020000e+00 1.200000e-01
9.600000e-01 1.200000e-01
9.600000e-01 1.800000e-01
1.140000e+00 1.200000e-01
1.080000e+00 1.200000e-01
1.080000e+00 1.800000e-01
1.200000e+00 1.200000e-01
-1.020000e+00 2.400000e-01
-1.080000e+00 2.400000e-01
-9.600000e-01 2.400000e-01
-9.600000e-01 3.000000e-01
9.000000e-01 2.400000e-01
8.400000e-01 2.400000e-01
1.020000e+00 2.400000e-01
9.600000e-01 2.400000e-01
9.600000e-01 3.000000e-01
1.140000e+00 2.400000e-01
1.080000e+00 2.400000e-01
1.080000e+00 3.000000e-01
1.200000e+00 2.400000e-01
-1.020000e+00 3.600000e-01
-1.080000e+00 3.600000e-01
-9.000000e-01 3.600000e-01
-9.600000e-01 3.600000e-01
-9.600000e-01 4.200000e-01
-8.400000e-01 3.600000e-01
9.000000e-01 3.600000e-01
8.400000e-01 3.600000e-01
8.400000e-01 4.200000e-01
1.020000e+00 3.600000e-01
9.600000e-01 3.600000e-01
9.600000e-01 4.200000e-01
1.080000e+00 3.600000e-01
-9.000000e-01 4.800000e-01
-9.600000e-01 4.800000e-01
-8.400000e-01 4.800000e-01
-8.400000e-01 5.400000e-01
7.800000e-01 4.800000e-01
7.200000e-01 4.800000e-01
9.000000e-01 4.800000e-01
8.400000e-01 4.800000e-01
8.400000e-01 5.400000e-01
1.020000e+00 4.800000e-01
9.600000e-01 4.800000e-01
9.600000e-01 5.400000e-01
1.080000e+00 4.800000e-01
-9.000000e-01 6.000000e-01
-9.600000e-01 6.000000e-01
-7.800000e-01 6.000000e-01
-8.400000e-01 6.000000e-01
-8.400000e-01 6.600000e-01
-7.200000e-01 6.000000e-01
7.800000e-01 6.000000e-01
7.200000e-01 6.000000e-01
7.200000e-01 6.600000e-01
9.000000e-01 6.000000e-01
8.400000e-01 6.000000e-01
8.400000e-01 6.600000e-01
9.600000e-01 6.000000e-01
-7.800000e-01 7.200000e-01
-8.400000e-01 7.200000e-01
-7.200000e-01 7.200000e-01
-7.200000e-01 7.800000e-01
-6.000000e-01 7.200000e-01
-6.000000e-01 7.800000e-01
4.800000e-01 7.200000e-01
4.800000e-01 7.800000e-01
6.600000e-01 7.200000e-01
6.000000e-01 7.200000e-01
6.000000e-01 7.800000e-01
7.800000e-01 7.200000e-01
7.200000e-01 7.200000e-01
7.200000e-01 7.800000e-01
9.000000e-01 7.200000e-01
8.400000e-01 7.200000e-01
8.400000e-01 7.800000e-01
9.600000e-01 7.200000e-01
-6.600000e-01 8.400000e-01
-7.200000e-01 8.400000e-01
-5.400000e-01 8.400000e-01
-6.000000e-01 8.400000e-01
-6.000000e-01 9.000000e-01
-4.800000e-01 8.400000e-01
-4.800000e-01 9.000000e-01
-3.600000e-01 8.400000e-01
-3.600000e-01 9.000000e-01
2.400000e-01 8.400000e-01
2.400000e-01 9.000000e-01
4.200000e-01 8.400000e-01
3.600000e-01 8.400000e-01
3.600000e-01 9.000000e-01
5.400000e-01 8.400000e-01
4.800000e-01 8.400000e-01
4.800000e-01 9.000000e-01
6.600000e-01 8.400000e-01
6.000000e-01 8.400000e-01
6.000000e-01 9.000000e-01
7.800000e-01 8.400000e-01
7.200000e-01 8.400000e-01
7.200000e-01 9.000000e-01
8.400000e-01 8.400000e-01
-6.000000e-01 9.600000e-01
-4.200000e-01 9.600000e-01
-4.800000e-01 9.600000e-01
-3.000000e-01 9.600000e-01
-3.600000e-01 9.600000e-01
-3.600000e-01 1.020000e+00
-2.400000e-01 9.600000e-01
-2.400000e-01 1.020000e+00
-1.200000e-01 9.600000e-01
-1.200000e-01 1.020000e+00
0.000000e+00 9.600000e-01
0.000000e+00 1.020000e+00
1.800000e-01 9.600000e-01
1.200000e-01 9.600000e-01
1.200000e-01 1.020000e+00
3.000000e-01 9.600000e-01
2.400000e-01 9.600000e-01
2.400000e-01 1.020000e+00
4.200000e-01 9.600000e-01
3.600000e-01 9.600000e-01
3.600000e-01 1.020000e+00
5.400000e-01 9.600000e-01
4.800000e-01 9.600000e-01
4.800000e-01 1.020000e+00
6.000000e-01 9.600000e-01
7.200000e-01 9.600000e-01
-3.600000e-01 1.080000e+00
-1.800000e-01 1.080000e+00
-2.400000e-01 1.080000e+00
-6.000000e-02 1.080000e+00
-1.200000e-01 1.080000e+00
-1.200000e-01 1.140000e+00
6.000000e-02 1.080000e+00
0.000000e+00 1.080000e+00
0.000000e+00 1.140000e+00
1.800000e-01 1.080000e+00
1.200000e-01 1.080000e+00
1.200000e-01 1.140000e+00
3.000000e-01 1.080000e+00
2.400000e-01 1.080000e+00
2.400000e-01 1.140000e+00
3.600000e-01 1.080000e+00
4.800000e-01 1.080000e+00
-1.200000e-01 1.200000e+00
0.000000e+00 1.200000e+00
1.200000e-01 1.200000e+00
2.400000e-01 1.200000e+00
simplices
0 1 27
0 26 27
1 2 28
1 27 28
2 3 29
2 28 29
3 4 30
3 29 30
4 5 31
4 30 31
5 6 32
5 31 32
6 7 33
6 32 33
7 8 34
7 33 34
8 9 35
8 34 35
9 10 36
9 35 36
10 11 37
10 36 37
11 12 38
11 37 38
12 13 39
12 38 39
13 14 40
13 39 40
14 15 41
14 40 41
15 16 42
15 41 42
16 17 43
16 42 43
17 18 44
17 43 44
18 19 45
18 44 45
19 20 46
19 45 46
20 21 47
20 46 47
21 22 48
21 47 48
22 23 49
22 48 49
23 24 50
23 49 50
24 25 51
24 50 51
26 27 53
26 52 53
27 28 54
27 53 54
28 29 55
28 54 55
29 30 56
29 55 56
30 31 57
30 56 57
31 32 58
31 57 58
32 33 59
32 58 59
33 34 60
33 59 60
34 35 61
34 60 61
35 36 62
35 61 62
36 37 63
36 62 63
37 38 64
37 63 64
38 39 65
38 64 65
39 40 66
39 65 66
40 41 67
40 66 67
41 42 68
41 67 68
42 43 69
42 68 69
43 44 70
43 69 70
44 45 71
44 70 71
45 46 72
45 71 72
46 47 73
46 72 73
47 48 74
47 73 74
48 49 75
48 74 75
49 50 76
49 75 76
50 51 77
50 76 77
52 53 79
52 78 79
53 54 80
53 79 80
54 55 81
54 80 81
55 56 82
55 81 82
56 57 83
56 82 83
57 58 84
57 83 84
58 59 85
58 84 85
59 60 86
59 85 86
60 61 87
60 86 87
61 62 88
61 87 88
62 63 676
63 89 676
62 88 676
88 676 677
89 676 677
63 64 678
64 90 678
63 89 678
89 678 679
90 678 679
64 65 680
65 91 680
64 90 680
90 680 681
91 680 681
65 66 682
66 92 682
65 91 682
91 682 683
92 682 683
66 67 93
66 92 93
67 68 94
67 93 94
68 69 95
68 94 95
69 70 96
69 95 96
70 71 97
70 96 97
71 72 98
71 97 98
72 73 99
72 98 99
73 74 100
73 99 100
74 75 101
74 100 101
75 76 102
75 101 102
76 77 103
76 102 103
78 79 105
78 104 105
79 80 106
79 105 106
80 81 107
80 106 107
81 82 108
81 107 108
82 83 109
82 108 109
83 84 110
83 109 110
84 85 111
84 110 111
85 86 112
85 111 112
86 87 684
87 113 684
86 112 684
112 684 685
113 684 685
87 88 687
88 686 687
114 686 687
87 113 687
113 687 688
114 687 688
89 677 690
88 677 690
89 689 690
115 689 690
114 686 690
88 686 690
114 690 691
115 690 691
90 679 693
89 679 693
90 692 693
116 692 693
115 689 693
89 689 693
115 693 694
116 693 694
91 681 696
90 681 696
91 695 696
117 695 696
116 692 696
90 692 696
116 696 697
117 696 697
92 683 699
91 683 699
92 698 699
118 698 699
117 695 699
91 695 699
117 699 700
118 699 700
92 93 701
93 119 701
118 698 701
92 698 701
118 701 702
119 701 702
93 94 703
94 120 703
93 119 703
119 703 704
120 703 704
94 95 121
94 120 121
95 96 122
95 121 122
96 97 123
96 122 123
97 98 124
97 123 124
98 99 125
98 124 125
99 100 126
99 125 126
100 101 127
100 126 127
101 102 128
101 127 128
102 103 129
102 128 129
104 105 131
104 130 131
105 106 132
105 131 132
106 107 133
106 132 133
107 108 134
107 133 134
108 109 135
108 134 135
109 110 136
109 135 136
110 111 705
111 137 705
110 136 705
136 705 706
137 705 706
111 112 708
112 707 708
138 707 708
111 137 708
137 708 709
138 708 709
113 685 711
112 685 711
113 710 711
139 710 711
138 707 711
112 707 711
138 711 712
139 711 712
114 688 714
113 688 714
114 713 714
140 713 714
139 710 714
113 710 714
139 714 715
140 714 715
115 691 717
114 691 717
115 716 717
141 716 717
140 713 717
114 713 717
140 717 718
141 717 718
116 694 719
115 694 719
116 142 719
141 716 719
115 716 719
141 142 719
117 697 720
116 697 720
117 143 720
116 142 720
142 143 720
118 700 721
117 700 721
118 144 721
117 143 721
143 144 721
119 702 723
118 702 723
119 722 723
145 722 723
118 144 723
144 145 723
120 704 725
119 704 725
120 724 725
146 724 725
145 722 725
119 722 725
145 725 726
146 725 726
120 121 727
121 147 727
146 724 727
120 724 727
146 727 728
147 727 728
121 122 729
122 148 729
121 147 729
147 729 730
148 729 730
122 123 149
122 148 149
123 124 150
123 149 150
124 125 151
124 150 151
125 126 152
125 151 152
126 127 153
126 152 153
127 128 154
127 153 154
128 129 155
128 154 155
130 131 157
130 156 157
131 132 158
131 157 158
132 133 159
132 158 159
133 134 160
133 159 160
134 135 161
134 160 161
135 136 732
136 731 732
162 731 732
135 161 732
161 732 733
162 732 733
137 706 735
136 706 735
137 734 735
163 734 735
162 731 735
136 731 735
162 735 736
163 735 736
138 709 738
137 709 738
138 737 738
164 737 738
163 734 738
137 734 738
163 738 739
164 738 739
139 712 741
138 712 741
139 740 741
165 740 741
164 737 741
138 737 741
164 741 742
165 741 742
140 715 743
139 715 743
140 166 743
165 740 743
139 740 743
165 166 743
141 718 744
140 718 744
141 167 744
140 166 744
166 167 744
141 142 168
141 167 168
142 143 169
142 168 169
143 144 170
143 169 170
144 145 171
144 170 171
146 726 745
145 726 745
146 172 745
145 171 745
171 172 745
147 728 747
146 728 747
147 746 747
173 746 747
146 172 747
172 173 747
148 730 749
147 730 749
148 748 749
174 748 749
173 746 749
147 746 749
173 749 750
174 749 750
148 149 751
149 175 751
174 748 751
148 748 751
174 751 752
175 751 752
149 150 176
149 175 176
150 151 177
150 176 177
151 152 178
151 177 178
152 153 179
152 178 179
153 154 180
153 179 180
154 155 181
154 180 181
156 157 183
156 182 183
157 158 184
157 183 184
158 159 185
158 184 185
159 160 186
159 185 186
160 161 754
161 753 754
187 753 754
160 186 754
186 187 754
162 733 756
161 733 756
162 755 756
188 755 756
187 753 756
161 753 756
187 756 757
188 756 757
163 736 759
162 736 759
163 758 759
189 758 759
188 755 759
162 755 759
188 759 760
189 759 760
164 739 761
163 739 761
164 190 761
189 758 761
163 758 761
189 190 761
165 742 762
164 742 762
165 191 762
164 190 762
190 191 762
165 166 192
165 191 192
166 167 193
166 192 193
167 168 194
167 193 194
168 169 195
168 194 195
169 170 196
169 195 196
170 171 197
170 196 197
171 172 198
171 197 198
172 173 199
172 198 199
174 750 763
173 750 763
174 200 763
173 199 763
199 200 763
175 752 765
174 752 765
175 764 765
201 764 765
174 200 765
200 201 765
175 176 766
176 202 766
201 764 766
175 764 766
201 766 767
202 766 767
176 177 203
176 202 203
177 178 204
177 203 204
178 179 205
178 204 205
179 180 206
179 205 206
180 181 207
180 206 207
182 183 209
182 208 209
183 184 210
183 209 210
184 185 211
184 210 211
185 186 212
185 211 212
186 187 769
187 768 769
213 768 769
186 212 769
212 769 770
213 769 770
188 757 772
187 757 772
188 771 772
214 771 772
213 768 772
187 768 772
213 772 773
214 772 773
189 760 774
188 760 774
189 215 774
214 771 774
188 771 774
214 215 774
189 190 216
189 215 216
190 191 217
190 216 217
191 192 218
191 217 218
192 193 219
192 218 219
193 194 220
193 219 220
194 195 221
194 220 221
195 196 222
195 221 222
196 197 223
196 222 223
197 198 224
197 223 224
198 199 225
198 224 225
199 200 226
199 225 226
200 201 776
201 775 776
227 775 776
200 226 776
226 227 776
202 767 778
201 767 778
202 777 778
228 777 778
227 775 778
201 775 778
227 778 779
228 778 779
202 203 780
203 229 780
228 777 780
202 777 780
228 229 780
203 204 230
203 229 230
204 205 231
204 230 231
205 206 232
205 231 232
206 207 233
206 232 233
208 209 235
208 234 235
209 210 236
209 235 236
210 211 237
210 236 237
211 212 782
212 781 782
238 781 782
211 237 782
237 238 782
213 770 784
212 770 784
213 783 784
239 783 784
238 781 784
212 781 784
238 784 785
239 784 785
214 773 787
213 773 787
214 786 787
240 786 787
239 783 787
213 783 787
239 787 788
240 787 788
214 215 789
215 241 789
240 786 789
214 786 789
240 241 789
215 216 242
215 241 242
216 217 243
216 242 243
217 218 244
217 243 244
218 219 245
218 244 245
219 220 246
219 245 246
220 221 247
220 246 247
221 222 248
221 247 248
222 223 249
222 248 249
223 224 250
223 249 250
224 225 251
224 250 251
225 226 252
225 251 252
226 227 253
226 252 253
228 779 791
227 779 791
228 790 791
254 790 791
227 253 791
253 254 791
228 229 792
229 255 792
254 790 792
228 790 792
254 792 793
255 792 793
229 230 256
229 255 256
230 231 257
230 256 257
231 232 258
231 257 258
232 233 259
232 258 259
234 235 261
234 260 261
235 236 262
235 261 262
236 237 263
236 262 263
237 238 795
238 794 795
264 794 795
237 263 795
263 795 796
264 795 796
239 785 798
238 785 798
239 797 798
265 797 798
264 794 798
238 794 798
264 798 799
265 798 799
240 788 800
239 788 800
240 266 800
265 797 800
239 797 800
265 266 800
240 241 267
240 266 267
241 242 268
241 267 268
242 243 269
242 268 269
243 244 270
243 269 270
244 245 271
244 270 271
245 246 272
245 271 272
246 247 273
246 272 273
247 248 274
247 273 274
248 249 275
248 274 275
249 250 276
249 275 276
250 251 277
250 276 277
251 252 278
251 277 278
252 253 279
252 278 279
253 254 802
254 801 802
280 801 802
253 279 802
279 280 802
255 793 804
254 793 804
255 803 804
281 803 804
280 801 804
254 801 804
280 804 805
281 804 805
255 256 806
256 282 806
281 803 806
255 803 806
281 282 806
256 257 283
256 282 283
257 258 284
257 283 284
258 259 285
258 284 285
260 261 287
260 286 287
261 262 288
261 287 288
262 263 808
263 807 808
289 807 808
262 288 808
288 289 808
264 796 810
263 796 810
264 809 810
290 809 810
289 807 810
263 807 810
289 810 811
290 810 811
265 799 813
264 799 813
265 812 813
291 812 813
290 809 813
264 809 813
290 813 814
291 813 814
265 266 815
266 292 815
291 812 815
265 812 815
291 292 815
266 267 293
266 292 293
267 268 294
267 293 294
268 269 295
268 294 295
269 270 296
269 295 296
270 271 297
270 296 297
271 272 298
271 297 298
272 273 299
272 298 299
273 274 300
273 299 300
274 275 301
274 300 301
275 276 302
275 301 302
276 277 303
276 302 303
277 278 304
277 303 304
278 279 305
278 304 305
279 280 306
279 305 306
281 805 817
280 805 817
281 816 817
307 816 817
280 306 817
306 307 817
281 282 818
282 308 818
307 816 818
281 816 818
307 818 819
308 818 819
282 283 309
282 308 309
283 284 310
283 309 310
284 285 311
284 310 311
286 287 313
286 312 313
287 288 314
287 313 314
288 289 821
289 820 821
315 820 821
288 314 821
314 315 821
290 811 823
289 811 823
290 822 823
316 822 823
315 820 823
289 820 823
315 823 824
316 823 824
291 814 825
290 814 825
291 317 825
316 822 825
290 822 825
316 317 825
291 292 318
291 317 318
292 293 319
292 318 319
293 294 320
293 319 320
294 295 321
294 320 321
295 296 322
295 321 322
296 297 323
296 322 323
297 298 324
297 323 324
298 299 325
298 324 325
299 300 326
299 325 326
300 301 327
300 326 327
301 302 328
301 327 328
302 303 329
302 328 329
303 304 330
303 329 330
304 305 331
304 330 331
305 306 332
305 331 332
306 307 827
307 826 827
333 826 827
306 332 827
332 333 827
308 819 829
307 819 829
308 828 829
334 828 829
333 826 829
307 826 829
333 829 830
334 829 830
308 309 831
309 335 831
334 828 831
308 828 831
334 335 831
309 310 336
309 335 336
310 311 337
310 336 337
312 313 339
312 338 339
313 314 340
313 339 340
314 315 833
315 832 833
341 832 833
314 340 833
340 341 833
316 824 835
315 824 835
316 834 835
342 834 835
341 832 835
315 832 835
341 835 836
342 835 836
316 317 837
317 343 837
342 834 837
316 834 837
342 343 837
317 318 344
317 343 344
318 319 345
318 344 345
319 320 346
319 345 346
320 321 347
320 346 347
321 322 348
321 347 348
322 323 349
322 348 349
323 324 350
323 349 350
324 325 351
324 350 351
325 326 352
325 351 352
326 327 353
326 352 353
327 328 354
327 353 354
328 329 355
328 354 355
329 330 356
329 355 356
330 331 357
330 356 357
331 332 358
331 357 358
332 333 839
333 838 839
359 838 839
332 358 839
358 359 839
334 830 841
333 830 841
334 840 841
360 840 841
359 838 841
333 838 841
359 841 842
360 841 842
334 335 843
335 361 843
360 840 843
334 840 843
360 361 843
335 336 362
335 361 362
336 337 363
336 362 363
338 339 365
338 364 365
339 340 366
339 365 366
340 341 845
341 844 845
367 844 845
340 366 845
366 367 845
342 836 847
341 836 847
342 846 847
368 846 847
367 844 847
341 844 847
367 847 848
368 847 848
342 343 849
343 369 849
368 846 849
342 846 849
368 369 849
343 344 370
343 369 370
344 345 371
344 370 371
345 346 372
345 371 372
346 347 373
346 372 373
347 348 374
347 373 374
348 349 375
348 374 375
349 350 376
349 375 376
350 351 377
350 376 377
351 352 378
351 377 378
352 353 379
352 378 379
353 354 380
353 379 380
354 355 381
354 380 381
355 356 382
355 381 382
356 357 383
356 382 383
357 358 384
357 383 384
358 359 851
359 850 851
385 850 851
358 384 851
384 851 852
385 851 852
360 842 854
359 842 854
360 853 854
386 853 854
385 850 854
359 850 854
385 854 855
386 854 855
360 361 856
361 387 856
386 853 856
360 853 856
386 387 856
361 362 388
361 387 388
362 363 389
362 388 389
364 365 391
364 390 391
365 366 392
365 391 392
366 367 393
366 392 393
368 848 858
367 848 858
368 857 858
394 857 858
367 393 858
393 394 858
368 369 859
369 395 859
394 857 859
368 857 859
394 859 860
395 859 860
369 370 396
369 395 396
370 371 397
370 396 397
371 372 398
371 397 398
372 373 399
372 398 399
373 374 400
373 399 400
374 375 401
374 400 401
375 376 402
375 401 402
376 377 403
376 402 403
377 378 404
377 403 404
378 379 405
378 404 405
379 380 406
379 405 406
380 381 407
380 406 407
381 382 408
381 407 408
382 383 409
382 408 409
383 384 862
384 861 862
410 861 862
383 409 862
409 410 862
385 852 864
384 852 864
385 863 864
411 863 864
410 861 864
384 861 864
410 864 865
411 864 865
386 855 867
385 855 867
386 866 867
412 866 867
411 863 867
385 863 867
411 867 868
412 867 868
386 387 869
387 413 869
412 866 869
386 866 869
412 413 869
387 388 414
387 413 414
388 389 415
388 414 415
390 391 417
390 416 417
391 392 418
391 417 418
392 393 419
392 418 419
393 394 871
394 870 871
420 870 871
393 419 871
419 420 871
395 860 873
394 860 873
395 872 873
421 872 873
420 870 873
394 870 873
420 873 874
421 873 874
395 396 875
396 422 875
421 872 875
395 872 875
421 422 875
396 397 423
396 422 423
397 398 424
397 423 424
398 399 425
398 424 425
399 400 426
399 425 426
400 401 427
400 426 427
401 402 428
401 427 428
402 403 429
402 428 429
403 404 430
403 429 430
404 405 431
404 430 431
405 406 432
405 431 432
406 407 433
406 432 433
407 408 434
407 433 434
408 409 435
408 434 435
409 410 877
410 876 877
436 876 877
409 435 877
435 877 878
436 877 878
411 865 880
410 865 880
411 879 880
437 879 880
436 876 880
410 876 880
436 880 881
437 880 881
412 868 882
411 868 882
412 438 882
437 879 882
411 879 882
437 438 882
412 413 439
412 438 439
413 414 440
413 439 440
414 415 441
414 440 441
416 417 443
416 442 443
417 418 444
417 443 444
418 419 445
418 444 445
419 420 446
419 445 446
421 874 884
420 874 884
421 883 884
447 883 884
420 446 884
446 447 884
421 422 885
422 448 885
447 883 885
421 883 885
447 885 886
448 885 886
422 423 449
422 448 449
423 424 450
423 449 450
424 425 451
424 450 451
425 426 452
425 451 452
426 427 453
426 452 453
427 428 454
427 453 454
428 429 455
428 454 455
429 430 456
429 455 456
430 431 457
430 456 457
431 432 458
431 457 458
432 433 459
432 458 459
433 434 460
433 459 460
434 435 888
435 887 888
461 887 888
434 460 888
460 461 888
436 878 890
435 878 890
436 889 890
462 889 890
461 887 890
435 887 890
461 890 891
462 890 891
437 881 893
436 881 893
437 892 893
463 892 893
462 889 893
436 889 893
462 893 894
463 893 894
437 438 895
438 464 895
463 892 895
437 892 895
463 464 895
438 439 465
438 464 465
439 440 466
439 465 466
440 441 467
440 466 467
442 443 469
442 468 469
443 444 470
443 469 470
444 445 471
444 470 471
445 446 472
445 471 472
446 447 897
447 896 897
473 896 897
446 472 897
472 473 897
448 886 899
447 886 899
448 898 899
474 898 899
473 896 899
447 896 899
473 899 900
474 899 900
448 449 901
449 475 901
474 898 901
448 898 901
474 475 901
449 450 476
449 475 476
450 451 477
450 476 477
451 452 478
451 477 478
452 453 479
452 478 479
453 454 480
453 479 480
454 455 481
454 480 481
455 456 482
455 481 482
456 457 483
456 482 483
457 458 484
457 483 484
458 459 485
458 484 485
459 460 486
459 485 486
460 461 903
461 902 903
487 902 903
460 486 903
486 903 904
487 903 904
462 891 906
461 891 906
462 905 906
488 905 906
487 902 906
461 902 906
487 906 907
488 906 907
463 894 908
462 894 908
463 489 908
488 905 908
462 905 908
488 489 908
463 464 490
463 489 490
464 465 491
464 490 491
465 466 492
465 491 492
466 467 493
466 492 493
468 469 495
468 494 495
469 470 496
469 495 496
470 471 497
470 496 497
471 472 498
471 497 498
472 473 499
472 498 499
474 900 910
473 900 910
474 909 910
500 909 910
473 499 910
499 500 910
474 475 911
475 501 911
500 909 911
474 909 911
500 911 912
501 911 912
475 476 913
476 502 913
475 501 913
501 913 914
502 913 914
476 477 503
476 502 503
477 478 504
477 503 504
478 479 505
478 504 505
479 480 506
479 505 506
480 481 507
480 506 507
481 482 508
481 507 508
482 483 509
482 508 509
483 484 510
483 509 510
484 485 915
485 511 915
484 510 915
510 915 916
511 915 916
485 486 918
486 917 918
512 917 918
485 511 918
511 918 919
512 918 919
487 904 921
486 904 921
487 920 921
513 920 921
512 917 921
486 917 921
512 921 922
513 921 922
488 907 924
487 907 924
488 923 924
514 923 924
513 920 924
487 920 924
513 924 925
514 924 925
488 489 926
489 515 926
514 923 926
488 923 926
514 515 926
489 490 516
489 515 516
490 491 517
490 516 517
491 492 518
491 517 518
492 493 519
492 518 519
494 495 521
494 520 521
495 496 522
495 521 522
496 497 523
496 522 523
497 498 524
497 523 524
498 499 525
498 524 525
499 500 526
499 525 526
501 912 928
500 912 928
501 927 928
527 927 928
500 526 928
526 527 928
502 914 930
501 914 930
502 929 930
528 929 930
527 927 930
501 927 930
527 930 931
528 930 931
502 503 932
503 529 932
528 929 932
502 929 932
528 932 933
529 932 933
503 504 934
504 530 934
503 529 934
529 934 935
530 934 935
504 505 531
504 530 531
505 506 532
505 531 532
506 507 533
506 532 533
507 508 534
507 533 534
508 509 936
509 535 936
508 534 936
534 936 937
535 936 937
509 510 939
510 938 939
536 938 939
509 535 939
535 939 940
536 939 940
511 916 942
510 916 942
511 941 942
537 941 942
536 938 942
510 938 942
536 942 943
537 942 943
512 919 945
511 919 945
512 944 945
538 944 945
537 941 945
511 941 945
537 945 946
538 945 946
513 922 948
512 922 948
513 947 948
539 947 948
538 944 948
512 944 948
538 948 949
539 948 949
514 925 950
513 925 950
514 540 950
539 947 950
513 947 950
539 540 950
514 515 541
514 540 541
515 516 542
515 541 542
516 517 543
516 542 543
517 518 544
517 543 544
518 519 545
518 544 545
520 521 547
520 546 547
521 522 548
521 547 548
522 523 549
522 548 549
523 524 550
523 549 550
524 525 551
524 550 551
525 526 552
525 551 552
526 527 553
526 552 553
528 931 951
527 931 951
528 554 951
527 553 951
553 554 951
529 933 953
528 933 953
529 952 953
555 952 953
528 554 953
554 555 953
530 935 955
529 935 955
530 954 955
556 954 955
555 952 955
529 952 955
555 955 956
556 955 956
530 531 957
531 557 957
556 954 957
530 954 957
556 957 958
557 957 958
531 532 959
532 558 959
531 557 959
557 959 960
558 959 960
532 533 961
533 559 961
532 558 961
558 961 962
559 961 962
533 534 964
534 963 964
560 963 964
533 559 964
559 964 965
560 964 965
535 937 967
534 937 967
535 966 967
561 966 967
560 963 967
534 963 967
560 967 968
561 967 968
536 940 970
535 940 970
536 969 970
562 969 970
561 966 970
535 966 970
561 970 971
562 970 971
537 943 973
536 943 973
537 972 973
563 972 973
562 969 973
536 969 973
562 973 974
563 973 974
538 946 975
537 946 975
538 564 975
563 972 975
537 972 975
563 564 975
539 949 976
538 949 976
539 565 976
538 564 976
564 565 976
539 540 566
539 565 566
540 541 567
540 566 567
541 542 568
541 567 568
542 543 569
542 568 569
543 544 570
543 569 570
544 545 571
544 570 571
546 547 573
546 572 573
547 548 574
547 573 574
548 549 575
548 574 575
549 550 576
549 575 576
550 551 577
550 576 577
551 552 578
551 577 578
552 553 579
552 578 579
553 554 580
553 579 580
554 555 581
554 580 581
556 956 977
555 956 977
556 582 977
555 581 977
581 582 977
557 958 979
556 958 979
557 978 979
583 978 979
556 582 979
582 583 979
558 960 981
557 960 981
558 980 981
584 980 981
583 978 981
557 978 981
583 981 982
584 981 982
559 962 984
558 962 984
559 983 984
585 983 984
584 980 984
558 980 984
584 984 985
585 984 985
560 965 987
559 965 987
560 986 987
586 986 987
585 983 987
559 983 987
585 987 988
586 987 988
561 968 990
560 968 990
561 989 990
587 989 990
586 986 990
560 986 990
586 990 991
587 990 991
562 971 992
561 971 992
562 588 992
587 989 992
561 989 992
587 588 992
563 974 993
562 974 993
563 589 993
562 588 993
588 589 993
563 564 590
563 589 590
564 565 591
564 590 591
565 566 592
565 591 592
566 567 593
566 592 593
567 568 594
567 593 594
568 569 595
568 594 595
569 570 596
569 595 596
570 571 597
570 596 597
572 573 599
572 598 599
573 574 600
573 599 600
574 575 601
574 600 601
575 576 602
575 601 602
576 577 603
576 602 603
577 578 604
577 603 604
578 579 605
578 604 605
579 580 606
579 605 606
580 581 607
580 606 607
581 582 608
581 607 608
582 583 609
582 608 609
584 982 994
583 982 994
584 610 994
583 609 994
609 610 994
585 985 995
584 985 995
585 611 995
584 610 995
610 611 995
586 988 996
585 988 996
586 612 996
585 611 996
611 612 996
587 991 997
586 991 997
587 613 997
586 612 997
612 613 997
587 588 614
587 613 614
588 589 615
588 614 615
589 590 616
589 615 616
590 591 617
590 616 617
591 592 618
591 617 618
592 593 619
592 618 619
593 594 620
593 619 620
594 595 621
594 620 621
595 596 622
595 621 622
596 597 623
596 622 623
598 599 625
598 624 625
599 600 626
599 625 626
600 601 627
600 626 627
601 602 628
601 627 628
602 603 629
602 628 629
603 604 630
603 629 630
604 605 631
604 630 631
605 606 632
605 631 632
606 607 633
606 632 633
607 608 634
607 633 634
608 609 635
608 634 635
609 610 636
609 635 636
610 611 637
610 636 637
611 612 638
611 637 638
612 613 639
612 638 639
613 614 640
613 639 640
614 615 641
614 640 641
615 616 642
615 641 642
616 617 643
616 642 643
617 618 644
617 643 644
618 619 645
618 644 645
619 620 646
619 645 646
620 621 647
620 646 647
621 622 648
621 647 648
622 623 649
622 648 649
624 625 651
624 650 651
625 626 652
625 651 652
626 627 653
626 652 653
627 628 654
627 653 654
628 629 655
628 654 655
629 630 656
629 655 656
630 631 657
630 656 657
631 632 658
631 657 658
632 633 659
632 658 659
633 634 660
633 659 660
634 635 661
634 660 661
635 636 662
635 661 662
636 637 663
636 662 663
637 638 664
637 663 664
638 639 665
638 664 665
639 640 666
639 665 666
640 641 667
640 666 667
641 642 668
641 667 668
642 643 669
642 668 669
643 644 670
643 669 670
644 645 671
644 670 671
645 646 672
645 671 672
646 647 673
646 672 673
647 648 674
647 673 674
648 649 675
648 674 675
