ID=3290196
numvertices=1491
numsimplices=2852
vertices
-1.500000e+00 -1.500000e+00
-1.406250e+00 -1.500000e+00
-1.312500e+00 -1.500000e+00
-1.218750e+00 -1.500000e+00
-1.125000e+00 -1.500000e+00
-1.031250e+00 -1.500000e+00
-9.375000e-01 -1.500000e+00
-8.437500e-01 -1.500000e+00
-7.500000e-01 -1.500000e+00
-6.562500e-01 -1.500000e+00
-5.625000e-01 -1.500000e+00
-4.687500e-01 -1.500000e+00
-3.750000e-01 -1.500000e+00
-2.812500e-01 -1.500000e+00
-1.875000e-01 -1.500000e+00
-9.375000e-02 -1.500000e+00
0.000000e+00 -1.500000e+00
9.375000e-02 -1.500000e+00
1.875000e-01 -1.500000e+00
2.812500e-01 -1.500000e+00
3.750000e-01 -1.500000e+00
4.687500e-01 -1.500000e+00
5.625000e-01 -1.500000e+00
6.562500e-01 -1.500000e+00
7.500000e-01 -1.500000e+00
8.437500e-01 -1.500000e+00
9.375000e-01 -1.500000e+00
1.031250e+00 -1.500000e+00
1.125000e+00 -1.500000e+00
1.218750e+00 -1.500000e+00
1.312500e+00 -1.500000e+00
1.406250e+00 -1.500000e+00
1.500000e+00 -1.500000e+00
-1.500000e+00 -1.406250e+00
-1.406250e+00 -1.406250e+00
-1.312500e+00 -1.406250e+00
-1.218750e+00 -1.406250e+00
-1.125000e+00 -1.406250e+00
-1.031250e+00 -1.406250e+00
-9.375000e-01 -1.406250e+00
-8.437500e-01 -1.406250e+00
-7.500000e-01 -1.406250e+00
-6.562500e-01 -1.406250e+00
-5.625000e-01 -1.406250e+00
-4.687500e-01 -1.406250e+00
-3.750000e-01 -1.406250e+00
-2.812500e-01 -1.406250e+00
-1.875000e-01 -1.406250e+00
-9.375000e-02 -1.406250e+00
0.000000e+00 -1.406250e+00
9.375000e-02 -1.406250e+00
1.875000e-01 -1.406250e+00
2.812500e-01 -1.406250e+00
3.750000e-01 -1.406250e+00
4.687500e-01 -1.406250e+00
5.625000e-01 -1.406250e+00
6.562500e-01 -1.406250e+00
7.500000e-01 -1.406250e+00
8.437500e-01 -1.406250e+00
9.375000e-01 -1.406250e+00
1.031250e+00 -1.406250e+00
1.125000e+00 -1.406250e+00
1.218750e+00 -1.406250e+00
1.312500e+00 -1.406250e+00
1.406250e+00 -1.406250e+00
1.500000e+00 -1.406250e+00
-1.500000e+00 -1.312500e+00
-1.406250e+00 -1.312500e+00
-1.312500e+00 -1.312500e+00
-1.218750e+00 -1.312500e+00
-1.125000e+00 -1.312500e+00
-1.031250e+00 -1.312500e+00
-9.375000e-01 -1.312500e+00
-8.437500e-01 -1.312500e+00
-7.500000e-01 -1.312500e+00
-6.562500e-01 -1.312500e+00
-5.625000e-01 -1.312500e+00
-4.687500e-01 -1.312500e+00
-3.750000e-01 -1.312500e+00
-2.812500e-01 -1.312500e+00
-1.875000e-01 -1.312500e+00
-9.375000e-02 -1.312500e+00
0.000000e+00 -1.312500e+00
9.375000e-02 -1.312500e+00
1.875000e-01 -1.312500e+00
2.812500e-01 -1.312500e+00
3.750000e-01 -1.312500e+00
4.687500e-01 -1.312500e+00
5.625000e-01 -1.312500e+00
6.562500e-01 -1.312500e+00
7.500000e-01 -1.312500e+00
8.437500e-01 -1.312500e+00
9.375000e-01 -1.312500e+00
1.031250e+00 -1.312500e+00
1.125000e+00 -1.312500e+00
1.218750e+00 -1.312500e+00
1.312500e+00 -1.312500e+00
1.406250e+00 -1.312500e+00
1.500000e+00 -1.312500e+00
-1.500000e+00 -1.218750e+00
-1.406250e+00 -1.218750e+00
-1.312500e+00 -1.218750e+00
-1.218750e+00 -1.218750e+00
-1.125000e+00 -1.218750e+00
-1.031250e+00 -1.218750e+00
-9.375000e-01 -1.218750e+00
-8.437500e-01 -1.218750e+00
-7.500000e-01 -1.218750e+00
-6.562500e-01 -1.218750e+00
-5.625000e-01 -1.218750e+00
-4.687500e-01 -1.218750e+00
-3.750000e-01 -1.218750e+00
-2.812500e-01 -1.218750e+00
-1.875000e-01 -1.218750e+00
-9.375000e-02 -1.218750e+00
0.000000e+00 -1.218750e+00
9.375000e-02 -1.218750e+00
1.875000e-01 -1.218750e+00
2.812500e-01 -1.218750e+00
3.750000e-01 -1.218750e+00
4.687500e-01 -1.218750e+00
5.625000e-01 -1.218750e+00
6.562500e-01 -1.218750e+00
7.500000e-01 -1.218750e+00
8.437500e-01 -1.218750e+00
9.375000e-01 -1.218750e+00
1.031250e+00 -1.218750e+00
1.125000e+00 -1.218750e+00
1.218750e+00 -1.218750e+00
1.312500e+00 -1.218750e+00
1.406250e+00 -1.218750e+00
1.500000e+00 -1.218750e+00
-1.500000e+00 -1.125000e+00
-1.406250e+00 -1.125000e+00
-1.312500e+00 -1.125000e+00
-1.218750e+00 -1.125000e+00
-1.125000e+00 -1.125000e+00
-1.031250e+00 -1.125000e+00
-9.375000e-01 -1.125000e+00
-8.437500e-01 -1.125000e+00
-7.500000e-01 -1.125000e+00
-6.562500e-01 -1.125000e+00
-5.625000e-01 -1.125000e+00
-4.687500e-01 -1.125000e+00
-3.750000e-01 -1.125000e+00
-2.812500e-01 -1.125000e+00
-1.875000e-01 -1.125000e+00
-9.375000e-02 -1.125000e+00
0.000000e+00 -1.125000e+00
9.375000e-02 -1.125000e+00
1.875000e-01 -1.125000e+00
2.812500e-01 -1.125000e+00
3.750000e-01 -1.125000e+00
4.687500e-01 -1.125000e+00
5.625000e-01 -1.125000e+00
6.562500e-01 -1.125000e+00
7.500000e-01 -1.125000e+00
8.437500e-01 -1.125000e+00
9.375000e-01 -1.125000e+00
1.031250e+00 -1.125000e+00
1.125000e+00 -1.125000e+00
1.218750e+00 -1.125000e+00
1.312500e+00 -1.125000e+00
1.406250e+00 -1.125000e+00
1.500000e+00 -1.125000e+00
-1.500000e+00 -1.031250e+00
-1.406250e+00 -1.031250e+00
-1.312500e+00 -1.031250e+00
-1.218750e+00 -1.031250e+00
-1.125000e+00 -1.031250e+00
-1.031250e+00 -1.031250e+00
-9.375000e-01 -1.031250e+00
-8.437500e-01 -1.031250e+00
-7.500000e-01 -1.031250e+00
-6.562500e-01 -1.031250e+00
-5.625000e-01 -1.031250e+00
-4.687500e-01 -1.031250e+00
-3.750000e-01 -1.031250e+00
-2.812500e-01 -1.031250e+00
-1.875000e-01 -1.031250e+00
-9.375000e-02 -1.031250e+00
0.000000e+00 -1.031250e+00
9.375000e-02 -1.031250e+00
1.875000e-01 -1.031250e+00
2.812500e-01 -1.031250e+00
3.750000e-01 -1.031250e+00
4.687500e-01 -1.031250e+00
5.625000e-01 -1.031250e+00
6.562500e-01 -1.031250e+00
7.500000e-01 -1.031250e+00
8.437500e-01 -1.031250e+00
9.375000e-01 -1.031250e+00
1.031250e+00 -1.031250e+00
1.125000e+00 -1.031250e+00
1.218750e+00 -1.031250e+00
1.312500e+00 -1.031250e+00
1.406250e+00 -1.031250e+00
1.500000e+00 -1.031250e+00
-1.500000e+00 -9.375000e-01
-1.406250e+00 -9.375000e-01
-1.312500e+00 -9.375000e-01
-1.218750e+00 -9.375000e-01
-1.125000e+00 -9.375000e-01
-1.031250e+00 -9.375000e-01
-9.375000e-01 -9.375000e-01
-8.437500e-01 -9.375000e-01
-7.500000e-01 -9.375000e-01
-6.562500e-01 -9.375000e-01
-5.625000e-01 -9.375000e-01
-4.687500e-01 -9.375000e-01
-3.750000e-01 -9.375000e-01
-2.812500e-01 -9.375000e-01
-1.875000e-01 -9.375000e-01
-9.375000e-02 -9.375000e-01
0.000000e+00 -9.375000e-01
9.375000e-02 -9.375000e-01
1.875000e-01 -9.375000e-01
2.812500e-01 -9.375000e-01
3.750000e-01 -9.375000e-01
4.687500e-01 -9.375000e-01
5.625000e-01 -9.375000e-01
6.562500e-01 -9.375000e-01
7.500000e-01 -9.375000e-01
8.437500e-01 -9.375000e-01
9.375000e-01 -9.375000e-01
1.031250e+00 -9.375000e-01
1.125000e+00 -9.375000e-01
1.218750e+00 -9.375000e-01
1.312500e+00 -9.375000e-01
1.406250e+00 -9.375000e-01
1.500000e+00 -9.375000e-01
-1.500000e+00 -8.437500e-01
-1.406250e+00 -8.437500e-01
-1.312500e+00 -8.437500e-01
-1.218750e+00 -8.437500e-01
-1.125000e+00 -8.437500e-01
-1.031250e+00 -8.437500e-01
-9.375000e-01 -8.437500e-01
-8.437500e-01 -8.437500e-01
-7.500000e-01 -8.437500e-01
-6.562500e-01 -8.437500e-01
-5.625000e-01 -8.437500e-01
-4.687500e-01 -8.437500e-01
-3.750000e-01 -8.437500e-01
-2.812500e-01 -8.437500e-01
-1.875000e-01 -8.437500e-01
-9.375000e-02 -8.437500e-01
0.000000e+00 -8.437500e-01
9.375000e-02 -8.437500e-01
1.875000e-01 -8.437500e-01
2.812500e-01 -8.437500e-01
3.750000e-01 -8.437500e-01
4.687500e-01 -8.437500e-01
5.625000e-01 -8.437500e-01
6.562500e-01 -8.437500e-01
7.500000e-01 -8.437500e-01
8.437500e-01 -8.437500e-01
9.375000e-01 -8.437500e-01
1.031250e+00 -8.437500e-01
1.125000e+00 -8.437500e-01
1.218750e+00 -8.437500e-01
1.312500e+00 -8.437500e-01
1.406250e+00 -8.437500e-01
1.500000e+00 -8.437500e-01
-1.500000e+00 -7.500000e-01
-1.406250e+00 -7.500000e-01
-1.312500e+00 -7.500000e-01
-1.218750e+00 -7.500000e-01
-1.125000e+00 -7.500000e-01
-1.031250e+00 -7.500000e-01
-9.375000e-01 -7.500000e-01
-8.437500e-01 -7.500000e-01
-7.500000e-01 -7.500000e-01
-6.562500e-01 -7.500000e-01
-5.625000e-01 -7.500000e-01
-4.687500e-01 -7.500000e-01
-3.750000e-01 -7.500000e-01
-2.812500e-01 -7.500000e-01
-1.875000e-01 -7.500000e-01
-9.375000e-02 -7.500000e-01
0.000000e+00 -7.500000e-01
9.375000e-02 -7.500000e-01
1.875000e-01 -7.500000e-01
2.812500e-01 -7.500000e-01
3.750000e-01 -7.500000e-01
4.687500e-01 -7.500000e-01
5.625000e-01 -7.500000e-01
6.562500e-01 -7.500000e-01
7.500000e-01 -7.500000e-01
8.437500e-01 -7.500000e-01
9.375000e-01 -7.500000e-01
1.031250e+00 -7.500000e-01
1.125000e+00 -7.500000e-01
1.218750e+00 -7.500000e-01
1.312500e+00 -7.500000e-01
1.406250e+00 -7.500000e-01
1.500000e+00 -7.500000e-01
-1.500000e+00 -6.562500e-01
-1.406250e+00 -6.562500e-01
-1.312500e+00 -6.562500e-01
-1.218750e+00 -6.562500e-01
-1.125000e+00 -6.562500e-01
-1.031250e+00 -6.562500e-01
-9.375000e-01 -6.562500e-01
-8.437500e-01 -6.562500e-01
-7.500000e-01 -6.562500e-01
-6.562500e-01 -6.562500e-01
-5.625000e-01 -6.562500e-01
-4.687500e-01 -6.562500e-01
-3.750000e-01 -6.562500e-01
-2.812500e-01 -6.562500e-01
-1.875000e-01 -6.562500e-01
-9.375000e-02 -6.562500e-01
0.000000e+00 -6.562500e-01
9.375000e-02 -6.562500e-01
1.875000e-01 -6.562500e-01
2.812500e-01 -6.562500e-01
3.750000e-01 -6.562500e-01
4.687500e-01 -6.562500e-01
5.625000e-01 -6.562500e-01
6.562500e-01 -6.562500e-01
7.500000e-01 -6.562500e-01
8.437500e-01 -6.562500e-01
9.375000e-01 -6.562500e-01
1.031250e+00 -6.562500e-01
1.125000e+00 -6.562500e-01
1.218750e+00 -6.562500e-01
1.312500e+00 -6.562500e-01
1.406250e+00 -6.562500e-01
1.500000e+00 -6.562500e-01
-1.500000e+00 -5.625000e-01
-1.406250e+00 -5.625000e-01
-1.312500e+00 -5.625000e-01
-1.218750e+00 -5.625000e-01
-1.125000e+00 -5.625000e-01
-1.031250e+00 -5.625000e-01
-9.375000e-01 -5.625000e-01
-8.437500e-01 -5.625000e-01
-7.500000e-01 -5.625000e-01
-6.562500e-01 -5.625000e-01
-5.625000e-01 -5.625000e-01
-4.687500e-01 -5.625000e-01
-3.750000e-01 -5.625000e-01
-2.812500e-01 -5.625000e-01
-1.875000e-01 -5.625000e-01
-9.375000e-02 -5.625000e-01
0.000000e+00 -5.625000e-01
9.375000e-02 -5.625000e-01
1.875000e-01 -5.625000e-01
2.812500e-01 -5.625000e-01
3.750000e-01 -5.625000e-01
4.687500e-01 -5.625000e-01
5.625000e-01 -5.625000e-01
6.562500e-01 -5.625000e-01
7.500000e-01 -5.625000e-01
8.437500e-01 -5.625000e-01
9.375000e-01 -5.625000e-01
1.031250e+00 -5.625000e-01
1.125000e+00 -5.625000e-01
1.218750e+00 -5.625000e-01
1.312500e+00 -5.625000e-01
1.406250e+00 -5.625000e-01
1.500000e+00 -5.625000e-01
-1.500000e+00 -4.687500e-01
-1.406250e+00 -4.687500e-01
-1.312500e+00 -4.687500e-01
-1.218750e+00 -4.687500e-01
-1.125000e+00 -4.687500e-01
-1.031250e+00 -4.687500e-01
-9.375000e-01 -4.687500e-01
-8.437500e-01 -4.687500e-01
-7.500000e-01 -4.687500e-01
-6.562500e-01 -4.687500e-01
-5.625000e-01 -4.687500e-01
-4.687500e-01 -4.687500e-01
-3.750000e-01 -4.687500e-01
-2.812500e-01 -4.687500e-01
-1.875000e-01 -4.687500e-01
-9.375000e-02 -4.687500e-01
0.000000e+00 -4.687500e-01
9.375000e-02 -4.687500e-01
1.875000e-01 -4.687500e-01
2.812500e-01 -4.687500e-01
3.750000e-01 -4.687500e-01
4.687500e-01 -4.687500e-01
5.625000e-01 -4.687500e-01
6.562500e-01 -4.687500e-01
7.500000e-01 -4.687500e-01
8.437500e-01 -4.687500e-01
9.375000e-01 -4.687500e-01
1.031250e+00 -4.687500e-01
1.125000e+00 -4.687500e-01
1.218750e+00 -4.687500e-01
1.312500e+00 -4.687500e-01
1.406250e+00 -4.687500e-01
1.500000e+00 -4.687500e-01
-1.500000e+00 -3.750000e-01
-1.406250e+00 -3.750000e-01
-1.312500e+00 -3.750000e-01
-1.218750e+00 -3.750000e-01
-1.125000e+00 -3.750000e-01
-1.031250e+00 -3.750000e-01
-9.375000e-01 -3.750000e-01
-8.437500e-01 -3.750000e-01
-7.500000e-01 -3.750000e-01
-6.562500e-01 -3.750000e-01
-5.625000e-01 -3.750000e-01
-4.687500e-01 -3.750000e-01
-3.750000e-01 -3.750000e-01
-2.812500e-01 -3.750000e-01
-1.875000e-01 -3.750000e-01
-9.375000e-02 -3.750000e-01
0.000000e+00 -3.750000e-01
9.375000e-02 -3.750000e-01
1.875000e-01 -3.750000e-01
2.812500e-01 -3.750000e-01
3.750000e-01 -3.750000e-01
4.687500e-01 -3.750000e-01
5.625000e-01 -3.750000e-01
6.562500e-01 -3.750000e-01
7.500000e-01 -3.750000e-01
8.437500e-01 -3.750000e-01
9.375000e-01 -3.750000e-01
1.031250e+00 -3.750000e-01
1.125000e+00 -3.750000e-01
1.218750e+00 -3.750000e-01
1.312500e+00 -3.750000e-01
1.406250e+00 -3.750000e-01
1.500000e+00 -3.750000e-01
-1.500000e+00 -2.812500e-01
-1.406250e+00 -2.812500e-01
-1.312500e+00 -2.812500e-01
-1.218750e+00 -2.812500e-01
-1.125000e+00 -2.812500e-01
-1.031250e+00 -2.812500e-01
-9.375000e-01 -2.812500e-01
-8.437500e-01 -2.812500e-01
-7.500000e-01 -2.812500e-01
-6.562500e-01 -2.812500e-01
-5.625000e-01 -2.812500e-01
-4.687500e-01 -2.812500e-01
-3.750000e-01 -2.812500e-01
-2.812500e-01 -2.812500e-01
-1.875000e-01 -2.812500e-01
-9.375000e-02 -2.812500e-01
0.000000e+00 -2.812500e-01
9.375000e-02 -2.812500e-01
1.875000e-01 -2.812500e-01
2.812500e-01 -2.812500e-01
3.750000e-01 -2.812500e-01
4.687500e-01 -2.812500e-01
5.625000e-01 -2.812500e-01
6.562500e-01 -2.812500e-01
7.500000e-01 -2.812500e-01
8.437500e-01 -2.812500e-01
9.375000e-01 -2.812500e-01
1.031250e+00 -2.812500e-01
1.125000e+00 -2.812500e-01
1.218750e+00 -2.812500e-01
1.312500e+00 -2.812500e-01
1.406250e+00 -2.812500e-01
1.500000e+00 -2.812500e-01
-1.500000e+00 -1.875000e-01
-1.406250e+00 -1.875000e-01
-1.312500e+00 -1.875000e-01
-1.218750e+00 -1.875000e-01
-1.125000e+00 -1.875000e-01
-1.031250e+00 -1.875000e-01
-9.375000e-01 -1.875000e-01
-8.437500e-01 -1.875000e-01
-7.500000e-01 -1.875000e-01
-6.562500e-01 -1.875000e-01
-5.625000e-01 -1.875000e-01
-4.687500e-01 -1.875000e-01
-3.750000e-01 -1.875000e-01
-2.812500e-01 -1.875000e-01
-1.875000e-01 -1.875000e-01
-9.375000e-02 -1.875000e-01
0.000000e+00 -1.875000e-01
9.375000e-02 -1.875000e-01
1.875000e-01 -1.875000e-01
2.812500e-01 -1.875000e-01
3.750000e-01 -1.875000e-01
4.687500e-01 -1.875000e-01
5.625000e-01 -1.875000e-01
6.562500e-01 -1.875000e-01
7.500000e-01 -1.875000e-01
8.437500e-01 -1.875000e-01
9.375000e-01 -1.875000e-01
1.031250e+00 -1.875000e-01
1.125000e+00 -1.875000e-01
1.218750e+00 -1.875000e-01
1.312500e+00 -1.875000e-01
1.406250e+00 -1.875000e-01
1.500000e+00 -1.875000e-01
-1.500000e+00 -9.375000e-02
-1.406250e+00 -9.375000e-02
-1.312500e+00 -9.375000e-02
-1.218750e+00 -9.375000e-02
-1.125000e+00 -9.375000e-02
-1.031250e+00 -9.375000e-02
-9.375000e-01 -9.375000e-02
-8.437500e-01 -9.375000e-02
-7.500000e-01 -9.375000e-02
-6.562500e-01 -9.375000e-02
-5.625000e-01 -9.375000e-02
-4.687500e-01 -9.375000e-02
-3.750000e-01 -9.375000e-02
-2.812500e-01 -9.375000e-02
-1.875000e-01 -9.375000e-02
-9.375000e-02 -9.375000e-02
0.000000e+00 -9.375000e-02
9.375000e-02 -9.375000e-02
1.875000e-01 -9.375000e-02
2.812500e-01 -9.375000e-02
3.750000e-01 -9.375000e-02
4.687500e-01 -9.375000e-02
5.625000e-01 -9.375000e-02
6.562500e-01 -9.375000e-02
7.500000e-01 -9.375000e-02
8.437500e-01 -9.375000e-02
9.375000e-01 -9.375000e-02
1.031250e+00 -9.375000e-02
1.125000e+00 -9.375000e-02
1.218750e+00 -9.375000e-02
1.312500e+00 -9.375000e-02
1.406250e+00 -9.375000e-02
1.500000e+00 -9.375000e-02
-1.500000e+00 0.000000e+00
-1.406250e+00 0.000000e+00
-1.312500e+00 0.000000e+00
-1.218750e+00 0.000000e+00
-1.125000e+00 0.000000e+00
-1.031250e+00 0.000000e+00
-9.375000e-01 0.000000e+00
-8.437500e-01 0.000000e+00
-7.500000e-01 0.000000e+00
-6.562500e-01 0.000000e+00
-5.625000e-01 0.000000e+00
-4.687500e-01 0.000000e+00
-3.750000e-01 0.000000e+00
-2.812500e-01 0.000000e+00
-1.875000e-01 0.000000e+00
-9.375000e-02 0.000000e+00
0.000000e+00 0.000000e+00
9.375000e-02 0.000000e+00
1.875000e-01 0.000000e+00
2.812500e-01 0.000000e+00
3.750000e-01 0.000000e+00
4.687500e-01 0.000000e+00
5.625000e-01 0.000000e+00
6.562500e-01 0.000000e+00
7.500000e-01 0.000000e+00
8.437500e-01 0.000000e+00
9.375000e-01 0.000000e+00
1.031250e+00 0.000000e+00
1.125000e+00 0.000000e+00
1.218750e+00 0.000000e+00
1.312500e+00 0.000000e+00
1.406250e+00 0.000000e+00
1.500000e+00 0.000000e+00
-1.500000e+00 9.375000e-02
-1.406250e+00 9.375000e-02
-1.312500e+00 9.375000e-02
-1.218750e+00 9.375000e-02
-1.125000e+00 9.375000e-02
-1.031250e+00 9.375000e-02
-9.375000e-01 9.375000e-02
-8.437500e-01 9.375000e-02
-7.500000e-01 9.375000e-02
-6.562500e-01 9.375000e-02
-5.625000e-01 9.375000e-02
-4.687500e-01 9.375000e-02
-3.750000e-01 9.375000e-02
-2.812500e-01 9.375000e-02
-1.875000e-01 9.375000e-02
-9.375000e-02 9.375000e-02
0.000000e+00 9.375000e-02
9.375000e-02 9.375000e-02
1.875000e-01 9.375000e-02
2.812500e-01 9.375000e-02
3.750000e-01 9.375000e-02
4.687500e-01 9.375000e-02
5.625000e-01 9.375000e-02
6.562500e-01 9.375000e-02
7.500000e-01 9.375000e-02
8.437500e-01 9.375000e-02
9.375000e-01 9.375000e-02
1.031250e+00 9.375000e-02
1.125000e+00 9.375000e-02
1.218750e+00 9.375000e-02
1.312500e+00 9.375000e-02
1.406250e+00 9.375000e-02
1.500000e+00 9.375000e-02
-1.500000e+00 1.875000e-01
-1.406250e+00 1.875000e-01
-1.312500e+00 1.875000e-01
-1.218750e+00 1.875000e-01
-1.125000e+00 1.875000e-01
-1.031250e+00 1.875000e-01
-9.375000e-01 1.875000e-01
-8.437500e-01 1.875000e-01
-7.500000e-01 1.875000e-01
-6.562500e-01 1.875000e-01
-5.625000e-01 1.875000e-01
-4.687500e-01 1.875000e-01
-3.750000e-01 1.875000e-01
-2.812500e-01 1.875000e-01
-1.875000e-01 1.875000e-01
-9.375000e-02 1.875000e-01
0.000000e+00 1.875000e-01
9.375000e-02 1.875000e-01
1.875000e-01 1.875000e-01
2.812500e-01 1.875000e-01
3.750000e-01 1.875000e-01
4.687500e-01 1.875000e-01
5.625000e-01 1.875000e-01
6.562500e-01 1.875000e-01
7.500000e-01 1.875000e-01
8.437500e-01 1.875000e-01
9.375000e-01 1.875000e-01
1.031250e+00 1.875000e-01
1.125000e+00 1.875000e-01
1.218750e+00 1.875000e-01
1.312500e+00 1.875000e-01
1.406250e+00 1.875000e-01
1.500000e+00 1.875000e-01
-1.500000e+00 2.812500e-01
-1.406250e+00 2.812500e-01
-1.312500e+00 2.812500e-01
-1.218750e+00 2.812500e-01
-1.125000e+00 2.812500e-01
-1.031250e+00 2.812500e-01
-9.375000e-01 2.812500e-01
-8.437500e-01 2.812500e-01
-7.500000e-01 2.812500e-01
-6.562500e-01 2.812500e-01
-5.625000e-01 2.812500e-01
-4.687500e-01 2.812500e-01
-3.750000e-01 2.812500e-01
-2.812500e-01 2.812500e-01
-1.875000e-01 2.812500e-01
-9.375000e-02 2.812500e-01
0.000000e+00 2.812500e-01
9.375000e-02 2.812500e-01
1.875000e-01 2.812500e-01
2.812500e-01 2.812500e-01
3.750000e-01 2.812500e-01
4.687500e-01 2.812500e-01
5.625000e-01 2.812500e-01
6.562500e-01 2.812500e-01
7.500000e-01 2.812500e-01
8.437500e-01 2.812500e-01
9.375000e-01 2.812500e-01
1.031250e+00 2.812500e-01
1.125000e+00 2.812500e-01
1.218750e+00 2.812500e-01
1.312500e+00 2.812500e-01
1.406250e+00 2.812500e-01
1.500000e+00 2.812500e-01
-1.500000e+00 3.750000e-01
-1.406250e+00 3.750000e-01
-1.312500e+00 3.750000e-01
-1.218750e+00 3.750000e-01
-1.125000e+00 3.750000e-01
-1.031250e+00 3.750000e-01
-9.375000e-01 3.750000e-01
-8.437500e-01 3.750000e-01
-7.500000e-01 3.750000e-01
-6.562500e-01 3.750000e-01
-5.625000e-01 3.750000e-01
-4.687500e-01 3.750000e-01
-3.750000e-01 3.750000e-01
-2.812500e-01 3.750000e-01
-1.875000e-01 3.750000e-01
-9.375000e-02 3.750000e-01
0.000000e+00 3.750000e-01
9.375000e-02 3.750000e-01
1.875000e-01 3.750000e-01
2.812500e-01 3.750000e-01
3.750000e-01 3.750000e-01
4.687500e-01 3.750000e-01
5.625000e-01 3.750000e-01
6.562500e-01 3.750000e-01
7.500000e-01 3.750000e-01
8.437500e-01 3.750000e-01
9.375000e-01 3.750000e-01
1.031250e+00 3.750000e-01
1.125000e+00 3.750000e-01
1.218750e+00 3.750000e-01
1.312500e+00 3.750000e-01
1.406250e+00 3.750000e-01
1.500000e+00 3.750000e-01
-1.500000e+00 4.687500e-01
-1.406250e+00 4.687500e-01
-1.312500e+00 4.687500e-01
-1.218750e+00 4.687500e-01
-1.125000e+00 4.687500e-01
-1.031250e+00 4.687500e-01
-9.375000e-01 4.687500e-01
-8.437500e-01 4.687500e-01
-7.500000e-01 4.687500e-01
-6.562500e-01 4.687500e-01
-5.625000e-01 4.687500e-01
-4.687500e-01 4.687500e-01
-3.750000e-01 4.687500e-01
-2.812500e-01 4.687500e-01
-1.875000e-01 4.687500e-01
-9.375000e-02 4.687500e-01
0.000000e+00 4.687500e-01
9.375000e-02 4.687500e-01
1.875000e-01 4.687500e-01
2.812500e-01 4.687500e-01
3.750000e-01 4.687500e-01
4.687500e-01 4.687500e-01
5.625000e-01 4.687500e-01
6.562500e-01 4.687500e-01
7.500000e-01 4.687500e-01
8.437500e-01 4.687500e-01
9.375000e-01 4.687500e-01
1.031250e+00 4.687500e-01
1.125000e+00 4.687500e-01
1.218750e+00 4.687500e-01
1.312500e+00 4.687500e-01
1.406250e+00 4.687500e-01
1.500000e+00 4.687500e-01
-1.500000e+00 5.625000e-01
-1.406250e+00 5.625000e-01
-1.312500e+00 5.625000e-01
-1.218750e+00 5.625000e-01
-1.125000e+00 5.625000e-01
-1.031250e+00 5.625000e-01
-9.375000e-01 5.625000e-01
-8.437500e-01 5.625000e-01
-7.500000e-01 5.625000e-01
-6.562500e-01 5.625000e-01
-5.625000e-01 5.625000e-01
-4.687500e-01 5.625000e-01
-3.750000e-01 5.625000e-01
-2.812500e-01 5.625000e-01
-1.875000e-01 5.625000e-01
-9.375000e-02 5.625000e-01
0.000000e+00 5.625000e-01
9.375000e-02 5.625000e-01
1.875000e-01 5.625000e-01
2.812500e-01 5.625000e-01
3.750000e-01 5.625000e-01
4.687500e-01 5.625000e-01
5.625000e-01 5.625000e-01
6.562500e-01 5.625000e-01
7.500000e-01 5.625000e-01
8.437500e-01 5.625000e-01
9.375000e-01 5.625000e-01
1.031250e+00 5.625000e-01
1.125000e+00 5.625000e-01
1.218750e+00 5.625000e-01
1.312500e+00 5.625000e-01
1.406250e+00 5.625000e-01
1.500000e+00 5.625000e-01
-1.500000e+00 6.562500e-01
-1.406250e+00 6.562500e-01
-1.312500e+00 6.562500e-01
-1.218750e+00 6.562500e-01
-1.125000e+00 6.562500e-01
-1.031250e+00 6.562500e-01
-9.375000e-01 6.562500e-01
-8.437500e-01 6.562500e-01
-7.500000e-01 6.562500e-01
-6.562500e-01 6.562500e-01
-5.625000e-01 6.562500e-01
-4.687500e-01 6.562500e-01
-3.750000e-01 6.562500e-01
-2.812500e-01 6.562500e-01
-1.875000e-01 6.562500e-01
-9.375000e-02 6.562500e-01
0.000000e+00 6.562500e-01
9.375000e-02 6.562500e-01
1.875000e-01 6.562500e-01
2.812500e-01 6.562500e-01
3.750000e-01 6.562500e-01
4.687500e-01 6.562500e-01
5.625000e-01 6.562500e-01
6.562500e-01 6.562500e-01
7.500000e-01 6.562500e-01
8.437500e-01 6.562500e-01
9.375000e-01 6.562500e-01
1.031250e+00 6.562500e-01
1.125000e+00 6.562500e-01
1.218750e+00 6.562500e-01
1.312500e+00 6.562500e-01
1.406250e+00 6.562500e-01
1.500000e+00 6.562500e-01
-1.500000e+00 7.500000e-01
-1.406250e+00 7.500000e-01
-1.312500e+00 7.500000e-01
-1.218750e+00 7.500000e-01
-1.125000e+00 7.500000e-01
-1.031250e+00 7.500000e-01
-9.375000e-01 7.500000e-01
-8.437500e-01 7.500000e-01
-7.500000e-01 7.500000e-01
-6.562500e-01 7.500000e-01
-5.625000e-01 7.500000e-01
-4.687500e-01 7.500000e-01
-3.750000e-01 7.500000e-01
-2.812500e-01 7.500000e-01
-1.875000e-01 7.500000e-01
-9.375000e-02 7.500000e-01
0.000000e+00 7.500000e-01
9.375000e-02 7.500000e-01
1.875000e-01 7.500000e-01
2.812500e-01 7.500000e-01
3.750000e-01 7.500000e-01
4.687500e-01 7.500000e-01
5.625000e-01 7.500000e-01
6.562500e-01 7.500000e-01
7.500000e-01 7.500000e-01
8.437500e-01 7.500000e-01
9.375000e-01 7.500000e-01
1.031250e+00 7.500000e-01
1.125000e+00 7.500000e-01
1.218750e+00 7.500000e-01
1.312500e+00 7.500000e-01
1.406250e+00 7.500000e-01
1.500000e+00 7.500000e-01
-1.500000e+00 8.437500e-01
-1.406250e+00 8.437500e-01
-1.312500e+00 8.437500e-01
-1.218750e+00 8.437500e-01
-1.125000e+00 8.437500e-01
-1.031250e+00 8.437500e-01
-9.375000e-01 8.437500e-01
-8.437500e-01 8.437500e-01
-7.500000e-01 8.437500e-01
-6.562500e-01 8.437500e-01
-5.625000e-01 8.437500e-01
-4.687500e-01 8.437500e-01
-3.750000e-01 8.437500e-01
-2.812500e-01 8.437500e-01
-1.875000e-01 8.437500e-01
-9.375000e-02 8.437500e-01
0.000000e+00 8.437500e-01
9.375000e-02 8.437500e-01
1.875000e-01 8.437500e-01
2.812500e-01 8.437500e-01
3.750000e-01 8.437500e-01
4.687500e-01 8.437500e-01
5.625000e-01 8.437500e-01
6.562500e-01 8.437500e-01
7.500000e-01 8.437500e-01
8.437500e-01 8.437500e-01
9.375000e-01 8.437500e-01
1.031250e+00 8.437500e-01
1.125000e+00 8.437500e-01
1.218750e+00 8.437500e-01
1.312500e+00 8.437500e-01
1.406250e+00 8.437500e-01
1.500000e+00 8.437500e-01
-1.500000e+00 9.375000e-01
-1.406250e+00 9.375000e-01
-1.312500e+00 9.375000e-01
-1.218750e+00 9.375000e-01
-1.125000e+00 9.375000e-01
-1.031250e+00 9.375000e-01
-9.375000e-01 9.375000e-01
-8.437500e-01 9.375000e-01
-7.500000e-01 9.375000e-01
-6.562500e-01 9.375000e-01
-5.625000e-01 9.375000e-01
-4.687500e-01 9.375000e-01
-3.750000e-01 9.375000e-01
-2.812500e-01 9.375000e-01
-1.875000e-01 9.375000e-01
-9.375000e-02 9.375000e-01
0.000000e+00 9.375000e-01
9.375000e-02 9.375000e-01
1.875000e-01 9.375000e-01
2.812500e-01 9.375000e-01
3.750000e-01 9.375000e-01
4.687500e-01 9.375000e-01
5.625000e-01 9.375000e-01
6.562500e-01 9.375000e-01
7.500000e-01 9.375000e-01
8.437500e-01 9.375000e-01
9.375000e-01 9.375000e-01
1.031250e+00 9.375000e-01
1.125000e+00 9.375000e-01
1.218750e+00 9.375000e-01
1.312500e+00 9.375000e-01
1.406250e+00 9.375000e-01
1.500000e+00 9.375000e-01
-1.500000e+00 1.031250e+00
-1.406250e+00 1.031250e+00
-1.312500e+00 1.031250e+00
-1.218750e+00 1.031250e+00
-1.125000e+00 1.031250e+00
-1.031250e+00 1.031250e+00
-9.375000e-01 1.031250e+00
-8.437500e-01 1.031250e+00
-7.500000e-01 1.031250e+00
-6.562500e-01 1.031250e+00
-5.625000e-01 1.031250e+00
-4.687500e-01 1.031250e+00
-3.750000e-01 1.031250e+00
-2.812500e-01 1.031250e+00
-1.875000e-01 1.031250e+00
-9.375000e-02 1.031250e+00
0.000000e+00 1.031250e+00
9.375000e-02 1.031250e+00
1.875000e-01 1.031250e+00
2.812500e-01 1.031250e+00
3.750000e-01 1.031250e+00
4.687500e-01 1.031250e+00
5.625000e-01 1.031250e+00
6.562500e-01 1.031250e+00
7.500000e-01 1.031250e+00
8.437500e-01 1.031250e+00
9.375000e-01 1.031250e+00
1.031250e+00 1.031250e+00
1.125000e+00 1.031250e+00
1.218750e+00 1.031250e+00
1.312500e+00 1.031250e+00
1.406250e+00 1.031250e+00
1.500000e+00 1.031250e+00
-1.500000e+00 1.125000e+00
-1.406250e+00 1.125000e+00
-1.312500e+00 1.125000e+00
-1.218750e+00 1.125000e+00
-1.125000e+00 1.125000e+00
-1.031250e+00 1.125000e+00
-9.375000e-01 1.125000e+00
-8.437500e-01 1.125000e+00
-7.500000e-01 1.125000e+00
-6.562500e-01 1.125000e+00
-5.625000e-01 1.125000e+00
-4.687500e-01 1.125000e+00
-3.750000e-01 1.125000e+00
-2.812500e-01 1.125000e+00
-1.875000e-01 1.125000e+00
-9.375000e-02 1.125000e+00
0.000000e+00 1.125000e+00
9.375000e-02 1.125000e+00
1.875000e-01 1.125000e+00
2.812500e-01 1.125000e+00
3.750000e-01 1.125000e+00
4.687500e-01 1.125000e+00
5.625000e-01 1.125000e+00
6.562500e-01 1.125000e+00
7.500000e-01 1.125000e+00
8.437500e-01 1.125000e+00
9.375000e-01 1.125000e+00
1.031250e+00 1.125000e+00
1.125000e+00 1.125000e+00
1.218750e+00 1.125000e+00
1.312500e+00 1.125000e+00
1.406250e+00 1.125000e+00
1.500000e+00 1.125000e+00
-1.500000e+00 1.218750e+00
-1.406250e+00 1.218750e+00
-1.312500e+00 1.218750e+00
-1.218750e+00 1.218750e+00
-1.125000e+00 1.218750e+00
-1.031250e+00 1.218750e+00
-9.375000e-01 1.218750e+00
-8.437500e-01 1.218750e+00
-7.500000e-01 1.218750e+00
-6.562500e-01 1.218750e+00
-5.625000e-01 1.218750e+00
-4.687500e-01 1.218750e+00
-3.750000e-01 1.218750e+00
-2.812500e-01 1.218750e+00
-1.875000e-01 1.218750e+00
-9.375000e-02 1.218750e+00
0.000000e+00 1.218750e+00
9.375000e-02 1.218750e+00
1.875000e-01 1.218750e+00
2.812500e-01 1.218750e+00
3.750000e-01 1.218750e+00
4.687500e-01 1.218750e+00
5.625000e-01 1.218750e+00
6.562500e-01 1.218750e+00
7.500000e-01 1.218750e+00
8.437500e-01 1.218750e+00
9.375000e-01 1.218750e+00
1.031250e+00 1.218750e+00
1.125000e+00 1.218750e+00
1.218750e+00 1.218750e+00
1.312500e+00 1.218750e+00
1.406250e+00 1.218750e+00
1.500000e+00 1.218750e+00
-1.500000e+00 1.312500e+00
-1.406250e+00 1.312500e+00
-1.312500e+00 1.312500e+00
-1.218750e+00 1.312500e+00
-1.125000e+00 1.312500e+00
-1.031250e+00 1.312500e+00
-9.375000e-01 1.312500e+00
-8.437500e-01 1.312500e+00
-7.500000e-01 1.312500e+00
-6.562500e-01 1.312500e+00
-5.625000e-01 1.312500e+00
-4.687500e-01 1.312500e+00
-3.750000e-01 1.312500e+00
-2.812500e-01 1.312500e+00
-1.875000e-01 1.312500e+00
-9.375000e-02 1.312500e+00
0.000000e+00 1.312500e+00
9.375000e-02 1.312500e+00
1.875000e-01 1.312500e+00
2.812500e-01 1.312500e+00
3.750000e-01 1.312500e+00
4.687500e-01 1.312500e+00
5.625000e-01 1.312500e+00
6.562500e-01 1.312500e+00
7.500000e-01 1.312500e+00
8.437500e-01 1.312500e+00
9.375000e-01 1.312500e+00
1.031250e+00 1.312500e+00
1.125000e+00 1.312500e+00
1.218750e+00 1.312500e+00
1.312500e+00 1.312500e+00
1.406250e+00 1.312500e+00
1.500000e+00 1.312500e+00
-1.500000e+00 1.406250e+00
-1.406250e+00 1.406250e+00
-1.312500e+00 1.406250e+00
-1.218750e+00 1.406250e+00
-1.125000e+00 1.406250e+00
-1.031250e+00 1.406250e+00
-9.375000e-01 1.406250e+00
-8.437500e-01 1.406250e+00
-7.500000e-01 1.406250e+00
-6.562500e-01 1.406250e+00
-5.625000e-01 1.406250e+00
-4.687500e-01 1.406250e+00
-3.750000e-01 1.406250e+00
-2.812500e-01 1.406250e+00
-1.875000e-01 1.406250e+00
-9.375000e-02 1.406250e+00
0.000000e+00 1.406250e+00
9.375000e-02 1.406250e+00
1.875000e-01 1.406250e+00
2.812500e-01 1.406250e+00
3.750000e-01 1.406250e+00
4.687500e-01 1.406250e+00
5.625000e-01 1.406250e+00
6.562500e-01 1.406250e+00
7.500000e-01 1.406250e+00
8.437500e-01 1.406250e+00
9.375000e-01 1.406250e+00
1.031250e+00 1.406250e+00
1.125000e+00 1.406250e+00
1.218750e+00 1.406250e+00
1.312500e+00 1.406250e+00
1.406250e+00 1.406250e+00
1.500000e+00 1.406250e+00
-1.500000e+00 1.500000e+00
-1.406250e+00 1.500000e+00
-1.312500e+00 1.500000e+00
-1.218750e+00 1.500000e+00
-1.125000e+00 1.500000e+00
-1.031250e+00 1.500000e+00
-9.375000e-01 1.500000e+00
-8.437500e-01 1.500000e+00
-7.500000e-01 1.500000e+00
-6.562500e-01 1.500000e+00
-5.625000e-01 1.500000e+00
-4.687500e-01 1.500000e+00
-3.750000e-01 1.500000e+00
-2.812500e-01 1.500000e+00
-1.875000e-01 1.500000e+00
-9.375000e-02 1.500000e+00
0.000000e+00 1.500000e+00
9.375000e-02 1.500000e+00
1.875000e-01 1.500000e+00
2.812500e-01 1.500000e+00
3.750000e-01 1.500000e+00
4.687500e-01 1.500000e+00
5.625000e-01 1.500000e+00
6.562500e-01 1.500000e+00
7.500000e-01 1.500000e+00
8.437500e-01 1.500000e+00
9.375000e-01 1.500000e+00
1.031250e+00 1.500000e+00
1.125000e+00 1.500000e+00
1.218750e+00 1.500000e+00
1.312500e+00 1.500000e+00
1.406250e+00 1.500000e+00
1.500000e+00 1.500000e+00
-1.406250e-01 -1.171875e+00
-1.406250e-01 -1.125000e+00
-4.687500e-02 -1.171875e+00
-4.687500e-02 -1.125000e+00
4.687500e-02 -1.171875e+00
4.687500e-02 -1.125000e+00
-4.218750e-01 -1.078125e+00
-4.218750e-01 -1.031250e+00
-3.281250e-01 -1.078125e+00
-3.281250e-01 -1.031250e+00
-1.875000e-01 -1.078125e+00
-2.343750e-01 -1.078125e+00
-2.343750e-01 -1.031250e+00
-9.375000e-02 -1.078125e+00
-1.406250e-01 -1.078125e+00
-1.406250e-01 -1.031250e+00
0.000000e+00 -1.078125e+00
-4.687500e-02 -1.078125e+00
-4.687500e-02 -1.031250e+00
9.375000e-02 -1.078125e+00
4.687500e-02 -1.078125e+00
4.687500e-02 -1.031250e+00
1.406250e-01 -1.078125e+00
1.406250e-01 -1.031250e+00
2.343750e-01 -1.078125e+00
2.343750e-01 -1.031250e+00
3.281250e-01 -1.078125e+00
3.281250e-01 -1.031250e+00
-6.093750e-01 -9.843750e-01
-6.093750e-01 -9.375000e-01
-4.687500e-01 -9.843750e-01
-5.156250e-01 -9.843750e-01
-5.156250e-01 -9.375000e-01
-3.750000e-01 -9.843750e-01
-4.218750e-01 -9.843750e-01
-4.218750e-01 -9.375000e-01
-2.812500e-01 -9.843750e-01
-3.281250e-01 -9.843750e-01
-3.281250e-01 -9.375000e-01
-1.875000e-01 -9.843750e-01
-2.343750e-01 -9.843750e-01
-2.343750e-01 -9.375000e-01
-9.375000e-02 -9.843750e-01
-1.406250e-01 -9.843750e-01
-1.406250e-01 -9.375000e-01
-4.687500e-02 -9.843750e-01
4.687500e-02 -9.843750e-01
1.875000e-01 -9.843750e-01
1.406250e-01 -9.843750e-01
2.812500e-01 -9.843750e-01
2.343750e-01 -9.843750e-01
2.343750e-01 -9.375000e-01
3.750000e-01 -9.843750e-01
3.281250e-01 -9.843750e-01
3.281250e-01 -9.375000e-01
4.218750e-01 -9.843750e-01
4.218750e-01 -9.375000e-01
5.156250e-01 -9.843750e-01
5.156250e-01 -9.375000e-01
-6.562500e-01 -8.906250e-01
-7.031250e-01 -8.906250e-01
-7.031250e-01 -8.437500e-01
-5.625000e-01 -8.906250e-01
-6.093750e-01 -8.906250e-01
-6.093750e-01 -8.437500e-01
-4.687500e-01 -8.906250e-01
-5.156250e-01 -8.906250e-01
-5.156250e-01 -8.437500e-01
-3.750000e-01 -8.906250e-01
-4.218750e-01 -8.906250e-01
-4.218750e-01 -8.437500e-01
-3.281250e-01 -8.906250e-01
-2.343750e-01 -8.906250e-01
-1.406250e-01 -8.906250e-01
2.343750e-01 -8.906250e-01
3.281250e-01 -8.906250e-01
4.687500e-01 -8.906250e-01
4.218750e-01 -8.906250e-01
5.625000e-01 -8.906250e-01
5.156250e-01 -8.906250e-01
5.156250e-01 -8.437500e-01
6.093750e-01 -8.906250e-01
6.093750e-01 -8.437500e-01
-7.500000e-01 -7.968750e-01
-7.968750e-01 -7.968750e-01
-7.968750e-01 -7.500000e-01
-6.562500e-01 -7.968750e-01
-7.031250e-01 -7.968750e-01
-7.031250e-01 -7.500000e-01
-5.625000e-01 -7.968750e-01
-6.093750e-01 -7.968750e-01
-6.093750e-01 -7.500000e-01
-5.156250e-01 -7.968750e-01
-4.218750e-01 -7.968750e-01
5.156250e-01 -7.968750e-01
6.562500e-01 -7.968750e-01
6.093750e-01 -7.968750e-01
7.031250e-01 -7.968750e-01
7.031250e-01 -7.500000e-01
-8.437500e-01 -7.031250e-01
-8.906250e-01 -7.031250e-01
-8.906250e-01 -6.562500e-01
-7.500000e-01 -7.031250e-01
-7.968750e-01 -7.031250e-01
-7.968750e-01 -6.562500e-01
-6.562500e-01 -7.031250e-01
-7.031250e-01 -7.031250e-01
-7.031250e-01 -6.562500e-01
-6.093750e-01 -7.031250e-01
7.500000e-01 -7.031250e-01
7.031250e-01 -7.031250e-01
7.968750e-01 -7.031250e-01
7.968750e-01 -6.562500e-01
-9.375000e-01 -6.093750e-01
-9.843750e-01 -6.093750e-01
-8.437500e-01 -6.093750e-01
-8.906250e-01 -6.093750e-01
-8.906250e-01 -5.625000e-01
-7.500000e-01 -6.093750e-01
-7.968750e-01 -6.093750e-01
-7.968750e-01 -5.625000e-01
-7.031250e-01 -6.093750e-01
8.437500e-01 -6.093750e-01
7.968750e-01 -6.093750e-01
8.906250e-01 -6.093750e-01
8.906250e-01 -5.625000e-01
-9.375000e-01 -5.156250e-01
-9.843750e-01 -5.156250e-01
-9.843750e-01 -4.687500e-01
-8.437500e-01 -5.156250e-01
-8.906250e-01 -5.156250e-01
-8.906250e-01 -4.687500e-01
-7.968750e-01 -5.156250e-01
8.437500e-01 -5.156250e-01
7.968750e-01 -5.156250e-01
9.375000e-01 -5.156250e-01
8.906250e-01 -5.156250e-01
8.906250e-01 -4.687500e-01
9.843750e-01 -5.156250e-01
-1.031250e+00 -4.218750e-01
-1.078125e+00 -4.218750e-01
-9.375000e-01 -4.218750e-01
-9.843750e-01 -4.218750e-01
-9.843750e-01 -3.750000e-01
-8.437500e-01 -4.218750e-01
-8.906250e-01 -4.218750e-01
-8.906250e-01 -3.750000e-01
-7.968750e-01 -4.218750e-01
9.375000e-01 -4.218750e-01
8.906250e-01 -4.218750e-01
9.843750e-01 -4.218750e-01
9.843750e-01 -3.750000e-01
-1.031250e+00 -3.281250e-01
-1.078125e+00 -3.281250e-01
-9.375000e-01 -3.281250e-01
-9.843750e-01 -3.281250e-01
-9.843750e-01 -2.812500e-01
-8.906250e-01 -3.281250e-01
9.375000e-01 -3.281250e-01
8.906250e-01 -3.281250e-01
1.031250e+00 -3.281250e-01
9.843750e-01 -3.281250e-01
9.843750e-01 -2.812500e-01
1.078125e+00 -3.281250e-01
-1.031250e+00 -2.343750e-01
-1.078125e+00 -2.343750e-01
-1.078125e+00 -1.875000e-01
-9.375000e-01 -2.343750e-01
-9.843750e-01 -2.343750e-01
-9.843750e-01 -1.875000e-01
-8.906250e-01 -2.343750e-01
9.375000e-01 -2.343750e-01
8.906250e-01 -2.343750e-01
1.031250e+00 -2.343750e-01
9.843750e-01 -2.343750e-01
9.843750e-01 -1.875000e-01
1.078125e+00 -2.343750e-01
-1.125000e+00 -1.406250e-01
-1.171875e+00 -1.406250e-01
-1.031250e+00 -1.406250e-01
-1.078125e+00 -1.406250e-01
-1.078125e+00 -9.375000e-02
-9.375000e-01 -1.406250e-01
-9.843750e-01 -1.406250e-01
-9.843750e-01 -9.375000e-02
-8.906250e-01 -1.406250e-01
1.031250e+00 -1.406250e-01
9.843750e-01 -1.406250e-01
1.078125e+00 -1.406250e-01
1.078125e+00 -9.375000e-02
-1.125000e+00 -4.687500e-02
-1.171875e+00 -4.687500e-02
-1.031250e+00 -4.687500e-02
-1.078125e+00 -4.687500e-02
-1.078125e+00 0.000000e+00
-9.843750e-01 -4.687500e-02
1.031250e+00 -4.687500e-02
9.843750e-01 -4.687500e-02
1.125000e+00 -4.687500e-02
1.078125e+00 -4.687500e-02
1.078125e+00 0.000000e+00
1.171875e+00 -4.687500e-02
-1.125000e+00 4.687500e-02
-1.171875e+00 4.687500e-02
-1.031250e+00 4.687500e-02
-1.078125e+00 4.687500e-02
-1.078125e+00 9.375000e-02
-9.843750e-01 4.687500e-02
1.031250e+00 4.687500e-02
9.843750e-01 4.687500e-02
9.843750e-01 9.375000e-02
1.125000e+00 4.687500e-02
1.078125e+00 4.687500e-02
1.078125e+00 9.375000e-02
1.171875e+00 4.687500e-02
-1.031250e+00 1.406250e-01
-1.078125e+00 1.406250e-01
-9.843750e-01 1.406250e-01
-9.843750e-01 1.875000e-01
9.375000e-01 1.406250e-01
8.906250e-01 1.406250e-01
1.031250e+00 1.406250e-01
9.843750e-01 1.406250e-01
9.843750e-01 1.875000e-01
1.125000e+00 1.406250e-01
1.078125e+00 1.406250e-01
1.078125e+00 1.875000e-01
1.171875e+00 1.406250e-01
-1.031250e+00 2.343750e-01
-1.078125e+00 2.343750e-01
-9.375000e-01 2.343750e-01
-9.843750e-01 2.343750e-01
-9.843750e-01 2.812500e-01
-8.906250e-01 2.343750e-01
9.375000e-01 2.343750e-01
8.906250e-01 2.343750e-01
1.031250e+00 2.343750e-01
9.843750e-01 2.343750e-01
9.843750e-01 2.812500e-01
1.078125e+00 2.343750e-01
-1.031250e+00 3.281250e-01
-1.078125e+00 3.281250e-01
-9.375000e-01 3.281250e-01
-9.843750e-01 3.281250e-01
-9.843750e-01 3.750000e-01
-8.906250e-01 3.281250e-01
9.375000e-01 3.281250e-01
8.906250e-01 3.281250e-01
8.906250e-01 3.750000e-01
1.031250e+00 3.281250e-01
9.843750e-01 3.281250e-01
9.843750e-01 3.750000e-01
1.078125e+00 3.281250e-01
-9.375000e-01 4.218750e-01
-9.843750e-01 4.218750e-01
-8.906250e-01 4.218750e-01
-8.906250e-01 4.687500e-01
8.437500e-01 4.218750e-01
7.968750e-01 4.218750e-01
9.375000e-01 4.218750e-01
8.906250e-01 4.218750e-01
8.906250e-01 4.687500e-01
1.031250e+00 4.218750e-01
9.843750e-01 4.218750e-01
9.843750e-01 4.687500e-01
1.078125e+00 4.218750e-01
-9.375000e-01 5.156250e-01
-9.843750e-01 5.156250e-01
-8.437500e-01 5.156250e-01
-8.906250e-01 5.156250e-01
-8.906250e-01 5.625000e-01
-7.968750e-01 5.156250e-01
8.437500e-01 5.156250e-01
7.968750e-01 5.156250e-01
7.968750e-01 5.625000e-01
9.375000e-01 5.156250e-01
8.906250e-01 5.156250e-01
8.906250e-01 5.625000e-01
9.843750e-01 5.156250e-01
-8.437500e-01 6.093750e-01
-8.906250e-01 6.093750e-01
-7.968750e-01 6.093750e-01
-7.968750e-01 6.562500e-01
7.500000e-01 6.093750e-01
7.031250e-01 6.093750e-01
7.031250e-01 6.562500e-01
8.437500e-01 6.093750e-01
7.968750e-01 6.093750e-01
7.968750e-01 6.562500e-01
9.375000e-01 6.093750e-01
8.906250e-01 6.093750e-01
8.906250e-01 6.562500e-01
9.843750e-01 6.093750e-01
-7.500000e-01 7.031250e-01
-7.968750e-01 7.031250e-01
-7.031250e-01 7.031250e-01
-7.031250e-01 7.500000e-01
6.562500e-01 7.031250e-01
6.093750e-01 7.031250e-01
6.093750e-01 7.500000e-01
7.500000e-01 7.031250e-01
7.031250e-01 7.031250e-01
7.031250e-01 7.500000e-01
8.437500e-01 7.031250e-01
7.968750e-01 7.031250e-01
7.968750e-01 7.500000e-01
8.906250e-01 7.031250e-01
-6.562500e-01 7.968750e-01
-7.031250e-01 7.968750e-01
-6.093750e-01 7.968750e-01
-6.093750e-01 8.437500e-01
-5.156250e-01 7.968750e-01
-5.156250e-01 8.437500e-01
4.218750e-01 7.968750e-01
4.218750e-01 8.437500e-01
5.625000e-01 7.968750e-01
5.156250e-01 7.968750e-01
5.156250e-01 8.437500e-01
6.562500e-01 7.968750e-01
6.093750e-01 7.968750e-01
6.093750e-01 8.437500e-01
7.500000e-01 7.968750e-01
7.031250e-01 7.968750e-01
7.031250e-01 8.437500e-01
7.968750e-01 7.968750e-01
-5.625000e-01 8.906250e-01
-6.093750e-01 8.906250e-01
-4.687500e-01 8.906250e-01
-5.156250e-01 8.906250e-01
-5.156250e-01 9.375000e-01
-4.218750e-01 8.906250e-01
-4.218750e-01 9.375000e-01
-3.281250e-01 8.906250e-01
-3.281250e-01 9.375000e-01
-2.343750e-01 8.906250e-01
-2.343750e-01 9.375000e-01
1.406250e-01 8.906250e-01
1.406250e-01 9.375000e-01
2.343750e-01 8.906250e-01
2.343750e-01 9.375000e-01
3.750000e-01 8.906250e-01
3.281250e-01 8.906250e-01
3.281250e-01 9.375000e-01
4.687500e-01 8.906250e-01
4.218750e-01 8.906250e-01
4.218750e-01 9.375000e-01
5.625000e-01 8.906250e-01
5.156250e-01 8.906250e-01
5.156250e-01 9.375000e-01
6.562500e-01 8.906250e-01
6.093750e-01 8.906250e-01
6.093750e-01 9.375000e-01
7.031250e-01 8.906250e-01
-5.156250e-01 9.843750e-01
-3.750000e-01 9.843750e-01
-4.218750e-01 9.843750e-01
-2.812500e-01 9.843750e-01
-3.281250e-01 9.843750e-01
-3.281250e-01 1.031250e+00
-1.875000e-01 9.843750e-01
-2.343750e-01 9.843750e-01
-2.343750e-01 1.031250e+00
-1.406250e-01 9.843750e-01
-1.406250e-01 1.031250e+00
-4.687500e-02 9.843750e-01
-4.687500e-02 1.031250e+00
9.375000e-02 9.843750e-01
4.687500e-02 9.843750e-01
4.687500e-02 1.031250e+00
1.875000e-01 9.843750e-01
1.406250e-01 9.843750e-01
1.406250e-01 1.031250e+00
2.812500e-01 9.843750e-01
2.343750e-01 9.843750e-01
2.343750e-01 1.031250e+00
3.750000e-01 9.843750e-01
3.281250e-01 9.843750e-01
3.281250e-01 1.031250e+00
4.687500e-01 9.843750e-01
4.218750e-01 9.843750e-01
4.218750e-01 1.031250e+00
5.156250e-01 9.843750e-01
6.093750e-01 9.843750e-01
-3.281250e-01 1.078125e+00
-2.343750e-01 1.078125e+00
-9.375000e-02 1.078125e+00
-1.406250e-01 1.078125e+00
0.000000e+00 1.078125e+00
-4.687500e-02 1.078125e+00
-4.687500e-02 1.125000e+00
9.375000e-02 1.078125e+00
4.687500e-02 1.078125e+00
4.687500e-02 1.125000e+00
1.875000e-01 1.078125e+00
1.406250e-01 1.078125e+00
1.406250e-01 1.125000e+00
2.343750e-01 1.078125e+00
3.281250e-01 1.078125e+00
4.218750e-01 1.078125e+00
-4.687500e-02 1.171875e+00
4.687500e-02 1.171875e+00
1.406250e-01 1.171875e+00
simplices
0 1 34
0 33 34
1 2 35
1 34 35
2 3 36
2 35 36
3 4 37
3 36 37
4 5 38
4 37 38
5 6 39
5 38 39
6 7 40
6 39 40
7 8 41
7 40 41
8 9 42
8 41 42
9 10 43
9 42 43
10 11 44
10 43 44
11 12 45
11 44 45
12 13 46
12 45 46
13 14 47
13 46 47
14 15 48
14 47 48
15 16 49
15 48 49
16 17 50
16 49 50
17 18 51
17 50 51
18 19 52
18 51 52
19 20 53
19 52 53
20 21 54
20 53 54
21 22 55
21 54 55
22 23 56
22 55 56
23 24 57
23 56 57
24 25 58
24 57 58
25 26 59
25 58 59
26 27 60
26 59 60
27 28 61
27 60 61
28 29 62
28 61 62
29 30 63
29 62 63
30 31 64
30 63 64
31 32 65
31 64 65
33 34 67
33 66 67
34 35 68
34 67 68
35 36 69
35 68 69
36 37 70
36 69 70
37 38 71
37 70 71
38 39 72
38 71 72
39 40 73
39 72 73
40 41 74
40 73 74
41 42 75
41 74 75
42 43 76
42 75 76
43 44 77
43 76 77
44 45 78
44 77 78
45 46 79
45 78 79
46 47 80
46 79 80
47 48 81
47 80 81
48 49 82
48 81 82
49 50 83
49 82 83
50 51 84
50 83 84
51 52 85
51 84 85
52 53 86
52 85 86
53 54 87
53 86 87
54 55 88
54 87 88
55 56 89
55 88 89
56 57 90
56 89 90
57 58 91
57 90 91
58 59 92
58 91 92
59 60 93
59 92 93
60 61 94
60 93 94
61 62 95
61 94 95
62 63 96
62 95 96
63 64 97
63 96 97
64 65 98
64 97 98
66 67 100
66 99 100
67 68 101
67 100 101
68 69 102
68 101 102
69 70 103
69 102 103
70 71 104
70 103 104
71 72 105
71 104 105
72 73 106
72 105 106
73 74 107
73 106 107
74 75 108
74 107 108
75 76 109
75 108 109
76 77 110
76 109 110
77 78 111
77 110 111
78 79 112
78 111 112
79 80 113
79 112 113
80 81 114
80 113 114
81 82 115
81 114 115
82 83 116
82 115 116
83 84 117
83 116 117
84 85 118
84 117 118
85 86 119
85 118 119
86 87 120
86 119 120
87 88 121
87 120 121
88 89 122
88 121 122
89 90 123
89 122 123
90 91 124
90 123 124
91 92 125
91 124 125
92 93 126
92 125 126
93 94 127
93 126 127
94 95 128
94 127 128
95 96 129
95 128 129
96 97 130
96 129 130
97 98 131
97 130 131
99 100 133
99 132 133
100 101 134
100 133 134
101 102 135
101 134 135
102 103 136
102 135 136
103 104 137
103 136 137
104 105 138
104 137 138
105 106 139
105 138 139
106 107 140
106 139 140
107 108 141
107 140 141
108 109 142
108 141 142
109 110 143
109 142 143
110 111 144
110 143 144
111 112 145
111 144 145
112 113 146
112 145 146
113 114 1089
114 147 1089
113 146 1089
146 1089 1090
147 1089 1090
114 115 1091
115 148 1091
114 147 1091
147 1091 1092
148 1091 1092
115 116 1093
116 149 1093
115 148 1093
148 1093 1094
149 1093 1094
116 117 150
116 149 150
117 118 151
117 150 151
118 119 152
118 151 152
119 120 153
119 152 153
120 121 154
120 153 154
121 122 155
121 154 155
122 123 156
122 155 156
123 124 157
123 156 157
124 125 158
124 157 158
125 126 159
125 158 159
126 127 160
126 159 160
127 128 161
127 160 161
128 129 162
128 161 162
129 130 163
129 162 163
130 131 164
130 163 164
132 133 166
132 165 166
133 134 167
133 166 167
134 135 168
134 167 168
135 136 169
135 168 169
136 137 170
136 169 170
137 138 171
137 170 171
138 139 172
138 171 172
139 140 173
139 172 173
140 141 174
140 173 174
141 142 175
141 174 175
142 143 176
142 175 176
143 144 1095
144 177 1095
143 176 1095
176 1095 1096
177 1095 1096
144 145 1097
145 178 1097
144 177 1097
177 1097 1098
178 1097 1098
145 146 1100
146 1099 1100
179 1099 1100
145 178 1100
178 1100 1101
179 1100 1101
147 1090 1103
146 1090 1103
147 1102 1103
180 1102 1103
179 1099 1103
146 1099 1103
179 1103 1104
180 1103 1104
148 1092 1106
147 1092 1106
148 1105 1106
181 1105 1106
180 1102 1106
147 1102 1106
180 1106 1107
181 1106 1107
149 1094 1109
148 1094 1109
149 1108 1109
182 1108 1109
181 1105 1109
148 1105 1109
181 1109 1110
182 1109 1110
149 150 1111
150 183 1111
182 1108 1111
149 1108 1111
182 1111 1112
183 1111 1112
150 151 1113
151 184 1113
150 183 1113
183 1113 1114
184 1113 1114
151 152 1115
152 185 1115
151 184 1115
184 1115 1116
185 1115 1116
152 153 186
152 185 186
153 154 187
153 186 187
154 155 188
154 187 188
155 156 189
155 188 189
156 157 190
156 189 190
157 158 191
157 190 191
158 159 192
158 191 192
159 160 193
159 192 193
160 161 194
160 193 194
161 162 195
161 194 195
162 163 196
162 195 196
163 164 197
163 196 197
165 166 199
165 198 199
166 167 200
166 199 200
167 168 201
167 200 201
168 169 202
168 201 202
169 170 203
169 202 203
170 171 204
170 203 204
171 172 205
171 204 205
172 173 206
172 205 206
173 174 207
173 206 207
174 175 1117
175 208 1117
174 207 1117
207 1117 1118
208 1117 1118
175 176 1120
176 1119 1120
209 1119 1120
175 208 1120
208 1120 1121
209 1120 1121
177 1096 1123
176 1096 1123
177 1122 1123
210 1122 1123
209 1119 1123
176 1119 1123
209 1123 1124
210 1123 1124
178 1098 1126
177 1098 1126
178 1125 1126
211 1125 1126
210 1122 1126
177 1122 1126
210 1126 1127
211 1126 1127
179 1101 1129
178 1101 1129
179 1128 1129
212 1128 1129
211 1125 1129
178 1125 1129
211 1129 1130
212 1129 1130
180 1104 1132
179 1104 1132
180 1131 1132
213 1131 1132
212 1128 1132
179 1128 1132
212 1132 1133
213 1132 1133
181 1107 1134
180 1107 1134
181 214 1134
213 1131 1134
180 1131 1134
213 214 1134
182 1110 1135
181 1110 1135
182 215 1135
181 214 1135
214 215 1135
183 1112 1137
182 1112 1137
183 1136 1137
216 1136 1137
182 215 1137
215 216 1137
184 1114 1139
183 1114 1139
184 1138 1139
217 1138 1139
216 1136 1139
183 1136 1139
216 1139 1140
217 1139 1140
185 1116 1142
184 1116 1142
185 1141 1142
218 1141 1142
217 1138 1142
184 1138 1142
217 1142 1143
218 1142 1143
185 186 1144
186 219 1144
218 1141 1144
185 1141 1144
218 1144 1145
219 1144 1145
186 187 1146
187 220 1146
186 219 1146
219 1146 1147
220 1146 1147
187 188 221
187 220 221
188 189 222
188 221 222
189 190 223
189 222 223
190 191 224
190 223 224
191 192 225
191 224 225
192 193 226
192 225 226
193 194 227
193 226 227
194 195 228
194 227 228
195 196 229
195 228 229
196 197 230
196 229 230
198 199 232
198 231 232
199 200 233
199 232 233
200 201 234
200 233 234
201 202 235
201 234 235
202 203 236
202 235 236
203 204 237
203 236 237
204 205 238
204 237 238
205 206 239
205 238 239
206 207 1149
207 1148 1149
240 1148 1149
206 239 1149
239 1149 1150
240 1149 1150
208 1118 1152
207 1118 1152
208 1151 1152
241 1151 1152
240 1148 1152
207 1148 1152
240 1152 1153
241 1152 1153
209 1121 1155
208 1121 1155
209 1154 1155
242 1154 1155
241 1151 1155
208 1151 1155
241 1155 1156
242 1155 1156
210 1124 1158
209 1124 1158
210 1157 1158
243 1157 1158
242 1154 1158
209 1154 1158
242 1158 1159
243 1158 1159
211 1127 1160
210 1127 1160
211 244 1160
243 1157 1160
210 1157 1160
243 244 1160
212 1130 1161
211 1130 1161
212 245 1161
211 244 1161
244 245 1161
213 1133 1162
212 1133 1162
213 246 1162
212 245 1162
245 246 1162
213 214 247
213 246 247
214 215 248
214 247 248
215 216 249
215 248 249
217 1140 1163
216 1140 1163
217 250 1163
216 249 1163
249 250 1163
218 1143 1164
217 1143 1164
218 251 1164
217 250 1164
250 251 1164
219 1145 1166
218 1145 1166
219 1165 1166
252 1165 1166
218 251 1166
251 252 1166
220 1147 1168
219 1147 1168
220 1167 1168
253 1167 1168
252 1165 1168
219 1165 1168
252 1168 1169
253 1168 1169
220 221 1170
221 254 1170
253 1167 1170
220 1167 1170
253 1170 1171
254 1170 1171
221 222 255
221 254 255
222 223 256
222 255 256
223 224 257
223 256 257
224 225 258
224 257 258
225 226 259
225 258 259
226 227 260
226 259 260
227 228 261
227 260 261
228 229 262
228 261 262
229 230 263
229 262 263
231 232 265
231 264 265
232 233 266
232 265 266
233 234 267
233 266 267
234 235 268
234 267 268
235 236 269
235 268 269
236 237 270
236 269 270
237 238 271
237 270 271
238 239 1173
239 1172 1173
272 1172 1173
238 271 1173
271 1173 1174
272 1173 1174
240 1150 1176
239 1150 1176
240 1175 1176
273 1175 1176
272 1172 1176
239 1172 1176
272 1176 1177
273 1176 1177
241 1153 1179
240 1153 1179
241 1178 1179
274 1178 1179
273 1175 1179
240 1175 1179
273 1179 1180
274 1179 1180
242 1156 1181
241 1156 1181
242 275 1181
274 1178 1181
241 1178 1181
274 275 1181
243 1159 1182
242 1159 1182
243 276 1182
242 275 1182
275 276 1182
243 244 277
243 276 277
244 245 278
244 277 278
245 246 279
245 278 279
246 247 280
246 279 280
247 248 281
247 280 281
248 249 282
248 281 282
249 250 283
249 282 283
250 251 284
250 283 284
251 252 285
251 284 285
253 1169 1183
252 1169 1183
253 286 1183
252 285 1183
285 286 1183
254 1171 1185
253 1171 1185
254 1184 1185
287 1184 1185
253 286 1185
286 287 1185
254 255 1186
255 288 1186
287 1184 1186
254 1184 1186
287 1186 1187
288 1186 1187
255 256 289
255 288 289
256 257 290
256 289 290
257 258 291
257 290 291
258 259 292
258 291 292
259 260 293
259 292 293
260 261 294
260 293 294
261 262 295
261 294 295
262 263 296
262 295 296
264 265 298
264 297 298
265 266 299
265 298 299
266 267 300
266 299 300
267 268 301
267 300 301
268 269 302
268 301 302
269 270 303
269 302 303
270 271 1189
271 1188 1189
304 1188 1189
270 303 1189
303 1189 1190
304 1189 1190
272 1174 1192
271 1174 1192
272 1191 1192
305 1191 1192
304 1188 1192
271 1188 1192
304 1192 1193
305 1192 1193
273 1177 1195
272 1177 1195
273 1194 1195
306 1194 1195
305 1191 1195
272 1191 1195
305 1195 1196
306 1195 1196
274 1180 1197
273 1180 1197
274 307 1197
306 1194 1197
273 1194 1197
306 307 1197
274 275 308
274 307 308
275 276 309
275 308 309
276 277 310
276 309 310
277 278 311
277 310 311
278 279 312
278 311 312
279 280 313
279 312 313
280 281 314
280 313 314
281 282 315
281 314 315
282 283 316
282 315 316
283 284 317
283 316 317
284 285 318
284 317 318
285 286 319
285 318 319
286 287 320
286 319 320
288 1187 1199
287 1187 1199
288 1198 1199
321 1198 1199
287 320 1199
320 321 1199
288 289 1200
289 322 1200
321 1198 1200
288 1198 1200
321 1200 1201
322 1200 1201
289 290 323
289 322 323
290 291 324
290 323 324
291 292 325
291 324 325
292 293 326
292 325 326
293 294 327
293 326 327
294 295 328
294 327 328
295 296 329
295 328 329
297 298 331
297 330 331
298 299 332
298 331 332
299 300 333
299 332 333
300 301 334
300 333 334
301 302 335
301 334 335
302 303 1203
303 1202 1203
336 1202 1203
302 335 1203
335 336 1203
304 1190 1205
303 1190 1205
304 1204 1205
337 1204 1205
336 1202 1205
303 1202 1205
336 1205 1206
337 1205 1206
305 1193 1208
304 1193 1208
305 1207 1208
338 1207 1208
337 1204 1208
304 1204 1208
337 1208 1209
338 1208 1209
306 1196 1210
305 1196 1210
306 339 1210
338 1207 1210
305 1207 1210
338 339 1210
306 307 340
306 339 340
307 308 341
307 340 341
308 309 342
308 341 342
309 310 343
309 342 343
310 311 344
310 343 344
311 312 345
311 344 345
312 313 346
312 345 346
313 314 347
313 346 347
314 315 348
314 347 348
315 316 349
315 348 349
316 317 350
316 349 350
317 318 351
317 350 351
318 319 352
318 351 352
319 320 353
319 352 353
320 321 354
320 353 354
322 1201 1212
321 1201 1212
322 1211 1212
355 1211 1212
321 354 1212
354 355 1212
322 323 1213
323 356 1213
355 1211 1213
322 1211 1213
355 1213 1214
356 1213 1214
323 324 357
323 356 357
324 325 358
324 357 358
325 326 359
325 358 359
326 327 360
326 359 360
327 328 361
327 360 361
328 329 362
328 361 362
330 331 364
330 363 364
331 332 365
331 364 365
332 333 366
332 365 366
333 334 367
333 366 367
334 335 368
334 367 368
335 336 1216
336 1215 1216
369 1215 1216
335 368 1216
368 1216 1217
369 1216 1217
337 1206 1219
336 1206 1219
337 1218 1219
370 1218 1219
369 1215 1219
336 1215 1219
369 1219 1220
370 1219 1220
338 1209 1221
337 1209 1221
338 371 1221
370 1218 1221
337 1218 1221
370 371 1221
338 339 372
338 371 372
339 340 373
339 372 373
340 341 374
340 373 374
341 342 375
341 374 375
342 343 376
342 375 376
343 344 377
343 376 377
344 345 378
344 377 378
345 346 379
345 378 379
346 347 380
346 379 380
347 348 381
347 380 381
348 349 382
348 381 382
349 350 383
349 382 383
350 351 384
350 383 384
351 352 385
351 384 385
352 353 386
352 385 386
353 354 387
353 386 387
354 355 1223
355 1222 1223
388 1222 1223
354 387 1223
387 388 1223
356 1214 1225
355 1214 1225
356 1224 1225
389 1224 1225
388 1222 1225
355 1222 1225
388 1225 1226
389 1225 1226
356 357 1227
357 390 1227
389 1224 1227
356 1224 1227
389 390 1227
357 358 391
357 390 391
358 359 392
358 391 392
359 360 393
359 392 393
360 361 394
360 393 394
361 362 395
361 394 395
363 364 397
363 396 397
364 365 398
364 397 398
365 366 399
365 398 399
366 367 400
366 399 400
367 368 1229
368 1228 1229
401 1228 1229
367 400 1229
400 401 1229
369 1217 1231
368 1217 1231
369 1230 1231
402 1230 1231
401 1228 1231
368 1228 1231
401 1231 1232
402 1231 1232
370 1220 1234
369 1220 1234
370 1233 1234
403 1233 1234
402 1230 1234
369 1230 1234
402 1234 1235
403 1234 1235
370 371 1236
371 404 1236
403 1233 1236
370 1233 1236
403 404 1236
371 372 405
371 404 405
372 373 406
372 405 406
373 374 407
373 406 407
374 375 408
374 407 408
375 376 409
375 408 409
376 377 410
376 409 410
377 378 411
377 410 411
378 379 412
378 411 412
379 380 413
379 412 413
380 381 414
380 413 414
381 382 415
381 414 415
382 383 416
382 415 416
383 384 417
383 416 417
384 385 418
384 417 418
385 386 419
385 418 419
386 387 420
386 419 420
387 388 421
387 420 421
389 1226 1238
388 1226 1238
389 1237 1238
422 1237 1238
388 421 1238
421 422 1238
389 390 1239
390 423 1239
422 1237 1239
389 1237 1239
422 1239 1240
423 1239 1240
390 391 424
390 423 424
391 392 425
391 424 425
392 393 426
392 425 426
393 394 427
393 426 427
394 395 428
394 427 428
396 397 430
396 429 430
397 398 431
397 430 431
398 399 432
398 431 432
399 400 433
399 432 433
400 401 1242
401 1241 1242
434 1241 1242
400 433 1242
433 434 1242
402 1232 1244
401 1232 1244
402 1243 1244
435 1243 1244
434 1241 1244
401 1241 1244
434 1244 1245
435 1244 1245
403 1235 1246
402 1235 1246
403 436 1246
435 1243 1246
402 1243 1246
435 436 1246
403 404 437
403 436 437
404 405 438
404 437 438
405 406 439
405 438 439
406 407 440
406 439 440
407 408 441
407 440 441
408 409 442
408 441 442
409 410 443
409 442 443
410 411 444
410 443 444
411 412 445
411 444 445
412 413 446
412 445 446
413 414 447
413 446 447
414 415 448
414 447 448
415 416 449
415 448 449
416 417 450
416 449 450
417 418 451
417 450 451
418 419 452
418 451 452
419 420 453
419 452 453
420 421 454
420 453 454
421 422 1248
422 1247 1248
455 1247 1248
421 454 1248
454 455 1248
423 1240 1250
422 1240 1250
423 1249 1250
456 1249 1250
455 1247 1250
422 1247 1250
455 1250 1251
456 1250 1251
423 424 1252
424 457 1252
456 1249 1252
423 1249 1252
456 457 1252
424 425 458
424 457 458
425 426 459
425 458 459
426 427 460
426 459 460
427 428 461
427 460 461
429 430 463
429 462 463
430 431 464
430 463 464
431 432 465
431 464 465
432 433 466
432 465 466
433 434 1254
434 1253 1254
467 1253 1254
433 466 1254
466 1254 1255
467 1254 1255
435 1245 1257
434 1245 1257
435 1256 1257
468 1256 1257
467 1253 1257
434 1253 1257
467 1257 1258
468 1257 1258
435 436 1259
436 469 1259
468 1256 1259
435 1256 1259
468 469 1259
436 437 470
436 469 470
437 438 471
437 470 471
438 439 472
438 471 472
439 440 473
439 472 473
440 441 474
440 473 474
441 442 475
441 474 475
442 443 476
442 475 476
443 444 477
443 476 477
444 445 478
444 477 478
445 446 479
445 478 479
446 447 480
446 479 480
447 448 481
447 480 481
448 449 482
448 481 482
449 450 483
449 482 483
450 451 484
450 483 484
451 452 485
451 484 485
452 453 486
452 485 486
453 454 487
453 486 487
454 455 1261
455 1260 1261
488 1260 1261
454 487 1261
487 488 1261
456 1251 1263
455 1251 1263
456 1262 1263
489 1262 1263
488 1260 1263
455 1260 1263
488 1263 1264
489 1263 1264
456 457 1265
457 490 1265
489 1262 1265
456 1262 1265
489 490 1265
457 458 491
457 490 491
458 459 492
458 491 492
459 460 493
459 492 493
460 461 494
460 493 494
462 463 496
462 495 496
463 464 497
463 496 497
464 465 498
464 497 498
465 466 1267
466 1266 1267
499 1266 1267
465 498 1267
498 499 1267
467 1255 1269
466 1255 1269
467 1268 1269
500 1268 1269
499 1266 1269
466 1266 1269
499 1269 1270
500 1269 1270
468 1258 1272
467 1258 1272
468 1271 1272
501 1271 1272
500 1268 1272
467 1268 1272
500 1272 1273
501 1272 1273
468 469 1274
469 502 1274
501 1271 1274
468 1271 1274
501 502 1274
469 470 503
469 502 503
470 471 504
470 503 504
471 472 505
471 504 505
472 473 506
472 505 506
473 474 507
473 506 507
474 475 508
474 507 508
475 476 509
475 508 509
476 477 510
476 509 510
477 478 511
477 510 511
478 479 512
478 511 512
479 480 513
479 512 513
480 481 514
480 513 514
481 482 515
481 514 515
482 483 516
482 515 516
483 484 517
483 516 517
484 485 518
484 517 518
485 486 519
485 518 519
486 487 520
486 519 520
487 488 521
487 520 521
489 1264 1276
488 1264 1276
489 1275 1276
522 1275 1276
488 521 1276
521 522 1276
489 490 1277
490 523 1277
522 1275 1277
489 1275 1277
522 1277 1278
523 1277 1278
490 491 524
490 523 524
491 492 525
491 524 525
492 493 526
492 525 526
493 494 527
493 526 527
495 496 529
495 528 529
496 497 530
496 529 530
497 498 531
497 530 531
498 499 1280
499 1279 1280
532 1279 1280
498 531 1280
531 532 1280
500 1270 1282
499 1270 1282
500 1281 1282
533 1281 1282
532 1279 1282
499 1279 1282
532 1282 1283
533 1282 1283
501 1273 1284
500 1273 1284
501 534 1284
533 1281 1284
500 1281 1284
533 534 1284
501 502 535
501 534 535
502 503 536
502 535 536
503 504 537
503 536 537
504 505 538
504 537 538
505 506 539
505 538 539
506 507 540
506 539 540
507 508 541
507 540 541
508 509 542
508 541 542
509 510 543
509 542 543
510 511 544
510 543 544
511 512 545
511 544 545
512 513 546
512 545 546
513 514 547
513 546 547
514 515 548
514 547 548
515 516 549
515 548 549
516 517 550
516 549 550
517 518 551
517 550 551
518 519 552
518 551 552
519 520 553
519 552 553
520 521 554
520 553 554
521 522 1286
522 1285 1286
555 1285 1286
521 554 1286
554 555 1286
523 1278 1288
522 1278 1288
523 1287 1288
556 1287 1288
555 1285 1288
522 1285 1288
555 1288 1289
556 1288 1289
523 524 1290
524 557 1290
556 1287 1290
523 1287 1290
556 557 1290
524 525 558
524 557 558
525 526 559
525 558 559
526 527 560
526 559 560
528 529 562
528 561 562
529 530 563
529 562 563
530 531 564
530 563 564
531 532 1292
532 1291 1292
565 1291 1292
531 564 1292
564 565 1292
533 1283 1294
532 1283 1294
533 1293 1294
566 1293 1294
565 1291 1294
532 1291 1294
565 1294 1295
566 1294 1295
533 534 1296
534 567 1296
566 1293 1296
533 1293 1296
566 567 1296
534 535 568
534 567 568
535 536 569
535 568 569
536 537 570
536 569 570
537 538 571
537 570 571
538 539 572
538 571 572
539 540 573
539 572 573
540 541 574
540 573 574
541 542 575
541 574 575
542 543 576
542 575 576
543 544 577
543 576 577
544 545 578
544 577 578
545 546 579
545 578 579
546 547 580
546 579 580
547 548 581
547 580 581
548 549 582
548 581 582
549 550 583
549 582 583
550 551 584
550 583 584
551 552 585
551 584 585
552 553 586
552 585 586
553 554 587
553 586 587
554 555 1298
555 1297 1298
588 1297 1298
554 587 1298
587 1298 1299
588 1298 1299
556 1289 1301
555 1289 1301
556 1300 1301
589 1300 1301
588 1297 1301
555 1297 1301
588 1301 1302
589 1301 1302
556 557 1303
557 590 1303
589 1300 1303
556 1300 1303
589 590 1303
557 558 591
557 590 591
558 559 592
558 591 592
559 560 593
559 592 593
561 562 595
561 594 595
562 563 596
562 595 596
563 564 597
563 596 597
564 565 598
564 597 598
566 1295 1305
565 1295 1305
566 1304 1305
599 1304 1305
565 598 1305
598 599 1305
566 567 1306
567 600 1306
599 1304 1306
566 1304 1306
599 1306 1307
600 1306 1307
567 568 601
567 600 601
568 569 602
568 601 602
569 570 603
569 602 603
570 571 604
570 603 604
571 572 605
571 604 605
572 573 606
572 605 606
573 574 607
573 606 607
574 575 608
574 607 608
575 576 609
575 608 609
576 577 610
576 609 610
577 578 611
577 610 611
578 579 612
578 611 612
579 580 613
579 612 613
580 581 614
580 613 614
581 582 615
581 614 615
582 583 616
582 615 616
583 584 617
583 616 617
584 585 618
584 617 618
585 586 619
585 618 619
586 587 1309
587 1308 1309
620 1308 1309
586 619 1309
619 620 1309
588 1299 1311
587 1299 1311
588 1310 1311
621 1310 1311
620 1308 1311
587 1308 1311
620 1311 1312
621 1311 1312
589 1302 1314
588 1302 1314
589 1313 1314
622 1313 1314
621 1310 1314
588 1310 1314
621 1314 1315
622 1314 1315
589 590 1316
590 623 1316
622 1313 1316
589 1313 1316
622 623 1316
590 591 624
590 623 624
591 592 625
591 624 625
592 593 626
592 625 626
594 595 628
594 627 628
595 596 629
595 628 629
596 597 630
596 629 630
597 598 631
597 630 631
598 599 1318
599 1317 1318
632 1317 1318
598 631 1318
631 632 1318
600 1307 1320
599 1307 1320
600 1319 1320
633 1319 1320
632 1317 1320
599 1317 1320
632 1320 1321
633 1320 1321
600 601 1322
601 634 1322
633 1319 1322
600 1319 1322
633 634 1322
601 602 635
601 634 635
602 603 636
602 635 636
603 604 637
603 636 637
604 605 638
604 637 638
605 606 639
605 638 639
606 607 640
606 639 640
607 608 641
607 640 641
608 609 642
608 641 642
609 610 643
609 642 643
610 611 644
610 643 644
611 612 645
611 644 645
612 613 646
612 645 646
613 614 647
613 646 647
614 615 648
614 647 648
615 616 649
615 648 649
616 617 650
616 649 650
617 618 651
617 650 651
618 619 652
618 651 652
619 620 1324
620 1323 1324
653 1323 1324
619 652 1324
652 653 1324
621 1312 1326
620 1312 1326
621 1325 1326
654 1325 1326
653 1323 1326
620 1323 1326
653 1326 1327
654 1326 1327
622 1315 1328
621 1315 1328
622 655 1328
654 1325 1328
621 1325 1328
654 655 1328
622 623 656
622 655 656
623 624 657
623 656 657
624 625 658
624 657 658
625 626 659
625 658 659
627 628 661
627 660 661
628 629 662
628 661 662
629 630 663
629 662 663
630 631 664
630 663 664
631 632 1330
632 1329 1330
665 1329 1330
631 664 1330
664 665 1330
633 1321 1332
632 1321 1332
633 1331 1332
666 1331 1332
665 1329 1332
632 1329 1332
665 1332 1333
666 1332 1333
633 634 1334
634 667 1334
666 1331 1334
633 1331 1334
666 667 1334
634 635 668
634 667 668
635 636 669
635 668 669
636 637 670
636 669 670
637 638 671
637 670 671
638 639 672
638 671 672
639 640 673
639 672 673
640 641 674
640 673 674
641 642 675
641 674 675
642 643 676
642 675 676
643 644 677
643 676 677
644 645 678
644 677 678
645 646 679
645 678 679
646 647 680
646 679 680
647 648 681
647 680 681
648 649 682
648 681 682
649 650 683
649 682 683
650 651 684
650 683 684
651 652 685
651 684 685
652 653 1336
653 1335 1336
686 1335 1336
652 685 1336
685 1336 1337
686 1336 1337
654 1327 1339
653 1327 1339
654 1338 1339
687 1338 1339
686 1335 1339
653 1335 1339
686 1339 1340
687 1339 1340
654 655 1341
655 688 1341
687 1338 1341
654 1338 1341
687 688 1341
655 656 689
655 688 689
656 657 690
656 689 690
657 658 691
657 690 691
658 659 692
658 691 692
660 661 694
660 693 694
661 662 695
661 694 695
662 663 696
662 695 696
663 664 697
663 696 697
664 665 698
664 697 698
666 1333 1343
665 1333 1343
666 1342 1343
699 1342 1343
665 698 1343
698 699 1343
666 667 1344
667 700 1344
699 1342 1344
666 1342 1344
699 1344 1345
700 1344 1345
667 668 701
667 700 701
668 669 702
668 701 702
669 670 703
669 702 703
670 671 704
670 703 704
671 672 705
671 704 705
672 673 706
672 705 706
673 674 707
673 706 707
674 675 708
674 707 708
675 676 709
675 708 709
676 677 710
676 709 710
677 678 711
677 710 711
678 679 712
678 711 712
679 680 713
679 712 713
680 681 714
680 713 714
681 682 715
681 714 715
682 683 716
682 715 716
683 684 717
683 716 717
684 685 1347
685 1346 1347
718 1346 1347
684 717 1347
717 718 1347
686 1337 1349
685 1337 1349
686 1348 1349
719 1348 1349
718 1346 1349
685 1346 1349
718 1349 1350
719 1349 1350
687 1340 1352
686 1340 1352
687 1351 1352
720 1351 1352
719 1348 1352
686 1348 1352
719 1352 1353
720 1352 1353
687 688 1354
688 721 1354
720 1351 1354
687 1351 1354
720 721 1354
688 689 722
688 721 722
689 690 723
689 722 723
690 691 724
690 723 724
691 692 725
691 724 725
693 694 727
693 726 727
694 695 728
694 727 728
695 696 729
695 728 729
696 697 730
696 729 730
697 698 731
697 730 731
698 699 1356
699 1355 1356
732 1355 1356
698 731 1356
731 732 1356
700 1345 1358
699 1345 1358
700 1357 1358
733 1357 1358
732 1355 1358
699 1355 1358
732 1358 1359
733 1358 1359
700 701 1360
701 734 1360
733 1357 1360
700 1357 1360
733 734 1360
701 702 735
701 734 735
702 703 736
702 735 736
703 704 737
703 736 737
704 705 738
704 737 738
705 706 739
705 738 739
706 707 740
706 739 740
707 708 741
707 740 741
708 709 742
708 741 742
709 710 743
709 742 743
710 711 744
710 743 744
711 712 745
711 744 745
712 713 746
712 745 746
713 714 747
713 746 747
714 715 748
714 747 748
715 716 749
715 748 749
716 717 750
716 749 750
717 718 1362
718 1361 1362
751 1361 1362
717 750 1362
750 1362 1363
751 1362 1363
719 1350 1365
718 1350 1365
719 1364 1365
752 1364 1365
751 1361 1365
718 1361 1365
751 1365 1366
752 1365 1366
720 1353 1367
719 1353 1367
720 753 1367
752 1364 1367
719 1364 1367
752 753 1367
720 721 754
720 753 754
721 722 755
721 754 755
722 723 756
722 755 756
723 724 757
723 756 757
724 725 758
724 757 758
726 727 760
726 759 760
727 728 761
727 760 761
728 729 762
728 761 762
729 730 763
729 762 763
730 731 764
730 763 764
731 732 765
731 764 765
733 1359 1369
732 1359 1369
733 1368 1369
766 1368 1369
732 765 1369
765 766 1369
733 734 1370
734 767 1370
766 1368 1370
733 1368 1370
766 1370 1371
767 1370 1371
734 735 768
734 767 768
735 736 769
735 768 769
736 737 770
736 769 770
737 738 771
737 770 771
738 739 772
738 771 772
739 740 773
739 772 773
740 741 774
740 773 774
741 742 775
741 774 775
742 743 776
742 775 776
743 744 777
743 776 777
744 745 778
744 777 778
745 746 779
745 778 779
746 747 780
746 779 780
747 748 781
747 780 781
748 749 782
748 781 782
749 750 1373
750 1372 1373
783 1372 1373
749 782 1373
782 1373 1374
783 1373 1374
751 1363 1376
750 1363 1376
751 1375 1376
784 1375 1376
783 1372 1376
750 1372 1376
783 1376 1377
784 1376 1377
752 1366 1379
751 1366 1379
752 1378 1379
785 1378 1379
784 1375 1379
751 1375 1379
784 1379 1380
785 1379 1380
752 753 1381
753 786 1381
785 1378 1381
752 1378 1381
785 786 1381
753 754 787
753 786 787
754 755 788
754 787 788
755 756 789
755 788 789
756 757 790
756 789 790
757 758 791
757 790 791
759 760 793
759 792 793
760 761 794
760 793 794
761 762 795
761 794 795
762 763 796
762 795 796
763 764 797
763 796 797
764 765 798
764 797 798
765 766 799
765 798 799
767 1371 1383
766 1371 1383
767 1382 1383
800 1382 1383
766 799 1383
799 800 1383
767 768 1384
768 801 1384
800 1382 1384
767 1382 1384
800 1384 1385
801 1384 1385
768 769 802
768 801 802
769 770 803
769 802 803
770 771 804
770 803 804
771 772 805
771 804 805
772 773 806
772 805 806
773 774 807
773 806 807
774 775 808
774 807 808
775 776 809
775 808 809
776 777 810
776 809 810
777 778 811
777 810 811
778 779 812
778 811 812
779 780 813
779 812 813
780 781 814
780 813 814
781 782 1387
782 1386 1387
815 1386 1387
781 814 1387
814 1387 1388
815 1387 1388
783 1374 1390
782 1374 1390
783 1389 1390
816 1389 1390
815 1386 1390
782 1386 1390
815 1390 1391
816 1390 1391
784 1377 1393
783 1377 1393
784 1392 1393
817 1392 1393
816 1389 1393
783 1389 1393
816 1393 1394
817 1393 1394
785 1380 1395
784 1380 1395
785 818 1395
817 1392 1395
784 1392 1395
817 818 1395
785 786 819
785 818 819
786 787 820
786 819 820
787 788 821
787 820 821
788 789 822
788 821 822
789 790 823
789 822 823
790 791 824
790 823 824
792 793 826
792 825 826
793 794 827
793 826 827
794 795 828
794 827 828
795 796 829
795 828 829
796 797 830
796 829 830
797 798 831
797 830 831
798 799 832
798 831 832
799 800 833
799 832 833
801 1385 1397
800 1385 1397
801 1396 1397
834 1396 1397
800 833 1397
833 834 1397
801 802 1398
802 835 1398
834 1396 1398
801 1396 1398
834 1398 1399
835 1398 1399
802 803 1400
803 836 1400
802 835 1400
835 1400 1401
836 1400 1401
803 804 837
803 836 837
804 805 838
804 837 838
805 806 839
805 838 839
806 807 840
806 839 840
807 808 841
807 840 841
808 809 842
808 841 842
809 810 843
809 842 843
810 811 844
810 843 844
811 812 845
811 844 845
812 813 1402
813 846 1402
812 845 1402
845 1402 1403
846 1402 1403
813 814 1405
814 1404 1405
847 1404 1405
813 846 1405
846 1405 1406
847 1405 1406
815 1388 1408
814 1388 1408
815 1407 1408
848 1407 1408
847 1404 1408
814 1404 1408
847 1408 1409
848 1408 1409
816 1391 1411
815 1391 1411
816 1410 1411
849 1410 1411
848 1407 1411
815 1407 1411
848 1411 1412
849 1411 1412
817 1394 1413
816 1394 1413
817 850 1413
849 1410 1413
816 1410 1413
849 850 1413
817 818 851
817 850 851
818 819 852
818 851 852
819 820 853
819 852 853
820 821 854
820 853 854
821 822 855
821 854 855
822 823 856
822 855 856
823 824 857
823 856 857
825 826 859
825 858 859
826 827 860
826 859 860
827 828 861
827 860 861
828 829 862
828 861 862
829 830 863
829 862 863
830 831 864
830 863 864
831 832 865
831 864 865
832 833 866
832 865 866
833 834 867
833 866 867
835 1399 1415
834 1399 1415
835 1414 1415
868 1414 1415
834 867 1415
867 868 1415
836 1401 1417
835 1401 1417
836 1416 1417
869 1416 1417
868 1414 1417
835 1414 1417
868 1417 1418
869 1417 1418
836 837 1419
837 870 1419
869 1416 1419
836 1416 1419
869 1419 1420
870 1419 1420
837 838 1421
838 871 1421
837 870 1421
870 1421 1422
871 1421 1422
838 839 1423
839 872 1423
838 871 1423
871 1423 1424
872 1423 1424
839 840 873
839 872 873
840 841 874
840 873 874
841 842 875
841 874 875
842 843 1425
843 876 1425
842 875 1425
875 1425 1426
876 1425 1426
843 844 1427
844 877 1427
843 876 1427
876 1427 1428
877 1427 1428
844 845 1430
845 1429 1430
878 1429 1430
844 877 1430
877 1430 1431
878 1430 1431
846 1403 1433
845 1403 1433
846 1432 1433
879 1432 1433
878 1429 1433
845 1429 1433
878 1433 1434
879 1433 1434
847 1406 1436
846 1406 1436
847 1435 1436
880 1435 1436
879 1432 1436
846 1432 1436
879 1436 1437
880 1436 1437
848 1409 1439
847 1409 1439
848 1438 1439
881 1438 1439
880 1435 1439
847 1435 1439
880 1439 1440
881 1439 1440
849 1412 1441
848 1412 1441
849 882 1441
881 1438 1441
848 1438 1441
881 882 1441
849 850 883
849 882 883
850 851 884
850 883 884
851 852 885
851 884 885
852 853 886
852 885 886
853 854 887
853 886 887
854 855 888
854 887 888
855 856 889
855 888 889
856 857 890
856 889 890
858 859 892
858 891 892
859 860 893
859 892 893
860 861 894
860 893 894
861 862 895
861 894 895
862 863 896
862 895 896
863 864 897
863 896 897
864 865 898
864 897 898
865 866 899
865 898 899
866 867 900
866 899 900
867 868 901
867 900 901
869 1418 1442
868 1418 1442
869 902 1442
868 901 1442
901 902 1442
870 1420 1444
869 1420 1444
870 1443 1444
903 1443 1444
869 902 1444
902 903 1444
871 1422 1446
870 1422 1446
871 1445 1446
904 1445 1446
903 1443 1446
870 1443 1446
903 1446 1447
904 1446 1447
872 1424 1449
871 1424 1449
872 1448 1449
905 1448 1449
904 1445 1449
871 1445 1449
904 1449 1450
905 1449 1450
872 873 1451
873 906 1451
905 1448 1451
872 1448 1451
905 1451 1452
906 1451 1452
873 874 1453
874 907 1453
873 906 1453
906 1453 1454
907 1453 1454
874 875 1456
875 1455 1456
908 1455 1456
874 907 1456
907 1456 1457
908 1456 1457
876 1426 1459
875 1426 1459
876 1458 1459
909 1458 1459
908 1455 1459
875 1455 1459
908 1459 1460
909 1459 1460
877 1428 1462
876 1428 1462
877 1461 1462
910 1461 1462
909 1458 1462
876 1458 1462
909 1462 1463
910 1462 1463
878 1431 1465
877 1431 1465
878 1464 1465
911 1464 1465
910 1461 1465
877 1461 1465
910 1465 1466
911 1465 1466
879 1434 1468
878 1434 1468
879 1467 1468
912 1467 1468
911 1464 1468
878 1464 1468
911 1468 1469
912 1468 1469
880 1437 1470
879 1437 1470
880 913 1470
912 1467 1470
879 1467 1470
912 913 1470
881 1440 1471
880 1440 1471
881 914 1471
880 913 1471
913 914 1471
881 882 915
881 914 915
882 883 916
882 915 916
883 884 917
883 916 917
884 885 918
884 917 918
885 886 919
885 918 919
886 887 920
886 919 920
887 888 921
887 920 921
888 889 922
888 921 922
889 890 923
889 922 923
891 892 925
891 924 925
892 893 926
892 925 926
893 894 927
893 926 927
894 895 928
894 927 928
895 896 929
895 928 929
896 897 930
896 929 930
897 898 931
897 930 931
898 899 932
898 931 932
899 900 933
899 932 933
900 901 934
900 933 934
901 902 935
901 934 935
902 903 936
902 935 936
904 1447 1472
903 1447 1472
904 937 1472
903 936 1472
936 937 1472
905 1450 1473
904 1450 1473
905 938 1473
904 937 1473
937 938 1473
906 1452 1475
905 1452 1475
906 1474 1475
939 1474 1475
905 938 1475
938 939 1475
907 1454 1477
906 1454 1477
907 1476 1477
940 1476 1477
939 1474 1477
906 1474 1477
939 1477 1478
940 1477 1478
908 1457 1480
907 1457 1480
908 1479 1480
941 1479 1480
940 1476 1480
907 1476 1480
940 1480 1481
941 1480 1481
909 1460 1483
908 1460 1483
909 1482 1483
942 1482 1483
941 1479 1483
908 1479 1483
941 1483 1484
942 1483 1484
910 1463 1485
909 1463 1485
910 943 1485
942 1482 1485
909 1482 1485
942 943 1485
911 1466 1486
910 1466 1486
911 944 1486
910 943 1486
943 944 1486
912 1469 1487
911 1469 1487
912 945 1487
911 944 1487
944 945 1487
912 913 946
912 945 946
913 914 947
913 946 947
914 915 948
914 947 948
915 916 949
915 948 949
916 917 950
916 949 950
917 918 951
917 950 951
918 919 952
918 951 952
919 920 953
919 952 953
920 921 954
920 953 954
921 922 955
921 954 955
922 923 956
922 955 956
924 925 958
924 957 958
925 926 959
925 958 959
926 927 960
926 959 960
927 928 961
927 960 961
928 929 962
928 961 962
929 930 963
929 962 963
930 931 964
930 963 964
931 932 965
931 964 965
932 933 966
932 965 966
933 934 967
933 966 967
934 935 968
934 967 968
935 936 969
935 968 969
936 937 970
936 969 970
937 938 971
937 970 971
938 939 972
938 971 972
940 1478 1488
939 1478 1488
940 973 1488
939 972 1488
972 973 1488
941 1481 1489
940 1481 1489
941 974 1489
940 973 1489
973 974 1489
942 1484 1490
941 1484 1490
942 975 1490
941 974 1490
974 975 1490
942 943 976
942 975 976
943 944 977
943 976 977
944 945 978
944 977 978
945 946 979
945 978 979
946 947 980
946 979 980
947 948 981
947 980 981
948 949 982
948 981 982
949 950 983
949 982 983
950 951 984
950 983 984
951 952 985
951 984 985
952 953 986
952 985 986
953 954 987
953 986 987
954 955 988
954 987 988
955 956 989
955 988 989
957 958 991
957 990 991
958 959 992
958 991 992
959 960 993
959 992 993
960 961 994
960 993 994
961 962 995
961 994 995
962 963 996
962 995 996
963 964 997
963 996 997
964 965 998
964 997 998
965 966 999
965 998 999
966 967 1000
966 999 1000
967 968 1001
967 1000 1001
968 969 1002
968 1001 1002
969 970 1003
969 1002 1003
970 971 1004
970 1003 1004
971 972 1005
971 1004 1005
972 973 1006
972 1005 1006
973 974 1007
973 1006 1007
974 975 1008
974 1007 1008
975 976 1009
975 1008 1009
976 977 1010
976 1009 1010
977 978 1011
977 1010 1011
978 979 1012
978 1011 1012
979 980 1013
979 1012 1013
980 981 1014
980 1013 1014
981 982 1015
981 1014 1015
982 983 1016
982 1015 1016
983 984 1017
983 1016 1017
984 985 1018
984 1017 1018
985 986 1019
985 1018 1019
986 987 1020
986 1019 1020
987 988 1021
987 1020 1021
988 989 1022
988 1021 1022
990 991 1024
990 1023 1024
991 992 1025
991 1024 1025
992 993 1026
992 1025 1026
993 994 1027
993 1026 1027
994 995 1028
994 1027 1028
995 996 1029
995 1028 1029
996 997 1030
996 1029 1030
997 998 1031
997 1030 1031
998 999 1032
998 1031 1032
999 1000 1033
999 1032 1033
1000 1001 1034
1000 1033 1034
1001 1002 1035
1001 1034 1035
1002 1003 1036
1002 1035 1036
1003 1004 1037
1003 1036 1037
1004 1005 1038
1004 1037 1038
1005 1006 1039
1005 1038 1039
1006 1007 1040
1006 1039 1040
1007 1008 1041
1007 1040 1041
1008 1009 1042
1008 1041 1042
1009 1010 1043
1009 1042 1043
1010 1011 1044
1010 1043 1044
1011 1012 1045
1011 1044 1045
1012 1013 1046
1012 1045 1046
1013 1014 1047
1013 1046 1047
1014 1015 1048
1014 1047 1048
1015 1016 1049
1015 1048 1049
1016 1017 1050
1016 1049 1050
1017 1018 1051
1017 1050 1051
1018 1019 1052
1018 1051 1052
1019 1020 1053
1019 1052 1053
1020 1021 1054
1020 1053 1054
1021 1022 1055
1021 1054 1055
1023 1024 1057
1023 1056 1057
1024 1025 1058
1024 1057 1058
1025 1026 1059
1025 1058 1059
1026 1027 1060
1026 1059 1060
1027 1028 1061
1027 1060 1061
1028 1029 1062
1028 1061 1062
1029 1030 1063
1029 1062 1063
1030 1031 1064
1030 1063 1064
1031 1032 1065
1031 1064 1065
1032 1033 1066
1032 1065 1066
1033 1034 1067
1033 1066 1067
1034 1035 1068
1034 1067 1068
1035 1036 1069
1035 1068 1069
1036 1037 1070
1036 1069 1070
1037 1038 1071
1037 1070 1071
1038 1039 1072
1038 1071 1072
1039 1040 1073
1039 1072 1073
1040 1041 1074
1040 1073 1074
1041 1042 1075
1041 1074 1075
1042 1043 1076
1042 1075 1076
1043 1044 1077
1043 1076 1077
1044 1045 1078
1044 1077 1078
1045 1046 1079
1045 1078 1079
1046 1047 1080
1046 1079 1080
1047 1048 1081
1047 1080 1081
1048 1049 1082
1048 1081 1082
1049 1050 1083
1049 1082 1083
1050 1051 1084
1050 1083 1084
1051 1052 1085
1051 1084 1085
1052 1053 1086
1052 1085 1086
1053 1054 1087
1053 1086 1087
1054 1055 1088
1054 1087 1088
