ID=7790881
numvertices=1722
numsimplices=3302
vertices
-1.500000e+00 -1.500000e+00
-1.414286e+00 -1.500000e+00
-1.328571e+00 -1.500000e+00
-1.242857e+00 -1.500000e+00
-1.157143e+00 -1.500000e+00
-1.071429e+00 -1.500000e+00
-9.857143e-01 -1.500000e+00
-9.000000e-01 -1.500000e+00
-8.142857e-01 -1.500000e+00
-7.285714e-01 -1.500000e+00
-6.428571e-01 -1.500000e+00
-5.571429e-01 -1.500000e+00
-4.714286e-01 -1.500000e+00
-3.857143e-01 -1.500000e+00
-3.000000e-01 -1.500000e+00
-2.142857e-01 -1.500000e+00
-1.285714e-01 -1.500000e+00
-4.285714e-02 -1.500000e+00
4.285714e-02 -1.500000e+00
1.285714e-01 -1.500000e+00
2.142857e-01 -1.500000e+00
3.000000e-01 -1.500000e+00
3.857143e-01 -1.500000e+00
4.714286e-01 -1.500000e+00
5.571429e-01 -1.500000e+00
6.428571e-01 -1.500000e+00
7.285714e-01 -1.500000e+00
8.142857e-01 -1.500000e+00
9.000000e-01 -1.500000e+00
9.857143e-01 -1.500000e+00
1.071429e+00 -1.500000e+00
1.157143e+00 -1.500000e+00
1.242857e+00 -1.500000e+00
1.328571e+00 -1.500000e+00
1.414286e+00 -1.500000e+00
1.500000e+00 -1.500000e+00
-1.500000e+00 -1.414286e+00
-1.414286e+00 -1.414286e+00
-1.328571e+00 -1.414286e+00
-1.242857e+00 -1.414286e+00
-1.157143e+00 -1.414286e+00
-1.071429e+00 -1.414286e+00
-9.857143e-01 -1.414286e+00
-9.000000e-01 -1.414286e+00
-8.142857e-01 -1.414286e+00
-7.285714e-01 -1.414286e+00
-6.428571e-01 -1.414286e+00
-5.571429e-01 -1.414286e+00
-4.714286e-01 -1.414286e+00
-3.857143e-01 -1.414286e+00
-3.000000e-01 -1.414286e+00
-2.142857e-01 -1.414286e+00
-1.285714e-01 -1.414286e+00
-4.285714e-02 -1.414286e+00
4.285714e-02 -1.414286e+00
1.285714e-01 -1.414286e+00
2.142857e-01 -1.414286e+00
3.000000e-01 -1.414286e+00
3.857143e-01 -1.414286e+00
4.714286e-01 -1.414286e+00
5.571429e-01 -1.414286e+00
6.428571e-01 -1.414286e+00
7.285714e-01 -1.414286e+00
8.142857e-01 -1.414286e+00
9.000000e-01 -1.414286e+00
9.857143e-01 -1.414286e+00
1.071429e+00 -1.414286e+00
1.157143e+00 -1.414286e+00
1.242857e+00 -1.414286e+00
1.328571e+00 -1.414286e+00
1.414286e+00 -1.414286e+00
1.500000e+00 -1.414286e+00
-1.500000e+00 -1.328571e+00
-1.414286e+00 -1.328571e+00
-1.328571e+00 -1.328571e+00
-1.242857e+00 -1.328571e+00
-1.157143e+00 -1.328571e+00
-1.071429e+00 -1.328571e+00
-9.857143e-01 -1.328571e+00
-9.000000e-01 -1.328571e+00
-8.142857e-01 -1.328571e+00
-7.285714e-01 -1.328571e+00
-6.428571e-01 -1.328571e+00
-5.571429e-01 -1.328571e+00
-4.714286e-01 -1.328571e+00
-3.857143e-01 -1.328571e+00
-3.000000e-01 -1.328571e+00
-2.142857e-01 -1.328571e+00
-1.285714e-01 -1.328571e+00
-4.285714e-02 -1.328571e+00
4.285714e-02 -1.328571e+00
1.285714e-01 -1.328571e+00
2.142857e-01 -1.328571e+00
3.000000e-01 -1.328571e+00
3.857143e-01 -1.328571e+00
4.714286e-01 -1.328571e+00
5.571429e-01 -1.328571e+00
6.428571e-01 -1.328571e+00
7.285714e-01 -1.328571e+00
8.142857e-01 -1.328571e+00
9.000000e-01 -1.328571e+00
9.857143e-01 -1.328571e+00
1.071429e+00 -1.328571e+00
1.157143e+00 -1.328571e+00
1.242857e+00 -1.328571e+00
1.328571e+00 -1.328571e+00
1.414286e+00 -1.328571e+00
1.500000e+00 -1.328571e+00
-1.500000e+00 -1.242857e+00
-1.414286e+00 -1.242857e+00
-1.328571e+00 -1.242857e+00
-1.242857e+00 -1.242857e+00
-1.157143e+00 -1.242857e+00
-1.071429e+00 -1.242857e+00
-9.857143e-01 -1.242857e+00
-9.000000e-01 -1.242857e+00
-8.142857e-01 -1.242857e+00
-7.285714e-01 -1.242857e+00
-6.428571e-01 -1.242857e+00
-5.571429e-01 -1.242857e+00
-4.714286e-01 -1.242857e+00
-3.857143e-01 -1.242857e+00
-3.000000e-01 -1.242857e+00
-2.142857e-01 -1.242857e+00
-1.285714e-01 -1.242857e+00
-4.285714e-02 -1.242857e+00
4.285714e-02 -1.242857e+00
1.285714e-01 -1.242857e+00
2.142857e-01 -1.242857e+00
3.000000e-01 -1.242857e+00
3.857143e-01 -1.242857e+00
4.714286e-01 -1.242857e+00
5.571429e-01 -1.242857e+00
6.428571e-01 -1.242857e+00
7.285714e-01 -1.242857e+00
8.142857e-01 -1.242857e+00
9.000000e-01 -1.242857e+00
9.857143e-01 -1.242857e+00
1.071429e+00 -1.242857e+00
1.157143e+00 -1.242857e+00
1.242857e+00 -1.242857e+00
1.328571e+00 -1.242857e+00
1.414286e+00 -1.242857e+00
1.500000e+00 -1.242857e+00
-1.500000e+00 -1.157143e+00
-1.414286e+00 -1.157143e+00
-1.328571e+00 -1.157143e+00
-1.242857e+00 -1.157143e+00
-1.157143e+00 -1.157143e+00
-1.071429e+00 -1.157143e+00
-9.857143e-01 -1.157143e+00
-9.000000e-01 -1.157143e+00
-8.142857e-01 -1.157143e+00
-7.285714e-01 -1.157143e+00
-6.428571e-01 -1.157143e+00
-5.571429e-01 -1.157143e+00
-4.714286e-01 -1.157143e+00
-3.857143e-01 -1.157143e+00
-3.000000e-01 -1.157143e+00
-2.142857e-01 -1.157143e+00
-1.285714e-01 -1.157143e+00
-4.285714e-02 -1.157143e+00
4.285714e-02 -1.157143e+00
1.285714e-01 -1.157143e+00
2.142857e-01 -1.157143e+00
3.000000e-01 -1.157143e+00
3.857143e-01 -1.157143e+00
4.714286e-01 -1.157143e+00
5.571429e-01 -1.157143e+00
6.428571e-01 -1.157143e+00
7.285714e-01 -1.157143e+00
8.142857e-01 -1.157143e+00
9.000000e-01 -1.157143e+00
9.857143e-01 -1.157143e+00
1.071429e+00 -1.157143e+00
1.157143e+00 -1.157143e+00
1.242857e+00 -1.157143e+00
1.328571e+00 -1.157143e+00
1.414286e+00 -1.157143e+00
1.500000e+00 -1.157143e+00
-1.500000e+00 -1.071429e+00
-1.414286e+00 -1.071429e+00
-1.328571e+00 -1.071429e+00
-1.242857e+00 -1.071429e+00
-1.157143e+00 -1.071429e+00
-1.071429e+00 -1.071429e+00
-9.857143e-01 -1.071429e+00
-9.000000e-01 -1.071429e+00
-8.142857e-01 -1.071429e+00
-7.285714e-01 -1.071429e+00
-6.428571e-01 -1.071429e+00
-5.571429e-01 -1.071429e+00
-4.714286e-01 -1.071429e+00
-3.857143e-01 -1.071429e+00
-3.000000e-01 -1.071429e+00
-2.142857e-01 -1.071429e+00
-1.285714e-01 -1.071429e+00
-4.285714e-02 -1.071429e+00
4.285714e-02 -1.071429e+00
1.285714e-01 -1.071429e+00
2.142857e-01 -1.071429e+00
3.000000e-01 -1.071429e+00
3.857143e-01 -1.071429e+00
4.714286e-01 -1.071429e+00
5.571429e-01 -1.071429e+00
6.428571e-01 -1.071429e+00
7.285714e-01 -1.071429e+00
8.142857e-01 -1.071429e+00
9.000000e-01 -1.071429e+00
9.857143e-01 -1.071429e+00
1.071429e+00 -1.071429e+00
1.157143e+00 -1.071429e+00
1.242857e+00 -1.071429e+00
1.328571e+00 -1.071429e+00
1.414286e+00 -1.071429e+00
1.500000e+00 -1.071429e+00
-1.500000e+00 -9.857143e-01
-1.414286e+00 -9.857143e-01
-1.328571e+00 -9.857143e-01
-1.242857e+00 -9.857143e-01
-1.157143e+00 -9.857143e-01
-1.071429e+00 -9.857143e-01
-9.857143e-01 -9.857143e-01
-9.000000e-01 -9.857143e-01
-8.142857e-01 -9.857143e-01
-7.285714e-01 -9.857143e-01
-6.428571e-01 -9.857143e-01
-5.571429e-01 -9.857143e-01
-4.714286e-01 -9.857143e-01
-3.857143e-01 -9.857143e-01
-3.000000e-01 -9.857143e-01
-2.142857e-01 -9.857143e-01
-1.285714e-01 -9.857143e-01
-4.285714e-02 -9.857143e-01
4.285714e-02 -9.857143e-01
1.285714e-01 -9.857143e-01
2.142857e-01 -9.857143e-01
3.000000e-01 -9.857143e-01
3.857143e-01 -9.857143e-01
4.714286e-01 -9.857143e-01
5.571429e-01 -9.857143e-01
6.428571e-01 -9.857143e-01
7.285714e-01 -9.857143e-01
8.142857e-01 -9.857143e-01
9.000000e-01 -9.857143e-01
9.857143e-01 -9.857143e-01
1.071429e+00 -9.857143e-01
1.157143e+00 -9.857143e-01
1.242857e+00 -9.857143e-01
1.328571e+00 -9.857143e-01
1.414286e+00 -9.857143e-01
1.500000e+00 -9.857143e-01
-1.500000e+00 -9.000000e-01
-1.414286e+00 -9.000000e-01
-1.328571e+00 -9.000000e-01
-1.242857e+00 -9.000000e-01
-1.157143e+00 -9.000000e-01
-1.071429e+00 -9.000000e-01
-9.857143e-01 -9.000000e-01
-9.000000e-01 -9.000000e-01
-8.142857e-01 -9.000000e-01
-7.285714e-01 -9.000000e-01
-6.428571e-01 -9.000000e-01
-5.571429e-01 -9.000000e-01
-4.714286e-01 -9.000000e-01
-3.857143e-01 -9.000000e-01
-3.000000e-01 -9.000000e-01
-2.142857e-01 -9.000000e-01
-1.285714e-01 -9.000000e-01
-4.285714e-02 -9.000000e-01
4.285714e-02 -9.000000e-01
1.285714e-01 -9.000000e-01
2.142857e-01 -9.000000e-01
3.000000e-01 -9.000000e-01
3.857143e-01 -9.000000e-01
4.714286e-01 -9.000000e-01
5.571429e-01 -9.000000e-01
6.428571e-01 -9.000000e-01
7.285714e-01 -9.000000e-01
8.142857e-01 -9.000000e-01
9.000000e-01 -9.000000e-01
9.857143e-01 -9.000000e-01
1.071429e+00 -9.000000e-01
1.157143e+00 -9.000000e-01
1.242857e+00 -9.000000e-01
1.328571e+00 -9.000000e-01
1.414286e+00 -9.000000e-01
1.500000e+00 -9.000000e-01
-1.500000e+00 -8.142857e-01
-1.414286e+00 -8.142857e-01
-1.328571e+00 -8.142857e-01
-1.242857e+00 -8.142857e-01
-1.157143e+00 -8.142857e-01
-1.071429e+00 -8.142857e-01
-9.857143e-01 -8.142857e-01
-9.000000e-01 -8.142857e-01
-8.142857e-01 -8.142857e-01
-7.285714e-01 -8.142857e-01
-6.428571e-01 -8.142857e-01
-5.571429e-01 -8.142857e-01
-4.714286e-01 -8.142857e-01
-3.857143e-01 -8.142857e-01
-3.000000e-01 -8.142857e-01
-2.142857e-01 -8.142857e-01
-1.285714e-01 -8.142857e-01
-4.285714e-02 -8.142857e-01
4.285714e-02 -8.142857e-01
1.285714e-01 -8.142857e-01
2.142857e-01 -8.142857e-01
3.000000e-01 -8.142857e-01
3.857143e-01 -8.142857e-01
4.714286e-01 -8.142857e-01
5.571429e-01 -8.142857e-01
6.428571e-01 -8.142857e-01
7.285714e-01 -8.142857e-01
8.142857e-01 -8.142857e-01
9.000000e-01 -8.142857e-01
9.857143e-01 -8.142857e-01
1.071429e+00 -8.142857e-01
1.157143e+00 -8.142857e-01
1.242857e+00 -8.142857e-01
1.328571e+00 -8.142857e-01
1.414286e+00 -8.142857e-01
1.500000e+00 -8.142857e-01
-1.500000e+00 -7.285714e-01
-1.414286e+00 -7.285714e-01
-1.328571e+00 -7.285714e-01
-1.242857e+00 -7.285714e-01
-1.157143e+00 -7.285714e-01
-1.071429e+00 -7.285714e-01
-9.857143e-01 -7.285714e-01
-9.000000e-01 -7.285714e-01
-8.142857e-01 -7.285714e-01
-7.285714e-01 -7.285714e-01
-6.428571e-01 -7.285714e-01
-5.571429e-01 -7.285714e-01
-4.714286e-01 -7.285714e-01
-3.857143e-01 -7.285714e-01
-3.000000e-01 -7.285714e-01
-2.142857e-01 -7.285714e-01
-1.285714e-01 -7.285714e-01
-4.285714e-02 -7.285714e-01
4.285714e-02 -7.285714e-01
1.285714e-01 -7.285714e-01
2.142857e-01 -7.285714e-01
3.000000e-01 -7.285714e-01
3.857143e-01 -7.285714e-01
4.714286e-01 -7.285714e-01
5.571429e-01 -7.285714e-01
6.428571e-01 -7.285714e-01
7.285714e-01 -7.285714e-01
8.142857e-01 -7.285714e-01
9.000000e-01 -7.285714e-01
9.857143e-01 -7.285714e-01
1.071429e+00 -7.285714e-01
1.157143e+00 -7.285714e-01
1.242857e+00 -7.285714e-01
1.328571e+00 -7.285714e-01
1.414286e+00 -7.285714e-01
1.500000e+00 -7.285714e-01
-1.500000e+00 -6.428571e-01
-1.414286e+00 -6.428571e-01
-1.328571e+00 -6.428571e-01
-1.242857e+00 -6.428571e-01
-1.157143e+00 -6.428571e-01
-1.071429e+00 -6.428571e-01
-9.857143e-01 -6.428571e-01
-9.000000e-01 -6.428571e-01
-8.142857e-01 -6.428571e-01
-7.285714e-01 -6.428571e-01
-6.428571e-01 -6.428571e-01
-5.571429e-01 -6.428571e-01
-4.714286e-01 -6.428571e-01
-3.857143e-01 -6.428571e-01
-3.000000e-01 -6.428571e-01
-2.142857e-01 -6.428571e-01
-1.285714e-01 -6.428571e-01
-4.285714e-02 -6.428571e-01
4.285714e-02 -6.428571e-01
1.285714e-01 -6.428571e-01
2.142857e-01 -6.428571e-01
3.000000e-01 -6.428571e-01
3.857143e-01 -6.428571e-01
4.714286e-01 -6.428571e-01
5.571429e-01 -6.428571e-01
6.428571e-01 -6.428571e-01
7.285714e-01 -6.428571e-01
8.142857e-01 -6.428571e-01
9.000000e-01 -6.428571e-01
9.857143e-01 -6.428571e-01
1.071429e+00 -6.428571e-01
1.157143e+00 -6.428571e-01
1.242857e+00 -6.428571e-01
1.328571e+00 -6.428571e-01
1.414286e+00 -6.428571e-01
1.500000e+00 -6.428571e-01
-1.500000e+00 -5.571429e-01
-1.414286e+00 -5.571429e-01
-1.328571e+00 -5.571429e-01
-1.242857e+00 -5.571429e-01
-1.157143e+00 -5.571429e-01
-1.071429e+00 -5.571429e-01
-9.857143e-01 -5.571429e-01
-9.000000e-01 -5.571429e-01
-8.142857e-01 -5.571429e-01
-7.285714e-01 -5.571429e-01
-6.428571e-01 -5.571429e-01
-5.571429e-01 -5.571429e-01
-4.714286e-01 -5.571429e-01
-3.857143e-01 -5.571429e-01
-3.000000e-01 -5.571429e-01
-2.142857e-01 -5.571429e-01
-1.285714e-01 -5.571429e-01
-4.285714e-02 -5.571429e-01
4.285714e-02 -5.571429e-01
1.285714e-01 -5.571429e-01
2.142857e-01 -5.571429e-01
3.000000e-01 -5.571429e-01
3.857143e-01 -5.571429e-01
4.714286e-01 -5.571429e-01
5.571429e-01 -5.571429e-01
6.428571e-01 -5.571429e-01
7.285714e-01 -5.571429e-01
8.142857e-01 -5.571429e-01
9.000000e-01 -5.571429e-01
9.857143e-01 -5.571429e-01
1.071429e+00 -5.571429e-01
1.157143e+00 -5.571429e-01
1.242857e+00 -5.571429e-01
1.328571e+00 -5.571429e-01
1.414286e+00 -5.571429e-01
1.500000e+00 -5.571429e-01
-1.500000e+00 -4.714286e-01
-1.414286e+00 -4.714286e-01
-1.328571e+00 -4.714286e-01
-1.242857e+00 -4.714286e-01
-1.157143e+00 -4.714286e-01
-1.071429e+00 -4.714286e-01
-9.857143e-01 -4.714286e-01
-9.000000e-01 -4.714286e-01
-8.142857e-01 -4.714286e-01
-7.285714e-01 -4.714286e-01
-6.428571e-01 -4.714286e-01
-5.571429e-01 -4.714286e-01
-4.714286e-01 -4.714286e-01
-3.857143e-01 -4.714286e-01
-3.000000e-01 -4.714286e-01
-2.142857e-01 -4.714286e-01
-1.285714e-01 -4.714286e-01
-4.285714e-02 -4.714286e-01
4.285714e-02 -4.714286e-01
1.285714e-01 -4.714286e-01
2.142857e-01 -4.714286e-01
3.000000e-01 -4.714286e-01
3.857143e-01 -4.714286e-01
4.714286e-01 -4.714286e-01
5.571429e-01 -4.714286e-01
6.428571e-01 -4.714286e-01
7.285714e-01 -4.714286e-01
8.142857e-01 -4.714286e-01
9.000000e-01 -4.714286e-01
9.857143e-01 -4.714286e-01
1.071429e+00 -4.714286e-01
1.157143e+00 -4.714286e-01
1.242857e+00 -4.714286e-01
1.328571e+00 -4.714286e-01
1.414286e+00 -4.714286e-01
1.500000e+00 -4.714286e-01
-1.500000e+00 -3.857143e-01
-1.414286e+00 -3.857143e-01
-1.328571e+00 -3.857143e-01
-1.242857e+00 -3.857143e-01
-1.157143e+00 -3.857143e-01
-1.071429e+00 -3.857143e-01
-9.857143e-01 -3.857143e-01
-9.000000e-01 -3.857143e-01
-8.142857e-01 -3.857143e-01
-7.285714e-01 -3.857143e-01
-6.428571e-01 -3.857143e-01
-5.571429e-01 -3.857143e-01
-4.714286e-01 -3.857143e-01
-3.857143e-01 -3.857143e-01
-3.000000e-01 -3.857143e-01
-2.142857e-01 -3.857143e-01
-1.285714e-01 -3.857143e-01
-4.285714e-02 -3.857143e-01
4.285714e-02 -3.857143e-01
1.285714e-01 -3.857143e-01
2.142857e-01 -3.857143e-01
3.000000e-01 -3.857143e-01
3.857143e-01 -3.857143e-01
4.714286e-01 -3.857143e-01
5.571429e-01 -3.857143e-01
6.428571e-01 -3.857143e-01
7.285714e-01 -3.857143e-01
8.142857e-01 -3.857143e-01
9.000000e-01 -3.857143e-01
9.857143e-01 -3.857143e-01
1.071429e+00 -3.857143e-01
1.157143e+00 -3.857143e-01
1.242857e+00 -3.857143e-01
1.328571e+00 -3.857143e-01
1.414286e+00 -3.857143e-01
1.500000e+00 -3.857143e-01
-1.500000e+00 -3.000000e-01
-1.414286e+00 -3.000000e-01
-1.328571e+00 -3.000000e-01
-1.242857e+00 -3.000000e-01
-1.157143e+00 -3.000000e-01
-1.071429e+00 -3.000000e-01
-9.857143e-01 -3.000000e-01
-9.000000e-01 -3.000000e-01
-8.142857e-01 -3.000000e-01
-7.285714e-01 -3.000000e-01
-6.428571e-01 -3.000000e-01
-5.571429e-01 -3.000000e-01
-4.714286e-01 -3.000000e-01
-3.857143e-01 -3.000000e-01
-3.000000e-01 -3.000000e-01
-2.142857e-01 -3.000000e-01
-1.285714e-01 -3.000000e-01
-4.285714e-02 -3.000000e-01
4.285714e-02 -3.000000e-01
1.285714e-01 -3.000000e-01
2.142857e-01 -3.000000e-01
3.000000e-01 -3.000000e-01
3.857143e-01 -3.000000e-01
4.714286e-01 -3.000000e-01
5.571429e-01 -3.000000e-01
6.428571e-01 -3.000000e-01
7.285714e-01 -3.000000e-01
8.142857e-01 -3.000000e-01
9.000000e-01 -3.000000e-01
9.857143e-01 -3.000000e-01
1.071429e+00 -3.000000e-01
1.157143e+00 -3.000000e-01
1.242857e+00 -3.000000e-01
1.328571e+00 -3.000000e-01
1.414286e+00 -3.000000e-01
1.500000e+00 -3.000000e-01
-1.500000e+00 -2.142857e-01
-1.414286e+00 -2.142857e-01
-1.328571e+00 -2.142857e-01
-1.242857e+00 -2.142857e-01
-1.157143e+00 -2.142857e-01
-1.071429e+00 -2.142857e-01
-9.857143e-01 -2.142857e-01
-9.000000e-01 -2.142857e-01
-8.142857e-01 -2.142857e-01
-7.285714e-01 -2.142857e-01
-6.428571e-01 -2.142857e-01
-5.571429e-01 -2.142857e-01
-4.714286e-01 -2.142857e-01
-3.857143e-01 -2.142857e-01
-3.000000e-01 -2.142857e-01
-2.142857e-01 -2.142857e-01
-1.285714e-01 -2.142857e-01
-4.285714e-02 -2.142857e-01
4.285714e-02 -2.142857e-01
1.285714e-01 -2.142857e-01
2.142857e-01 -2.142857e-01
3.000000e-01 -2.142857e-01
3.857143e-01 -2.142857e-01
4.714286e-01 -2.142857e-01
5.571429e-01 -2.142857e-01
6.428571e-01 -2.142857e-01
7.285714e-01 -2.142857e-01
8.142857e-01 -2.142857e-01
9.000000e-01 -2.142857e-01
9.857143e-01 -2.142857e-01
1.071429e+00 -2.142857e-01
1.157143e+00 -2.142857e-01
1.242857e+00 -2.142857e-01
1.328571e+00 -2.142857e-01
1.414286e+00 -2.142857e-01
1.500000e+00 -2.142857e-01
-1.500000e+00 -1.285714e-01
-1.414286e+00 -1.285714e-01
-1.328571e+00 -1.285714e-01
-1.242857e+00 -1.285714e-01
-1.157143e+00 -1.285714e-01
-1.071429e+00 -1.285714e-01
-9.857143e-01 -1.285714e-01
-9.000000e-01 -1.285714e-01
-8.142857e-01 -1.285714e-01
-7.285714e-01 -1.285714e-01
-6.428571e-01 -1.285714e-01
-5.571429e-01 -1.285714e-01
-4.714286e-01 -1.285714e-01
-3.857143e-01 -1.285714e-01
-3.000000e-01 -1.285714e-01
-2.142857e-01 -1.285714e-01
-1.285714e-01 -1.285714e-01
-4.285714e-02 -1.285714e-01
4.285714e-02 -1.285714e-01
1.285714e-01 -1.285714e-01
2.142857e-01 -1.285714e-01
3.000000e-01 -1.285714e-01
3.857143e-01 -1.285714e-01
4.714286e-01 -1.285714e-01
5.571429e-01 -1.285714e-01
6.428571e-01 -1.285714e-01
7.285714e-01 -1.285714e-01
8.142857e-01 -1.285714e-01
9.000000e-01 -1.285714e-01
9.857143e-01 -1.285714e-01
1.071429e+00 -1.285714e-01
1.157143e+00 -1.285714e-01
1.242857e+00 -1.285714e-01
1.328571e+00 -1.285714e-01
1.414286e+00 -1.285714e-01
1.500000e+00 -1.285714e-01
-1.500000e+00 -4.285714e-02
-1.414286e+00 -4.285714e-02
-1.328571e+00 -4.285714e-02
-1.242857e+00 -4.285714e-02
-1.157143e+00 -4.285714e-02
-1.071429e+00 -4.285714e-02
-9.857143e-01 -4.285714e-02
-9.000000e-01 -4.285714e-02
-8.142857e-01 -4.285714e-02
-7.285714e-01 -4.285714e-02
-6.428571e-01 -4.285714e-02
-5.571429e-01 -4.285714e-02
-4.714286e-01 -4.285714e-02
-3.857143e-01 -4.285714e-02
-3.000000e-01 -4.285714e-02
-2.142857e-01 -4.285714e-02
-1.285714e-01 -4.285714e-02
-4.285714e-02 -4.285714e-02
4.285714e-02 -4.285714e-02
1.285714e-01 -4.285714e-02
2.142857e-01 -4.285714e-02
3.000000e-01 -4.285714e-02
3.857143e-01 -4.285714e-02
4.714286e-01 -4.285714e-02
5.571429e-01 -4.285714e-02
6.428571e-01 -4.285714e-02
7.285714e-01 -4.285714e-02
8.142857e-01 -4.285714e-02
9.000000e-01 -4.285714e-02
9.857143e-01 -4.285714e-02
1.071429e+00 -4.285714e-02
1.157143e+00 -4.285714e-02
1.242857e+00 -4.285714e-02
1.328571e+00 -4.285714e-02
1.414286e+00 -4.285714e-02
1.500000e+00 -4.285714e-02
-1.500000e+00 4.285714e-02
-1.414286e+00 4.285714e-02
-1.328571e+00 4.285714e-02
-1.242857e+00 4.285714e-02
-1.157143e+00 4.285714e-02
-1.071429e+00 4.285714e-02
-9.857143e-01 4.285714e-02
-9.000000e-01 4.285714e-02
-8.142857e-01 4.285714e-02
-7.285714e-01 4.285714e-02
-6.428571e-01 4.285714e-02
-5.571429e-01 4.285714e-02
-4.714286e-01 4.285714e-02
-3.857143e-01 4.285714e-02
-3.000000e-01 4.285714e-02
-2.142857e-01 4.285714e-02
-1.285714e-01 4.285714e-02
-4.285714e-02 4.285714e-02
4.285714e-02 4.285714e-02
1.285714e-01 4.285714e-02
2.142857e-01 4.285714e-02
3.000000e-01 4.285714e-02
3.857143e-01 4.285714e-02
4.714286e-01 4.285714e-02
5.571429e-01 4.285714e-02
6.428571e-01 4.285714e-02
7.285714e-01 4.285714e-02
8.142857e-01 4.285714e-02
9.000000e-01 4.285714e-02
9.857143e-01 4.285714e-02
1.071429e+00 4.285714e-02
1.157143e+00 4.285714e-02
1.242857e+00 4.285714e-02
1.328571e+00 4.285714e-02
1.414286e+00 4.285714e-02
1.500000e+00 4.285714e-02
-1.500000e+00 1.285714e-01
-1.414286e+00 1.285714e-01
-1.328571e+00 1.285714e-01
-1.242857e+00 1.285714e-01
-1.157143e+00 1.285714e-01
-1.071429e+00 1.285714e-01
-9.857143e-01 1.285714e-01
-9.000000e-01 1.285714e-01
-8.142857e-01 1.285714e-01
-7.285714e-01 1.285714e-01
-6.428571e-01 1.285714e-01
-5.571429e-01 1.285714e-01
-4.714286e-01 1.285714e-01
-3.857143e-01 1.285714e-01
-3.000000e-01 1.285714e-01
-2.142857e-01 1.285714e-01
-1.285714e-01 1.285714e-01
-4.285714e-02 1.285714e-01
4.285714e-02 1.285714e-01
1.285714e-01 1.285714e-01
2.142857e-01 1.285714e-01
3.000000e-01 1.285714e-01
3.857143e-01 1.285714e-01
4.714286e-01 1.285714e-01
5.571429e-01 1.285714e-01
6.428571e-01 1.285714e-01
7.285714e-01 1.285714e-01
8.142857e-01 1.285714e-01
9.000000e-01 1.285714e-01
9.857143e-01 1.285714e-01
1.071429e+00 1.285714e-01
1.157143e+00 1.285714e-01
1.242857e+00 1.285714e-01
1.328571e+00 1.285714e-01
1.414286e+00 1.285714e-01
1.500000e+00 1.285714e-01
-1.500000e+00 2.142857e-01
-1.414286e+00 2.142857e-01
-1.328571e+00 2.142857e-01
-1.242857e+00 2.142857e-01
-1.157143e+00 2.142857e-01
-1.071429e+00 2.142857e-01
-9.857143e-01 2.142857e-01
-9.000000e-01 2.142857e-01
-8.142857e-01 2.142857e-01
-7.285714e-01 2.142857e-01
-6.428571e-01 2.142857e-01
-5.571429e-01 2.142857e-01
-4.714286e-01 2.142857e-01
-3.857143e-01 2.142857e-01
-3.000000e-01 2.142857e-01
-2.142857e-01 2.142857e-01
-1.285714e-01 2.142857e-01
-4.285714e-02 2.142857e-01
4.285714e-02 2.142857e-01
1.285714e-01 2.142857e-01
2.142857e-01 2.142857e-01
3.000000e-01 2.142857e-01
3.857143e-01 2.142857e-01
4.714286e-01 2.142857e-01
5.571429e-01 2.142857e-01
6.428571e-01 2.142857e-01
7.285714e-01 2.142857e-01
8.142857e-01 2.142857e-01
9.000000e-01 2.142857e-01
9.857143e-01 2.142857e-01
1.071429e+00 2.142857e-01
1.157143e+00 2.142857e-01
1.242857e+00 2.142857e-01
1.328571e+00 2.142857e-01
1.414286e+00 2.142857e-01
1.500000e+00 2.142857e-01
-1.500000e+00 3.000000e-01
-1.414286e+00 3.000000e-01
-1.328571e+00 3.000000e-01
-1.242857e+00 3.000000e-01
-1.157143e+00 3.000000e-01
-1.071429e+00 3.000000e-01
-9.857143e-01 3.000000e-01
-9.000000e-01 3.000000e-01
-8.142857e-01 3.000000e-01
-7.285714e-01 3.000000e-01
-6.428571e-01 3.000000e-01
-5.571429e-01 3.000000e-01
-4.714286e-01 3.000000e-01
-3.857143e-01 3.000000e-01
-3.000000e-01 3.000000e-01
-2.142857e-01 3.000000e-01
-1.285714e-01 3.000000e-01
-4.285714e-02 3.000000e-01
4.285714e-02 3.000000e-01
1.285714e-01 3.000000e-01
2.142857e-01 3.000000e-01
3.000000e-01 3.000000e-01
3.857143e-01 3.000000e-01
4.714286e-01 3.000000e-01
5.571429e-01 3.000000e-01
6.428571e-01 3.000000e-01
7.285714e-01 3.000000e-01
8.142857e-01 3.000000e-01
9.000000e-01 3.000000e-01
9.857143e-01 3.000000e-01
1.071429e+00 3.000000e-01
1.157143e+00 3.000000e-01
1.242857e+00 3.000000e-01
1.328571e+00 3.000000e-01
1.414286e+00 3.000000e-01
1.500000e+00 3.000000e-01
-1.500000e+00 3.857143e-01
-1.414286e+00 3.857143e-01
-1.328571e+00 3.857143e-01
-1.242857e+00 3.857143e-01
-1.157143e+00 3.857143e-01
-1.071429e+00 3.857143e-01
-9.857143e-01 3.857143e-01
-9.000000e-01 3.857143e-01
-8.142857e-01 3.857143e-01
-7.285714e-01 3.857143e-01
-6.428571e-01 3.857143e-01
-5.571429e-01 3.857143e-01
-4.714286e-01 3.857143e-01
-3.857143e-01 3.857143e-01
-3.000000e-01 3.857143e-01
-2.142857e-01 3.857143e-01
-1.285714e-01 3.857143e-01
-4.285714e-02 3.857143e-01
4.285714e-02 3.857143e-01
1.285714e-01 3.857143e-01
2.142857e-01 3.857143e-01
3.000000e-01 3.857143e-01
3.857143e-01 3.857143e-01
4.714286e-01 3.857143e-01
5.571429e-01 3.857143e-01
6.428571e-01 3.857143e-01
7.285714e-01 3.857143e-01
8.142857e-01 3.857143e-01
9.000000e-01 3.857143e-01
9.857143e-01 3.857143e-01
1.071429e+00 3.857143e-01
1.157143e+00 3.857143e-01
1.242857e+00 3.857143e-01
1.328571e+00 3.857143e-01
1.414286e+00 3.857143e-01
1.500000e+00 3.857143e-01
-1.500000e+00 4.714286e-01
-1.414286e+00 4.714286e-01
-1.328571e+00 4.714286e-01
-1.242857e+00 4.714286e-01
-1.157143e+00 4.714286e-01
-1.071429e+00 4.714286e-01
-9.857143e-01 4.714286e-01
-9.000000e-01 4.714286e-01
-8.142857e-01 4.714286e-01
-7.285714e-01 4.714286e-01
-6.428571e-01 4.714286e-01
-5.571429e-01 4.714286e-01
-4.714286e-01 4.714286e-01
-3.857143e-01 4.714286e-01
-3.000000e-01 4.714286e-01
-2.142857e-01 4.714286e-01
-1.285714e-01 4.714286e-01
-4.285714e-02 4.714286e-01
4.285714e-02 4.714286e-01
1.285714e-01 4.714286e-01
2.142857e-01 4.714286e-01
3.000000e-01 4.714286e-01
3.857143e-01 4.714286e-01
4.714286e-01 4.714286e-01
5.571429e-01 4.714286e-01
6.428571e-01 4.714286e-01
7.285714e-01 4.714286e-01
8.142857e-01 4.714286e-01
9.000000e-01 4.714286e-01
9.857143e-01 4.714286e-01
1.071429e+00 4.714286e-01
1.157143e+00 4.714286e-01
1.242857e+00 4.714286e-01
1.328571e+00 4.714286e-01
1.414286e+00 4.714286e-01
1.500000e+00 4.714286e-01
-1.500000e+00 5.571429e-01
-1.414286e+00 5.571429e-01
-1.328571e+00 5.571429e-01
-1.242857e+00 5.571429e-01
-1.157143e+00 5.571429e-01
-1.071429e+00 5.571429e-01
-9.857143e-01 5.571429e-01
-9.000000e-01 5.571429e-01
-8.142857e-01 5.571429e-01
-7.285714e-01 5.571429e-01
-6.428571e-01 5.571429e-01
-5.571429e-01 5.571429e-01
-4.714286e-01 5.571429e-01
-3.857143e-01 5.571429e-01
-3.000000e-01 5.571429e-01
-2.142857e-01 5.571429e-01
-1.285714e-01 5.571429e-01
-4.285714e-02 5.571429e-01
4.285714e-02 5.571429e-01
1.285714e-01 5.571429e-01
2.142857e-01 5.571429e-01
3.000000e-01 5.571429e-01
3.857143e-01 5.571429e-01
4.714286e-01 5.571429e-01
5.571429e-01 5.571429e-01
6.428571e-01 5.571429e-01
7.285714e-01 5.571429e-01
8.142857e-01 5.571429e-01
9.000000e-01 5.571429e-01
9.857143e-01 5.571429e-01
1.071429e+00 5.571429e-01
1.157143e+00 5.571429e-01
1.242857e+00 5.571429e-01
1.328571e+00 5.571429e-01
1.414286e+00 5.571429e-01
1.500000e+00 5.571429e-01
-1.500000e+00 6.428571e-01
-1.414286e+00 6.428571e-01
-1.328571e+00 6.428571e-01
-1.242857e+00 6.428571e-01
-1.157143e+00 6.428571e-01
-1.071429e+00 6.428571e-01
-9.857143e-01 6.428571e-01
-9.000000e-01 6.428571e-01
-8.142857e-01 6.428571e-01
-7.285714e-01 6.428571e-01
-6.428571e-01 6.428571e-01
-5.571429e-01 6.428571e-01
-4.714286e-01 6.428571e-01
-3.857143e-01 6.428571e-01
-3.000000e-01 6.428571e-01
-2.142857e-01 6.428571e-01
-1.285714e-01 6.428571e-01
-4.285714e-02 6.428571e-01
4.285714e-02 6.428571e-01
1.285714e-01 6.428571e-01
2.142857e-01 6.428571e-01
3.000000e-01 6.428571e-01
3.857143e-01 6.428571e-01
4.714286e-01 6.428571e-01
5.571429e-01 6.428571e-01
6.428571e-01 6.428571e-01
7.285714e-01 6.428571e-01
8.142857e-01 6.428571e-01
9.000000e-01 6.428571e-01
9.857143e-01 6.428571e-01
1.071429e+00 6.428571e-01
1.157143e+00 6.428571e-01
1.242857e+00 6.428571e-01
1.328571e+00 6.428571e-01
1.414286e+00 6.428571e-01
1.500000e+00 6.428571e-01
-1.500000e+00 7.285714e-01
-1.414286e+00 7.285714e-01
-1.328571e+00 7.285714e-01
-1.242857e+00 7.285714e-01
-1.157143e+00 7.285714e-01
-1.071429e+00 7.285714e-01
-9.857143e-01 7.285714e-01
-9.000000e-01 7.285714e-01
-8.142857e-01 7.285714e-01
-7.285714e-01 7.285714e-01
-6.428571e-01 7.285714e-01
-5.571429e-01 7.285714e-01
-4.714286e-01 7.285714e-01
-3.857143e-01 7.285714e-01
-3.000000e-01 7.285714e-01
-2.142857e-01 7.285714e-01
-1.285714e-01 7.285714e-01
-4.285714e-02 7.285714e-01
4.285714e-02 7.285714e-01
1.285714e-01 7.285714e-01
2.142857e-01 7.285714e-01
3.000000e-01 7.285714e-01
3.857143e-01 7.285714e-01
4.714286e-01 7.285714e-01
5.571429e-01 7.285714e-01
6.428571e-01 7.285714e-01
7.285714e-01 7.285714e-01
8.142857e-01 7.285714e-01
9.000000e-01 7.285714e-01
9.857143e-01 7.285714e-01
1.071429e+00 7.285714e-01
1.157143e+00 7.285714e-01
1.242857e+00 7.285714e-01
1.328571e+00 7.285714e-01
1.414286e+00 7.285714e-01
1.500000e+00 7.285714e-01
-1.500000e+00 8.142857e-01
-1.414286e+00 8.142857e-01
-1.328571e+00 8.142857e-01
-1.242857e+00 8.142857e-01
-1.157143e+00 8.142857e-01
-1.071429e+00 8.142857e-01
-9.857143e-01 8.142857e-01
-9.000000e-01 8.142857e-01
-8.142857e-01 8.142857e-01
-7.285714e-01 8.142857e-01
-6.428571e-01 8.142857e-01
-5.571429e-01 8.142857e-01
-4.714286e-01 8.142857e-01
-3.857143e-01 8.142857e-01
-3.000000e-01 8.142857e-01
-2.142857e-01 8.142857e-01
-1.285714e-01 8.142857e-01
-4.285714e-02 8.142857e-01
4.285714e-02 8.142857e-01
1.285714e-01 8.142857e-01
2.142857e-01 8.142857e-01
3.000000e-01 8.142857e-01
3.857143e-01 8.142857e-01
4.714286e-01 8.142857e-01
5.571429e-01 8.142857e-01
6.428571e-01 8.142857e-01
7.285714e-01 8.142857e-01
8.142857e-01 8.142857e-01
9.000000e-01 8.142857e-01
9.857143e-01 8.142857e-01
1.071429e+00 8.142857e-01
1.157143e+00 8.142857e-01
1.242857e+00 8.142857e-01
1.328571e+00 8.142857e-01
1.414286e+00 8.142857e-01
1.500000e+00 8.142857e-01
-1.500000e+00 9.000000e-01
-1.414286e+00 9.000000e-01
-1.328571e+00 9.000000e-01
-1.242857e+00 9.000000e-01
-1.157143e+00 9.000000e-01
-1.071429e+00 9.000000e-01
-9.857143e-01 9.000000e-01
-9.000000e-01 9.000000e-01
-8.142857e-01 9.000000e-01
-7.285714e-01 9.000000e-01
-6.428571e-01 9.000000e-01
-5.571429e-01 9.000000e-01
-4.714286e-01 9.000000e-01
-3.857143e-01 9.000000e-01
-3.000000e-01 9.000000e-01
-2.142857e-01 9.000000e-01
-1.285714e-01 9.000000e-01
-4.285714e-02 9.000000e-01
4.285714e-02 9.000000e-01
1.285714e-01 9.000000e-01
2.142857e-01 9.000000e-01
3.000000e-01 9.000000e-01
3.857143e-01 9.000000e-01
4.714286e-01 9.000000e-01
5.571429e-01 9.000000e-01
6.428571e-01 9.000000e-01
7.285714e-01 9.000000e-01
8.142857e-01 9.000000e-01
9.000000e-01 9.000000e-01
9.857143e-01 9.000000e-01
1.071429e+00 9.000000e-01
1.157143e+00 9.000000e-01
1.242857e+00 9.000000e-01
1.328571e+00 9.000000e-01
1.414286e+00 9.000000e-01
1.500000e+00 9.000000e-01
-1.500000e+00 9.857143e-01
-1.414286e+00 9.857143e-01
-1.328571e+00 9.857143e-01
-1.242857e+00 9.857143e-01
-1.157143e+00 9.857143e-01
-1.071429e+00 9.857143e-01
-9.857143e-01 9.857143e-01
-9.000000e-01 9.857143e-01
-8.142857e-01 9.857143e-01
-7.285714e-01 9.857143e-01
-6.428571e-01 9.857143e-01
-5.571429e-01 9.857143e-01
-4.714286e-01 9.857143e-01
-3.857143e-01 9.857143e-01
-3.000000e-01 9.857143e-01
-2.142857e-01 9.857143e-01
-1.285714e-01 9.857143e-01
-4.285714e-02 9.857143e-01
4.285714e-02 9.857143e-01
1.285714e-01 9.857143e-01
2.142857e-01 9.857143e-01
3.000000e-01 9.857143e-01
3.857143e-01 9.857143e-01
4.714286e-01 9.857143e-01
5.571429e-01 9.857143e-01
6.428571e-01 9.857143e-01
7.285714e-01 9.857143e-01
8.142857e-01 9.857143e-01
9.000000e-01 9.857143e-01
9.857143e-01 9.857143e-01
1.071429e+00 9.857143e-01
1.157143e+00 9.857143e-01
1.242857e+00 9.857143e-01
1.328571e+00 9.857143e-01
1.414286e+00 9.857143e-01
1.500000e+00 9.857143e-01
-1.500000e+00 1.071429e+00
-1.414286e+00 1.071429e+00
-1.328571e+00 1.071429e+00
-1.242857e+00 1.071429e+00
-1.157143e+00 1.071429e+00
-1.071429e+00 1.071429e+00
-9.857143e-01 1.071429e+00
-9.000000e-01 1.071429e+00
-8.142857e-01 1.071429e+00
-7.285714e-01 1.071429e+00
-6.428571e-01 1.071429e+00
-5.571429e-01 1.071429e+00
-4.714286e-01 1.071429e+00
-3.857143e-01 1.071429e+00
-3.000000e-01 1.071429e+00
-2.142857e-01 1.071429e+00
-1.285714e-01 1.071429e+00
-4.285714e-02 1.071429e+00
4.285714e-02 1.071429e+00
1.285714e-01 1.071429e+00
2.142857e-01 1.071429e+00
3.000000e-01 1.071429e+00
3.857143e-01 1.071429e+00
4.714286e-01 1.071429e+00
5.571429e-01 1.071429e+00
6.428571e-01 1.071429e+00
7.285714e-01 1.071429e+00
8.142857e-01 1.071429e+00
9.000000e-01 1.071429e+00
9.857143e-01 1.071429e+00
1.071429e+00 1.071429e+00
1.157143e+00 1.071429e+00
1.242857e+00 1.071429e+00
1.328571e+00 1.071429e+00
1.414286e+00 1.071429e+00
1.500000e+00 1.071429e+00
-1.500000e+00 1.157143e+00
-1.414286e+00 1.157143e+00
-1.328571e+00 1.157143e+00
-1.242857e+00 1.157143e+00
-1.157143e+00 1.157143e+00
-1.071429e+00 1.157143e+00
-9.857143e-01 1.157143e+00
-9.000000e-01 1.157143e+00
-8.142857e-01 1.157143e+00
-7.285714e-01 1.157143e+00
-6.428571e-01 1.157143e+00
-5.571429e-01 1.157143e+00
-4.714286e-01 1.157143e+00
-3.857143e-01 1.157143e+00
-3.000000e-01 1.157143e+00
-2.142857e-01 1.157143e+00
-1.285714e-01 1.157143e+00
-4.285714e-02 1.157143e+00
4.285714e-02 1.157143e+00
1.285714e-01 1.157143e+00
2.142857e-01 1.157143e+00
3.000000e-01 1.157143e+00
3.857143e-01 1.157143e+00
4.714286e-01 1.157143e+00
5.571429e-01 1.157143e+00
6.428571e-01 1.157143e+00
7.285714e-01 1.157143e+00
8.142857e-01 1.157143e+00
9.000000e-01 1.157143e+00
9.857143e-01 1.157143e+00
1.071429e+00 1.157143e+00
1.157143e+00 1.157143e+00
1.242857e+00 1.157143e+00
1.328571e+00 1.157143e+00
1.414286e+00 1.157143e+00
1.500000e+00 1.157143e+00
-1.500000e+00 1.242857e+00
-1.414286e+00 1.242857e+00
-1.328571e+00 1.242857e+00
-1.242857e+00 1.242857e+00
-1.157143e+00 1.242857e+00
-1.071429e+00 1.242857e+00
-9.857143e-01 1.242857e+00
-9.000000e-01 1.242857e+00
-8.142857e-01 1.242857e+00
-7.285714e-01 1.242857e+00
-6.428571e-01 1.242857e+00
-5.571429e-01 1.242857e+00
-4.714286e-01 1.242857e+00
-3.857143e-01 1.242857e+00
-3.000000e-01 1.242857e+00
-2.142857e-01 1.242857e+00
-1.285714e-01 1.242857e+00
-4.285714e-02 1.242857e+00
4.285714e-02 1.242857e+00
1.285714e-01 1.242857e+00
2.142857e-01 1.242857e+00
3.000000e-01 1.242857e+00
3.857143e-01 1.242857e+00
4.714286e-01 1.242857e+00
5.571429e-01 1.242857e+00
6.428571e-01 1.242857e+00
7.285714e-01 1.242857e+00
8.142857e-01 1.242857e+00
9.000000e-01 1.242857e+00
9.857143e-01 1.242857e+00
1.071429e+00 1.242857e+00
1.157143e+00 1.242857e+00
1.242857e+00 1.242857e+00
1.328571e+00 1.242857e+00
1.414286e+00 1.242857e+00
1.500000e+00 1.242857e+00
-1.500000e+00 1.328571e+00
-1.414286e+00 1.328571e+00
-1.328571e+00 1.328571e+00
-1.242857e+00 1.328571e+00
-1.157143e+00 1.328571e+00
-1.071429e+00 1.328571e+00
-9.857143e-01 1.328571e+00
-9.000000e-01 1.328571e+00
-8.142857e-01 1.328571e+00
-7.285714e-01 1.328571e+00
-6.428571e-01 1.328571e+00
-5.571429e-01 1.328571e+00
-4.714286e-01 1.328571e+00
-3.857143e-01 1.328571e+00
-3.000000e-01 1.328571e+00
-2.142857e-01 1.328571e+00
-1.285714e-01 1.328571e+00
-4.285714e-02 1.328571e+00
4.285714e-02 1.328571e+00
1.285714e-01 1.328571e+00
2.142857e-01 1.328571e+00
3.000000e-01 1.328571e+00
3.857143e-01 1.328571e+00
4.714286e-01 1.328571e+00
5.571429e-01 1.328571e+00
6.428571e-01 1.328571e+00
7.285714e-01 1.328571e+00
8.142857e-01 1.328571e+00
9.000000e-01 1.328571e+00
9.857143e-01 1.328571e+00
1.071429e+00 1.328571e+00
1.157143e+00 1.328571e+00
1.242857e+00 1.328571e+00
1.328571e+00 1.328571e+00
1.414286e+00 1.328571e+00
1.500000e+00 1.328571e+00
-1.500000e+00 1.414286e+00
-1.414286e+00 1.414286e+00
-1.328571e+00 1.414286e+00
-1.242857e+00 1.414286e+00
-1.157143e+00 1.414286e+00
-1.071429e+00 1.414286e+00
-9.857143e-01 1.414286e+00
-9.000000e-01 1.414286e+00
-8.142857e-01 1.414286e+00
-7.285714e-01 1.414286e+00
-6.428571e-01 1.414286e+00
-5.571429e-01 1.414286e+00
-4.714286e-01 1.414286e+00
-3.857143e-01 1.414286e+00
-3.000000e-01 1.414286e+00
-2.142857e-01 1.414286e+00
-1.285714e-01 1.414286e+00
-4.285714e-02 1.414286e+00
4.285714e-02 1.414286e+00
1.285714e-01 1.414286e+00
2.142857e-01 1.414286e+00
3.000000e-01 1.414286e+00
3.857143e-01 1.414286e+00
4.714286e-01 1.414286e+00
5.571429e-01 1.414286e+00
6.428571e-01 1.414286e+00
7.285714e-01 1.414286e+00
8.142857e-01 1.414286e+00
9.000000e-01 1.414286e+00
9.857143e-01 1.414286e+00
1.071429e+00 1.414286e+00
1.157143e+00 1.414286e+00
1.242857e+00 1.414286e+00
1.328571e+00 1.414286e+00
1.414286e+00 1.414286e+00
1.500000e+00 1.414286e+00
-1.500000e+00 1.500000e+00
-1.414286e+00 1.500000e+00
-1.328571e+00 1.500000e+00
-1.242857e+00 1.500000e+00
-1.157143e+00 1.500000e+00
-1.071429e+00 1.500000e+00
-9.857143e-01 1.500000e+00
-9.000000e-01 1.500000e+00
-8.142857e-01 1.500000e+00
-7.285714e-01 1.500000e+00
-6.428571e-01 1.500000e+00
-5.571429e-01 1.500000e+00
-4.714286e-01 1.500000e+00
-3.857143e-01 1.500000e+00
-3.000000e-01 1.500000e+00
-2.142857e-01 1.500000e+00
-1.285714e-01 1.500000e+00
-4.285714e-02 1.500000e+00
4.285714e-02 1.500000e+00
1.285714e-01 1.500000e+00
2.142857e-01 1.500000e+00
3.000000e-01 1.500000e+00
3.857143e-01 1.500000e+00
4.714286e-01 1.500000e+00
5.571429e-01 1.500000e+00
6.428571e-01 1.500000e+00
7.285714e-01 1.500000e+00
8.142857e-01 1.500000e+00
9.000000e-01 1.500000e+00
9.857143e-01 1.500000e+00
1.071429e+00 1.500000e+00
1.157143e+00 1.500000e+00
1.242857e+00 1.500000e+00
1.328571e+00 1.500000e+00
1.414286e+00 1.500000e+00
1.500000e+00 1.500000e+00
-3.428571e-01 -1.114286e+00
-3.428571e-01 -1.071429e+00
-2.571429e-01 -1.114286e+00
-2.571429e-01 -1.071429e+00
-1.714286e-01 -1.114286e+00
-1.714286e-01 -1.071429e+00
-8.571429e-02 -1.114286e+00
-8.571429e-02 -1.071429e+00
0.000000e+00 -1.114286e+00
0.000000e+00 -1.071429e+00
8.571429e-02 -1.114286e+00
8.571429e-02 -1.071429e+00
1.714286e-01 -1.114286e+00
1.714286e-01 -1.071429e+00
2.571429e-01 -1.114286e+00
2.571429e-01 -1.071429e+00
-5.142857e-01 -1.028571e+00
-5.142857e-01 -9.857143e-01
-3.857143e-01 -1.028571e+00
-4.285714e-01 -1.028571e+00
-4.285714e-01 -9.857143e-01
-3.000000e-01 -1.028571e+00
-3.428571e-01 -1.028571e+00
-3.428571e-01 -9.857143e-01
-2.142857e-01 -1.028571e+00
-2.571429e-01 -1.028571e+00
-2.571429e-01 -9.857143e-01
-1.285714e-01 -1.028571e+00
-1.714286e-01 -1.028571e+00
-1.714286e-01 -9.857143e-01
-4.285714e-02 -1.028571e+00
-8.571429e-02 -1.028571e+00
-8.571429e-02 -9.857143e-01
4.285714e-02 -1.028571e+00
0.000000e+00 -1.028571e+00
0.000000e+00 -9.857143e-01
1.285714e-01 -1.028571e+00
8.571429e-02 -1.028571e+00
8.571429e-02 -9.857143e-01
2.142857e-01 -1.028571e+00
1.714286e-01 -1.028571e+00
1.714286e-01 -9.857143e-01
3.000000e-01 -1.028571e+00
2.571429e-01 -1.028571e+00
2.571429e-01 -9.857143e-01
3.428571e-01 -1.028571e+00
3.428571e-01 -9.857143e-01
4.285714e-01 -1.028571e+00
4.285714e-01 -9.857143e-01
-5.571429e-01 -9.428571e-01
-6.000000e-01 -9.428571e-01
-6.000000e-01 -9.000000e-01
-4.714286e-01 -9.428571e-01
-5.142857e-01 -9.428571e-01
-5.142857e-01 -9.000000e-01
-3.857143e-01 -9.428571e-01
-4.285714e-01 -9.428571e-01
-4.285714e-01 -9.000000e-01
-3.000000e-01 -9.428571e-01
-3.428571e-01 -9.428571e-01
-3.428571e-01 -9.000000e-01
-2.571429e-01 -9.428571e-01
-1.714286e-01 -9.428571e-01
-8.571429e-02 -9.428571e-01
0.000000e+00 -9.428571e-01
8.571429e-02 -9.428571e-01
1.714286e-01 -9.428571e-01
2.571429e-01 -9.428571e-01
3.857143e-01 -9.428571e-01
3.428571e-01 -9.428571e-01
4.714286e-01 -9.428571e-01
4.285714e-01 -9.428571e-01
4.285714e-01 -9.000000e-01
5.142857e-01 -9.428571e-01
5.142857e-01 -9.000000e-01
-6.428571e-01 -8.571429e-01
-6.857143e-01 -8.571429e-01
-6.857143e-01 -8.142857e-01
-5.571429e-01 -8.571429e-01
-6.000000e-01 -8.571429e-01
-6.000000e-01 -8.142857e-01
-4.714286e-01 -8.571429e-01
-5.142857e-01 -8.571429e-01
-5.142857e-01 -8.142857e-01
-4.285714e-01 -8.571429e-01
-3.428571e-01 -8.571429e-01
4.285714e-01 -8.571429e-01
5.571429e-01 -8.571429e-01
5.142857e-01 -8.571429e-01
6.000000e-01 -8.571429e-01
6.000000e-01 -8.142857e-01
-7.285714e-01 -7.714286e-01
-7.714286e-01 -7.714286e-01
-7.714286e-01 -7.285714e-01
-6.428571e-01 -7.714286e-01
-6.857143e-01 -7.714286e-01
-6.857143e-01 -7.285714e-01
-5.571429e-01 -7.714286e-01
-6.000000e-01 -7.714286e-01
-6.000000e-01 -7.285714e-01
-5.142857e-01 -7.714286e-01
6.428571e-01 -7.714286e-01
6.000000e-01 -7.714286e-01
6.857143e-01 -7.714286e-01
6.857143e-01 -7.285714e-01
-8.142857e-01 -6.857143e-01
-8.571429e-01 -6.857143e-01
-8.571429e-01 -6.428571e-01
-7.285714e-01 -6.857143e-01
-7.714286e-01 -6.857143e-01
-7.714286e-01 -6.428571e-01
-6.428571e-01 -6.857143e-01
-6.857143e-01 -6.857143e-01
-6.857143e-01 -6.428571e-01
-6.000000e-01 -6.857143e-01
7.285714e-01 -6.857143e-01
6.857143e-01 -6.857143e-01
7.714286e-01 -6.857143e-01
7.714286e-01 -6.428571e-01
-9.000000e-01 -6.000000e-01
-9.428571e-01 -6.000000e-01
-9.428571e-01 -5.571429e-01
-8.142857e-01 -6.000000e-01
-8.571429e-01 -6.000000e-01
-8.571429e-01 -5.571429e-01
-7.285714e-01 -6.000000e-01
-7.714286e-01 -6.000000e-01
-7.714286e-01 -5.571429e-01
-6.857143e-01 -6.000000e-01
8.142857e-01 -6.000000e-01
7.714286e-01 -6.000000e-01
8.571429e-01 -6.000000e-01
8.571429e-01 -5.571429e-01
-9.857143e-01 -5.142857e-01
-1.028571e+00 -5.142857e-01
-9.000000e-01 -5.142857e-01
-9.428571e-01 -5.142857e-01
-9.428571e-01 -4.714286e-01
-8.142857e-01 -5.142857e-01
-8.571429e-01 -5.142857e-01
-8.571429e-01 -4.714286e-01
-7.714286e-01 -5.142857e-01
9.000000e-01 -5.142857e-01
8.571429e-01 -5.142857e-01
9.428571e-01 -5.142857e-01
9.428571e-01 -4.714286e-01
-9.857143e-01 -4.285714e-01
-1.028571e+00 -4.285714e-01
-1.028571e+00 -3.857143e-01
-9.000000e-01 -4.285714e-01
-9.428571e-01 -4.285714e-01
-9.428571e-01 -3.857143e-01
-8.571429e-01 -4.285714e-01
9.000000e-01 -4.285714e-01
8.571429e-01 -4.285714e-01
9.857143e-01 -4.285714e-01
9.428571e-01 -4.285714e-01
9.428571e-01 -3.857143e-01
1.028571e+00 -4.285714e-01
-1.071429e+00 -3.428571e-01
-1.114286e+00 -3.428571e-01
-9.857143e-01 -3.428571e-01
-1.028571e+00 -3.428571e-01
-1.028571e+00 -3.000000e-01
-9.000000e-01 -3.428571e-01
-9.428571e-01 -3.428571e-01
-9.428571e-01 -3.000000e-01
-8.571429e-01 -3.428571e-01
9.857143e-01 -3.428571e-01
9.428571e-01 -3.428571e-01
1.028571e+00 -3.428571e-01
1.028571e+00 -3.000000e-01
-1.071429e+00 -2.571429e-01
-1.114286e+00 -2.571429e-01
-9.857143e-01 -2.571429e-01
-1.028571e+00 -2.571429e-01
-1.028571e+00 -2.142857e-01
-9.428571e-01 -2.571429e-01
9.857143e-01 -2.571429e-01
9.428571e-01 -2.571429e-01
1.071429e+00 -2.571429e-01
1.028571e+00 -2.571429e-01
1.028571e+00 -2.142857e-01
1.114286e+00 -2.571429e-01
-1.071429e+00 -1.714286e-01
-1.114286e+00 -1.714286e-01
-9.857143e-01 -1.714286e-01
-1.028571e+00 -1.714286e-01
-1.028571e+00 -1.285714e-01
-9.428571e-01 -1.714286e-01
9.857143e-01 -1.714286e-01
9.428571e-01 -1.714286e-01
1.071429e+00 -1.714286e-01
1.028571e+00 -1.714286e-01
1.028571e+00 -1.285714e-01
1.114286e+00 -1.714286e-01
-1.071429e+00 -8.571429e-02
-1.114286e+00 -8.571429e-02
-9.857143e-01 -8.571429e-02
-1.028571e+00 -8.571429e-02
-1.028571e+00 -4.285714e-02
-9.428571e-01 -8.571429e-02
9.857143e-01 -8.571429e-02
9.428571e-01 -8.571429e-02
1.071429e+00 -8.571429e-02
1.028571e+00 -8.571429e-02
1.028571e+00 -4.285714e-02
1.114286e+00 -8.571429e-02
-1.071429e+00 0.000000e+00
-1.114286e+00 0.000000e+00
-9.857143e-01 0.000000e+00
-1.028571e+00 0.000000e+00
-1.028571e+00 4.285714e-02
-9.428571e-01 0.000000e+00
9.857143e-01 0.000000e+00
9.428571e-01 0.000000e+00
1.071429e+00 0.000000e+00
1.028571e+00 0.000000e+00
1.028571e+00 4.285714e-02
1.114286e+00 0.000000e+00
-1.071429e+00 8.571429e-02
-1.114286e+00 8.571429e-02
-9.857143e-01 8.571429e-02
-1.028571e+00 8.571429e-02
-1.028571e+00 1.285714e-01
-9.428571e-01 8.571429e-02
9.857143e-01 8.571429e-02
9.428571e-01 8.571429e-02
1.071429e+00 8.571429e-02
1.028571e+00 8.571429e-02
1.028571e+00 1.285714e-01
1.114286e+00 8.571429e-02
-1.071429e+00 1.714286e-01
-1.114286e+00 1.714286e-01
-9.857143e-01 1.714286e-01
-1.028571e+00 1.714286e-01
-1.028571e+00 2.142857e-01
-9.428571e-01 1.714286e-01
9.857143e-01 1.714286e-01
9.428571e-01 1.714286e-01
1.071429e+00 1.714286e-01
1.028571e+00 1.714286e-01
1.028571e+00 2.142857e-01
1.114286e+00 1.714286e-01
-1.071429e+00 2.571429e-01
-1.114286e+00 2.571429e-01
-9.857143e-01 2.571429e-01
-1.028571e+00 2.571429e-01
-1.028571e+00 3.000000e-01
-9.428571e-01 2.571429e-01
9.857143e-01 2.571429e-01
9.428571e-01 2.571429e-01
9.428571e-01 3.000000e-01
1.071429e+00 2.571429e-01
1.028571e+00 2.571429e-01
1.028571e+00 3.000000e-01
1.114286e+00 2.571429e-01
-9.857143e-01 3.428571e-01
-1.028571e+00 3.428571e-01
-9.428571e-01 3.428571e-01
-9.428571e-01 3.857143e-01
9.000000e-01 3.428571e-01
8.571429e-01 3.428571e-01
9.857143e-01 3.428571e-01
9.428571e-01 3.428571e-01
9.428571e-01 3.857143e-01
1.071429e+00 3.428571e-01
1.028571e+00 3.428571e-01
1.028571e+00 3.857143e-01
1.114286e+00 3.428571e-01
-9.857143e-01 4.285714e-01
-1.028571e+00 4.285714e-01
-9.000000e-01 4.285714e-01
-9.428571e-01 4.285714e-01
-9.428571e-01 4.714286e-01
-8.571429e-01 4.285714e-01
9.000000e-01 4.285714e-01
8.571429e-01 4.285714e-01
8.571429e-01 4.714286e-01
9.857143e-01 4.285714e-01
9.428571e-01 4.285714e-01
9.428571e-01 4.714286e-01
1.028571e+00 4.285714e-01
-9.000000e-01 5.142857e-01
-9.428571e-01 5.142857e-01
-8.571429e-01 5.142857e-01
-8.571429e-01 5.571429e-01
8.142857e-01 5.142857e-01
7.714286e-01 5.142857e-01
7.714286e-01 5.571429e-01
9.000000e-01 5.142857e-01
8.571429e-01 5.142857e-01
8.571429e-01 5.571429e-01
9.857143e-01 5.142857e-01
9.428571e-01 5.142857e-01
9.428571e-01 5.571429e-01
1.028571e+00 5.142857e-01
-8.142857e-01 6.000000e-01
-8.571429e-01 6.000000e-01
-7.714286e-01 6.000000e-01
-7.714286e-01 6.428571e-01
7.285714e-01 6.000000e-01
6.857143e-01 6.000000e-01
6.857143e-01 6.428571e-01
8.142857e-01 6.000000e-01
7.714286e-01 6.000000e-01
7.714286e-01 6.428571e-01
9.000000e-01 6.000000e-01
8.571429e-01 6.000000e-01
8.571429e-01 6.428571e-01
9.428571e-01 6.000000e-01
-7.285714e-01 6.857143e-01
-7.714286e-01 6.857143e-01
-6.857143e-01 6.857143e-01
-6.857143e-01 7.285714e-01
6.428571e-01 6.857143e-01
6.000000e-01 6.857143e-01
6.000000e-01 7.285714e-01
7.285714e-01 6.857143e-01
6.857143e-01 6.857143e-01
6.857143e-01 7.285714e-01
8.142857e-01 6.857143e-01
7.714286e-01 6.857143e-01
7.714286e-01 7.285714e-01
8.571429e-01 6.857143e-01
-6.428571e-01 7.714286e-01
-6.857143e-01 7.714286e-01
-6.000000e-01 7.714286e-01
-6.000000e-01 8.142857e-01
5.571429e-01 7.714286e-01
5.142857e-01 7.714286e-01
5.142857e-01 8.142857e-01
6.428571e-01 7.714286e-01
6.000000e-01 7.714286e-01
6.000000e-01 8.142857e-01
7.285714e-01 7.714286e-01
6.857143e-01 7.714286e-01
6.857143e-01 8.142857e-01
7.714286e-01 7.714286e-01
-5.571429e-01 8.571429e-01
-6.000000e-01 8.571429e-01
-5.142857e-01 8.571429e-01
-5.142857e-01 9.000000e-01
-4.285714e-01 8.571429e-01
-4.285714e-01 9.000000e-01
3.428571e-01 8.571429e-01
3.428571e-01 9.000000e-01
4.714286e-01 8.571429e-01
4.285714e-01 8.571429e-01
4.285714e-01 9.000000e-01
5.571429e-01 8.571429e-01
5.142857e-01 8.571429e-01
5.142857e-01 9.000000e-01
6.428571e-01 8.571429e-01
6.000000e-01 8.571429e-01
6.000000e-01 9.000000e-01
6.857143e-01 8.571429e-01
-4.714286e-01 9.428571e-01
-5.142857e-01 9.428571e-01
-3.857143e-01 9.428571e-01
-4.285714e-01 9.428571e-01
-4.285714e-01 9.857143e-01
-3.428571e-01 9.428571e-01
-3.428571e-01 9.857143e-01
-2.571429e-01 9.428571e-01
-2.571429e-01 9.857143e-01
-1.714286e-01 9.428571e-01
-1.714286e-01 9.857143e-01
-8.571429e-02 9.428571e-01
-8.571429e-02 9.857143e-01
0.000000e+00 9.428571e-01
0.000000e+00 9.857143e-01
8.571429e-02 9.428571e-01
8.571429e-02 9.857143e-01
1.714286e-01 9.428571e-01
1.714286e-01 9.857143e-01
3.000000e-01 9.428571e-01
2.571429e-01 9.428571e-01
2.571429e-01 9.857143e-01
3.857143e-01 9.428571e-01
3.428571e-01 9.428571e-01
3.428571e-01 9.857143e-01
4.714286e-01 9.428571e-01
4.285714e-01 9.428571e-01
4.285714e-01 9.857143e-01
5.571429e-01 9.428571e-01
5.142857e-01 9.428571e-01
5.142857e-01 9.857143e-01
6.000000e-01 9.428571e-01
-4.285714e-01 1.028571e+00
-3.000000e-01 1.028571e+00
-3.428571e-01 1.028571e+00
-2.142857e-01 1.028571e+00
-2.571429e-01 1.028571e+00
-2.571429e-01 1.071429e+00
-1.285714e-01 1.028571e+00
-1.714286e-01 1.028571e+00
-1.714286e-01 1.071429e+00
-4.285714e-02 1.028571e+00
-8.571429e-02 1.028571e+00
-8.571429e-02 1.071429e+00
4.285714e-02 1.028571e+00
0.000000e+00 1.028571e+00
0.000000e+00 1.071429e+00
1.285714e-01 1.028571e+00
8.571429e-02 1.028571e+00
8.571429e-02 1.071429e+00
2.142857e-01 1.028571e+00
1.714286e-01 1.028571e+00
1.714286e-01 1.071429e+00
3.000000e-01 1.028571e+00
2.571429e-01 1.028571e+00
2.571429e-01 1.071429e+00
3.857143e-01 1.028571e+00
3.428571e-01 1.028571e+00
3.428571e-01 1.071429e+00
4.285714e-01 1.028571e+00
5.142857e-01 1.028571e+00
-2.571429e-01 1.114286e+00
-1.714286e-01 1.114286e+00
-8.571429e-02 1.114286e+00
0.000000e+00 1.114286e+00
8.571429e-02 1.114286e+00
1.714286e-01 1.114286e+00
2.571429e-01 1.114286e+00
3.428571e-01 1.114286e+00
simplices
0 1 37
0 36 37
1 2 38
1 37 38
2 3 39
2 38 39
3 4 40
3 39 40
4 5 41
4 40 41
5 6 42
5 41 42
6 7 43
6 42 43
7 8 44
7 43 44
8 9 45
8 44 45
9 10 46
9 45 46
10 11 47
10 46 47
11 12 48
11 47 48
12 13 49
12 48 49
13 14 50
13 49 50
14 15 51
14 50 51
15 16 52
15 51 52
16 17 53
16 52 53
17 18 54
17 53 54
18 19 55
18 54 55
19 20 56
19 55 56
20 21 57
20 56 57
21 22 58
21 57 58
22 23 59
22 58 59
23 24 60
23 59 60
24 25 61
24 60 61
25 26 62
25 61 62
26 27 63
26 62 63
27 28 64
27 63 64
28 29 65
28 64 65
29 30 66
29 65 66
30 31 67
30 66 67
31 32 68
31 67 68
32 33 69
32 68 69
33 34 70
33 69 70
34 35 71
34 70 71
36 37 73
36 72 73
37 38 74
37 73 74
38 39 75
38 74 75
39 40 76
39 75 76
40 41 77
40 76 77
41 42 78
41 77 78
42 43 79
42 78 79
43 44 80
43 79 80
44 45 81
44 80 81
45 46 82
45 81 82
46 47 83
46 82 83
47 48 84
47 83 84
48 49 85
48 84 85
49 50 86
49 85 86
50 51 87
50 86 87
51 52 88
51 87 88
52 53 89
52 88 89
53 54 90
53 89 90
54 55 91
54 90 91
55 56 92
55 91 92
56 57 93
56 92 93
57 58 94
57 93 94
58 59 95
58 94 95
59 60 96
59 95 96
60 61 97
60 96 97
61 62 98
61 97 98
62 63 99
62 98 99
63 64 100
63 99 100
64 65 101
64 100 101
65 66 102
65 101 102
66 67 103
66 102 103
67 68 104
67 103 104
68 69 105
68 104 105
69 70 106
69 105 106
70 71 107
70 106 107
72 73 109
72 108 109
73 74 110
73 109 110
74 75 111
74 110 111
75 76 112
75 111 112
76 77 113
76 112 113
77 78 114
77 113 114
78 79 115
78 114 115
79 80 116
79 115 116
80 81 117
80 116 117
81 82 118
81 117 118
82 83 119
82 118 119
83 84 120
83 119 120
84 85 121
84 120 121
85 86 122
85 121 122
86 87 123
86 122 123
87 88 124
87 123 124
88 89 125
88 124 125
89 90 126
89 125 126
90 91 127
90 126 127
91 92 128
91 127 128
92 93 129
92 128 129
93 94 130
93 129 130
94 95 131
94 130 131
95 96 132
95 131 132
96 97 133
96 132 133
97 98 134
97 133 134
98 99 135
98 134 135
99 100 136
99 135 136
100 101 137
100 136 137
101 102 138
101 137 138
102 103 139
102 138 139
103 104 140
103 139 140
104 105 141
104 140 141
105 106 142
105 141 142
106 107 143
106 142 143
108 109 145
108 144 145
109 110 146
109 145 146
110 111 147
110 146 147
111 112 148
111 147 148
112 113 149
112 148 149
113 114 150
113 149 150
114 115 151
114 150 151
115 116 152
115 151 152
116 117 153
116 152 153
117 118 154
117 153 154
118 119 155
118 154 155
119 120 156
119 155 156
120 121 157
120 156 157
121 122 158
121 157 158
122 123 159
122 158 159
123 124 160
123 159 160
124 125 161
124 160 161
125 126 162
125 161 162
126 127 163
126 162 163
127 128 164
127 163 164
128 129 165
128 164 165
129 130 166
129 165 166
130 131 167
130 166 167
131 132 168
131 167 168
132 133 169
132 168 169
133 134 170
133 169 170
134 135 171
134 170 171
135 136 172
135 171 172
136 137 173
136 172 173
137 138 174
137 173 174
138 139 175
138 174 175
139 140 176
139 175 176
140 141 177
140 176 177
141 142 178
141 177 178
142 143 179
142 178 179
144 145 181
144 180 181
145 146 182
145 181 182
146 147 183
146 182 183
147 148 184
147 183 184
148 149 185
148 184 185
149 150 186
149 185 186
150 151 187
150 186 187
151 152 188
151 187 188
152 153 189
152 188 189
153 154 190
153 189 190
154 155 191
154 190 191
155 156 192
155 191 192
156 157 193
156 192 193
157 158 1296
158 194 1296
157 193 1296
193 1296 1297
194 1296 1297
158 159 1298
159 195 1298
158 194 1298
194 1298 1299
195 1298 1299
159 160 1300
160 196 1300
159 195 1300
195 1300 1301
196 1300 1301
160 161 1302
161 197 1302
160 196 1302
196 1302 1303
197 1302 1303
161 162 1304
162 198 1304
161 197 1304
197 1304 1305
198 1304 1305
162 163 1306
163 199 1306
162 198 1306
198 1306 1307
199 1306 1307
163 164 1308
164 200 1308
163 199 1308
199 1308 1309
200 1308 1309
164 165 1310
165 201 1310
164 200 1310
200 1310 1311
201 1310 1311
165 166 202
165 201 202
166 167 203
166 202 203
167 168 204
167 203 204
168 169 205
168 204 205
169 170 206
169 205 206
170 171 207
170 206 207
171 172 208
171 207 208
172 173 209
172 208 209
173 174 210
173 209 210
174 175 211
174 210 211
175 176 212
175 211 212
176 177 213
176 212 213
177 178 214
177 213 214
178 179 215
178 214 215
180 181 217
180 216 217
181 182 218
181 217 218
182 183 219
182 218 219
183 184 220
183 219 220
184 185 221
184 220 221
185 186 222
185 221 222
186 187 223
186 222 223
187 188 224
187 223 224
188 189 225
188 224 225
189 190 226
189 225 226
190 191 227
190 226 227
191 192 1312
192 228 1312
191 227 1312
227 1312 1313
228 1312 1313
192 193 1315
193 1314 1315
229 1314 1315
192 228 1315
228 1315 1316
229 1315 1316
194 1297 1318
193 1297 1318
194 1317 1318
230 1317 1318
229 1314 1318
193 1314 1318
229 1318 1319
230 1318 1319
195 1299 1321
194 1299 1321
195 1320 1321
231 1320 1321
230 1317 1321
194 1317 1321
230 1321 1322
231 1321 1322
196 1301 1324
195 1301 1324
196 1323 1324
232 1323 1324
231 1320 1324
195 1320 1324
231 1324 1325
232 1324 1325
197 1303 1327
196 1303 1327
197 1326 1327
233 1326 1327
232 1323 1327
196 1323 1327
232 1327 1328
233 1327 1328
198 1305 1330
197 1305 1330
198 1329 1330
234 1329 1330
233 1326 1330
197 1326 1330
233 1330 1331
234 1330 1331
199 1307 1333
198 1307 1333
199 1332 1333
235 1332 1333
234 1329 1333
198 1329 1333
234 1333 1334
235 1333 1334
200 1309 1336
199 1309 1336
200 1335 1336
236 1335 1336
235 1332 1336
199 1332 1336
235 1336 1337
236 1336 1337
201 1311 1339
200 1311 1339
201 1338 1339
237 1338 1339
236 1335 1339
200 1335 1339
236 1339 1340
237 1339 1340
201 202 1341
202 238 1341
237 1338 1341
201 1338 1341
237 1341 1342
238 1341 1342
202 203 1343
203 239 1343
202 238 1343
238 1343 1344
239 1343 1344
203 204 240
203 239 240
204 205 241
204 240 241
205 206 242
205 241 242
206 207 243
206 242 243
207 208 244
207 243 244
208 209 245
208 244 245
209 210 246
209 245 246
210 211 247
210 246 247
211 212 248
211 247 248
212 213 249
212 248 249
213 214 250
213 249 250
214 215 251
214 250 251
216 217 253
216 252 253
217 218 254
217 253 254
218 219 255
218 254 255
219 220 256
219 255 256
220 221 257
220 256 257
221 222 258
221 257 258
222 223 259
222 258 259
223 224 260
223 259 260
224 225 261
224 260 261
225 226 262
225 261 262
226 227 1346
227 1345 1346
263 1345 1346
226 262 1346
262 1346 1347
263 1346 1347
228 1313 1349
227 1313 1349
228 1348 1349
264 1348 1349
263 1345 1349
227 1345 1349
263 1349 1350
264 1349 1350
229 1316 1352
228 1316 1352
229 1351 1352
265 1351 1352
264 1348 1352
228 1348 1352
264 1352 1353
265 1352 1353
230 1319 1355
229 1319 1355
230 1354 1355
266 1354 1355
265 1351 1355
229 1351 1355
265 1355 1356
266 1355 1356
231 1322 1357
230 1322 1357
231 267 1357
266 1354 1357
230 1354 1357
266 267 1357
232 1325 1358
231 1325 1358
232 268 1358
231 267 1358
267 268 1358
233 1328 1359
232 1328 1359
233 269 1359
232 268 1359
268 269 1359
234 1331 1360
233 1331 1360
234 270 1360
233 269 1360
269 270 1360
235 1334 1361
234 1334 1361
235 271 1361
234 270 1361
270 271 1361
236 1337 1362
235 1337 1362
236 272 1362
235 271 1362
271 272 1362
237 1340 1363
236 1340 1363
237 273 1363
236 272 1363
272 273 1363
238 1342 1365
237 1342 1365
238 1364 1365
274 1364 1365
237 273 1365
273 274 1365
239 1344 1367
238 1344 1367
239 1366 1367
275 1366 1367
274 1364 1367
238 1364 1367
274 1367 1368
275 1367 1368
239 240 1369
240 276 1369
275 1366 1369
239 1366 1369
275 1369 1370
276 1369 1370
240 241 277
240 276 277
241 242 278
241 277 278
242 243 279
242 278 279
243 244 280
243 279 280
244 245 281
244 280 281
245 246 282
245 281 282
246 247 283
246 282 283
247 248 284
247 283 284
248 249 285
248 284 285
249 250 286
249 285 286
250 251 287
250 286 287
252 253 289
252 288 289
253 254 290
253 289 290
254 255 291
254 290 291
255 256 292
255 291 292
256 257 293
256 292 293
257 258 294
257 293 294
258 259 295
258 294 295
259 260 296
259 295 296
260 261 297
260 296 297
261 262 1372
262 1371 1372
298 1371 1372
261 297 1372
297 1372 1373
298 1372 1373
263 1347 1375
262 1347 1375
263 1374 1375
299 1374 1375
298 1371 1375
262 1371 1375
298 1375 1376
299 1375 1376
264 1350 1378
263 1350 1378
264 1377 1378
300 1377 1378
299 1374 1378
263 1374 1378
299 1378 1379
300 1378 1379
265 1353 1380
264 1353 1380
265 301 1380
300 1377 1380
264 1377 1380
300 301 1380
266 1356 1381
265 1356 1381
266 302 1381
265 301 1381
301 302 1381
266 267 303
266 302 303
267 268 304
267 303 304
268 269 305
268 304 305
269 270 306
269 305 306
270 271 307
270 306 307
271 272 308
271 307 308
272 273 309
272 308 309
273 274 310
273 309 310
275 1368 1382
274 1368 1382
275 311 1382
274 310 1382
310 311 1382
276 1370 1384
275 1370 1384
276 1383 1384
312 1383 1384
275 311 1384
311 312 1384
276 277 1385
277 313 1385
312 1383 1385
276 1383 1385
312 1385 1386
313 1385 1386
277 278 314
277 313 314
278 279 315
278 314 315
279 280 316
279 315 316
280 281 317
280 316 317
281 282 318
281 317 318
282 283 319
282 318 319
283 284 320
283 319 320
284 285 321
284 320 321
285 286 322
285 321 322
286 287 323
286 322 323
288 289 325
288 324 325
289 290 326
289 325 326
290 291 327
290 326 327
291 292 328
291 327 328
292 293 329
292 328 329
293 294 330
293 329 330
294 295 331
294 330 331
295 296 332
295 331 332
296 297 1388
297 1387 1388
333 1387 1388
296 332 1388
332 1388 1389
333 1388 1389
298 1373 1391
297 1373 1391
298 1390 1391
334 1390 1391
333 1387 1391
297 1387 1391
333 1391 1392
334 1391 1392
299 1376 1394
298 1376 1394
299 1393 1394
335 1393 1394
334 1390 1394
298 1390 1394
334 1394 1395
335 1394 1395
300 1379 1396
299 1379 1396
300 336 1396
335 1393 1396
299 1393 1396
335 336 1396
300 301 337
300 336 337
301 302 338
301 337 338
302 303 339
302 338 339
303 304 340
303 339 340
304 305 341
304 340 341
305 306 342
305 341 342
306 307 343
306 342 343
307 308 344
307 343 344
308 309 345
308 344 345
309 310 346
309 345 346
310 311 347
310 346 347
311 312 348
311 347 348
313 1386 1398
312 1386 1398
313 1397 1398
349 1397 1398
312 348 1398
348 349 1398
313 314 1399
314 350 1399
349 1397 1399
313 1397 1399
349 1399 1400
350 1399 1400
314 315 351
314 350 351
315 316 352
315 351 352
316 317 353
316 352 353
317 318 354
317 353 354
318 319 355
318 354 355
319 320 356
319 355 356
320 321 357
320 356 357
321 322 358
321 357 358
322 323 359
322 358 359
324 325 361
324 360 361
325 326 362
325 361 362
326 327 363
326 362 363
327 328 364
327 363 364
328 329 365
328 364 365
329 330 366
329 365 366
330 331 367
330 366 367
331 332 1402
332 1401 1402
368 1401 1402
331 367 1402
367 1402 1403
368 1402 1403
333 1389 1405
332 1389 1405
333 1404 1405
369 1404 1405
368 1401 1405
332 1401 1405
368 1405 1406
369 1405 1406
334 1392 1408
333 1392 1408
334 1407 1408
370 1407 1408
369 1404 1408
333 1404 1408
369 1408 1409
370 1408 1409
335 1395 1410
334 1395 1410
335 371 1410
370 1407 1410
334 1407 1410
370 371 1410
335 336 372
335 371 372
336 337 373
336 372 373
337 338 374
337 373 374
338 339 375
338 374 375
339 340 376
339 375 376
340 341 377
340 376 377
341 342 378
341 377 378
342 343 379
342 378 379
343 344 380
343 379 380
344 345 381
344 380 381
345 346 382
345 381 382
346 347 383
346 382 383
347 348 384
347 383 384
348 349 385
348 384 385
350 1400 1412
349 1400 1412
350 1411 1412
386 1411 1412
349 385 1412
385 386 1412
350 351 1413
351 387 1413
386 1411 1413
350 1411 1413
386 1413 1414
387 1413 1414
351 352 388
351 387 388
352 353 389
352 388 389
353 354 390
353 389 390
354 355 391
354 390 391
355 356 392
355 391 392
356 357 393
356 392 393
357 358 394
357 393 394
358 359 395
358 394 395
360 361 397
360 396 397
361 362 398
361 397 398
362 363 399
362 398 399
363 364 400
363 399 400
364 365 401
364 400 401
365 366 402
365 401 402
366 367 1416
367 1415 1416
403 1415 1416
366 402 1416
402 1416 1417
403 1416 1417
368 1403 1419
367 1403 1419
368 1418 1419
404 1418 1419
403 1415 1419
367 1415 1419
403 1419 1420
404 1419 1420
369 1406 1422
368 1406 1422
369 1421 1422
405 1421 1422
404 1418 1422
368 1418 1422
404 1422 1423
405 1422 1423
370 1409 1424
369 1409 1424
370 406 1424
405 1421 1424
369 1421 1424
405 406 1424
370 371 407
370 406 407
371 372 408
371 407 408
372 373 409
372 408 409
373 374 410
373 409 410
374 375 411
374 410 411
375 376 412
375 411 412
376 377 413
376 412 413
377 378 414
377 413 414
378 379 415
378 414 415
379 380 416
379 415 416
380 381 417
380 416 417
381 382 418
381 417 418
382 383 419
382 418 419
383 384 420
383 419 420
384 385 421
384 420 421
385 386 422
385 421 422
387 1414 1426
386 1414 1426
387 1425 1426
423 1425 1426
386 422 1426
422 423 1426
387 388 1427
388 424 1427
423 1425 1427
387 1425 1427
423 1427 1428
424 1427 1428
388 389 425
388 424 425
389 390 426
389 425 426
390 391 427
390 426 427
391 392 428
391 427 428
392 393 429
392 428 429
393 394 430
393 429 430
394 395 431
394 430 431
396 397 433
396 432 433
397 398 434
397 433 434
398 399 435
398 434 435
399 400 436
399 435 436
400 401 437
400 436 437
401 402 1430
402 1429 1430
438 1429 1430
401 437 1430
437 438 1430
403 1417 1432
402 1417 1432
403 1431 1432
439 1431 1432
438 1429 1432
402 1429 1432
438 1432 1433
439 1432 1433
404 1420 1435
403 1420 1435
404 1434 1435
440 1434 1435
439 1431 1435
403 1431 1435
439 1435 1436
440 1435 1436
405 1423 1437
404 1423 1437
405 441 1437
440 1434 1437
404 1434 1437
440 441 1437
405 406 442
405 441 442
406 407 443
406 442 443
407 408 444
407 443 444
408 409 445
408 444 445
409 410 446
409 445 446
410 411 447
410 446 447
411 412 448
411 447 448
412 413 449
412 448 449
413 414 450
413 449 450
414 415 451
414 450 451
415 416 452
415 451 452
416 417 453
416 452 453
417 418 454
417 453 454
418 419 455
418 454 455
419 420 456
419 455 456
420 421 457
420 456 457
421 422 458
421 457 458
422 423 459
422 458 459
424 1428 1439
423 1428 1439
424 1438 1439
460 1438 1439
423 459 1439
459 460 1439
424 425 1440
425 461 1440
460 1438 1440
424 1438 1440
460 1440 1441
461 1440 1441
425 426 462
425 461 462
426 427 463
426 462 463
427 428 464
427 463 464
428 429 465
428 464 465
429 430 466
429 465 466
430 431 467
430 466 467
432 433 469
432 468 469
433 434 470
433 469 470
434 435 471
434 470 471
435 436 472
435 471 472
436 437 473
436 472 473
437 438 1443
438 1442 1443
474 1442 1443
437 473 1443
473 1443 1444
474 1443 1444
439 1433 1446
438 1433 1446
439 1445 1446
475 1445 1446
474 1442 1446
438 1442 1446
474 1446 1447
475 1446 1447
440 1436 1448
439 1436 1448
440 476 1448
475 1445 1448
439 1445 1448
475 476 1448
440 441 477
440 476 477
441 442 478
441 477 478
442 443 479
442 478 479
443 444 480
443 479 480
444 445 481
444 480 481
445 446 482
445 481 482
446 447 483
446 482 483
447 448 484
447 483 484
448 449 485
448 484 485
449 450 486
449 485 486
450 451 487
450 486 487
451 452 488
451 487 488
452 453 489
452 488 489
453 454 490
453 489 490
454 455 491
454 490 491
455 456 492
455 491 492
456 457 493
456 492 493
457 458 494
457 493 494
458 459 495
458 494 495
459 460 1450
460 1449 1450
496 1449 1450
459 495 1450
495 496 1450
461 1441 1452
460 1441 1452
461 1451 1452
497 1451 1452
496 1449 1452
460 1449 1452
496 1452 1453
497 1452 1453
461 462 1454
462 498 1454
497 1451 1454
461 1451 1454
497 498 1454
462 463 499
462 498 499
463 464 500
463 499 500
464 465 501
464 500 501
465 466 502
465 501 502
466 467 503
466 502 503
468 469 505
468 504 505
469 470 506
469 505 506
470 471 507
470 506 507
471 472 508
471 507 508
472 473 1456
473 1455 1456
509 1455 1456
472 508 1456
508 509 1456
474 1444 1458
473 1444 1458
474 1457 1458
510 1457 1458
509 1455 1458
473 1455 1458
509 1458 1459
510 1458 1459
475 1447 1461
474 1447 1461
475 1460 1461
511 1460 1461
510 1457 1461
474 1457 1461
510 1461 1462
511 1461 1462
475 476 1463
476 512 1463
511 1460 1463
475 1460 1463
511 512 1463
476 477 513
476 512 513
477 478 514
477 513 514
478 479 515
478 514 515
479 480 516
479 515 516
480 481 517
480 516 517
481 482 518
481 517 518
482 483 519
482 518 519
483 484 520
483 519 520
484 485 521
484 520 521
485 486 522
485 521 522
486 487 523
486 522 523
487 488 524
487 523 524
488 489 525
488 524 525
489 490 526
489 525 526
490 491 527
490 526 527
491 492 528
491 527 528
492 493 529
492 528 529
493 494 530
493 529 530
494 495 531
494 530 531
495 496 532
495 531 532
497 1453 1465
496 1453 1465
497 1464 1465
533 1464 1465
496 532 1465
532 533 1465
497 498 1466
498 534 1466
533 1464 1466
497 1464 1466
533 1466 1467
534 1466 1467
498 499 535
498 534 535
499 500 536
499 535 536
500 501 537
500 536 537
501 502 538
501 537 538
502 503 539
502 538 539
504 505 541
504 540 541
505 506 542
505 541 542
506 507 543
506 542 543
507 508 544
507 543 544
508 509 1469
509 1468 1469
545 1468 1469
508 544 1469
544 545 1469
510 1459 1471
509 1459 1471
510 1470 1471
546 1470 1471
545 1468 1471
509 1468 1471
545 1471 1472
546 1471 1472
511 1462 1473
510 1462 1473
511 547 1473
546 1470 1473
510 1470 1473
546 547 1473
511 512 548
511 547 548
512 513 549
512 548 549
513 514 550
513 549 550
514 515 551
514 550 551
515 516 552
515 551 552
516 517 553
516 552 553
517 518 554
517 553 554
518 519 555
518 554 555
519 520 556
519 555 556
520 521 557
520 556 557
521 522 558
521 557 558
522 523 559
522 558 559
523 524 560
523 559 560
524 525 561
524 560 561
525 526 562
525 561 562
526 527 563
526 562 563
527 528 564
527 563 564
528 529 565
528 564 565
529 530 566
529 565 566
530 531 567
530 566 567
531 532 568
531 567 568
532 533 1475
533 1474 1475
569 1474 1475
532 568 1475
568 569 1475
534 1467 1477
533 1467 1477
534 1476 1477
570 1476 1477
569 1474 1477
533 1474 1477
569 1477 1478
570 1477 1478
534 535 1479
535 571 1479
570 1476 1479
534 1476 1479
570 571 1479
535 536 572
535 571 572
536 537 573
536 572 573
537 538 574
537 573 574
538 539 575
538 574 575
540 541 577
540 576 577
541 542 578
541 577 578
542 543 579
542 578 579
543 544 580
543 579 580
544 545 1481
545 1480 1481
581 1480 1481
544 580 1481
580 581 1481
546 1472 1483
545 1472 1483
546 1482 1483
582 1482 1483
581 1480 1483
545 1480 1483
581 1483 1484
582 1483 1484
546 547 1485
547 583 1485
582 1482 1485
546 1482 1485
582 583 1485
547 548 584
547 583 584
548 549 585
548 584 585
549 550 586
549 585 586
550 551 587
550 586 587
551 552 588
551 587 588
552 553 589
552 588 589
553 554 590
553 589 590
554 555 591
554 590 591
555 556 592
555 591 592
556 557 593
556 592 593
557 558 594
557 593 594
558 559 595
558 594 595
559 560 596
559 595 596
560 561 597
560 596 597
561 562 598
561 597 598
562 563 599
562 598 599
563 564 600
563 599 600
564 565 601
564 600 601
565 566 602
565 601 602
566 567 603
566 602 603
567 568 604
567 603 604
568 569 1487
569 1486 1487
605 1486 1487
568 604 1487
604 605 1487
570 1478 1489
569 1478 1489
570 1488 1489
606 1488 1489
605 1486 1489
569 1486 1489
605 1489 1490
606 1489 1490
570 571 1491
571 607 1491
606 1488 1491
570 1488 1491
606 607 1491
571 572 608
571 607 608
572 573 609
572 608 609
573 574 610
573 609 610
574 575 611
574 610 611
576 577 613
576 612 613
577 578 614
577 613 614
578 579 615
578 614 615
579 580 616
579 615 616
580 581 1493
581 1492 1493
617 1492 1493
580 616 1493
616 617 1493
582 1484 1495
581 1484 1495
582 1494 1495
618 1494 1495
617 1492 1495
581 1492 1495
617 1495 1496
618 1495 1496
582 583 1497
583 619 1497
618 1494 1497
582 1494 1497
618 619 1497
583 584 620
583 619 620
584 585 621
584 620 621
585 586 622
585 621 622
586 587 623
586 622 623
587 588 624
587 623 624
588 589 625
588 624 625
589 590 626
589 625 626
590 591 627
590 626 627
591 592 628
591 627 628
592 593 629
592 628 629
593 594 630
593 629 630
594 595 631
594 630 631
595 596 632
595 631 632
596 597 633
596 632 633
597 598 634
597 633 634
598 599 635
598 634 635
599 600 636
599 635 636
600 601 637
600 636 637
601 602 638
601 637 638
602 603 639
602 638 639
603 604 640
603 639 640
604 605 1499
605 1498 1499
641 1498 1499
604 640 1499
640 641 1499
606 1490 1501
605 1490 1501
606 1500 1501
642 1500 1501
641 1498 1501
605 1498 1501
641 1501 1502
642 1501 1502
606 607 1503
607 643 1503
642 1500 1503
606 1500 1503
642 643 1503
607 608 644
607 643 644
608 609 645
608 644 645
609 610 646
609 645 646
610 611 647
610 646 647
612 613 649
612 648 649
613 614 650
613 649 650
614 615 651
614 650 651
615 616 652
615 651 652
616 617 1505
617 1504 1505
653 1504 1505
616 652 1505
652 653 1505
618 1496 1507
617 1496 1507
618 1506 1507
654 1506 1507
653 1504 1507
617 1504 1507
653 1507 1508
654 1507 1508
618 619 1509
619 655 1509
654 1506 1509
618 1506 1509
654 655 1509
619 620 656
619 655 656
620 621 657
620 656 657
621 622 658
621 657 658
622 623 659
622 658 659
623 624 660
623 659 660
624 625 661
624 660 661
625 626 662
625 661 662
626 627 663
626 662 663
627 628 664
627 663 664
628 629 665
628 664 665
629 630 666
629 665 666
630 631 667
630 666 667
631 632 668
631 667 668
632 633 669
632 668 669
633 634 670
633 669 670
634 635 671
634 670 671
635 636 672
635 671 672
636 637 673
636 672 673
637 638 674
637 673 674
638 639 675
638 674 675
639 640 676
639 675 676
640 641 1511
641 1510 1511
677 1510 1511
640 676 1511
676 677 1511
642 1502 1513
641 1502 1513
642 1512 1513
678 1512 1513
677 1510 1513
641 1510 1513
677 1513 1514
678 1513 1514
642 643 1515
643 679 1515
678 1512 1515
642 1512 1515
678 679 1515
643 644 680
643 679 680
644 645 681
644 680 681
645 646 682
645 681 682
646 647 683
646 682 683
648 649 685
648 684 685
649 650 686
649 685 686
650 651 687
650 686 687
651 652 688
651 687 688
652 653 1517
653 1516 1517
689 1516 1517
652 688 1517
688 689 1517
654 1508 1519
653 1508 1519
654 1518 1519
690 1518 1519
689 1516 1519
653 1516 1519
689 1519 1520
690 1519 1520
654 655 1521
655 691 1521
690 1518 1521
654 1518 1521
690 691 1521
655 656 692
655 691 692
656 657 693
656 692 693
657 658 694
657 693 694
658 659 695
658 694 695
659 660 696
659 695 696
660 661 697
660 696 697
661 662 698
661 697 698
662 663 699
662 698 699
663 664 700
663 699 700
664 665 701
664 700 701
665 666 702
665 701 702
666 667 703
666 702 703
667 668 704
667 703 704
668 669 705
668 704 705
669 670 706
669 705 706
670 671 707
670 706 707
671 672 708
671 707 708
672 673 709
672 708 709
673 674 710
673 709 710
674 675 711
674 710 711
675 676 712
675 711 712
676 677 1523
677 1522 1523
713 1522 1523
676 712 1523
712 713 1523
678 1514 1525
677 1514 1525
678 1524 1525
714 1524 1525
713 1522 1525
677 1522 1525
713 1525 1526
714 1525 1526
678 679 1527
679 715 1527
714 1524 1527
678 1524 1527
714 715 1527
679 680 716
679 715 716
680 681 717
680 716 717
681 682 718
681 717 718
682 683 719
682 718 719
684 685 721
684 720 721
685 686 722
685 721 722
686 687 723
686 722 723
687 688 724
687 723 724
688 689 1529
689 1528 1529
725 1528 1529
688 724 1529
724 725 1529
690 1520 1531
689 1520 1531
690 1530 1531
726 1530 1531
725 1528 1531
689 1528 1531
725 1531 1532
726 1531 1532
690 691 1533
691 727 1533
726 1530 1533
690 1530 1533
726 727 1533
691 692 728
691 727 728
692 693 729
692 728 729
693 694 730
693 729 730
694 695 731
694 730 731
695 696 732
695 731 732
696 697 733
696 732 733
697 698 734
697 733 734
698 699 735
698 734 735
699 700 736
699 735 736
700 701 737
700 736 737
701 702 738
701 737 738
702 703 739
702 738 739
703 704 740
703 739 740
704 705 741
704 740 741
705 706 742
705 741 742
706 707 743
706 742 743
707 708 744
707 743 744
708 709 745
708 744 745
709 710 746
709 745 746
710 711 747
710 746 747
711 712 748
711 747 748
712 713 1535
713 1534 1535
749 1534 1535
712 748 1535
748 749 1535
714 1526 1537
713 1526 1537
714 1536 1537
750 1536 1537
749 1534 1537
713 1534 1537
749 1537 1538
750 1537 1538
714 715 1539
715 751 1539
750 1536 1539
714 1536 1539
750 751 1539
715 716 752
715 751 752
716 717 753
716 752 753
717 718 754
717 753 754
718 719 755
718 754 755
720 721 757
720 756 757
721 722 758
721 757 758
722 723 759
722 758 759
723 724 760
723 759 760
724 725 1541
725 1540 1541
761 1540 1541
724 760 1541
760 761 1541
726 1532 1543
725 1532 1543
726 1542 1543
762 1542 1543
761 1540 1543
725 1540 1543
761 1543 1544
762 1543 1544
726 727 1545
727 763 1545
762 1542 1545
726 1542 1545
762 763 1545
727 728 764
727 763 764
728 729 765
728 764 765
729 730 766
729 765 766
730 731 767
730 766 767
731 732 768
731 767 768
732 733 769
732 768 769
733 734 770
733 769 770
734 735 771
734 770 771
735 736 772
735 771 772
736 737 773
736 772 773
737 738 774
737 773 774
738 739 775
738 774 775
739 740 776
739 775 776
740 741 777
740 776 777
741 742 778
741 777 778
742 743 779
742 778 779
743 744 780
743 779 780
744 745 781
744 780 781
745 746 782
745 781 782
746 747 783
746 782 783
747 748 784
747 783 784
748 749 1547
749 1546 1547
785 1546 1547
748 784 1547
784 1547 1548
785 1547 1548
750 1538 1550
749 1538 1550
750 1549 1550
786 1549 1550
785 1546 1550
749 1546 1550
785 1550 1551
786 1550 1551
750 751 1552
751 787 1552
786 1549 1552
750 1549 1552
786 787 1552
751 752 788
751 787 788
752 753 789
752 788 789
753 754 790
753 789 790
754 755 791
754 790 791
756 757 793
756 792 793
757 758 794
757 793 794
758 759 795
758 794 795
759 760 796
759 795 796
760 761 797
760 796 797
762 1544 1554
761 1544 1554
762 1553 1554
798 1553 1554
761 797 1554
797 798 1554
762 763 1555
763 799 1555
798 1553 1555
762 1553 1555
798 1555 1556
799 1555 1556
763 764 800
763 799 800
764 765 801
764 800 801
765 766 802
765 801 802
766 767 803
766 802 803
767 768 804
767 803 804
768 769 805
768 804 805
769 770 806
769 805 806
770 771 807
770 806 807
771 772 808
771 807 808
772 773 809
772 808 809
773 774 810
773 809 810
774 775 811
774 810 811
775 776 812
775 811 812
776 777 813
776 812 813
777 778 814
777 813 814
778 779 815
778 814 815
779 780 816
779 815 816
780 781 817
780 816 817
781 782 818
781 817 818
782 783 819
782 818 819
783 784 1558
784 1557 1558
820 1557 1558
783 819 1558
819 820 1558
785 1548 1560
784 1548 1560
785 1559 1560
821 1559 1560
820 1557 1560
784 1557 1560
820 1560 1561
821 1560 1561
786 1551 1563
785 1551 1563
786 1562 1563
822 1562 1563
821 1559 1563
785 1559 1563
821 1563 1564
822 1563 1564
786 787 1565
787 823 1565
822 1562 1565
786 1562 1565
822 823 1565
787 788 824
787 823 824
788 789 825
788 824 825
789 790 826
789 825 826
790 791 827
790 826 827
792 793 829
792 828 829
793 794 830
793 829 830
794 795 831
794 830 831
795 796 832
795 831 832
796 797 833
796 832 833
797 798 1567
798 1566 1567
834 1566 1567
797 833 1567
833 834 1567
799 1556 1569
798 1556 1569
799 1568 1569
835 1568 1569
834 1566 1569
798 1566 1569
834 1569 1570
835 1569 1570
799 800 1571
800 836 1571
835 1568 1571
799 1568 1571
835 836 1571
800 801 837
800 836 837
801 802 838
801 837 838
802 803 839
802 838 839
803 804 840
803 839 840
804 805 841
804 840 841
805 806 842
805 841 842
806 807 843
806 842 843
807 808 844
807 843 844
808 809 845
808 844 845
809 810 846
809 845 846
810 811 847
810 846 847
811 812 848
811 847 848
812 813 849
812 848 849
813 814 850
813 849 850
814 815 851
814 850 851
815 816 852
815 851 852
816 817 853
816 852 853
817 818 854
817 853 854
818 819 855
818 854 855
819 820 1573
820 1572 1573
856 1572 1573
819 855 1573
855 1573 1574
856 1573 1574
821 1561 1576
820 1561 1576
821 1575 1576
857 1575 1576
856 1572 1576
820 1572 1576
856 1576 1577
857 1576 1577
822 1564 1578
821 1564 1578
822 858 1578
857 1575 1578
821 1575 1578
857 858 1578
822 823 859
822 858 859
823 824 860
823 859 860
824 825 861
824 860 861
825 826 862
825 861 862
826 827 863
826 862 863
828 829 865
828 864 865
829 830 866
829 865 866
830 831 867
830 866 867
831 832 868
831 867 868
832 833 869
832 868 869
833 834 870
833 869 870
835 1570 1580
834 1570 1580
835 1579 1580
871 1579 1580
834 870 1580
870 871 1580
835 836 1581
836 872 1581
871 1579 1581
835 1579 1581
871 1581 1582
872 1581 1582
836 837 873
836 872 873
837 838 874
837 873 874
838 839 875
838 874 875
839 840 876
839 875 876
840 841 877
840 876 877
841 842 878
841 877 878
842 843 879
842 878 879
843 844 880
843 879 880
844 845 881
844 880 881
845 846 882
845 881 882
846 847 883
846 882 883
847 848 884
847 883 884
848 849 885
848 884 885
849 850 886
849 885 886
850 851 887
850 886 887
851 852 888
851 887 888
852 853 889
852 888 889
853 854 890
853 889 890
854 855 1584
855 1583 1584
891 1583 1584
854 890 1584
890 1584 1585
891 1584 1585
856 1574 1587
855 1574 1587
856 1586 1587
892 1586 1587
891 1583 1587
855 1583 1587
891 1587 1588
892 1587 1588
857 1577 1590
856 1577 1590
857 1589 1590
893 1589 1590
892 1586 1590
856 1586 1590
892 1590 1591
893 1590 1591
857 858 1592
858 894 1592
893 1589 1592
857 1589 1592
893 894 1592
858 859 895
858 894 895
859 860 896
859 895 896
860 861 897
860 896 897
861 862 898
861 897 898
862 863 899
862 898 899
864 865 901
864 900 901
865 866 902
865 901 902
866 867 903
866 902 903
867 868 904
867 903 904
868 869 905
868 904 905
869 870 906
869 905 906
870 871 907
870 906 907
872 1582 1594
871 1582 1594
872 1593 1594
908 1593 1594
871 907 1594
907 908 1594
872 873 1595
873 909 1595
908 1593 1595
872 1593 1595
908 1595 1596
909 1595 1596
873 874 910
873 909 910
874 875 911
874 910 911
875 876 912
875 911 912
876 877 913
876 912 913
877 878 914
877 913 914
878 879 915
878 914 915
879 880 916
879 915 916
880 881 917
880 916 917
881 882 918
881 917 918
882 883 919
882 918 919
883 884 920
883 919 920
884 885 921
884 920 921
885 886 922
885 921 922
886 887 923
886 922 923
887 888 924
887 923 924
888 889 925
888 924 925
889 890 1598
890 1597 1598
926 1597 1598
889 925 1598
925 1598 1599
926 1598 1599
891 1585 1601
890 1585 1601
891 1600 1601
927 1600 1601
926 1597 1601
890 1597 1601
926 1601 1602
927 1601 1602
892 1588 1604
891 1588 1604
892 1603 1604
928 1603 1604
927 1600 1604
891 1600 1604
927 1604 1605
928 1604 1605
893 1591 1606
892 1591 1606
893 929 1606
928 1603 1606
892 1603 1606
928 929 1606
893 894 930
893 929 930
894 895 931
894 930 931
895 896 932
895 931 932
896 897 933
896 932 933
897 898 934
897 933 934
898 899 935
898 934 935
900 901 937
900 936 937
901 902 938
901 937 938
902 903 939
902 938 939
903 904 940
903 939 940
904 905 941
904 940 941
905 906 942
905 941 942
906 907 943
906 942 943
907 908 944
907 943 944
909 1596 1608
908 1596 1608
909 1607 1608
945 1607 1608
908 944 1608
944 945 1608
909 910 1609
910 946 1609
945 1607 1609
909 1607 1609
945 1609 1610
946 1609 1610
910 911 947
910 946 947
911 912 948
911 947 948
912 913 949
912 948 949
913 914 950
913 949 950
914 915 951
914 950 951
915 916 952
915 951 952
916 917 953
916 952 953
917 918 954
917 953 954
918 919 955
918 954 955
919 920 956
919 955 956
920 921 957
920 956 957
921 922 958
921 957 958
922 923 959
922 958 959
923 924 960
923 959 960
924 925 1612
925 1611 1612
961 1611 1612
924 960 1612
960 1612 1613
961 1612 1613
926 1599 1615
925 1599 1615
926 1614 1615
962 1614 1615
961 1611 1615
925 1611 1615
961 1615 1616
962 1615 1616
927 1602 1618
926 1602 1618
927 1617 1618
963 1617 1618
962 1614 1618
926 1614 1618
962 1618 1619
963 1618 1619
928 1605 1620
927 1605 1620
928 964 1620
963 1617 1620
927 1617 1620
963 964 1620
928 929 965
928 964 965
929 930 966
929 965 966
930 931 967
930 966 967
931 932 968
931 967 968
932 933 969
932 968 969
933 934 970
933 969 970
934 935 971
934 970 971
936 937 973
936 972 973
937 938 974
937 973 974
938 939 975
938 974 975
939 940 976
939 975 976
940 941 977
940 976 977
941 942 978
941 977 978
942 943 979
942 978 979
943 944 980
943 979 980
944 945 981
944 980 981
946 1610 1622
945 1610 1622
946 1621 1622
982 1621 1622
945 981 1622
981 982 1622
946 947 1623
947 983 1623
982 1621 1623
946 1621 1623
982 1623 1624
983 1623 1624
947 948 984
947 983 984
948 949 985
948 984 985
949 950 986
949 985 986
950 951 987
950 986 987
951 952 988
951 987 988
952 953 989
952 988 989
953 954 990
953 989 990
954 955 991
954 990 991
955 956 992
955 991 992
956 957 993
956 992 993
957 958 994
957 993 994
958 959 995
958 994 995
959 960 1626
960 1625 1626
996 1625 1626
959 995 1626
995 1626 1627
996 1626 1627
961 1613 1629
960 1613 1629
961 1628 1629
997 1628 1629
996 1625 1629
960 1625 1629
996 1629 1630
997 1629 1630
962 1616 1632
961 1616 1632
962 1631 1632
998 1631 1632
997 1628 1632
961 1628 1632
997 1632 1633
998 1632 1633
963 1619 1634
962 1619 1634
963 999 1634
998 1631 1634
962 1631 1634
998 999 1634
963 964 1000
963 999 1000
964 965 1001
964 1000 1001
965 966 1002
965 1001 1002
966 967 1003
966 1002 1003
967 968 1004
967 1003 1004
968 969 1005
968 1004 1005
969 970 1006
969 1005 1006
970 971 1007
970 1006 1007
972 973 1009
972 1008 1009
973 974 1010
973 1009 1010
974 975 1011
974 1010 1011
975 976 1012
975 1011 1012
976 977 1013
976 1012 1013
977 978 1014
977 1013 1014
978 979 1015
978 1014 1015
979 980 1016
979 1015 1016
980 981 1017
980 1016 1017
981 982 1018
981 1017 1018
983 1624 1636
982 1624 1636
983 1635 1636
1019 1635 1636
982 1018 1636
1018 1019 1636
983 984 1637
984 1020 1637
1019 1635 1637
983 1635 1637
1019 1637 1638
1020 1637 1638
984 985 1639
985 1021 1639
984 1020 1639
1020 1639 1640
1021 1639 1640
985 986 1022
985 1021 1022
986 987 1023
986 1022 1023
987 988 1024
987 1023 1024
988 989 1025
988 1024 1025
989 990 1026
989 1025 1026
990 991 1027
990 1026 1027
991 992 1028
991 1027 1028
992 993 1029
992 1028 1029
993 994 1641
994 1030 1641
993 1029 1641
1029 1641 1642
1030 1641 1642
994 995 1644
995 1643 1644
1031 1643 1644
994 1030 1644
1030 1644 1645
1031 1644 1645
996 1627 1647
995 1627 1647
996 1646 1647
1032 1646 1647
1031 1643 1647
995 1643 1647
1031 1647 1648
1032 1647 1648
997 1630 1650
996 1630 1650
997 1649 1650
1033 1649 1650
1032 1646 1650
996 1646 1650
1032 1650 1651
1033 1650 1651
998 1633 1652
997 1633 1652
998 1034 1652
1033 1649 1652
997 1649 1652
1033 1034 1652
998 999 1035
998 1034 1035
999 1000 1036
999 1035 1036
1000 1001 1037
1000 1036 1037
1001 1002 1038
1001 1037 1038
1002 1003 1039
1002 1038 1039
1003 1004 1040
1003 1039 1040
1004 1005 1041
1004 1040 1041
1005 1006 1042
1005 1041 1042
1006 1007 1043
1006 1042 1043
1008 1009 1045
1008 1044 1045
1009 1010 1046
1009 1045 1046
1010 1011 1047
1010 1046 1047
1011 1012 1048
1011 1047 1048
1012 1013 1049
1012 1048 1049
1013 1014 1050
1013 1049 1050
1014 1015 1051
1014 1050 1051
1015 1016 1052
1015 1051 1052
1016 1017 1053
1016 1052 1053
1017 1018 1054
1017 1053 1054
1018 1019 1055
1018 1054 1055
1020 1638 1654
1019 1638 1654
1020 1653 1654
1056 1653 1654
1019 1055 1654
1055 1056 1654
1021 1640 1656
1020 1640 1656
1021 1655 1656
1057 1655 1656
1056 1653 1656
1020 1653 1656
1056 1656 1657
1057 1656 1657
1021 1022 1658
1022 1058 1658
1057 1655 1658
1021 1655 1658
1057 1658 1659
1058 1658 1659
1022 1023 1660
1023 1059 1660
1022 1058 1660
1058 1660 1661
1059 1660 1661
1023 1024 1662
1024 1060 1662
1023 1059 1662
1059 1662 1663
1060 1662 1663
1024 1025 1664
1025 1061 1664
1024 1060 1664
1060 1664 1665
1061 1664 1665
1025 1026 1666
1026 1062 1666
1025 1061 1666
1061 1666 1667
1062 1666 1667
1026 1027 1668
1027 1063 1668
1026 1062 1668
1062 1668 1669
1063 1668 1669
1027 1028 1670
1028 1064 1670
1027 1063 1670
1063 1670 1671
1064 1670 1671
1028 1029 1673
1029 1672 1673
1065 1672 1673
1028 1064 1673
1064 1673 1674
1065 1673 1674
1030 1642 1676
1029 1642 1676
1030 1675 1676
1066 1675 1676
1065 1672 1676
1029 1672 1676
1065 1676 1677
1066 1676 1677
1031 1645 1679
1030 1645 1679
1031 1678 1679
1067 1678 1679
1066 1675 1679
1030 1675 1679
1066 1679 1680
1067 1679 1680
1032 1648 1682
1031 1648 1682
1032 1681 1682
1068 1681 1682
1067 1678 1682
1031 1678 1682
1067 1682 1683
1068 1682 1683
1033 1651 1684
1032 1651 1684
1033 1069 1684
1068 1681 1684
1032 1681 1684
1068 1069 1684
1033 1034 1070
1033 1069 1070
1034 1035 1071
1034 1070 1071
1035 1036 1072
1035 1071 1072
1036 1037 1073
1036 1072 1073
1037 1038 1074
1037 1073 1074
1038 1039 1075
1038 1074 1075
1039 1040 1076
1039 1075 1076
1040 1041 1077
1040 1076 1077
1041 1042 1078
1041 1077 1078
1042 1043 1079
1042 1078 1079
1044 1045 1081
1044 1080 1081
1045 1046 1082
1045 1081 1082
1046 1047 1083
1046 1082 1083
1047 1048 1084
1047 1083 1084
1048 1049 1085
1048 1084 1085
1049 1050 1086
1049 1085 1086
1050 1051 1087
1050 1086 1087
1051 1052 1088
1051 1087 1088
1052 1053 1089
1052 1088 1089
1053 1054 1090
1053 1089 1090
1054 1055 1091
1054 1090 1091
1055 1056 1092
1055 1091 1092
1057 1657 1685
1056 1657 1685
1057 1093 1685
1056 1092 1685
1092 1093 1685
1058 1659 1687
1057 1659 1687
1058 1686 1687
1094 1686 1687
1057 1093 1687
1093 1094 1687
1059 1661 1689
1058 1661 1689
1059 1688 1689
1095 1688 1689
1094 1686 1689
1058 1686 1689
1094 1689 1690
1095 1689 1690
1060 1663 1692
1059 1663 1692
1060 1691 1692
1096 1691 1692
1095 1688 1692
1059 1688 1692
1095 1692 1693
1096 1692 1693
1061 1665 1695
1060 1665 1695
1061 1694 1695
1097 1694 1695
1096 1691 1695
1060 1691 1695
1096 1695 1696
1097 1695 1696
1062 1667 1698
1061 1667 1698
1062 1697 1698
1098 1697 1698
1097 1694 1698
1061 1694 1698
1097 1698 1699
1098 1698 1699
1063 1669 1701
1062 1669 1701
1063 1700 1701
1099 1700 1701
1098 1697 1701
1062 1697 1701
1098 1701 1702
1099 1701 1702
1064 1671 1704
1063 1671 1704
1064 1703 1704
1100 1703 1704
1099 1700 1704
1063 1700 1704
1099 1704 1705
1100 1704 1705
1065 1674 1707
1064 1674 1707
1065 1706 1707
1101 1706 1707
1100 1703 1707
1064 1703 1707
1100 1707 1708
1101 1707 1708
1066 1677 1710
1065 1677 1710
1066 1709 1710
1102 1709 1710
1101 1706 1710
1065 1706 1710
1101 1710 1711
1102 1710 1711
1067 1680 1712
1066 1680 1712
1067 1103 1712
1102 1709 1712
1066 1709 1712
1102 1103 1712
1068 1683 1713
1067 1683 1713
1068 1104 1713
1067 1103 1713
1103 1104 1713
1068 1069 1105
1068 1104 1105
1069 1070 1106
1069 1105 1106
1070 1071 1107
1070 1106 1107
1071 1072 1108
1071 1107 1108
1072 1073 1109
1072 1108 1109
1073 1074 1110
1073 1109 1110
1074 1075 1111
1074 1110 1111
1075 1076 1112
1075 1111 1112
1076 1077 1113
1076 1112 1113
1077 1078 1114
1077 1113 1114
1078 1079 1115
1078 1114 1115
1080 1081 1117
1080 1116 1117
1081 1082 1118
1081 1117 1118
1082 1083 1119
1082 1118 1119
1083 1084 1120
1083 1119 1120
1084 1085 1121
1084 1120 1121
1085 1086 1122
1085 1121 1122
1086 1087 1123
1086 1122 1123
1087 1088 1124
1087 1123 1124
1088 1089 1125
1088 1124 1125
1089 1090 1126
1089 1125 1126
1090 1091 1127
1090 1126 1127
1091 1092 1128
1091 1127 1128
1092 1093 1129
1092 1128 1129
1093 1094 1130
1093 1129 1130
1095 1690 1714
1094 1690 1714
1095 1131 1714
1094 1130 1714
1130 1131 1714
1096 1693 1715
1095 1693 1715
1096 1132 1715
1095 1131 1715
1131 1132 1715
1097 1696 1716
1096 1696 1716
1097 1133 1716
1096 1132 1716
1132 1133 1716
1098 1699 1717
1097 1699 1717
1098 1134 1717
1097 1133 1717
1133 1134 1717
1099 1702 1718
1098 1702 1718
1099 1135 1718
1098 1134 1718
1134 1135 1718
1100 1705 1719
1099 1705 1719
1100 1136 1719
1099 1135 1719
1135 1136 1719
1101 1708 1720
1100 1708 1720
1101 1137 1720
1100 1136 1720
1136 1137 1720
1102 1711 1721
1101 1711 1721
1102 1138 1721
1101 1137 1721
1137 1138 1721
1102 1103 1139
1102 1138 1139
1103 1104 1140
1103 1139 1140
1104 1105 1141
1104 1140 1141
1105 1106 1142
1105 1141 1142
1106 1107 1143
1106 1142 1143
1107 1108 1144
1107 1143 1144
1108 1109 1145
1108 1144 1145
1109 1110 1146
1109 1145 1146
1110 1111 1147
1110 1146 1147
1111 1112 1148
1111 1147 1148
1112 1113 1149
1112 1148 1149
1113 1114 1150
1113 1149 1150
1114 1115 1151
1114 1150 1151
1116 1117 1153
1116 1152 1153
1117 1118 1154
1117 1153 1154
1118 1119 1155
1118 1154 1155
1119 1120 1156
1119 1155 1156
1120 1121 1157
1120 1156 1157
1121 1122 1158
1121 1157 1158
1122 1123 1159
1122 1158 1159
1123 1124 1160
1123 1159 1160
1124 1125 1161
1124 1160 1161
1125 1126 1162
1125 1161 1162
1126 1127 1163
1126 1162 1163
1127 1128 1164
1127 1163 1164
1128 1129 1165
1128 1164 1165
1129 1130 1166
1129 1165 1166
1130 1131 1167
1130 1166 1167
1131 1132 1168
1131 1167 1168
1132 1133 1169
1132 1168 1169
1133 1134 1170
1133 1169 1170
1134 1135 1171
1134 1170 1171
1135 1136 1172
1135 1171 1172
1136 1137 1173
1136 1172 1173
1137 1138 1174
1137 1173 1174
1138 1139 1175
1138 1174 1175
1139 1140 1176
1139 1175 1176
1140 1141 1177
1140 1176 1177
1141 1142 1178
1141 1177 1178
1142 1143 1179
1142 1178 1179
1143 1144 1180
1143 1179 1180
1144 1145 1181
1144 1180 1181
1145 1146 1182
1145 1181 1182
1146 1147 1183
1146 1182 1183
1147 1148 1184
1147 1183 1184
1148 1149 1185
1148 1184 1185
1149 1150 1186
1149 1185 1186
1150 1151 1187
1150 1186 1187
1152 1153 1189
1152 1188 1189
1153 1154 1190
1153 1189 1190
1154 1155 1191
1154 1190 1191
1155 1156 1192
1155 1191 1192
1156 1157 1193
1156 1192 1193
1157 1158 1194
1157 1193 1194
1158 1159 1195
1158 1194 1195
1159 1160 1196
1159 1195 1196
1160 1161 1197
1160 1196 1197
1161 1162 1198
1161 1197 1198
1162 1163 1199
1162 1198 1199
1163 1164 1200
1163 1199 1200
1164 1165 1201
1164 1200 1201
1165 1166 1202
1165 1201 1202
1166 1167 1203
1166 1202 1203
1167 1168 1204
1167 1203 1204
1168 1169 1205
1168 1204 1205
1169 1170 1206
1169 1205 1206
1170 1171 1207
1170 1206 1207
1171 1172 1208
1171 1207 1208
1172 1173 1209
1172 1208 1209
1173 1174 1210
1173 1209 1210
1174 1175 1211
1174 1210 1211
1175 1176 1212
1175 1211 1212
1176 1177 1213
1176 1212 1213
1177 1178 1214
1177 1213 1214
1178 1179 1215
1178 1214 1215
1179 1180 1216
1179 1215 1216
1180 1181 1217
1180 1216 1217
1181 1182 1218
1181 1217 1218
1182 1183 1219
1182 1218 1219
1183 1184 1220
1183 1219 1220
1184 1185 1221
1184 1220 1221
1185 1186 1222
1185 1221 1222
1186 1187 1223
1186 1222 1223
1188 1189 1225
1188 1224 1225
1189 1190 1226
1189 1225 1226
1190 1191 1227
1190 1226 1227
1191 1192 1228
1191 1227 1228
1192 1193 1229
1192 1228 1229
1193 1194 1230
1193 1229 1230
1194 1195 1231
1194 1230 1231
1195 1196 1232
1195 1231 1232
1196 1197 1233
1196 1232 1233
1197 1198 1234
1197 1233 1234
1198 1199 1235
1198 1234 1235
1199 1200 1236
1199 1235 1236
1200 1201 1237
1200 1236 1237
1201 1202 1238
1201 1237 1238
1202 1203 1239
1202 1238 1239
1203 1204 1240
1203 1239 1240
1204 1205 1241
1204 1240 1241
1205 1206 1242
1205 1241 1242
1206 1207 1243
1206 1242 1243
1207 1208 1244
1207 1243 1244
1208 1209 1245
1208 1244 1245
1209 1210 1246
1209 1245 1246
1210 1211 1247
1210 1246 1247
1211 1212 1248
1211 1247 1248
1212 1213 1249
1212 1248 1249
1213 1214 1250
1213 1249 1250
1214 1215 1251
1214 1250 1251
1215 1216 1252
1215 1251 1252
1216 1217 1253
1216 1252 1253
1217 1218 1254
1217 1253 1254
1218 1219 1255
1218 1254 1255
1219 1220 1256
1219 1255 1256
1220 1221 1257
1220 1256 1257
1221 1222 1258
1221 1257 1258
1222 1223 1259
1222 1258 1259
1224 1225 1261
1224 1260 1261
1225 1226 1262
1225 1261 1262
1226 1227 1263
1226 1262 1263
1227 1228 1264
1227 1263 1264
1228 1229 1265
1228 1264 1265
1229 1230 1266
1229 1265 1266
1230 1231 1267
1230 1266 1267
1231 1232 1268
1231 1267 1268
1232 1233 1269
1232 1268 1269
1233 1234 1270
1233 1269 1270
1234 1235 1271
1234 1270 1271
1235 1236 1272
1235 1271 1272
1236 1237 1273
1236 1272 1273
1237 1238 1274
1237 1273 1274
1238 1239 1275
1238 1274 1275
1239 1240 1276
1239 1275 1276
1240 1241 1277
1240 1276 1277
1241 1242 1278
1241 1277 1278
1242 1243 1279
1242 1278 1279
1243 1244 1280
1243 1279 1280
1244 1245 1281
1244 1280 1281
1245 1246 1282
1245 1281 1282
1246 1247 1283
1246 1282 1283
1247 1248 1284
1247 1283 1284
1248 1249 1285
1248 1284 1285
1249 1250 1286
1249 1285 1286
1250 1251 1287
1250 1286 1287
1251 1252 1288
1251 1287 1288
1252 1253 1289
1252 1288 1289
1253 1254 1290
1253 1289 1290
1254 1255 1291
1254 1290 1291
1255 1256 1292
1255 1291 1292
1256 1257 1293
1256 1292 1293
1257 1258 1294
1257 1293 1294
1258 1259 1295
1258 1294 1295
