ID=4963530
numvertices=1335
numsimplices=2548
vertices
-1.500000e+00 -1.500000e+00
-1.400000e+00 -1.500000e+00
-1.300000e+00 -1.500000e+00
-1.200000e+00 -1.500000e+00
-1.100000e+00 -1.500000e+00
-1.000000e+00 -1.500000e+00
-9.000000e-01 -1.500000e+00
-8.000000e-01 -1.500000e+00
-7.000000e-01 -1.500000e+00
-6.000000e-01 -1.500000e+00
-5.000000e-01 -1.500000e+00
-4.000000e-01 -1.500000e+00
-3.000000e-01 -1.500000e+00
-2.000000e-01 -1.500000e+00
-1.000000e-01 -1.500000e+00
0.000000e+00 -1.500000e+00
1.000000e-01 -1.500000e+00
2.000000e-01 -1.500000e+00
3.000000e-01 -1.500000e+00
4.000000e-01 -1.500000e+00
5.000000e-01 -1.500000e+00
6.000000e-01 -1.500000e+00
7.000000e-01 -1.500000e+00
8.000000e-01 -1.500000e+00
9.000000e-01 -1.500000e+00
1.000000e+00 -1.500000e+00
1.100000e+00 -1.500000e+00
1.200000e+00 -1.500000e+00
1.300000e+00 -1.500000e+00
1.400000e+00 -1.500000e+00
1.500000e+00 -1.500000e+00
-1.500000e+00 -1.400000e+00
-1.400000e+00 -1.400000e+00
-1.300000e+00 -1.400000e+00
-1.200000e+00 -1.400000e+00
-1.100000e+00 -1.400000e+00
-1.000000e+00 -1.400000e+00
-9.000000e-01 -1.400000e+00
-8.000000e-01 -1.400000e+00
-7.000000e-01 -1.400000e+00
-6.000000e-01 -1.400000e+00
-5.000000e-01 -1.400000e+00
-4.000000e-01 -1.400000e+00
-3.000000e-01 -1.400000e+00
-2.000000e-01 -1.400000e+00
-1.000000e-01 -1.400000e+00
0.000000e+00 -1.400000e+00
1.000000e-01 -1.400000e+00
2.000000e-01 -1.400000e+00
3.000000e-01 -1.400000e+00
4.000000e-01 -1.400000e+00
5.000000e-01 -1.400000e+00
6.000000e-01 -1.400000e+00
7.000000e-01 -1.400000e+00
8.000000e-01 -1.400000e+00
9.000000e-01 -1.400000e+00
1.000000e+00 -1.400000e+00
1.100000e+00 -1.400000e+00
1.200000e+00 -1.400000e+00
1.300000e+00 -1.400000e+00
1.400000e+00 -1.400000e+00
1.500000e+00 -1.400000e+00
-1.500000e+00 -1.300000e+00
-1.400000e+00 -1.300000e+00
-1.300000e+00 -1.300000e+00
-1.200000e+00 -1.300000e+00
-1.100000e+00 -1.300000e+00
-1.000000e+00 -1.300000e+00
-9.000000e-01 -1.300000e+00
-8.000000e-01 -1.300000e+00
-7.000000e-01 -1.300000e+00
-6.000000e-01 -1.300000e+00
-5.000000e-01 -1.300000e+00
-4.000000e-01 -1.300000e+00
-3.000000e-01 -1.300000e+00
-2.000000e-01 -1.300000e+00
-1.000000e-01 -1.300000e+00
0.000000e+00 -1.300000e+00
1.000000e-01 -1.300000e+00
2.000000e-01 -1.300000e+00
3.000000e-01 -1.300000e+00
4.000000e-01 -1.300000e+00
5.000000e-01 -1.300000e+00
6.000000e-01 -1.300000e+00
7.000000e-01 -1.300000e+00
8.000000e-01 -1.300000e+00
9.000000e-01 -1.300000e+00
1.000000e+00 -1.300000e+00
1.100000e+00 -1.300000e+00
1.200000e+00 -1.300000e+00
1.300000e+00 -1.300000e+00
1.400000e+00 -1.300000e+00
1.500000e+00 -1.300000e+00
-1.500000e+00 -1.200000e+00
-1.400000e+00 -1.200000e+00
-1.300000e+00 -1.200000e+00
-1.200000e+00 -1.200000e+00
-1.100000e+00 -1.200000e+00
-1.000000e+00 -1.200000e+00
-9.000000e-01 -1.200000e+00
-8.000000e-01 -1.200000e+00
-7.000000e-01 -1.200000e+00
-6.000000e-01 -1.200000e+00
-5.000000e-01 -1.200000e+00
-4.000000e-01 -1.200000e+00
-3.000000e-01 -1.200000e+00
-2.000000e-01 -1.200000e+00
-1.000000e-01 -1.200000e+00
0.000000e+00 -1.200000e+00
1.000000e-01 -1.200000e+00
2.000000e-01 -1.200000e+00
3.000000e-01 -1.200000e+00
4.000000e-01 -1.200000e+00
5.000000e-01 -1.200000e+00
6.000000e-01 -1.200000e+00
7.000000e-01 -1.200000e+00
8.000000e-01 -1.200000e+00
9.000000e-01 -1.200000e+00
1.000000e+00 -1.200000e+00
1.100000e+00 -1.200000e+00
1.200000e+00 -1.200000e+00
1.300000e+00 -1.200000e+00
1.400000e+00 -1.200000e+00
1.500000e+00 -1.200000e+00
-1.500000e+00 -1.100000e+00
-1.400000e+00 -1.100000e+00
-1.300000e+00 -1.100000e+00
-1.200000e+00 -1.100000e+00
-1.100000e+00 -1.100000e+00
-1.000000e+00 -1.100000e+00
-9.000000e-01 -1.100000e+00
-8.000000e-01 -1.100000e+00
-7.000000e-01 -1.100000e+00
-6.000000e-01 -1.100000e+00
-5.000000e-01 -1.100000e+00
-4.000000e-01 -1.100000e+00
-3.000000e-01 -1.100000e+00
-2.000000e-01 -1.100000e+00
-1.000000e-01 -1.100000e+00
0.000000e+00 -1.100000e+00
1.000000e-01 -1.100000e+00
2.000000e-01 -1.100000e+00
3.000000e-01 -1.100000e+00
4.000000e-01 -1.100000e+00
5.000000e-01 -1.100000e+00
6.000000e-01 -1.100000e+00
7.000000e-01 -1.100000e+00
8.000000e-01 -1.100000e+00
9.000000e-01 -1.100000e+00
1.000000e+00 -1.100000e+00
1.100000e+00 -1.100000e+00
1.200000e+00 -1.100000e+00
1.300000e+00 -1.100000e+00
1.400000e+00 -1.100000e+00
1.500000e+00 -1.100000e+00
-1.500000e+00 -1.000000e+00
-1.400000e+00 -1.000000e+00
-1.300000e+00 -1.000000e+00
-1.200000e+00 -1.000000e+00
-1.100000e+00 -1.000000e+00
-1.000000e+00 -1.000000e+00
-9.000000e-01 -1.000000e+00
-8.000000e-01 -1.000000e+00
-7.000000e-01 -1.000000e+00
-6.000000e-01 -1.000000e+00
-5.000000e-01 -1.000000e+00
-4.000000e-01 -1.000000e+00
-3.000000e-01 -1.000000e+00
-2.000000e-01 -1.000000e+00
-1.000000e-01 -1.000000e+00
0.000000e+00 -1.000000e+00
1.000000e-01 -1.000000e+00
2.000000e-01 -1.000000e+00
3.000000e-01 -1.000000e+00
4.000000e-01 -1.000000e+00
5.000000e-01 -1.000000e+00
6.000000e-01 -1.000000e+00
7.000000e-01 -1.000000e+00
8.000000e-01 -1.000000e+00
9.000000e-01 -1.000000e+00
1.000000e+00 -1.000000e+00
1.100000e+00 -1.000000e+00
1.200000e+00 -1.000000e+00
1.300000e+00 -1.000000e+00
1.400000e+00 -1.000000e+00
1.500000e+00 -1.000000e+00
-1.500000e+00 -9.000000e-01
-1.400000e+00 -9.000000e-01
-1.300000e+00 -9.000000e-01
-1.200000e+00 -9.000000e-01
-1.100000e+00 -9.000000e-01
-1.000000e+00 -9.000000e-01
-9.000000e-01 -9.000000e-01
-8.000000e-01 -9.000000e-01
-7.000000e-01 -9.000000e-01
-6.000000e-01 -9.000000e-01
-5.000000e-01 -9.000000e-01
-4.000000e-01 -9.000000e-01
-3.000000e-01 -9.000000e-01
-2.000000e-01 -9.000000e-01
-1.000000e-01 -9.000000e-01
0.000000e+00 -9.000000e-01
1.000000e-01 -9.000000e-01
2.000000e-01 -9.000000e-01
3.000000e-01 -9.000000e-01
4.000000e-01 -9.000000e-01
5.000000e-01 -9.000000e-01
6.000000e-01 -9.000000e-01
7.000000e-01 -9.000000e-01
8.000000e-01 -9.000000e-01
9.000000e-01 -9.000000e-01
1.000000e+00 -9.000000e-01
1.100000e+00 -9.000000e-01
1.200000e+00 -9.000000e-01
1.300000e+00 -9.000000e-01
1.400000e+00 -9.000000e-01
1.500000e+00 -9.000000e-01
-1.500000e+00 -8.000000e-01
-1.400000e+00 -8.000000e-01
-1.300000e+00 -8.000000e-01
-1.200000e+00 -8.000000e-01
-1.100000e+00 -8.000000e-01
-1.000000e+00 -8.000000e-01
-9.000000e-01 -8.000000e-01
-8.000000e-01 -8.000000e-01
-7.000000e-01 -8.000000e-01
-6.000000e-01 -8.000000e-01
-5.000000e-01 -8.000000e-01
-4.000000e-01 -8.000000e-01
-3.000000e-01 -8.000000e-01
-2.000000e-01 -8.000000e-01
-1.000000e-01 -8.000000e-01
0.000000e+00 -8.000000e-01
1.000000e-01 -8.000000e-01
2.000000e-01 -8.000000e-01
3.000000e-01 -8.000000e-01
4.000000e-01 -8.000000e-01
5.000000e-01 -8.000000e-01
6.000000e-01 -8.000000e-01
7.000000e-01 -8.000000e-01
8.000000e-01 -8.000000e-01
9.000000e-01 -8.000000e-01
1.000000e+00 -8.000000e-01
1.100000e+00 -8.000000e-01
1.200000e+00 -8.000000e-01
1.300000e+00 -8.000000e-01
1.400000e+00 -8.000000e-01
1.500000e+00 -8.000000e-01
-1.500000e+00 -7.000000e-01
-1.400000e+00 -7.000000e-01
-1.300000e+00 -7.000000e-01
-1.200000e+00 -7.000000e-01
-1.100000e+00 -7.000000e-01
-1.000000e+00 -7.000000e-01
-9.000000e-01 -7.000000e-01
-8.000000e-01 -7.000000e-01
-7.000000e-01 -7.000000e-01
-6.000000e-01 -7.000000e-01
-5.000000e-01 -7.000000e-01
-4.000000e-01 -7.000000e-01
-3.000000e-01 -7.000000e-01
-2.000000e-01 -7.000000e-01
-1.000000e-01 -7.000000e-01
0.000000e+00 -7.000000e-01
1.000000e-01 -7.000000e-01
2.000000e-01 -7.000000e-01
3.000000e-01 -7.000000e-01
4.000000e-01 -7.000000e-01
5.000000e-01 -7.000000e-01
6.000000e-01 -7.000000e-01
7.000000e-01 -7.000000e-01
8.000000e-01 -7.000000e-01
9.000000e-01 -7.000000e-01
1.000000e+00 -7.000000e-01
1.100000e+00 -7.000000e-01
1.200000e+00 -7.000000e-01
1.300000e+00 -7.000000e-01
1.400000e+00 -7.000000e-01
1.500000e+00 -7.000000e-01
-1.500000e+00 -6.000000e-01
-1.400000e+00 -6.000000e-01
-1.300000e+00 -6.000000e-01
-1.200000e+00 -6.000000e-01
-1.100000e+00 -6.000000e-01
-1.000000e+00 -6.000000e-01
-9.000000e-01 -6.000000e-01
-8.000000e-01 -6.000000e-01
-7.000000e-01 -6.000000e-01
-6.000000e-01 -6.000000e-01
-5.000000e-01 -6.000000e-01
-4.000000e-01 -6.000000e-01
-3.000000e-01 -6.000000e-01
-2.000000e-01 -6.000000e-01
-1.000000e-01 -6.000000e-01
0.000000e+00 -6.000000e-01
1.000000e-01 -6.000000e-01
2.000000e-01 -6.000000e-01
3.000000e-01 -6.000000e-01
4.000000e-01 -6.000000e-01
5.000000e-01 -6.000000e-01
6.000000e-01 -6.000000e-01
7.000000e-01 -6.000000e-01
8.000000e-01 -6.000000e-01
9.000000e-01 -6.000000e-01
1.000000e+00 -6.000000e-01
1.100000e+00 -6.000000e-01
1.200000e+00 -6.000000e-01
1.300000e+00 -6.000000e-01
1.400000e+00 -6.000000e-01
1.500000e+00 -6.000000e-01
-1.500000e+00 -5.000000e-01
-1.400000e+00 -5.000000e-01
-1.300000e+00 -5.000000e-01
-1.200000e+00 -5.000000e-01
-1.100000e+00 -5.000000e-01
-1.000000e+00 -5.000000e-01
-9.000000e-01 -5.000000e-01
-8.000000e-01 -5.000000e-01
-7.000000e-01 -5.000000e-01
-6.000000e-01 -5.000000e-01
-5.000000e-01 -5.000000e-01
-4.000000e-01 -5.000000e-01
-3.000000e-01 -5.000000e-01
-2.000000e-01 -5.000000e-01
-1.000000e-01 -5.000000e-01
0.000000e+00 -5.000000e-01
1.000000e-01 -5.000000e-01
2.000000e-01 -5.000000e-01
3.000000e-01 -5.000000e-01
4.000000e-01 -5.000000e-01
5.000000e-01 -5.000000e-01
6.000000e-01 -5.000000e-01
7.000000e-01 -5.000000e-01
8.000000e-01 -5.000000e-01
9.000000e-01 -5.000000e-01
1.000000e+00 -5.000000e-01
1.100000e+00 -5.000000e-01
1.200000e+00 -5.000000e-01
1.300000e+00 -5.000000e-01
1.400000e+00 -5.000000e-01
1.500000e+00 -5.000000e-01
-1.500000e+00 -4.000000e-01
-1.400000e+00 -4.000000e-01
-1.300000e+00 -4.000000e-01
-1.200000e+00 -4.000000e-01
-1.100000e+00 -4.000000e-01
-1.000000e+00 -4.000000e-01
-9.000000e-01 -4.000000e-01
-8.000000e-01 -4.000000e-01
-7.000000e-01 -4.000000e-01
-6.000000e-01 -4.000000e-01
-5.000000e-01 -4.000000e-01
-4.000000e-01 -4.000000e-01
-3.000000e-01 -4.000000e-01
-2.000000e-01 -4.000000e-01
-1.000000e-01 -4.000000e-01
0.000000e+00 -4.000000e-01
1.000000e-01 -4.000000e-01
2.000000e-01 -4.000000e-01
3.000000e-01 -4.000000e-01
4.000000e-01 -4.000000e-01
5.000000e-01 -4.000000e-01
6.000000e-01 -4.000000e-01
7.000000e-01 -4.000000e-01
8.000000e-01 -4.000000e-01
9.000000e-01 -4.000000e-01
1.000000e+00 -4.000000e-01
1.100000e+00 -4.000000e-01
1.200000e+00 -4.000000e-01
1.300000e+00 -4.000000e-01
1.400000e+00 -4.000000e-01
1.500000e+00 -4.000000e-01
-1.500000e+00 -3.000000e-01
-1.400000e+00 -3.000000e-01
-1.300000e+00 -3.000000e-01
-1.200000e+00 -3.000000e-01
-1.100000e+00 -3.000000e-01
-1.000000e+00 -3.000000e-01
-9.000000e-01 -3.000000e-01
-8.000000e-01 -3.000000e-01
-7.000000e-01 -3.000000e-01
-6.000000e-01 -3.000000e-01
-5.000000e-01 -3.000000e-01
-4.000000e-01 -3.000000e-01
-3.000000e-01 -3.000000e-01
-2.000000e-01 -3.000000e-01
-1.000000e-01 -3.000000e-01
0.000000e+00 -3.000000e-01
1.000000e-01 -3.000000e-01
2.000000e-01 -3.000000e-01
3.000000e-01 -3.000000e-01
4.000000e-01 -3.000000e-01
5.000000e-01 -3.000000e-01
6.000000e-01 -3.000000e-01
7.000000e-01 -3.000000e-01
8.000000e-01 -3.000000e-01
9.000000e-01 -3.000000e-01
1.000000e+00 -3.000000e-01
1.100000e+00 -3.000000e-01
1.200000e+00 -3.000000e-01
1.300000e+00 -3.000000e-01
1.400000e+00 -3.000000e-01
1.500000e+00 -3.000000e-01
-1.500000e+00 -2.000000e-01
-1.400000e+00 -2.000000e-01
-1.300000e+00 -2.000000e-01
-1.200000e+00 -2.000000e-01
-1.100000e+00 -2.000000e-01
-1.000000e+00 -2.000000e-01
-9.000000e-01 -2.000000e-01
-8.000000e-01 -2.000000e-01
-7.000000e-01 -2.000000e-01
-6.000000e-01 -2.000000e-01
-5.000000e-01 -2.000000e-01
-4.000000e-01 -2.000000e-01
-3.000000e-01 -2.000000e-01
-2.000000e-01 -2.000000e-01
-1.000000e-01 -2.000000e-01
0.000000e+00 -2.000000e-01
1.000000e-01 -2.000000e-01
2.000000e-01 -2.000000e-01
3.000000e-01 -2.000000e-01
4.000000e-01 -2.000000e-01
5.000000e-01 -2.000000e-01
6.000000e-01 -2.000000e-01
7.000000e-01 -2.000000e-01
8.000000e-01 -2.000000e-01
9.000000e-01 -2.000000e-01
1.000000e+00 -2.000000e-01
1.100000e+00 -2.000000e-01
1.200000e+00 -2.000000e-01
1.300000e+00 -2.000000e-01
1.400000e+00 -2.000000e-01
1.500000e+00 -2.000000e-01
-1.500000e+00 -1.000000e-01
-1.400000e+00 -1.000000e-01
-1.300000e+00 -1.000000e-01
-1.200000e+00 -1.000000e-01
-1.100000e+00 -1.000000e-01
-1.000000e+00 -1.000000e-01
-9.000000e-01 -1.000000e-01
-8.000000e-01 -1.000000e-01
-7.000000e-01 -1.000000e-01
-6.000000e-01 -1.000000e-01
-5.000000e-01 -1.000000e-01
-4.000000e-01 -1.000000e-01
-3.000000e-01 -1.000000e-01
-2.000000e-01 -1.000000e-01
-1.000000e-01 -1.000000e-01
0.000000e+00 -1.000000e-01
1.000000e-01 -1.000000e-01
2.000000e-01 -1.000000e-01
3.000000e-01 -1.000000e-01
4.000000e-01 -1.000000e-01
5.000000e-01 -1.000000e-01
6.000000e-01 -1.000000e-01
7.000000e-01 -1.000000e-01
8.000000e-01 -1.000000e-01
9.000000e-01 -1.000000e-01
1.000000e+00 -1.000000e-01
1.100000e+00 -1.000000e-01
1.200000e+00 -1.000000e-01
1.300000e+00 -1.000000e-01
1.400000e+00 -1.000000e-01
1.500000e+00 -1.000000e-01
-1.500000e+00 0.000000e+00
-1.400000e+00 0.000000e+00
-1.300000e+00 0.000000e+00
-1.200000e+00 0.000000e+00
-1.100000e+00 0.000000e+00
-1.000000e+00 0.000000e+00
-9.000000e-01 0.000000e+00
-8.000000e-01 0.000000e+00
-7.000000e-01 0.000000e+00
-6.000000e-01 0.000000e+00
-5.000000e-01 0.000000e+00
-4.000000e-01 0.000000e+00
-3.000000e-01 0.000000e+00
-2.000000e-01 0.000000e+00
-1.000000e-01 0.000000e+00
0.000000e+00 0.000000e+00
1.000000e-01 0.000000e+00
2.000000e-01 0.000000e+00
3.000000e-01 0.000000e+00
4.000000e-01 0.000000e+00
5.000000e-01 0.000000e+00
6.000000e-01 0.000000e+00
7.000000e-01 0.000000e+00
8.000000e-01 0.000000e+00
9.000000e-01 0.000000e+00
1.000000e+00 0.000000e+00
1.100000e+00 0.000000e+00
1.200000e+00 0.000000e+00
1.300000e+00 0.000000e+00
1.400000e+00 0.000000e+00
1.500000e+00 0.000000e+00
-1.500000e+00 1.000000e-01
-1.400000e+00 1.000000e-01
-1.300000e+00 1.000000e-01
-1.200000e+00 1.000000e-01
-1.100000e+00 1.000000e-01
-1.000000e+00 1.000000e-01
-9.000000e-01 1.000000e-01
-8.000000e-01 1.000000e-01
-7.000000e-01 1.000000e-01
-6.000000e-01 1.000000e-01
-5.000000e-01 1.000000e-01
-4.000000e-01 1.000000e-01
-3.000000e-01 1.000000e-01
-2.000000e-01 1.000000e-01
-1.000000e-01 1.000000e-01
0.000000e+00 1.000000e-01
1.000000e-01 1.000000e-01
2.000000e-01 1.000000e-01
3.000000e-01 1.000000e-01
4.000000e-01 1.000000e-01
5.000000e-01 1.000000e-01
6.000000e-01 1.000000e-01
7.000000e-01 1.000000e-01
8.000000e-01 1.000000e-01
9.000000e-01 1.000000e-01
1.000000e+00 1.000000e-01
1.100000e+00 1.000000e-01
1.200000e+00 1.000000e-01
1.300000e+00 1.000000e-01
1.400000e+00 1.000000e-01
1.500000e+00 1.000000e-01
-1.500000e+00 2.000000e-01
-1.400000e+00 2.000000e-01
-1.300000e+00 2.000000e-01
-1.200000e+00 2.000000e-01
-1.100000e+00 2.000000e-01
-1.000000e+00 2.000000e-01
-9.000000e-01 2.000000e-01
-8.000000e-01 2.000000e-01
-7.000000e-01 2.000000e-01
-6.000000e-01 2.000000e-01
-5.000000e-01 2.000000e-01
-4.000000e-01 2.000000e-01
-3.000000e-01 2.000000e-01
-2.000000e-01 2.000000e-01
-1.000000e-01 2.000000e-01
0.000000e+00 2.000000e-01
1.000000e-01 2.000000e-01
2.000000e-01 2.000000e-01
3.000000e-01 2.000000e-01
4.000000e-01 2.000000e-01
5.000000e-01 2.000000e-01
6.000000e-01 2.000000e-01
7.000000e-01 2.000000e-01
8.000000e-01 2.000000e-01
9.000000e-01 2.000000e-01
1.000000e+00 2.000000e-01
1.100000e+00 2.000000e-01
1.200000e+00 2.000000e-01
1.300000e+00 2.000000e-01
1.400000e+00 2.000000e-01
1.500000e+00 2.000000e-01
-1.500000e+00 3.000000e-01
-1.400000e+00 3.000000e-01
-1.300000e+00 3.000000e-01
-1.200000e+00 3.000000e-01
-1.100000e+00 3.000000e-01
-1.000000e+00 3.000000e-01
-9.000000e-01 3.000000e-01
-8.000000e-01 3.000000e-01
-7.000000e-01 3.000000e-01
-6.000000e-01 3.000000e-01
-5.000000e-01 3.000000e-01
-4.000000e-01 3.000000e-01
-3.000000e-01 3.000000e-01
-2.000000e-01 3.000000e-01
-1.000000e-01 3.000000e-01
0.000000e+00 3.000000e-01
1.000000e-01 3.000000e-01
2.000000e-01 3.000000e-01
3.000000e-01 3.000000e-01
4.000000e-01 3.000000e-01
5.000000e-01 3.000000e-01
6.000000e-01 3.000000e-01
7.000000e-01 3.000000e-01
8.000000e-01 3.000000e-01
9.000000e-01 3.000000e-01
1.000000e+00 3.000000e-01
1.100000e+00 3.000000e-01
1.200000e+00 3.000000e-01
1.300000e+00 3.000000e-01
1.400000e+00 3.000000e-01
1.500000e+00 3.000000e-01
-1.500000e+00 4.000000e-01
-1.400000e+00 4.000000e-01
-1.300000e+00 4.000000e-01
-1.200000e+00 4.000000e-01
-1.100000e+00 4.000000e-01
-1.000000e+00 4.000000e-01
-9.000000e-01 4.000000e-01
-8.000000e-01 4.000000e-01
-7.000000e-01 4.000000e-01
-6.000000e-01 4.000000e-01
-5.000000e-01 4.000000e-01
-4.000000e-01 4.000000e-01
-3.000000e-01 4.000000e-01
-2.000000e-01 4.000000e-01
-1.000000e-01 4.000000e-01
0.000000e+00 4.000000e-01
1.000000e-01 4.000000e-01
2.000000e-01 4.000000e-01
3.000000e-01 4.000000e-01
4.000000e-01 4.000000e-01
5.000000e-01 4.000000e-01
6.000000e-01 4.000000e-01
7.000000e-01 4.000000e-01
8.000000e-01 4.000000e-01
9.000000e-01 4.000000e-01
1.000000e+00 4.000000e-01
1.100000e+00 4.000000e-01
1.200000e+00 4.000000e-01
1.300000e+00 4.000000e-01
1.400000e+00 4.000000e-01
1.500000e+00 4.000000e-01
-1.500000e+00 5.000000e-01
-1.400000e+00 5.000000e-01
-1.300000e+00 5.000000e-01
-1.200000e+00 5.000000e-01
-1.100000e+00 5.000000e-01
-1.000000e+00 5.000000e-01
-9.000000e-01 5.000000e-01
-8.000000e-01 5.000000e-01
-7.000000e-01 5.000000e-01
-6.000000e-01 5.000000e-01
-5.000000e-01 5.000000e-01
-4.000000e-01 5.000000e-01
-3.000000e-01 5.000000e-01
-2.000000e-01 5.000000e-01
-1.000000e-01 5.000000e-01
0.000000e+00 5.000000e-01
1.000000e-01 5.000000e-01
2.000000e-01 5.000000e-01
3.000000e-01 5.000000e-01
4.000000e-01 5.000000e-01
5.000000e-01 5.000000e-01
6.000000e-01 5.000000e-01
7.000000e-01 5.000000e-01
8.000000e-01 5.000000e-01
9.000000e-01 5.000000e-01
1.000000e+00 5.000000e-01
1.100000e+00 5.000000e-01
1.200000e+00 5.000000e-01
1.300000e+00 5.000000e-01
1.400000e+00 5.000000e-01
1.500000e+00 5.000000e-01
-1.500000e+00 6.000000e-01
-1.400000e+00 6.000000e-01
-1.300000e+00 6.000000e-01
-1.200000e+00 6.000000e-01
-1.100000e+00 6.000000e-01
-1.000000e+00 6.000000e-01
-9.000000e-01 6.000000e-01
-8.000000e-01 6.000000e-01
-7.000000e-01 6.000000e-01
-6.000000e-01 6.000000e-01
-5.000000e-01 6.000000e-01
-4.000000e-01 6.000000e-01
-3.000000e-01 6.000000e-01
-2.000000e-01 6.000000e-01
-1.000000e-01 6.000000e-01
0.000000e+00 6.000000e-01
1.000000e-01 6.000000e-01
2.000000e-01 6.000000e-01
3.000000e-01 6.000000e-01
4.000000e-01 6.000000e-01
5.000000e-01 6.000000e-01
6.000000e-01 6.000000e-01
7.000000e-01 6.000000e-01
8.000000e-01 6.000000e-01
9.000000e-01 6.000000e-01
1.000000e+00 6.000000e-01
1.100000e+00 6.000000e-01
1.200000e+00 6.000000e-01
1.300000e+00 6.000000e-01
1.400000e+00 6.000000e-01
1.500000e+00 6.000000e-01
-1.500000e+00 7.000000e-01
-1.400000e+00 7.000000e-01
-1.300000e+00 7.000000e-01
-1.200000e+00 7.000000e-01
-1.100000e+00 7.000000e-01
-1.000000e+00 7.000000e-01
-9.000000e-01 7.000000e-01
-8.000000e-01 7.000000e-01
-7.000000e-01 7.000000e-01
-6.000000e-01 7.000000e-01
-5.000000e-01 7.000000e-01
-4.000000e-01 7.000000e-01
-3.000000e-01 7.000000e-01
-2.000000e-01 7.000000e-01
-1.000000e-01 7.000000e-01
0.000000e+00 7.000000e-01
1.000000e-01 7.000000e-01
2.000000e-01 7.000000e-01
3.000000e-01 7.000000e-01
4.000000e-01 7.000000e-01
5.000000e-01 7.000000e-01
6.000000e-01 7.000000e-01
7.000000e-01 7.000000e-01
8.000000e-01 7.000000e-01
9.000000e-01 7.000000e-01
1.000000e+00 7.000000e-01
1.100000e+00 7.000000e-01
1.200000e+00 7.000000e-01
1.300000e+00 7.000000e-01
1.400000e+00 7.000000e-01
1.500000e+00 7.000000e-01
-1.500000e+00 8.000000e-01
-1.400000e+00 8.000000e-01
-1.300000e+00 8.000000e-01
-1.200000e+00 8.000000e-01
-1.100000e+00 8.000000e-01
-1.000000e+00 8.000000e-01
-9.000000e-01 8.000000e-01
-8.000000e-01 8.000000e-01
-7.000000e-01 8.000000e-01
-6.000000e-01 8.000000e-01
-5.000000e-01 8.000000e-01
-4.000000e-01 8.000000e-01
-3.000000e-01 8.000000e-01
-2.000000e-01 8.000000e-01
-1.000000e-01 8.000000e-01
0.000000e+00 8.000000e-01
1.000000e-01 8.000000e-01
2.000000e-01 8.000000e-01
3.000000e-01 8.000000e-01
4.000000e-01 8.000000e-01
5.000000e-01 8.000000e-01
6.000000e-01 8.000000e-01
7.000000e-01 8.000000e-01
8.000000e-01 8.000000e-01
9.000000e-01 8.000000e-01
1.000000e+00 8.000000e-01
1.100000e+00 8.000000e-01
1.200000e+00 8.000000e-01
1.300000e+00 8.000000e-01
1.400000e+00 8.000000e-01
1.500000e+00 8.000000e-01
-1.500000e+00 9.000000e-01
-1.400000e+00 9.000000e-01
-1.300000e+00 9.000000e-01
-1.200000e+00 9.000000e-01
-1.100000e+00 9.000000e-01
-1.000000e+00 9.000000e-01
-9.000000e-01 9.000000e-01
-8.000000e-01 9.000000e-01
-7.000000e-01 9.000000e-01
-6.000000e-01 9.000000e-01
-5.000000e-01 9.000000e-01
-4.000000e-01 9.000000e-01
-3.000000e-01 9.000000e-01
-2.000000e-01 9.000000e-01
-1.000000e-01 9.000000e-01
0.000000e+00 9.000000e-01
1.000000e-01 9.000000e-01
2.000000e-01 9.000000e-01
3.000000e-01 9.000000e-01
4.000000e-01 9.000000e-01
5.000000e-01 9.000000e-01
6.000000e-01 9.000000e-01
7.000000e-01 9.000000e-01
8.000000e-01 9.000000e-01
9.000000e-01 9.000000e-01
1.000000e+00 9.000000e-01
1.100000e+00 9.000000e-01
1.200000e+00 9.000000e-01
1.300000e+00 9.000000e-01
1.400000e+00 9.000000e-01
1.500000e+00 9.000000e-01
-1.500000e+00 1.000000e+00
-1.400000e+00 1.000000e+00
-1.300000e+00 1.000000e+00
-1.200000e+00 1.000000e+00
-1.100000e+00 1.000000e+00
-1.000000e+00 1.000000e+00
-9.000000e-01 1.000000e+00
-8.000000e-01 1.000000e+00
-7.000000e-01 1.000000e+00
-6.000000e-01 1.000000e+00
-5.000000e-01 1.000000e+00
-4.000000e-01 1.000000e+00
-3.000000e-01 1.000000e+00
-2.000000e-01 1.000000e+00
-1.000000e-01 1.000000e+00
0.000000e+00 1.000000e+00
1.000000e-01 1.000000e+00
2.000000e-01 1.000000e+00
3.000000e-01 1.000000e+00
4.000000e-01 1.000000e+00
5.000000e-01 1.000000e+00
6.000000e-01 1.000000e+00
7.000000e-01 1.000000e+00
8.000000e-01 1.000000e+00
9.000000e-01 1.000000e+00
1.000000e+00 1.000000e+00
1.100000e+00 1.000000e+00
1.200000e+00 1.000000e+00
1.300000e+00 1.000000e+00
1.400000e+00 1.000000e+00
1.500000e+00 1.000000e+00
-1.500000e+00 1.100000e+00
-1.400000e+00 1.100000e+00
-1.300000e+00 1.100000e+00
-1.200000e+00 1.100000e+00
-1.100000e+00 1.100000e+00
-1.000000e+00 1.100000e+00
-9.000000e-01 1.100000e+00
-8.000000e-01 1.100000e+00
-7.000000e-01 1.100000e+00
-6.000000e-01 1.100000e+00
-5.000000e-01 1.100000e+00
-4.000000e-01 1.100000e+00
-3.000000e-01 1.100000e+00
-2.000000e-01 1.100000e+00
-1.000000e-01 1.100000e+00
0.000000e+00 1.100000e+00
1.000000e-01 1.100000e+00
2.000000e-01 1.100000e+00
3.000000e-01 1.100000e+00
4.000000e-01 1.100000e+00
5.000000e-01 1.100000e+00
6.000000e-01 1.100000e+00
7.000000e-01 1.100000e+00
8.000000e-01 1.100000e+00
9.000000e-01 1.100000e+00
1.000000e+00 1.100000e+00
1.100000e+00 1.100000e+00
1.200000e+00 1.100000e+00
1.300000e+00 1.100000e+00
1.400000e+00 1.100000e+00
1.500000e+00 1.100000e+00
-1.500000e+00 1.200000e+00
-1.400000e+00 1.200000e+00
-1.300000e+00 1.200000e+00
-1.200000e+00 1.200000e+00
-1.100000e+00 1.200000e+00
-1.000000e+00 1.200000e+00
-9.000000e-01 1.200000e+00
-8.000000e-01 1.200000e+00
-7.000000e-01 1.200000e+00
-6.000000e-01 1.200000e+00
-5.000000e-01 1.200000e+00
-4.000000e-01 1.200000e+00
-3.000000e-01 1.200000e+00
-2.000000e-01 1.200000e+00
-1.000000e-01 1.200000e+00
0.000000e+00 1.200000e+00
1.000000e-01 1.200000e+00
2.000000e-01 1.200000e+00
3.000000e-01 1.200000e+00
4.000000e-01 1.200000e+00
5.000000e-01 1.200000e+00
6.000000e-01 1.200000e+00
7.000000e-01 1.200000e+00
8.000000e-01 1.200000e+00
9.000000e-01 1.200000e+00
1.000000e+00 1.200000e+00
1.100000e+00 1.200000e+00
1.200000e+00 1.200000e+00
1.300000e+00 1.200000e+00
1.400000e+00 1.200000e+00
1.500000e+00 1.200000e+00
-1.500000e+00 1.300000e+00
-1.400000e+00 1.300000e+00
-1.300000e+00 1.300000e+00
-1.200000e+00 1.300000e+00
-1.100000e+00 1.300000e+00
-1.000000e+00 1.300000e+00
-9.000000e-01 1.300000e+00
-8.000000e-01 1.300000e+00
-7.000000e-01 1.300000e+00
-6.000000e-01 1.300000e+00
-5.000000e-01 1.300000e+00
-4.000000e-01 1.300000e+00
-3.000000e-01 1.300000e+00
-2.000000e-01 1.300000e+00
-1.000000e-01 1.300000e+00
0.000000e+00 1.300000e+00
1.000000e-01 1.300000e+00
2.000000e-01 1.300000e+00
3.000000e-01 1.300000e+00
4.000000e-01 1.300000e+00
5.000000e-01 1.300000e+00
6.000000e-01 1.300000e+00
7.000000e-01 1.300000e+00
8.000000e-01 1.300000e+00
9.000000e-01 1.300000e+00
1.000000e+00 1.300000e+00
1.100000e+00 1.300000e+00
1.200000e+00 1.300000e+00
1.300000e+00 1.300000e+00
1.400000e+00 1.300000e+00
1.500000e+00 1.300000e+00
-1.500000e+00 1.400000e+00
-1.400000e+00 1.400000e+00
-1.300000e+00 1.400000e+00
-1.200000e+00 1.400000e+00
-1.100000e+00 1.400000e+00
-1.000000e+00 1.400000e+00
-9.000000e-01 1.400000e+00
-8.000000e-01 1.400000e+00
-7.000000e-01 1.400000e+00
-6.000000e-01 1.400000e+00
-5.000000e-01 1.400000e+00
-4.000000e-01 1.400000e+00
-3.000000e-01 1.400000e+00
-2.000000e-01 1.400000e+00
-1.000000e-01 1.400000e+00
0.000000e+00 1.400000e+00
1.000000e-01 1.400000e+00
2.000000e-01 1.400000e+00
3.000000e-01 1.400000e+00
4.000000e-01 1.400000e+00
5.000000e-01 1.400000e+00
6.000000e-01 1.400000e+00
7.000000e-01 1.400000e+00
8.000000e-01 1.400000e+00
9.000000e-01 1.400000e+00
1.000000e+00 1.400000e+00
1.100000e+00 1.400000e+00
1.200000e+00 1.400000e+00
1.300000e+00 1.400000e+00
1.400000e+00 1.400000e+00
1.500000e+00 1.400000e+00
-1.500000e+00 1.500000e+00
-1.400000e+00 1.500000e+00
-1.300000e+00 1.500000e+00
-1.200000e+00 1.500000e+00
-1.100000e+00 1.500000e+00
-1.000000e+00 1.500000e+00
-9.000000e-01 1.500000e+00
-8.000000e-01 1.500000e+00
-7.000000e-01 1.500000e+00
-6.000000e-01 1.500000e+00
-5.000000e-01 1.500000e+00
-4.000000e-01 1.500000e+00
-3.000000e-01 1.500000e+00
-2.000000e-01 1.500000e+00
-1.000000e-01 1.500000e+00
0.000000e+00 1.500000e+00
1.000000e-01 1.500000e+00
2.000000e-01 1.500000e+00
3.000000e-01 1.500000e+00
4.000000e-01 1.500000e+00
5.000000e-01 1.500000e+00
6.000000e-01 1.500000e+00
7.000000e-01 1.500000e+00
8.000000e-01 1.500000e+00
9.000000e-01 1.500000e+00
1.000000e+00 1.500000e+00
1.100000e+00 1.500000e+00
1.200000e+00 1.500000e+00
1.300000e+00 1.500000e+00
1.400000e+00 1.500000e+00
1.500000e+00 1.500000e+00
-2.500000e-01 -1.150000e+00
-2.500000e-01 -1.100000e+00
-1.500000e-01 -1.150000e+00
-1.500000e-01 -1.100000e+00
-5.000000e-02 -1.150000e+00
-5.000000e-02 -1.100000e+00
5.000000e-02 -1.150000e+00
5.000000e-02 -1.100000e+00
1.500000e-01 -1.150000e+00
1.500000e-01 -1.100000e+00
-5.500000e-01 -1.050000e+00
-5.500000e-01 -1.000000e+00
-4.500000e-01 -1.050000e+00
-4.500000e-01 -1.000000e+00
-3.000000e-01 -1.050000e+00
-3.500000e-01 -1.050000e+00
-3.500000e-01 -1.000000e+00
-2.000000e-01 -1.050000e+00
-2.500000e-01 -1.050000e+00
-2.500000e-01 -1.000000e+00
-1.000000e-01 -1.050000e+00
-1.500000e-01 -1.050000e+00
-1.500000e-01 -1.000000e+00
0.000000e+00 -1.050000e+00
-5.000000e-02 -1.050000e+00
-5.000000e-02 -1.000000e+00
1.000000e-01 -1.050000e+00
5.000000e-02 -1.050000e+00
5.000000e-02 -1.000000e+00
2.000000e-01 -1.050000e+00
1.500000e-01 -1.050000e+00
1.500000e-01 -1.000000e+00
2.500000e-01 -1.050000e+00
2.500000e-01 -1.000000e+00
3.500000e-01 -1.050000e+00
3.500000e-01 -1.000000e+00
4.500000e-01 -1.050000e+00
4.500000e-01 -1.000000e+00
-6.000000e-01 -9.500000e-01
-6.500000e-01 -9.500000e-01
-6.500000e-01 -9.000000e-01
-5.000000e-01 -9.500000e-01
-5.500000e-01 -9.500000e-01
-5.500000e-01 -9.000000e-01
-4.000000e-01 -9.500000e-01
-4.500000e-01 -9.500000e-01
-4.500000e-01 -9.000000e-01
-3.000000e-01 -9.500000e-01
-3.500000e-01 -9.500000e-01
-3.500000e-01 -9.000000e-01
-2.000000e-01 -9.500000e-01
-2.500000e-01 -9.500000e-01
-2.500000e-01 -9.000000e-01
-1.500000e-01 -9.500000e-01
-5.000000e-02 -9.500000e-01
5.000000e-02 -9.500000e-01
1.500000e-01 -9.500000e-01
3.000000e-01 -9.500000e-01
2.500000e-01 -9.500000e-01
4.000000e-01 -9.500000e-01
3.500000e-01 -9.500000e-01
3.500000e-01 -9.000000e-01
5.000000e-01 -9.500000e-01
4.500000e-01 -9.500000e-01
4.500000e-01 -9.000000e-01
5.500000e-01 -9.500000e-01
5.500000e-01 -9.000000e-01
-7.000000e-01 -8.500000e-01
-7.500000e-01 -8.500000e-01
-7.500000e-01 -8.000000e-01
-6.000000e-01 -8.500000e-01
-6.500000e-01 -8.500000e-01
-6.500000e-01 -8.000000e-01
-5.000000e-01 -8.500000e-01
-5.500000e-01 -8.500000e-01
-5.500000e-01 -8.000000e-01
-4.500000e-01 -8.500000e-01
-3.500000e-01 -8.500000e-01
-2.500000e-01 -8.500000e-01
3.500000e-01 -8.500000e-01
4.500000e-01 -8.500000e-01
6.000000e-01 -8.500000e-01
5.500000e-01 -8.500000e-01
6.500000e-01 -8.500000e-01
6.500000e-01 -8.000000e-01
-8.000000e-01 -7.500000e-01
-8.500000e-01 -7.500000e-01
-8.500000e-01 -7.000000e-01
-7.000000e-01 -7.500000e-01
-7.500000e-01 -7.500000e-01
-7.500000e-01 -7.000000e-01
-6.000000e-01 -7.500000e-01
-6.500000e-01 -7.500000e-01
-6.500000e-01 -7.000000e-01
-5.500000e-01 -7.500000e-01
7.000000e-01 -7.500000e-01
6.500000e-01 -7.500000e-01
7.500000e-01 -7.500000e-01
7.500000e-01 -7.000000e-01
-9.000000e-01 -6.500000e-01
-9.500000e-01 -6.500000e-01
-9.500000e-01 -6.000000e-01
-8.000000e-01 -6.500000e-01
-8.500000e-01 -6.500000e-01
-8.500000e-01 -6.000000e-01
-7.000000e-01 -6.500000e-01
-7.500000e-01 -6.500000e-01
-7.500000e-01 -6.000000e-01
-6.500000e-01 -6.500000e-01
8.000000e-01 -6.500000e-01
7.500000e-01 -6.500000e-01
8.500000e-01 -6.500000e-01
8.500000e-01 -6.000000e-01
-1.000000e+00 -5.500000e-01
-1.050000e+00 -5.500000e-01
-9.000000e-01 -5.500000e-01
-9.500000e-01 -5.500000e-01
-9.500000e-01 -5.000000e-01
-8.000000e-01 -5.500000e-01
-8.500000e-01 -5.500000e-01
-8.500000e-01 -5.000000e-01
-7.500000e-01 -5.500000e-01
9.000000e-01 -5.500000e-01
8.500000e-01 -5.500000e-01
9.500000e-01 -5.500000e-01
9.500000e-01 -5.000000e-01
-1.000000e+00 -4.500000e-01
-1.050000e+00 -4.500000e-01
-9.000000e-01 -4.500000e-01
-9.500000e-01 -4.500000e-01
-9.500000e-01 -4.000000e-01
-8.500000e-01 -4.500000e-01
9.000000e-01 -4.500000e-01
8.500000e-01 -4.500000e-01
1.000000e+00 -4.500000e-01
9.500000e-01 -4.500000e-01
9.500000e-01 -4.000000e-01
1.050000e+00 -4.500000e-01
-1.000000e+00 -3.500000e-01
-1.050000e+00 -3.500000e-01
-1.050000e+00 -3.000000e-01
-9.000000e-01 -3.500000e-01
-9.500000e-01 -3.500000e-01
-9.500000e-01 -3.000000e-01
-8.500000e-01 -3.500000e-01
9.000000e-01 -3.500000e-01
8.500000e-01 -3.500000e-01
1.000000e+00 -3.500000e-01
9.500000e-01 -3.500000e-01
9.500000e-01 -3.000000e-01
1.050000e+00 -3.500000e-01
-1.100000e+00 -2.500000e-01
-1.150000e+00 -2.500000e-01
-1.000000e+00 -2.500000e-01
-1.050000e+00 -2.500000e-01
-1.050000e+00 -2.000000e-01
-9.000000e-01 -2.500000e-01
-9.500000e-01 -2.500000e-01
-9.500000e-01 -2.000000e-01
-8.500000e-01 -2.500000e-01
1.000000e+00 -2.500000e-01
9.500000e-01 -2.500000e-01
1.050000e+00 -2.500000e-01
1.050000e+00 -2.000000e-01
-1.100000e+00 -1.500000e-01
-1.150000e+00 -1.500000e-01
-1.000000e+00 -1.500000e-01
-1.050000e+00 -1.500000e-01
-1.050000e+00 -1.000000e-01
-9.500000e-01 -1.500000e-01
1.000000e+00 -1.500000e-01
9.500000e-01 -1.500000e-01
1.100000e+00 -1.500000e-01
1.050000e+00 -1.500000e-01
1.050000e+00 -1.000000e-01
1.150000e+00 -1.500000e-01
-1.100000e+00 -5.000000e-02
-1.150000e+00 -5.000000e-02
-1.000000e+00 -5.000000e-02
-1.050000e+00 -5.000000e-02
-1.050000e+00 0.000000e+00
-9.500000e-01 -5.000000e-02
1.000000e+00 -5.000000e-02
9.500000e-01 -5.000000e-02
1.100000e+00 -5.000000e-02
1.050000e+00 -5.000000e-02
1.050000e+00 0.000000e+00
1.150000e+00 -5.000000e-02
-1.100000e+00 5.000000e-02
-1.150000e+00 5.000000e-02
-1.000000e+00 5.000000e-02
-1.050000e+00 5.000000e-02
-1.050000e+00 1.000000e-01
-9.500000e-01 5.000000e-02
1.000000e+00 5.000000e-02
9.500000e-01 5.000000e-02
1.100000e+00 5.000000e-02
1.050000e+00 5.000000e-02
1.050000e+00 1.000000e-01
1.150000e+00 5.000000e-02
-1.100000e+00 1.500000e-01
-1.150000e+00 1.500000e-01
-1.000000e+00 1.500000e-01
-1.050000e+00 1.500000e-01
-1.050000e+00 2.000000e-01
-9.500000e-01 1.500000e-01
1.000000e+00 1.500000e-01
9.500000e-01 1.500000e-01
9.500000e-01 2.000000e-01
1.100000e+00 1.500000e-01
1.050000e+00 1.500000e-01
1.050000e+00 2.000000e-01
1.150000e+00 1.500000e-01
-1.000000e+00 2.500000e-01
-1.050000e+00 2.500000e-01
-9.500000e-01 2.500000e-01
-9.500000e-01 3.000000e-01
9.000000e-01 2.500000e-01
8.500000e-01 2.500000e-01
1.000000e+00 2.500000e-01
9.500000e-01 2.500000e-01
9.500000e-01 3.000000e-01
1.100000e+00 2.500000e-01
1.050000e+00 2.500000e-01
1.050000e+00 3.000000e-01
1.150000e+00 2.500000e-01
-1.000000e+00 3.500000e-01
-1.050000e+00 3.500000e-01
-9.000000e-01 3.500000e-01
-9.500000e-01 3.500000e-01
-9.500000e-01 4.000000e-01
-8.500000e-01 3.500000e-01
9.000000e-01 3.500000e-01
8.500000e-01 3.500000e-01
1.000000e+00 3.500000e-01
9.500000e-01 3.500000e-01
9.500000e-01 4.000000e-01
1.050000e+00 3.500000e-01
-1.000000e+00 4.500000e-01
-1.050000e+00 4.500000e-01
-9.000000e-01 4.500000e-01
-9.500000e-01 4.500000e-01
-9.500000e-01 5.000000e-01
-8.500000e-01 4.500000e-01
9.000000e-01 4.500000e-01
8.500000e-01 4.500000e-01
8.500000e-01 5.000000e-01
1.000000e+00 4.500000e-01
9.500000e-01 4.500000e-01
9.500000e-01 5.000000e-01
1.050000e+00 4.500000e-01
-9.000000e-01 5.500000e-01
-9.500000e-01 5.500000e-01
-8.500000e-01 5.500000e-01
-8.500000e-01 6.000000e-01
8.000000e-01 5.500000e-01
7.500000e-01 5.500000e-01
7.500000e-01 6.000000e-01
9.000000e-01 5.500000e-01
8.500000e-01 5.500000e-01
8.500000e-01 6.000000e-01
1.000000e+00 5.500000e-01
9.500000e-01 5.500000e-01
9.500000e-01 6.000000e-01
1.050000e+00 5.500000e-01
-8.000000e-01 6.500000e-01
-8.500000e-01 6.500000e-01
-7.500000e-01 6.500000e-01
-7.500000e-01 7.000000e-01
7.000000e-01 6.500000e-01
6.500000e-01 6.500000e-01
6.500000e-01 7.000000e-01
8.000000e-01 6.500000e-01
7.500000e-01 6.500000e-01
7.500000e-01 7.000000e-01
9.000000e-01 6.500000e-01
8.500000e-01 6.500000e-01
8.500000e-01 7.000000e-01
9.500000e-01 6.500000e-01
-7.000000e-01 7.500000e-01
-7.500000e-01 7.500000e-01
-6.500000e-01 7.500000e-01
-6.500000e-01 8.000000e-01
6.000000e-01 7.500000e-01
5.500000e-01 7.500000e-01
5.500000e-01 8.000000e-01
7.000000e-01 7.500000e-01
6.500000e-01 7.500000e-01
6.500000e-01 8.000000e-01
8.000000e-01 7.500000e-01
7.500000e-01 7.500000e-01
7.500000e-01 8.000000e-01
8.500000e-01 7.500000e-01
-6.000000e-01 8.500000e-01
-6.500000e-01 8.500000e-01
-5.500000e-01 8.500000e-01
-5.500000e-01 9.000000e-01
-4.500000e-01 8.500000e-01
-4.500000e-01 9.000000e-01
-3.500000e-01 8.500000e-01
-3.500000e-01 9.000000e-01
2.500000e-01 8.500000e-01
2.500000e-01 9.000000e-01
3.500000e-01 8.500000e-01
3.500000e-01 9.000000e-01
5.000000e-01 8.500000e-01
4.500000e-01 8.500000e-01
4.500000e-01 9.000000e-01
6.000000e-01 8.500000e-01
5.500000e-01 8.500000e-01
5.500000e-01 9.000000e-01
7.000000e-01 8.500000e-01
6.500000e-01 8.500000e-01
6.500000e-01 9.000000e-01
7.500000e-01 8.500000e-01
-5.000000e-01 9.500000e-01
-5.500000e-01 9.500000e-01
-4.000000e-01 9.500000e-01
-4.500000e-01 9.500000e-01
-4.500000e-01 1.000000e+00
-3.000000e-01 9.500000e-01
-3.500000e-01 9.500000e-01
-3.500000e-01 1.000000e+00
-2.500000e-01 9.500000e-01
-2.500000e-01 1.000000e+00
-1.500000e-01 9.500000e-01
-1.500000e-01 1.000000e+00
-5.000000e-02 9.500000e-01
-5.000000e-02 1.000000e+00
5.000000e-02 9.500000e-01
5.000000e-02 1.000000e+00
2.000000e-01 9.500000e-01
1.500000e-01 9.500000e-01
1.500000e-01 1.000000e+00
3.000000e-01 9.500000e-01
2.500000e-01 9.500000e-01
2.500000e-01 1.000000e+00
4.000000e-01 9.500000e-01
3.500000e-01 9.500000e-01
3.500000e-01 1.000000e+00
5.000000e-01 9.500000e-01
4.500000e-01 9.500000e-01
4.500000e-01 1.000000e+00
6.000000e-01 9.500000e-01
5.500000e-01 9.500000e-01
5.500000e-01 1.000000e+00
6.500000e-01 9.500000e-01
-4.500000e-01 1.050000e+00
-3.500000e-01 1.050000e+00
-2.000000e-01 1.050000e+00
-2.500000e-01 1.050000e+00
-1.000000e-01 1.050000e+00
-1.500000e-01 1.050000e+00
-1.500000e-01 1.100000e+00
0.000000e+00 1.050000e+00
-5.000000e-02 1.050000e+00
-5.000000e-02 1.100000e+00
1.000000e-01 1.050000e+00
5.000000e-02 1.050000e+00
5.000000e-02 1.100000e+00
2.000000e-01 1.050000e+00
1.500000e-01 1.050000e+00
1.500000e-01 1.100000e+00
3.000000e-01 1.050000e+00
2.500000e-01 1.050000e+00
2.500000e-01 1.100000e+00
3.500000e-01 1.050000e+00
4.500000e-01 1.050000e+00
5.500000e-01 1.050000e+00
-1.500000e-01 1.150000e+00
-5.000000e-02 1.150000e+00
5.000000e-02 1.150000e+00
1.500000e-01 1.150000e+00
2.500000e-01 1.150000e+00
simplices
0 1 32
0 31 32
1 2 33
1 32 33
2 3 34
2 33 34
3 4 35
3 34 35
4 5 36
4 35 36
5 6 37
5 36 37
6 7 38
6 37 38
7 8 39
7 38 39
8 9 40
8 39 40
9 10 41
9 40 41
10 11 42
10 41 42
11 12 43
11 42 43
12 13 44
12 43 44
13 14 45
13 44 45
14 15 46
14 45 46
15 16 47
15 46 47
16 17 48
16 47 48
17 18 49
17 48 49
18 19 50
18 49 50
19 20 51
19 50 51
20 21 52
20 51 52
21 22 53
21 52 53
22 23 54
22 53 54
23 24 55
23 54 55
24 25 56
24 55 56
25 26 57
25 56 57
26 27 58
26 57 58
27 28 59
27 58 59
28 29 60
28 59 60
29 30 61
29 60 61
31 32 63
31 62 63
32 33 64
32 63 64
33 34 65
33 64 65
34 35 66
34 65 66
35 36 67
35 66 67
36 37 68
36 67 68
37 38 69
37 68 69
38 39 70
38 69 70
39 40 71
39 70 71
40 41 72
40 71 72
41 42 73
41 72 73
42 43 74
42 73 74
43 44 75
43 74 75
44 45 76
44 75 76
45 46 77
45 76 77
46 47 78
46 77 78
47 48 79
47 78 79
48 49 80
48 79 80
49 50 81
49 80 81
50 51 82
50 81 82
51 52 83
51 82 83
52 53 84
52 83 84
53 54 85
53 84 85
54 55 86
54 85 86
55 56 87
55 86 87
56 57 88
56 87 88
57 58 89
57 88 89
58 59 90
58 89 90
59 60 91
59 90 91
60 61 92
60 91 92
62 63 94
62 93 94
63 64 95
63 94 95
64 65 96
64 95 96
65 66 97
65 96 97
66 67 98
66 97 98
67 68 99
67 98 99
68 69 100
68 99 100
69 70 101
69 100 101
70 71 102
70 101 102
71 72 103
71 102 103
72 73 104
72 103 104
73 74 105
73 104 105
74 75 106
74 105 106
75 76 107
75 106 107
76 77 108
76 107 108
77 78 109
77 108 109
78 79 110
78 109 110
79 80 111
79 110 111
80 81 112
80 111 112
81 82 113
81 112 113
82 83 114
82 113 114
83 84 115
83 114 115
84 85 116
84 115 116
85 86 117
85 116 117
86 87 118
86 117 118
87 88 119
87 118 119
88 89 120
88 119 120
89 90 121
89 120 121
90 91 122
90 121 122
91 92 123
91 122 123
93 94 125
93 124 125
94 95 126
94 125 126
95 96 127
95 126 127
96 97 128
96 127 128
97 98 129
97 128 129
98 99 130
98 129 130
99 100 131
99 130 131
100 101 132
100 131 132
101 102 133
101 132 133
102 103 134
102 133 134
103 104 135
103 134 135
104 105 136
104 135 136
105 106 961
106 137 961
105 136 961
136 961 962
137 961 962
106 107 963
107 138 963
106 137 963
137 963 964
138 963 964
107 108 965
108 139 965
107 138 965
138 965 966
139 965 966
108 109 967
109 140 967
108 139 967
139 967 968
140 967 968
109 110 969
110 141 969
109 140 969
140 969 970
141 969 970
110 111 142
110 141 142
111 112 143
111 142 143
112 113 144
112 143 144
113 114 145
113 144 145
114 115 146
114 145 146
115 116 147
115 146 147
116 117 148
116 147 148
117 118 149
117 148 149
118 119 150
118 149 150
119 120 151
119 150 151
120 121 152
120 151 152
121 122 153
121 152 153
122 123 154
122 153 154
124 125 156
124 155 156
125 126 157
125 156 157
126 127 158
126 157 158
127 128 159
127 158 159
128 129 160
128 159 160
129 130 161
129 160 161
130 131 162
130 161 162
131 132 163
131 162 163
132 133 164
132 163 164
133 134 971
134 165 971
133 164 971
164 971 972
165 971 972
134 135 973
135 166 973
134 165 973
165 973 974
166 973 974
135 136 976
136 975 976
167 975 976
135 166 976
166 976 977
167 976 977
137 962 979
136 962 979
137 978 979
168 978 979
167 975 979
136 975 979
167 979 980
168 979 980
138 964 982
137 964 982
138 981 982
169 981 982
168 978 982
137 978 982
168 982 983
169 982 983
139 966 985
138 966 985
139 984 985
170 984 985
169 981 985
138 981 985
169 985 986
170 985 986
140 968 988
139 968 988
140 987 988
171 987 988
170 984 988
139 984 988
170 988 989
171 988 989
141 970 991
140 970 991
141 990 991
172 990 991
171 987 991
140 987 991
171 991 992
172 991 992
141 142 993
142 173 993
172 990 993
141 990 993
172 993 994
173 993 994
142 143 995
143 174 995
142 173 995
173 995 996
174 995 996
143 144 997
144 175 997
143 174 997
174 997 998
175 997 998
144 145 176
144 175 176
145 146 177
145 176 177
146 147 178
146 177 178
147 148 179
147 178 179
148 149 180
148 179 180
149 150 181
149 180 181
150 151 182
150 181 182
151 152 183
151 182 183
152 153 184
152 183 184
153 154 185
153 184 185
155 156 187
155 186 187
156 157 188
156 187 188
157 158 189
157 188 189
158 159 190
158 189 190
159 160 191
159 190 191
160 161 192
160 191 192
161 162 193
161 192 193
162 163 194
162 193 194
163 164 1000
164 999 1000
195 999 1000
163 194 1000
194 1000 1001
195 1000 1001
165 972 1003
164 972 1003
165 1002 1003
196 1002 1003
195 999 1003
164 999 1003
195 1003 1004
196 1003 1004
166 974 1006
165 974 1006
166 1005 1006
197 1005 1006
196 1002 1006
165 1002 1006
196 1006 1007
197 1006 1007
167 977 1009
166 977 1009
167 1008 1009
198 1008 1009
197 1005 1009
166 1005 1009
197 1009 1010
198 1009 1010
168 980 1012
167 980 1012
168 1011 1012
199 1011 1012
198 1008 1012
167 1008 1012
198 1012 1013
199 1012 1013
169 983 1014
168 983 1014
169 200 1014
199 1011 1014
168 1011 1014
199 200 1014
170 986 1015
169 986 1015
170 201 1015
169 200 1015
200 201 1015
171 989 1016
170 989 1016
171 202 1016
170 201 1016
201 202 1016
172 992 1017
171 992 1017
172 203 1017
171 202 1017
202 203 1017
173 994 1019
172 994 1019
173 1018 1019
204 1018 1019
172 203 1019
203 204 1019
174 996 1021
173 996 1021
174 1020 1021
205 1020 1021
204 1018 1021
173 1018 1021
204 1021 1022
205 1021 1022
175 998 1024
174 998 1024
175 1023 1024
206 1023 1024
205 1020 1024
174 1020 1024
205 1024 1025
206 1024 1025
175 176 1026
176 207 1026
206 1023 1026
175 1023 1026
206 1026 1027
207 1026 1027
176 177 208
176 207 208
177 178 209
177 208 209
178 179 210
178 209 210
179 180 211
179 210 211
180 181 212
180 211 212
181 182 213
181 212 213
182 183 214
182 213 214
183 184 215
183 214 215
184 185 216
184 215 216
186 187 218
186 217 218
187 188 219
187 218 219
188 189 220
188 219 220
189 190 221
189 220 221
190 191 222
190 221 222
191 192 223
191 222 223
192 193 224
192 223 224
193 194 1029
194 1028 1029
225 1028 1029
193 224 1029
224 1029 1030
225 1029 1030
195 1001 1032
194 1001 1032
195 1031 1032
226 1031 1032
225 1028 1032
194 1028 1032
225 1032 1033
226 1032 1033
196 1004 1035
195 1004 1035
196 1034 1035
227 1034 1035
226 1031 1035
195 1031 1035
226 1035 1036
227 1035 1036
197 1007 1037
196 1007 1037
197 228 1037
227 1034 1037
196 1034 1037
227 228 1037
198 1010 1038
197 1010 1038
198 229 1038
197 228 1038
228 229 1038
199 1013 1039
198 1013 1039
199 230 1039
198 229 1039
229 230 1039
199 200 231
199 230 231
200 201 232
200 231 232
201 202 233
201 232 233
202 203 234
202 233 234
203 204 235
203 234 235
205 1022 1040
204 1022 1040
205 236 1040
204 235 1040
235 236 1040
206 1025 1041
205 1025 1041
206 237 1041
205 236 1041
236 237 1041
207 1027 1043
206 1027 1043
207 1042 1043
238 1042 1043
206 237 1043
237 238 1043
207 208 1044
208 239 1044
238 1042 1044
207 1042 1044
238 1044 1045
239 1044 1045
208 209 240
208 239 240
209 210 241
209 240 241
210 211 242
210 241 242
211 212 243
211 242 243
212 213 244
212 243 244
213 214 245
213 244 245
214 215 246
214 245 246
215 216 247
215 246 247
217 218 249
217 248 249
218 219 250
218 249 250
219 220 251
219 250 251
220 221 252
220 251 252
221 222 253
221 252 253
222 223 254
222 253 254
223 224 1047
224 1046 1047
255 1046 1047
223 254 1047
254 1047 1048
255 1047 1048
225 1030 1050
224 1030 1050
225 1049 1050
256 1049 1050
255 1046 1050
224 1046 1050
255 1050 1051
256 1050 1051
226 1033 1053
225 1033 1053
226 1052 1053
257 1052 1053
256 1049 1053
225 1049 1053
256 1053 1054
257 1053 1054
227 1036 1055
226 1036 1055
227 258 1055
257 1052 1055
226 1052 1055
257 258 1055
227 228 259
227 258 259
228 229 260
228 259 260
229 230 261
229 260 261
230 231 262
230 261 262
231 232 263
231 262 263
232 233 264
232 263 264
233 234 265
233 264 265
234 235 266
234 265 266
235 236 267
235 266 267
236 237 268
236 267 268
237 238 269
237 268 269
239 1045 1057
238 1045 1057
239 1056 1057
270 1056 1057
238 269 1057
269 270 1057
239 240 1058
240 271 1058
270 1056 1058
239 1056 1058
270 1058 1059
271 1058 1059
240 241 272
240 271 272
241 242 273
241 272 273
242 243 274
242 273 274
243 244 275
243 274 275
244 245 276
244 275 276
245 246 277
245 276 277
246 247 278
246 277 278
248 249 280
248 279 280
249 250 281
249 280 281
250 251 282
250 281 282
251 252 283
251 282 283
252 253 284
252 283 284
253 254 1061
254 1060 1061
285 1060 1061
253 284 1061
284 1061 1062
285 1061 1062
255 1048 1064
254 1048 1064
255 1063 1064
286 1063 1064
285 1060 1064
254 1060 1064
285 1064 1065
286 1064 1065
256 1051 1067
255 1051 1067
256 1066 1067
287 1066 1067
286 1063 1067
255 1063 1067
286 1067 1068
287 1067 1068
257 1054 1069
256 1054 1069
257 288 1069
287 1066 1069
256 1066 1069
287 288 1069
257 258 289
257 288 289
258 259 290
258 289 290
259 260 291
259 290 291
260 261 292
260 291 292
261 262 293
261 292 293
262 263 294
262 293 294
263 264 295
263 294 295
264 265 296
264 295 296
265 266 297
265 296 297
266 267 298
266 297 298
267 268 299
267 298 299
268 269 300
268 299 300
269 270 301
269 300 301
271 1059 1071
270 1059 1071
271 1070 1071
302 1070 1071
270 301 1071
301 302 1071
271 272 1072
272 303 1072
302 1070 1072
271 1070 1072
302 1072 1073
303 1072 1073
272 273 304
272 303 304
273 274 305
273 304 305
274 275 306
274 305 306
275 276 307
275 306 307
276 277 308
276 307 308
277 278 309
277 308 309
279 280 311
279 310 311
280 281 312
280 311 312
281 282 313
281 312 313
282 283 314
282 313 314
283 284 1075
284 1074 1075
315 1074 1075
283 314 1075
314 315 1075
285 1062 1077
284 1062 1077
285 1076 1077
316 1076 1077
315 1074 1077
284 1074 1077
315 1077 1078
316 1077 1078
286 1065 1080
285 1065 1080
286 1079 1080
317 1079 1080
316 1076 1080
285 1076 1080
316 1080 1081
317 1080 1081
287 1068 1082
286 1068 1082
287 318 1082
317 1079 1082
286 1079 1082
317 318 1082
287 288 319
287 318 319
288 289 320
288 319 320
289 290 321
289 320 321
290 291 322
290 321 322
291 292 323
291 322 323
292 293 324
292 323 324
293 294 325
293 324 325
294 295 326
294 325 326
295 296 327
295 326 327
296 297 328
296 327 328
297 298 329
297 328 329
298 299 330
298 329 330
299 300 331
299 330 331
300 301 332
300 331 332
301 302 333
301 332 333
303 1073 1084
302 1073 1084
303 1083 1084
334 1083 1084
302 333 1084
333 334 1084
303 304 1085
304 335 1085
334 1083 1085
303 1083 1085
334 1085 1086
335 1085 1086
304 305 336
304 335 336
305 306 337
305 336 337
306 307 338
306 337 338
307 308 339
307 338 339
308 309 340
308 339 340
310 311 342
310 341 342
311 312 343
311 342 343
312 313 344
312 343 344
313 314 345
313 344 345
314 315 1088
315 1087 1088
346 1087 1088
314 345 1088
345 346 1088
316 1078 1090
315 1078 1090
316 1089 1090
347 1089 1090
346 1087 1090
315 1087 1090
346 1090 1091
347 1090 1091
317 1081 1092
316 1081 1092
317 348 1092
347 1089 1092
316 1089 1092
347 348 1092
317 318 349
317 348 349
318 319 350
318 349 350
319 320 351
319 350 351
320 321 352
320 351 352
321 322 353
321 352 353
322 323 354
322 353 354
323 324 355
323 354 355
324 325 356
324 355 356
325 326 357
325 356 357
326 327 358
326 357 358
327 328 359
327 358 359
328 329 360
328 359 360
329 330 361
329 360 361
330 331 362
330 361 362
331 332 363
331 362 363
332 333 364
332 363 364
333 334 1094
334 1093 1094
365 1093 1094
333 364 1094
364 365 1094
335 1086 1096
334 1086 1096
335 1095 1096
366 1095 1096
365 1093 1096
334 1093 1096
365 1096 1097
366 1096 1097
335 336 1098
336 367 1098
366 1095 1098
335 1095 1098
366 367 1098
336 337 368
336 367 368
337 338 369
337 368 369
338 339 370
338 369 370
339 340 371
339 370 371
341 342 373
341 372 373
342 343 374
342 373 374
343 344 375
343 374 375
344 345 376
344 375 376
345 346 1100
346 1099 1100
377 1099 1100
345 376 1100
376 1100 1101
377 1100 1101
347 1091 1103
346 1091 1103
347 1102 1103
378 1102 1103
377 1099 1103
346 1099 1103
377 1103 1104
378 1103 1104
347 348 1105
348 379 1105
378 1102 1105
347 1102 1105
378 379 1105
348 349 380
348 379 380
349 350 381
349 380 381
350 351 382
350 381 382
351 352 383
351 382 383
352 353 384
352 383 384
353 354 385
353 384 385
354 355 386
354 385 386
355 356 387
355 386 387
356 357 388
356 387 388
357 358 389
357 388 389
358 359 390
358 389 390
359 360 391
359 390 391
360 361 392
360 391 392
361 362 393
361 392 393
362 363 394
362 393 394
363 364 395
363 394 395
364 365 1107
365 1106 1107
396 1106 1107
364 395 1107
395 396 1107
366 1097 1109
365 1097 1109
366 1108 1109
397 1108 1109
396 1106 1109
365 1106 1109
396 1109 1110
397 1109 1110
366 367 1111
367 398 1111
397 1108 1111
366 1108 1111
397 398 1111
367 368 399
367 398 399
368 369 400
368 399 400
369 370 401
369 400 401
370 371 402
370 401 402
372 373 404
372 403 404
373 374 405
373 404 405
374 375 406
374 405 406
375 376 1113
376 1112 1113
407 1112 1113
375 406 1113
406 407 1113
377 1101 1115
376 1101 1115
377 1114 1115
408 1114 1115
407 1112 1115
376 1112 1115
407 1115 1116
408 1115 1116
378 1104 1118
377 1104 1118
378 1117 1118
409 1117 1118
408 1114 1118
377 1114 1118
408 1118 1119
409 1118 1119
378 379 1120
379 410 1120
409 1117 1120
378 1117 1120
409 410 1120
379 380 411
379 410 411
380 381 412
380 411 412
381 382 413
381 412 413
382 383 414
382 413 414
383 384 415
383 414 415
384 385 416
384 415 416
385 386 417
385 416 417
386 387 418
386 417 418
387 388 419
387 418 419
388 389 420
388 419 420
389 390 421
389 420 421
390 391 422
390 421 422
391 392 423
391 422 423
392 393 424
392 423 424
393 394 425
393 424 425
394 395 426
394 425 426
395 396 427
395 426 427
397 1110 1122
396 1110 1122
397 1121 1122
428 1121 1122
396 427 1122
427 428 1122
397 398 1123
398 429 1123
428 1121 1123
397 1121 1123
428 1123 1124
429 1123 1124
398 399 430
398 429 430
399 400 431
399 430 431
400 401 432
400 431 432
401 402 433
401 432 433
403 404 435
403 434 435
404 405 436
404 435 436
405 406 437
405 436 437
406 407 1126
407 1125 1126
438 1125 1126
406 437 1126
437 438 1126
408 1116 1128
407 1116 1128
408 1127 1128
439 1127 1128
438 1125 1128
407 1125 1128
438 1128 1129
439 1128 1129
409 1119 1130
408 1119 1130
409 440 1130
439 1127 1130
408 1127 1130
439 440 1130
409 410 441
409 440 441
410 411 442
410 441 442
411 412 443
411 442 443
412 413 444
412 443 444
413 414 445
413 444 445
414 415 446
414 445 446
415 416 447
415 446 447
416 417 448
416 447 448
417 418 449
417 448 449
418 419 450
418 449 450
419 420 451
419 450 451
420 421 452
420 451 452
421 422 453
421 452 453
422 423 454
422 453 454
423 424 455
423 454 455
424 425 456
424 455 456
425 426 457
425 456 457
426 427 458
426 457 458
427 428 1132
428 1131 1132
459 1131 1132
427 458 1132
458 459 1132
429 1124 1134
428 1124 1134
429 1133 1134
460 1133 1134
459 1131 1134
428 1131 1134
459 1134 1135
460 1134 1135
429 430 1136
430 461 1136
460 1133 1136
429 1133 1136
460 461 1136
430 431 462
430 461 462
431 432 463
431 462 463
432 433 464
432 463 464
434 435 466
434 465 466
435 436 467
435 466 467
436 437 468
436 467 468
437 438 1138
438 1137 1138
469 1137 1138
437 468 1138
468 469 1138
439 1129 1140
438 1129 1140
439 1139 1140
470 1139 1140
469 1137 1140
438 1137 1140
469 1140 1141
470 1140 1141
439 440 1142
440 471 1142
470 1139 1142
439 1139 1142
470 471 1142
440 441 472
440 471 472
441 442 473
441 472 473
442 443 474
442 473 474
443 444 475
443 474 475
444 445 476
444 475 476
445 446 477
445 476 477
446 447 478
446 477 478
447 448 479
447 478 479
448 449 480
448 479 480
449 450 481
449 480 481
450 451 482
450 481 482
451 452 483
451 482 483
452 453 484
452 483 484
453 454 485
453 484 485
454 455 486
454 485 486
455 456 487
455 486 487
456 457 488
456 487 488
457 458 489
457 488 489
458 459 1144
459 1143 1144
490 1143 1144
458 489 1144
489 490 1144
460 1135 1146
459 1135 1146
460 1145 1146
491 1145 1146
490 1143 1146
459 1143 1146
490 1146 1147
491 1146 1147
460 461 1148
461 492 1148
491 1145 1148
460 1145 1148
491 492 1148
461 462 493
461 492 493
462 463 494
462 493 494
463 464 495
463 494 495
465 466 497
465 496 497
466 467 498
466 497 498
467 468 499
467 498 499
468 469 1150
469 1149 1150
500 1149 1150
468 499 1150
499 500 1150
470 1141 1152
469 1141 1152
470 1151 1152
501 1151 1152
500 1149 1152
469 1149 1152
500 1152 1153
501 1152 1153
470 471 1154
471 502 1154
501 1151 1154
470 1151 1154
501 502 1154
471 472 503
471 502 503
472 473 504
472 503 504
473 474 505
473 504 505
474 475 506
474 505 506
475 476 507
475 506 507
476 477 508
476 507 508
477 478 509
477 508 509
478 479 510
478 509 510
479 480 511
479 510 511
480 481 512
480 511 512
481 482 513
481 512 513
482 483 514
482 513 514
483 484 515
483 514 515
484 485 516
484 515 516
485 486 517
485 516 517
486 487 518
486 517 518
487 488 519
487 518 519
488 489 520
488 519 520
489 490 1156
490 1155 1156
521 1155 1156
489 520 1156
520 521 1156
491 1147 1158
490 1147 1158
491 1157 1158
522 1157 1158
521 1155 1158
490 1155 1158
521 1158 1159
522 1158 1159
491 492 1160
492 523 1160
522 1157 1160
491 1157 1160
522 523 1160
492 493 524
492 523 524
493 494 525
493 524 525
494 495 526
494 525 526
496 497 528
496 527 528
497 498 529
497 528 529
498 499 530
498 529 530
499 500 1162
500 1161 1162
531 1161 1162
499 530 1162
530 531 1162
501 1153 1164
500 1153 1164
501 1163 1164
532 1163 1164
531 1161 1164
500 1161 1164
531 1164 1165
532 1164 1165
501 502 1166
502 533 1166
532 1163 1166
501 1163 1166
532 533 1166
502 503 534
502 533 534
503 504 535
503 534 535
504 505 536
504 535 536
505 506 537
505 536 537
506 507 538
506 537 538
507 508 539
507 538 539
508 509 540
508 539 540
509 510 541
509 540 541
510 511 542
510 541 542
511 512 543
511 542 543
512 513 544
512 543 544
513 514 545
513 544 545
514 515 546
514 545 546
515 516 547
515 546 547
516 517 548
516 547 548
517 518 549
517 548 549
518 519 550
518 549 550
519 520 551
519 550 551
520 521 1168
521 1167 1168
552 1167 1168
520 551 1168
551 1168 1169
552 1168 1169
522 1159 1171
521 1159 1171
522 1170 1171
553 1170 1171
552 1167 1171
521 1167 1171
552 1171 1172
553 1171 1172
522 523 1173
523 554 1173
553 1170 1173
522 1170 1173
553 554 1173
523 524 555
523 554 555
524 525 556
524 555 556
525 526 557
525 556 557
527 528 559
527 558 559
528 529 560
528 559 560
529 530 561
529 560 561
530 531 562
530 561 562
532 1165 1175
531 1165 1175
532 1174 1175
563 1174 1175
531 562 1175
562 563 1175
532 533 1176
533 564 1176
563 1174 1176
532 1174 1176
563 1176 1177
564 1176 1177
533 534 565
533 564 565
534 535 566
534 565 566
535 536 567
535 566 567
536 537 568
536 567 568
537 538 569
537 568 569
538 539 570
538 569 570
539 540 571
539 570 571
540 541 572
540 571 572
541 542 573
541 572 573
542 543 574
542 573 574
543 544 575
543 574 575
544 545 576
544 575 576
545 546 577
545 576 577
546 547 578
546 577 578
547 548 579
547 578 579
548 549 580
548 579 580
549 550 581
549 580 581
550 551 1179
551 1178 1179
582 1178 1179
550 581 1179
581 582 1179
552 1169 1181
551 1169 1181
552 1180 1181
583 1180 1181
582 1178 1181
551 1178 1181
582 1181 1182
583 1181 1182
553 1172 1184
552 1172 1184
553 1183 1184
584 1183 1184
583 1180 1184
552 1180 1184
583 1184 1185
584 1184 1185
553 554 1186
554 585 1186
584 1183 1186
553 1183 1186
584 585 1186
554 555 586
554 585 586
555 556 587
555 586 587
556 557 588
556 587 588
558 559 590
558 589 590
559 560 591
559 590 591
560 561 592
560 591 592
561 562 593
561 592 593
562 563 1188
563 1187 1188
594 1187 1188
562 593 1188
593 594 1188
564 1177 1190
563 1177 1190
564 1189 1190
595 1189 1190
594 1187 1190
563 1187 1190
594 1190 1191
595 1190 1191
564 565 1192
565 596 1192
595 1189 1192
564 1189 1192
595 596 1192
565 566 597
565 596 597
566 567 598
566 597 598
567 568 599
567 598 599
568 569 600
568 599 600
569 570 601
569 600 601
570 571 602
570 601 602
571 572 603
571 602 603
572 573 604
572 603 604
573 574 605
573 604 605
574 575 606
574 605 606
575 576 607
575 606 607
576 577 608
576 607 608
577 578 609
577 608 609
578 579 610
578 609 610
579 580 611
579 610 611
580 581 612
580 611 612
581 582 1194
582 1193 1194
613 1193 1194
581 612 1194
612 613 1194
583 1182 1196
582 1182 1196
583 1195 1196
614 1195 1196
613 1193 1196
582 1193 1196
613 1196 1197
614 1196 1197
584 1185 1198
583 1185 1198
584 615 1198
614 1195 1198
583 1195 1198
614 615 1198
584 585 616
584 615 616
585 586 617
585 616 617
586 587 618
586 617 618
587 588 619
587 618 619
589 590 621
589 620 621
590 591 622
590 621 622
591 592 623
591 622 623
592 593 624
592 623 624
593 594 1200
594 1199 1200
625 1199 1200
593 624 1200
624 625 1200
595 1191 1202
594 1191 1202
595 1201 1202
626 1201 1202
625 1199 1202
594 1199 1202
625 1202 1203
626 1202 1203
595 596 1204
596 627 1204
626 1201 1204
595 1201 1204
626 627 1204
596 597 628
596 627 628
597 598 629
597 628 629
598 599 630
598 629 630
599 600 631
599 630 631
600 601 632
600 631 632
601 602 633
601 632 633
602 603 634
602 633 634
603 604 635
603 634 635
604 605 636
604 635 636
605 606 637
605 636 637
606 607 638
606 637 638
607 608 639
607 638 639
608 609 640
608 639 640
609 610 641
609 640 641
610 611 642
610 641 642
611 612 643
611 642 643
612 613 1206
613 1205 1206
644 1205 1206
612 643 1206
643 1206 1207
644 1206 1207
614 1197 1209
613 1197 1209
614 1208 1209
645 1208 1209
644 1205 1209
613 1205 1209
644 1209 1210
645 1209 1210
614 615 1211
615 646 1211
645 1208 1211
614 1208 1211
645 646 1211
615 616 647
615 646 647
616 617 648
616 647 648
617 618 649
617 648 649
618 619 650
618 649 650
620 621 652
620 651 652
621 622 653
621 652 653
622 623 654
622 653 654
623 624 655
623 654 655
624 625 656
624 655 656
626 1203 1213
625 1203 1213
626 1212 1213
657 1212 1213
625 656 1213
656 657 1213
626 627 1214
627 658 1214
657 1212 1214
626 1212 1214
657 1214 1215
658 1214 1215
627 628 659
627 658 659
628 629 660
628 659 660
629 630 661
629 660 661
630 631 662
630 661 662
631 632 663
631 662 663
632 633 664
632 663 664
633 634 665
633 664 665
634 635 666
634 665 666
635 636 667
635 666 667
636 637 668
636 667 668
637 638 669
637 668 669
638 639 670
638 669 670
639 640 671
639 670 671
640 641 672
640 671 672
641 642 673
641 672 673
642 643 1217
643 1216 1217
674 1216 1217
642 673 1217
673 1217 1218
674 1217 1218
644 1207 1220
643 1207 1220
644 1219 1220
675 1219 1220
674 1216 1220
643 1216 1220
674 1220 1221
675 1220 1221
645 1210 1223
644 1210 1223
645 1222 1223
676 1222 1223
675 1219 1223
644 1219 1223
675 1223 1224
676 1223 1224
645 646 1225
646 677 1225
676 1222 1225
645 1222 1225
676 677 1225
646 647 678
646 677 678
647 648 679
647 678 679
648 649 680
648 679 680
649 650 681
649 680 681
651 652 683
651 682 683
652 653 684
652 683 684
653 654 685
653 684 685
654 655 686
654 685 686
655 656 687
655 686 687
656 657 688
656 687 688
658 1215 1227
657 1215 1227
658 1226 1227
689 1226 1227
657 688 1227
688 689 1227
658 659 1228
659 690 1228
689 1226 1228
658 1226 1228
689 1228 1229
690 1228 1229
659 660 691
659 690 691
660 661 692
660 691 692
661 662 693
661 692 693
662 663 694
662 693 694
663 664 695
663 694 695
664 665 696
664 695 696
665 666 697
665 696 697
666 667 698
666 697 698
667 668 699
667 698 699
668 669 700
668 699 700
669 670 701
669 700 701
670 671 702
670 701 702
671 672 703
671 702 703
672 673 1231
673 1230 1231
704 1230 1231
672 703 1231
703 1231 1232
704 1231 1232
674 1218 1234
673 1218 1234
674 1233 1234
705 1233 1234
704 1230 1234
673 1230 1234
704 1234 1235
705 1234 1235
675 1221 1237
674 1221 1237
675 1236 1237
706 1236 1237
705 1233 1237
674 1233 1237
705 1237 1238
706 1237 1238
676 1224 1239
675 1224 1239
676 707 1239
706 1236 1239
675 1236 1239
706 707 1239
676 677 708
676 707 708
677 678 709
677 708 709
678 679 710
678 709 710
679 680 711
679 710 711
680 681 712
680 711 712
682 683 714
682 713 714
683 684 715
683 714 715
684 685 716
684 715 716
685 686 717
685 716 717
686 687 718
686 717 718
687 688 719
687 718 719
688 689 720
688 719 720
690 1229 1241
689 1229 1241
690 1240 1241
721 1240 1241
689 720 1241
720 721 1241
690 691 1242
691 722 1242
721 1240 1242
690 1240 1242
721 1242 1243
722 1242 1243
691 692 723
691 722 723
692 693 724
692 723 724
693 694 725
693 724 725
694 695 726
694 725 726
695 696 727
695 726 727
696 697 728
696 727 728
697 698 729
697 728 729
698 699 730
698 729 730
699 700 731
699 730 731
700 701 732
700 731 732
701 702 733
701 732 733
702 703 1245
703 1244 1245
734 1244 1245
702 733 1245
733 1245 1246
734 1245 1246
704 1232 1248
703 1232 1248
704 1247 1248
735 1247 1248
734 1244 1248
703 1244 1248
734 1248 1249
735 1248 1249
705 1235 1251
704 1235 1251
705 1250 1251
736 1250 1251
735 1247 1251
704 1247 1251
735 1251 1252
736 1251 1252
706 1238 1253
705 1238 1253
706 737 1253
736 1250 1253
705 1250 1253
736 737 1253
706 707 738
706 737 738
707 708 739
707 738 739
708 709 740
708 739 740
709 710 741
709 740 741
710 711 742
710 741 742
711 712 743
711 742 743
713 714 745
713 744 745
714 715 746
714 745 746
715 716 747
715 746 747
716 717 748
716 747 748
717 718 749
717 748 749
718 719 750
718 749 750
719 720 751
719 750 751
720 721 752
720 751 752
722 1243 1255
721 1243 1255
722 1254 1255
753 1254 1255
721 752 1255
752 753 1255
722 723 1256
723 754 1256
753 1254 1256
722 1254 1256
753 1256 1257
754 1256 1257
723 724 1258
724 755 1258
723 754 1258
754 1258 1259
755 1258 1259
724 725 1260
725 756 1260
724 755 1260
755 1260 1261
756 1260 1261
725 726 757
725 756 757
726 727 758
726 757 758
727 728 759
727 758 759
728 729 760
728 759 760
729 730 761
729 760 761
730 731 1262
731 762 1262
730 761 1262
761 1262 1263
762 1262 1263
731 732 1264
732 763 1264
731 762 1264
762 1264 1265
763 1264 1265
732 733 1267
733 1266 1267
764 1266 1267
732 763 1267
763 1267 1268
764 1267 1268
734 1246 1270
733 1246 1270
734 1269 1270
765 1269 1270
764 1266 1270
733 1266 1270
764 1270 1271
765 1270 1271
735 1249 1273
734 1249 1273
735 1272 1273
766 1272 1273
765 1269 1273
734 1269 1273
765 1273 1274
766 1273 1274
736 1252 1275
735 1252 1275
736 767 1275
766 1272 1275
735 1272 1275
766 767 1275
736 737 768
736 767 768
737 738 769
737 768 769
738 739 770
738 769 770
739 740 771
739 770 771
740 741 772
740 771 772
741 742 773
741 772 773
742 743 774
742 773 774
744 745 776
744 775 776
745 746 777
745 776 777
746 747 778
746 777 778
747 748 779
747 778 779
748 749 780
748 779 780
749 750 781
749 780 781
750 751 782
750 781 782
751 752 783
751 782 783
752 753 784
752 783 784
754 1257 1277
753 1257 1277
754 1276 1277
785 1276 1277
753 784 1277
784 785 1277
755 1259 1279
754 1259 1279
755 1278 1279
786 1278 1279
785 1276 1279
754 1276 1279
785 1279 1280
786 1279 1280
756 1261 1282
755 1261 1282
756 1281 1282
787 1281 1282
786 1278 1282
755 1278 1282
786 1282 1283
787 1282 1283
756 757 1284
757 788 1284
787 1281 1284
756 1281 1284
787 1284 1285
788 1284 1285
757 758 1286
758 789 1286
757 788 1286
788 1286 1287
789 1286 1287
758 759 1288
759 790 1288
758 789 1288
789 1288 1289
790 1288 1289
759 760 1290
760 791 1290
759 790 1290
790 1290 1291
791 1290 1291
760 761 1293
761 1292 1293
792 1292 1293
760 791 1293
791 1293 1294
792 1293 1294
762 1263 1296
761 1263 1296
762 1295 1296
793 1295 1296
792 1292 1296
761 1292 1296
792 1296 1297
793 1296 1297
763 1265 1299
762 1265 1299
763 1298 1299
794 1298 1299
793 1295 1299
762 1295 1299
793 1299 1300
794 1299 1300
764 1268 1302
763 1268 1302
764 1301 1302
795 1301 1302
794 1298 1302
763 1298 1302
794 1302 1303
795 1302 1303
765 1271 1305
764 1271 1305
765 1304 1305
796 1304 1305
795 1301 1305
764 1301 1305
795 1305 1306
796 1305 1306
766 1274 1307
765 1274 1307
766 797 1307
796 1304 1307
765 1304 1307
796 797 1307
766 767 798
766 797 798
767 768 799
767 798 799
768 769 800
768 799 800
769 770 801
769 800 801
770 771 802
770 801 802
771 772 803
771 802 803
772 773 804
772 803 804
773 774 805
773 804 805
775 776 807
775 806 807
776 777 808
776 807 808
777 778 809
777 808 809
778 779 810
778 809 810
779 780 811
779 810 811
780 781 812
780 811 812
781 782 813
781 812 813
782 783 814
782 813 814
783 784 815
783 814 815
784 785 816
784 815 816
786 1280 1308
785 1280 1308
786 817 1308
785 816 1308
816 817 1308
787 1283 1309
786 1283 1309
787 818 1309
786 817 1309
817 818 1309
788 1285 1311
787 1285 1311
788 1310 1311
819 1310 1311
787 818 1311
818 819 1311
789 1287 1313
788 1287 1313
789 1312 1313
820 1312 1313
819 1310 1313
788 1310 1313
819 1313 1314
820 1313 1314
790 1289 1316
789 1289 1316
790 1315 1316
821 1315 1316
820 1312 1316
789 1312 1316
820 1316 1317
821 1316 1317
791 1291 1319
790 1291 1319
791 1318 1319
822 1318 1319
821 1315 1319
790 1315 1319
821 1319 1320
822 1319 1320
792 1294 1322
791 1294 1322
792 1321 1322
823 1321 1322
822 1318 1322
791 1318 1322
822 1322 1323
823 1322 1323
793 1297 1325
792 1297 1325
793 1324 1325
824 1324 1325
823 1321 1325
792 1321 1325
823 1325 1326
824 1325 1326
794 1300 1327
793 1300 1327
794 825 1327
824 1324 1327
793 1324 1327
824 825 1327
795 1303 1328
794 1303 1328
795 826 1328
794 825 1328
825 826 1328
796 1306 1329
795 1306 1329
796 827 1329
795 826 1329
826 827 1329
796 797 828
796 827 828
797 798 829
797 828 829
798 799 830
798 829 830
799 800 831
799 830 831
800 801 832
800 831 832
801 802 833
801 832 833
802 803 834
802 833 834
803 804 835
803 834 835
804 805 836
804 835 836
806 807 838
806 837 838
807 808 839
807 838 839
808 809 840
808 839 840
809 810 841
809 840 841
810 811 842
810 841 842
811 812 843
811 842 843
812 813 844
812 843 844
813 814 845
813 844 845
814 815 846
814 845 846
815 816 847
815 846 847
816 817 848
816 847 848
817 818 849
817 848 849
818 819 850
818 849 850
820 1314 1330
819 1314 1330
820 851 1330
819 850 1330
850 851 1330
821 1317 1331
820 1317 1331
821 852 1331
820 851 1331
851 852 1331
822 1320 1332
821 1320 1332
822 853 1332
821 852 1332
852 853 1332
823 1323 1333
822 1323 1333
823 854 1333
822 853 1333
853 854 1333
824 1326 1334
823 1326 1334
824 855 1334
823 854 1334
854 855 1334
824 825 856
824 855 856
825 826 857
825 856 857
826 827 858
826 857 858
827 828 859
827 858 859
828 829 860
828 859 860
829 830 861
829 860 861
830 831 862
830 861 862
831 832 863
831 862 863
832 833 864
832 863 864
833 834 865
833 864 865
834 835 866
834 865 866
835 836 867
835 866 867
837 838 869
837 868 869
838 839 870
838 869 870
839 840 871
839 870 871
840 841 872
840 871 872
841 842 873
841 872 873
842 843 874
842 873 874
843 844 875
843 874 875
844 845 876
844 875 876
845 846 877
845 876 877
846 847 878
846 877 878
847 848 879
847 878 879
848 849 880
848 879 880
849 850 881
849 880 881
850 851 882
850 881 882
851 852 883
851 882 883
852 853 884
852 883 884
853 854 885
853 884 885
854 855 886
854 885 886
855 856 887
855 886 887
856 857 888
856 887 888
857 858 889
857 888 889
858 859 890
858 889 890
859 860 891
859 890 891
860 861 892
860 891 892
861 862 893
861 892 893
862 863 894
862 893 894
863 864 895
863 894 895
864 865 896
864 895 896
865 866 897
865 896 897
866 867 898
866 897 898
868 869 900
868 899 900
869 870 901
869 900 901
870 871 902
870 901 902
871 872 903
871 902 903
872 873 904
872 903 904
873 874 905
873 904 905
874 875 906
874 905 906
875 876 907
875 906 907
876 877 908
876 907 908
877 878 909
877 908 909
878 879 910
878 909 910
879 880 911
879 910 911
880 881 912
880 911 912
881 882 913
881 912 913
882 883 914
882 913 914
883 884 915
883 914 915
884 885 916
884 915 916
885 886 917
885 916 917
886 887 918
886 917 918
887 888 919
887 918 919
888 889 920
888 919 920
889 890 921
889 920 921
890 891 922
890 921 922
891 892 923
891 922 923
892 893 924
892 923 924
893 894 925
893 924 925
894 895 926
894 925 926
895 896 927
895 926 927
896 897 928
896 927 928
897 898 929
897 928 929
899 900 931
899 930 931
900 901 932
900 931 932
901 902 933
901 932 933
902 903 934
902 933 934
903 904 935
903 934 935
904 905 936
904 935 936
905 906 937
905 936 937
906 907 938
906 937 938
907 908 939
907 938 939
908 909 940
908 939 940
909 910 941
909 940 941
910 911 942
910 941 942
911 912 943
911 942 943
912 913 944
912 943 944
913 914 945
913 944 945
914 915 946
914 945 946
915 916 947
915 946 947
916 917 948
916 947 948
917 918 949
917 948 949
918 919 950
918 949 950
919 920 951
919 950 951
920 921 952
920 951 952
921 922 953
921 952 953
922 923 954
922 953 954
923 924 955
923 954 955
924 925 956
924 955 956
925 926 957
925 956 957
926 927 958
926 957 958
927 928 959
927 958 959
928 929 960
928 959 960
