ID=2099438
numvertices=1482
numsimplices=2834
vertices
-1.500000e+00 -1.500000e+00
-1.406250e+00 -1.500000e+00
-1.312500e+00 -1.500000e+00
-1.218750e+00 -1.500000e+00
-1.125000e+00 -1.500000e+00
-1.031250e+00 -1.500000e+00
-9.375000e-01 -1.500000e+00
-8.437500e-01 -1.500000e+00
-7.500000e-01 -1.500000e+00
-6.562500e-01 -1.500000e+00
-5.625000e-01 -1.500000e+00
-4.687500e-01 -1.500000e+00
-3.750000e-01 -1.500000e+00
-2.812500e-01 -1.500000e+00
-1.875000e-01 -1.500000e+00
-9.375000e-02 -1.500000e+00
0.000000e+00 -1.500000e+00
9.375000e-02 -1.500000e+00
1.875000e-01 -1.500000e+00
2.812500e-01 -1.500000e+00
3.750000e-01 -1.500000e+00
4.687500e-01 -1.500000e+00
5.625000e-01 -1.500000e+00
6.562500e-01 -1.500000e+00
7.500000e-01 -1.500000e+00
8.437500e-01 -1.500000e+00
9.375000e-01 -1.500000e+00
1.031250e+00 -1.500000e+00
1.125000e+00 -1.500000e+00
1.218750e+00 -1.500000e+00
1.312500e+00 -1.500000e+00
1.406250e+00 -1.500000e+00
1.500000e+00 -1.500000e+00
-1.500000e+00 -1.406250e+00
-1.406250e+00 -1.406250e+00
-1.312500e+00 -1.406250e+00
-1.218750e+00 -1.406250e+00
-1.125000e+00 -1.406250e+00
-1.031250e+00 -1.406250e+00
-9.375000e-01 -1.406250e+00
-8.437500e-01 -1.406250e+00
-7.500000e-01 -1.406250e+00
-6.562500e-01 -1.406250e+00
-5.625000e-01 -1.406250e+00
-4.687500e-01 -1.406250e+00
-3.750000e-01 -1.406250e+00
-2.812500e-01 -1.406250e+00
-1.875000e-01 -1.406250e+00
-9.375000e-02 -1.406250e+00
0.000000e+00 -1.406250e+00
9.375000e-02 -1.406250e+00
1.875000e-01 -1.406250e+00
2.812500e-01 -1.406250e+00
3.750000e-01 -1.406250e+00
4.687500e-01 -1.406250e+00
5.625000e-01 -1.406250e+00
6.562500e-01 -1.406250e+00
7.500000e-01 -1.406250e+00
8.437500e-01 -1.406250e+00
9.375000e-01 -1.406250e+00
1.031250e+00 -1.406250e+00
1.125000e+00 -1.406250e+00
1.218750e+00 -1.406250e+00
1.312500e+00 -1.406250e+00
1.406250e+00 -1.406250e+00
1.500000e+00 -1.406250e+00
-1.500000e+00 -1.312500e+00
-1.406250e+00 -1.312500e+00
-1.312500e+00 -1.312500e+00
-1.218750e+00 -1.312500e+00
-1.125000e+00 -1.312500e+00
-1.031250e+00 -1.312500e+00
-9.375000e-01 -1.312500e+00
-8.437500e-01 -1.312500e+00
-7.500000e-01 -1.312500e+00
-6.562500e-01 -1.312500e+00
-5.625000e-01 -1.312500e+00
-4.687500e-01 -1.312500e+00
-3.750000e-01 -1.312500e+00
-2.812500e-01 -1.312500e+00
-1.875000e-01 -1.312500e+00
-9.375000e-02 -1.312500e+00
0.000000e+00 -1.312500e+00
9.375000e-02 -1.312500e+00
1.875000e-01 -1.312500e+00
2.812500e-01 -1.312500e+00
3.750000e-01 -1.312500e+00
4.687500e-01 -1.312500e+00
5.625000e-01 -1.312500e+00
6.562500e-01 -1.312500e+00
7.500000e-01 -1.312500e+00
8.437500e-01 -1.312500e+00
9.375000e-01 -1.312500e+00
1.031250e+00 -1.312500e+00
1.125000e+00 -1.312500e+00
1.218750e+00 -1.312500e+00
1.312500e+00 -1.312500e+00
1.406250e+00 -1.312500e+00
1.500000e+00 -1.312500e+00
-1.500000e+00 -1.218750e+00
-1.406250e+00 -1.218750e+00
-1.312500e+00 -1.218750e+00
-1.218750e+00 -1.218750e+00
-1.125000e+00 -1.218750e+00
-1.031250e+00 -1.218750e+00
-9.375000e-01 -1.218750e+00
-8.437500e-01 -1.218750e+00
-7.500000e-01 -1.218750e+00
-6.562500e-01 -1.218750e+00
-5.625000e-01 -1.218750e+00
-4.687500e-01 -1.218750e+00
-3.750000e-01 -1.218750e+00
-2.812500e-01 -1.218750e+00
-1.875000e-01 -1.218750e+00
-9.375000e-02 -1.218750e+00
0.000000e+00 -1.218750e+00
9.375000e-02 -1.218750e+00
1.875000e-01 -1.218750e+00
2.812500e-01 -1.218750e+00
3.750000e-01 -1.218750e+00
4.687500e-01 -1.218750e+00
5.625000e-01 -1.218750e+00
6.562500e-01 -1.218750e+00
7.500000e-01 -1.218750e+00
8.437500e-01 -1.218750e+00
9.375000e-01 -1.218750e+00
1.031250e+00 -1.218750e+00
1.125000e+00 -1.218750e+00
1.218750e+00 -1.218750e+00
1.312500e+00 -1.218750e+00
1.406250e+00 -1.218750e+00
1.500000e+00 -1.218750e+00
-1.500000e+00 -1.125000e+00
-1.406250e+00 -1.125000e+00
-1.312500e+00 -1.125000e+00
-1.218750e+00 -1.125000e+00
-1.125000e+00 -1.125000e+00
-1.031250e+00 -1.125000e+00
-9.375000e-01 -1.125000e+00
-8.437500e-01 -1.125000e+00
-7.500000e-01 -1.125000e+00
-6.562500e-01 -1.125000e+00
-5.625000e-01 -1.125000e+00
-4.687500e-01 -1.125000e+00
-3.750000e-01 -1.125000e+00
-2.812500e-01 -1.125000e+00
-1.875000e-01 -1.125000e+00
-9.375000e-02 -1.125000e+00
0.000000e+00 -1.125000e+00
9.375000e-02 -1.125000e+00
1.875000e-01 -1.125000e+00
2.812500e-01 -1.125000e+00
3.750000e-01 -1.125000e+00
4.687500e-01 -1.125000e+00
5.625000e-01 -1.125000e+00
6.562500e-01 -1.125000e+00
7.500000e-01 -1.125000e+00
8.437500e-01 -1.125000e+00
9.375000e-01 -1.125000e+00
1.031250e+00 -1.125000e+00
1.125000e+00 -1.125000e+00
1.218750e+00 -1.125000e+00
1.312500e+00 -1.125000e+00
1.406250e+00 -1.125000e+00
1.500000e+00 -1.125000e+00
-1.500000e+00 -1.031250e+00
-1.406250e+00 -1.031250e+00
-1.312500e+00 -1.031250e+00
-1.218750e+00 -1.031250e+00
-1.125000e+00 -1.031250e+00
-1.031250e+00 -1.031250e+00
-9.375000e-01 -1.031250e+00
-8.437500e-01 -1.031250e+00
-7.500000e-01 -1.031250e+00
-6.562500e-01 -1.031250e+00
-5.625000e-01 -1.031250e+00
-4.687500e-01 -1.031250e+00
-3.750000e-01 -1.031250e+00
-2.812500e-01 -1.031250e+00
-1.875000e-01 -1.031250e+00
-9.375000e-02 -1.031250e+00
0.000000e+00 -1.031250e+00
9.375000e-02 -1.031250e+00
1.875000e-01 -1.031250e+00
2.812500e-01 -1.031250e+00
3.750000e-01 -1.031250e+00
4.687500e-01 -1.031250e+00
5.625000e-01 -1.031250e+00
6.562500e-01 -1.031250e+00
7.500000e-01 -1.031250e+00
8.437500e-01 -1.031250e+00
9.375000e-01 -1.031250e+00
1.031250e+00 -1.031250e+00
1.125000e+00 -1.031250e+00
1.218750e+00 -1.031250e+00
1.312500e+00 -1.031250e+00
1.406250e+00 -1.031250e+00
1.500000e+00 -1.031250e+00
-1.500000e+00 -9.375000e-01
-1.406250e+00 -9.375000e-01
-1.312500e+00 -9.375000e-01
-1.218750e+00 -9.375000e-01
-1.125000e+00 -9.375000e-01
-1.031250e+00 -9.375000e-01
-9.375000e-01 -9.375000e-01
-8.437500e-01 -9.375000e-01
-7.500000e-01 -9.375000e-01
-6.562500e-01 -9.375000e-01
-5.625000e-01 -9.375000e-01
-4.687500e-01 -9.375000e-01
-3.750000e-01 -9.375000e-01
-2.812500e-01 -9.375000e-01
-1.875000e-01 -9.375000e-01
-9.375000e-02 -9.375000e-01
0.000000e+00 -9.375000e-01
9.375000e-02 -9.375000e-01
1.875000e-01 -9.375000e-01
2.812500e-01 -9.375000e-01
3.750000e-01 -9.375000e-01
4.687500e-01 -9.375000e-01
5.625000e-01 -9.375000e-01
6.562500e-01 -9.375000e-01
7.500000e-01 -9.375000e-01
8.437500e-01 -9.375000e-01
9.375000e-01 -9.375000e-01
1.031250e+00 -9.375000e-01
1.125000e+00 -9.375000e-01
1.218750e+00 -9.375000e-01
1.312500e+00 -9.375000e-01
1.406250e+00 -9.375000e-01
1.500000e+00 -9.375000e-01
-1.500000e+00 -8.437500e-01
-1.406250e+00 -8.437500e-01
-1.312500e+00 -8.437500e-01
-1.218750e+00 -8.437500e-01
-1.125000e+00 -8.437500e-01
-1.031250e+00 -8.437500e-01
-9.375000e-01 -8.437500e-01
-8.437500e-01 -8.437500e-01
-7.500000e-01 -8.437500e-01
-6.562500e-01 -8.437500e-01
-5.625000e-01 -8.437500e-01
-4.687500e-01 -8.437500e-01
-3.750000e-01 -8.437500e-01
-2.812500e-01 -8.437500e-01
-1.875000e-01 -8.437500e-01
-9.375000e-02 -8.437500e-01
0.000000e+00 -8.437500e-01
9.375000e-02 -8.437500e-01
1.875000e-01 -8.437500e-01
2.812500e-01 -8.437500e-01
3.750000e-01 -8.437500e-01
4.687500e-01 -8.437500e-01
5.625000e-01 -8.437500e-01
6.562500e-01 -8.437500e-01
7.500000e-01 -8.437500e-01
8.437500e-01 -8.437500e-01
9.375000e-01 -8.437500e-01
1.031250e+00 -8.437500e-01
1.125000e+00 -8.437500e-01
1.218750e+00 -8.437500e-01
1.312500e+00 -8.437500e-01
1.406250e+00 -8.437500e-01
1.500000e+00 -8.437500e-01
-1.500000e+00 -7.500000e-01
-1.406250e+00 -7.500000e-01
-1.312500e+00 -7.500000e-01
-1.218750e+00 -7.500000e-01
-1.125000e+00 -7.500000e-01
-1.031250e+00 -7.500000e-01
-9.375000e-01 -7.500000e-01
-8.437500e-01 -7.500000e-01
-7.500000e-01 -7.500000e-01
-6.562500e-01 -7.500000e-01
-5.625000e-01 -7.500000e-01
-4.687500e-01 -7.500000e-01
-3.750000e-01 -7.500000e-01
-2.812500e-01 -7.500000e-01
-1.875000e-01 -7.500000e-01
-9.375000e-02 -7.500000e-01
0.000000e+00 -7.500000e-01
9.375000e-02 -7.500000e-01
1.875000e-01 -7.500000e-01
2.812500e-01 -7.500000e-01
3.750000e-01 -7.500000e-01
4.687500e-01 -7.500000e-01
5.625000e-01 -7.500000e-01
6.562500e-01 -7.500000e-01
7.500000e-01 -7.500000e-01
8.437500e-01 -7.500000e-01
9.375000e-01 -7.500000e-01
1.031250e+00 -7.500000e-01
1.125000e+00 -7.500000e-01
1.218750e+00 -7.500000e-01
1.312500e+00 -7.500000e-01
1.406250e+00 -7.500000e-01
1.500000e+00 -7.500000e-01
-1.500000e+00 -6.562500e-01
-1.406250e+00 -6.562500e-01
-1.312500e+00 -6.562500e-01
-1.218750e+00 -6.562500e-01
-1.125000e+00 -6.562500e-01
-1.031250e+00 -6.562500e-01
-9.375000e-01 -6.562500e-01
-8.437500e-01 -6.562500e-01
-7.500000e-01 -6.562500e-01
-6.562500e-01 -6.562500e-01
-5.625000e-01 -6.562500e-01
-4.687500e-01 -6.562500e-01
-3.750000e-01 -6.562500e-01
-2.812500e-01 -6.562500e-01
-1.875000e-01 -6.562500e-01
-9.375000e-02 -6.562500e-01
0.000000e+00 -6.562500e-01
9.375000e-02 -6.562500e-01
1.875000e-01 -6.562500e-01
2.812500e-01 -6.562500e-01
3.750000e-01 -6.562500e-01
4.687500e-01 -6.562500e-01
5.625000e-01 -6.562500e-01
6.562500e-01 -6.562500e-01
7.500000e-01 -6.562500e-01
8.437500e-01 -6.562500e-01
9.375000e-01 -6.562500e-01
1.031250e+00 -6.562500e-01
1.125000e+00 -6.562500e-01
1.218750e+00 -6.562500e-01
1.312500e+00 -6.562500e-01
1.406250e+00 -6.562500e-01
1.500000e+00 -6.562500e-01
-1.500000e+00 -5.625000e-01
-1.406250e+00 -5.625000e-01
-1.312500e+00 -5.625000e-01
-1.218750e+00 -5.625000e-01
-1.125000e+00 -5.625000e-01
-1.031250e+00 -5.625000e-01
-9.375000e-01 -5.625000e-01
-8.437500e-01 -5.625000e-01
-7.500000e-01 -5.625000e-01
-6.562500e-01 -5.625000e-01
-5.625000e-01 -5.625000e-01
-4.687500e-01 -5.625000e-01
-3.750000e-01 -5.625000e-01
-2.812500e-01 -5.625000e-01
-1.875000e-01 -5.625000e-01
-9.375000e-02 -5.625000e-01
0.000000e+00 -5.625000e-01
9.375000e-02 -5.625000e-01
1.875000e-01 -5.625000e-01
2.812500e-01 -5.625000e-01
3.750000e-01 -5.625000e-01
4.687500e-01 -5.625000e-01
5.625000e-01 -5.625000e-01
6.562500e-01 -5.625000e-01
7.500000e-01 -5.625000e-01
8.437500e-01 -5.625000e-01
9.375000e-01 -5.625000e-01
1.031250e+00 -5.625000e-01
1.125000e+00 -5.625000e-01
1.218750e+00 -5.625000e-01
1.312500e+00 -5.625000e-01
1.406250e+00 -5.625000e-01
1.500000e+00 -5.625000e-01
-1.500000e+00 -4.687500e-01
-1.406250e+00 -4.687500e-01
-1.312500e+00 -4.687500e-01
-1.218750e+00 -4.687500e-01
-1.125000e+00 -4.687500e-01
-1.031250e+00 -4.687500e-01
-9.375000e-01 -4.687500e-01
-8.437500e-01 -4.687500e-01
-7.500000e-01 -4.687500e-01
-6.562500e-01 -4.687500e-01
-5.625000e-01 -4.687500e-01
-4.687500e-01 -4.687500e-01
-3.750000e-01 -4.687500e-01
-2.812500e-01 -4.687500e-01
-1.875000e-01 -4.687500e-01
-9.375000e-02 -4.687500e-01
0.000000e+00 -4.687500e-01
9.375000e-02 -4.687500e-01
1.875000e-01 -4.687500e-01
2.812500e-01 -4.687500e-01
3.750000e-01 -4.687500e-01
4.687500e-01 -4.687500e-01
5.625000e-01 -4.687500e-01
6.562500e-01 -4.687500e-01
7.500000e-01 -4.687500e-01
8.437500e-01 -4.687500e-01
9.375000e-01 -4.687500e-01
1.031250e+00 -4.687500e-01
1.125000e+00 -4.687500e-01
1.218750e+00 -4.687500e-01
1.312500e+00 -4.687500e-01
1.406250e+00 -4.687500e-01
1.500000e+00 -4.687500e-01
-1.500000e+00 -3.750000e-01
-1.406250e+00 -3.750000e-01
-1.312500e+00 -3.750000e-01
-1.218750e+00 -3.750000e-01
-1.125000e+00 -3.750000e-01
-1.031250e+00 -3.750000e-01
-9.375000e-01 -3.750000e-01
-8.437500e-01 -3.750000e-01
-7.500000e-01 -3.750000e-01
-6.562500e-01 -3.750000e-01
-5.625000e-01 -3.750000e-01
-4.687500e-01 -3.750000e-01
-3.750000e-01 -3.750000e-01
-2.812500e-01 -3.750000e-01
-1.875000e-01 -3.750000e-01
-9.375000e-02 -3.750000e-01
0.000000e+00 -3.750000e-01
9.375000e-02 -3.750000e-01
1.875000e-01 -3.750000e-01
2.812500e-01 -3.750000e-01
3.750000e-01 -3.750000e-01
4.687500e-01 -3.750000e-01
5.625000e-01 -3.750000e-01
6.562500e-01 -3.750000e-01
7.500000e-01 -3.750000e-01
8.437500e-01 -3.750000e-01
9.375000e-01 -3.750000e-01
1.031250e+00 -3.750000e-01
1.125000e+00 -3.750000e-01
1.218750e+00 -3.750000e-01
1.312500e+00 -3.750000e-01
1.406250e+00 -3.750000e-01
1.500000e+00 -3.750000e-01
-1.500000e+00 -2.812500e-01
-1.406250e+00 -2.812500e-01
-1.312500e+00 -2.812500e-01
-1.218750e+00 -2.812500e-01
-1.125000e+00 -2.812500e-01
-1.031250e+00 -2.812500e-01
-9.375000e-01 -2.812500e-01
-8.437500e-01 -2.812500e-01
-7.500000e-01 -2.812500e-01
-6.562500e-01 -2.812500e-01
-5.625000e-01 -2.812500e-01
-4.687500e-01 -2.812500e-01
-3.750000e-01 -2.812500e-01
-2.812500e-01 -2.812500e-01
-1.875000e-01 -2.812500e-01
-9.375000e-02 -2.812500e-01
0.000000e+00 -2.812500e-01
9.375000e-02 -2.812500e-01
1.875000e-01 -2.812500e-01
2.812500e-01 -2.812500e-01
3.750000e-01 -2.812500e-01
4.687500e-01 -2.812500e-01
5.625000e-01 -2.812500e-01
6.562500e-01 -2.812500e-01
7.500000e-01 -2.812500e-01
8.437500e-01 -2.812500e-01
9.375000e-01 -2.812500e-01
1.031250e+00 -2.812500e-01
1.125000e+00 -2.812500e-01
1.218750e+00 -2.812500e-01
1.312500e+00 -2.812500e-01
1.406250e+00 -2.812500e-01
1.500000e+00 -2.812500e-01
-1.500000e+00 -1.875000e-01
-1.406250e+00 -1.875000e-01
-1.312500e+00 -1.875000e-01
-1.218750e+00 -1.875000e-01
-1.125000e+00 -1.875000e-01
-1.031250e+00 -1.875000e-01
-9.375000e-01 -1.875000e-01
-8.437500e-01 -1.875000e-01
-7.500000e-01 -1.875000e-01
-6.562500e-01 -1.875000e-01
-5.625000e-01 -1.875000e-01
-4.687500e-01 -1.875000e-01
-3.750000e-01 -1.875000e-01
-2.812500e-01 -1.875000e-01
-1.875000e-01 -1.875000e-01
-9.375000e-02 -1.875000e-01
0.000000e+00 -1.875000e-01
9.375000e-02 -1.875000e-01
1.875000e-01 -1.875000e-01
2.812500e-01 -1.875000e-01
3.750000e-01 -1.875000e-01
4.687500e-01 -1.875000e-01
5.625000e-01 -1.875000e-01
6.562500e-01 -1.875000e-01
7.500000e-01 -1.875000e-01
8.437500e-01 -1.875000e-01
9.375000e-01 -1.875000e-01
1.031250e+00 -1.875000e-01
1.125000e+00 -1.875000e-01
1.218750e+00 -1.875000e-01
1.312500e+00 -1.875000e-01
1.406250e+00 -1.875000e-01
1.500000e+00 -1.875000e-01
-1.500000e+00 -9.375000e-02
-1.406250e+00 -9.375000e-02
-1.312500e+00 -9.375000e-02
-1.218750e+00 -9.375000e-02
-1.125000e+00 -9.375000e-02
-1.031250e+00 -9.375000e-02
-9.375000e-01 -9.375000e-02
-8.437500e-01 -9.375000e-02
-7.500000e-01 -9.375000e-02
-6.562500e-01 -9.375000e-02
-5.625000e-01 -9.375000e-02
-4.687500e-01 -9.375000e-02
-3.750000e-01 -9.375000e-02
-2.812500e-01 -9.375000e-02
-1.875000e-01 -9.375000e-02
-9.375000e-02 -9.375000e-02
0.000000e+00 -9.375000e-02
9.375000e-02 -9.375000e-02
1.875000e-01 -9.375000e-02
2.812500e-01 -9.375000e-02
3.750000e-01 -9.375000e-02
4.687500e-01 -9.375000e-02
5.625000e-01 -9.375000e-02
6.562500e-01 -9.375000e-02
7.500000e-01 -9.375000e-02
8.437500e-01 -9.375000e-02
9.375000e-01 -9.375000e-02
1.031250e+00 -9.375000e-02
1.125000e+00 -9.375000e-02
1.218750e+00 -9.375000e-02
1.312500e+00 -9.375000e-02
1.406250e+00 -9.375000e-02
1.500000e+00 -9.375000e-02
-1.500000e+00 0.000000e+00
-1.406250e+00 0.000000e+00
-1.312500e+00 0.000000e+00
-1.218750e+00 0.000000e+00
-1.125000e+00 0.000000e+00
-1.031250e+00 0.000000e+00
-9.375000e-01 0.000000e+00
-8.437500e-01 0.000000e+00
-7.500000e-01 0.000000e+00
-6.562500e-01 0.000000e+00
-5.625000e-01 0.000000e+00
-4.687500e-01 0.000000e+00
-3.750000e-01 0.000000e+00
-2.812500e-01 0.000000e+00
-1.875000e-01 0.000000e+00
-9.375000e-02 0.000000e+00
0.000000e+00 0.000000e+00
9.375000e-02 0.000000e+00
1.875000e-01 0.000000e+00
2.812500e-01 0.000000e+00
3.750000e-01 0.000000e+00
4.687500e-01 0.000000e+00
5.625000e-01 0.000000e+00
6.562500e-01 0.000000e+00
7.500000e-01 0.000000e+00
8.437500e-01 0.000000e+00
9.375000e-01 0.000000e+00
1.031250e+00 0.000000e+00
1.125000e+00 0.000000e+00
1.218750e+00 0.000000e+00
1.312500e+00 0.000000e+00
1.406250e+00 0.000000e+00
1.500000e+00 0.000000e+00
-1.500000e+00 9.375000e-02
-1.406250e+00 9.375000e-02
-1.312500e+00 9.375000e-02
-1.218750e+00 9.375000e-02
-1.125000e+00 9.375000e-02
-1.031250e+00 9.375000e-02
-9.375000e-01 9.375000e-02
-8.437500e-01 9.375000e-02
-7.500000e-01 9.375000e-02
-6.562500e-01 9.375000e-02
-5.625000e-01 9.375000e-02
-4.687500e-01 9.375000e-02
-3.750000e-01 9.375000e-02
-2.812500e-01 9.375000e-02
-1.875000e-01 9.375000e-02
-9.375000e-02 9.375000e-02
0.000000e+00 9.375000e-02
9.375000e-02 9.375000e-02
1.875000e-01 9.375000e-02
2.812500e-01 9.375000e-02
3.750000e-01 9.375000e-02
4.687500e-01 9.375000e-02
5.625000e-01 9.375000e-02
6.562500e-01 9.375000e-02
7.500000e-01 9.375000e-02
8.437500e-01 9.375000e-02
9.375000e-01 9.375000e-02
1.031250e+00 9.375000e-02
1.125000e+00 9.375000e-02
1.218750e+00 9.375000e-02
1.312500e+00 9.375000e-02
1.406250e+00 9.375000e-02
1.500000e+00 9.375000e-02
-1.500000e+00 1.875000e-01
-1.406250e+00 1.875000e-01
-1.312500e+00 1.875000e-01
-1.218750e+00 1.875000e-01
-1.125000e+00 1.875000e-01
-1.031250e+00 1.875000e-01
-9.375000e-01 1.875000e-01
-8.437500e-01 1.875000e-01
-7.500000e-01 1.875000e-01
-6.562500e-01 1.875000e-01
-5.625000e-01 1.875000e-01
-4.687500e-01 1.875000e-01
-3.750000e-01 1.875000e-01
-2.812500e-01 1.875000e-01
-1.875000e-01 1.875000e-01
-9.375000e-02 1.875000e-01
0.000000e+00 1.875000e-01
9.375000e-02 1.875000e-01
1.875000e-01 1.875000e-01
2.812500e-01 1.875000e-01
3.750000e-01 1.875000e-01
4.687500e-01 1.875000e-01
5.625000e-01 1.875000e-01
6.562500e-01 1.875000e-01
7.500000e-01 1.875000e-01
8.437500e-01 1.875000e-01
9.375000e-01 1.875000e-01
1.031250e+00 1.875000e-01
1.125000e+00 1.875000e-01
1.218750e+00 1.875000e-01
1.312500e+00 1.875000e-01
1.406250e+00 1.875000e-01
1.500000e+00 1.875000e-01
-1.500000e+00 2.812500e-01
-1.406250e+00 2.812500e-01
-1.312500e+00 2.812500e-01
-1.218750e+00 2.812500e-01
-1.125000e+00 2.812500e-01
-1.031250e+00 2.812500e-01
-9.375000e-01 2.812500e-01
-8.437500e-01 2.812500e-01
-7.500000e-01 2.812500e-01
-6.562500e-01 2.812500e-01
-5.625000e-01 2.812500e-01
-4.687500e-01 2.812500e-01
-3.750000e-01 2.812500e-01
-2.812500e-01 2.812500e-01
-1.875000e-01 2.812500e-01
-9.375000e-02 2.812500e-01
0.000000e+00 2.812500e-01
9.375000e-02 2.812500e-01
1.875000e-01 2.812500e-01
2.812500e-01 2.812500e-01
3.750000e-01 2.812500e-01
4.687500e-01 2.812500e-01
5.625000e-01 2.812500e-01
6.562500e-01 2.812500e-01
7.500000e-01 2.812500e-01
8.437500e-01 2.812500e-01
9.375000e-01 2.812500e-01
1.031250e+00 2.812500e-01
1.125000e+00 2.812500e-01
1.218750e+00 2.812500e-01
1.312500e+00 2.812500e-01
1.406250e+00 2.812500e-01
1.500000e+00 2.812500e-01
-1.500000e+00 3.750000e-01
-1.406250e+00 3.750000e-01
-1.312500e+00 3.750000e-01
-1.218750e+00 3.750000e-01
-1.125000e+00 3.750000e-01
-1.031250e+00 3.750000e-01
-9.375000e-01 3.750000e-01
-8.437500e-01 3.750000e-01
-7.500000e-01 3.750000e-01
-6.562500e-01 3.750000e-01
-5.625000e-01 3.750000e-01
-4.687500e-01 3.750000e-01
-3.750000e-01 3.750000e-01
-2.812500e-01 3.750000e-01
-1.875000e-01 3.750000e-01
-9.375000e-02 3.750000e-01
0.000000e+00 3.750000e-01
9.375000e-02 3.750000e-01
1.875000e-01 3.750000e-01
2.812500e-01 3.750000e-01
3.750000e-01 3.750000e-01
4.687500e-01 3.750000e-01
5.625000e-01 3.750000e-01
6.562500e-01 3.750000e-01
7.500000e-01 3.750000e-01
8.437500e-01 3.750000e-01
9.375000e-01 3.750000e-01
1.031250e+00 3.750000e-01
1.125000e+00 3.750000e-01
1.218750e+00 3.750000e-01
1.312500e+00 3.750000e-01
1.406250e+00 3.750000e-01
1.500000e+00 3.750000e-01
-1.500000e+00 4.687500e-01
-1.406250e+00 4.687500e-01
-1.312500e+00 4.687500e-01
-1.218750e+00 4.687500e-01
-1.125000e+00 4.687500e-01
-1.031250e+00 4.687500e-01
-9.375000e-01 4.687500e-01
-8.437500e-01 4.687500e-01
-7.500000e-01 4.687500e-01
-6.562500e-01 4.687500e-01
-5.625000e-01 4.687500e-01
-4.687500e-01 4.687500e-01
-3.750000e-01 4.687500e-01
-2.812500e-01 4.687500e-01
-1.875000e-01 4.687500e-01
-9.375000e-02 4.687500e-01
0.000000e+00 4.687500e-01
9.375000e-02 4.687500e-01
1.875000e-01 4.687500e-01
2.812500e-01 4.687500e-01
3.750000e-01 4.687500e-01
4.687500e-01 4.687500e-01
5.625000e-01 4.687500e-01
6.562500e-01 4.687500e-01
7.500000e-01 4.687500e-01
8.437500e-01 4.687500e-01
9.375000e-01 4.687500e-01
1.031250e+00 4.687500e-01
1.125000e+00 4.687500e-01
1.218750e+00 4.687500e-01
1.312500e+00 4.687500e-01
1.406250e+00 4.687500e-01
1.500000e+00 4.687500e-01
-1.500000e+00 5.625000e-01
-1.406250e+00 5.625000e-01
-1.312500e+00 5.625000e-01
-1.218750e+00 5.625000e-01
-1.125000e+00 5.625000e-01
-1.031250e+00 5.625000e-01
-9.375000e-01 5.625000e-01
-8.437500e-01 5.625000e-01
-7.500000e-01 5.625000e-01
-6.562500e-01 5.625000e-01
-5.625000e-01 5.625000e-01
-4.687500e-01 5.625000e-01
-3.750000e-01 5.625000e-01
-2.812500e-01 5.625000e-01
-1.875000e-01 5.625000e-01
-9.375000e-02 5.625000e-01
0.000000e+00 5.625000e-01
9.375000e-02 5.625000e-01
1.875000e-01 5.625000e-01
2.812500e-01 5.625000e-01
3.750000e-01 5.625000e-01
4.687500e-01 5.625000e-01
5.625000e-01 5.625000e-01
6.562500e-01 5.625000e-01
7.500000e-01 5.625000e-01
8.437500e-01 5.625000e-01
9.375000e-01 5.625000e-01
1.031250e+00 5.625000e-01
1.125000e+00 5.625000e-01
1.218750e+00 5.625000e-01
1.312500e+00 5.625000e-01
1.406250e+00 5.625000e-01
1.500000e+00 5.625000e-01
-1.500000e+00 6.562500e-01
-1.406250e+00 6.562500e-01
-1.312500e+00 6.562500e-01
-1.218750e+00 6.562500e-01
-1.125000e+00 6.562500e-01
-1.031250e+00 6.562500e-01
-9.375000e-01 6.562500e-01
-8.437500e-01 6.562500e-01
-7.500000e-01 6.562500e-01
-6.562500e-01 6.562500e-01
-5.625000e-01 6.562500e-01
-4.687500e-01 6.562500e-01
-3.750000e-01 6.562500e-01
-2.812500e-01 6.562500e-01
-1.875000e-01 6.562500e-01
-9.375000e-02 6.562500e-01
0.000000e+00 6.562500e-01
9.375000e-02 6.562500e-01
1.875000e-01 6.562500e-01
2.812500e-01 6.562500e-01
3.750000e-01 6.562500e-01
4.687500e-01 6.562500e-01
5.625000e-01 6.562500e-01
6.562500e-01 6.562500e-01
7.500000e-01 6.562500e-01
8.437500e-01 6.562500e-01
9.375000e-01 6.562500e-01
1.031250e+00 6.562500e-01
1.125000e+00 6.562500e-01
1.218750e+00 6.562500e-01
1.312500e+00 6.562500e-01
1.406250e+00 6.562500e-01
1.500000e+00 6.562500e-01
-1.500000e+00 7.500000e-01
-1.406250e+00 7.500000e-01
-1.312500e+00 7.500000e-01
-1.218750e+00 7.500000e-01
-1.125000e+00 7.500000e-01
-1.031250e+00 7.500000e-01
-9.375000e-01 7.500000e-01
-8.437500e-01 7.500000e-01
-7.500000e-01 7.500000e-01
-6.562500e-01 7.500000e-01
-5.625000e-01 7.500000e-01
-4.687500e-01 7.500000e-01
-3.750000e-01 7.500000e-01
-2.812500e-01 7.500000e-01
-1.875000e-01 7.500000e-01
-9.375000e-02 7.500000e-01
0.000000e+00 7.500000e-01
9.375000e-02 7.500000e-01
1.875000e-01 7.500000e-01
2.812500e-01 7.500000e-01
3.750000e-01 7.500000e-01
4.687500e-01 7.500000e-01
5.625000e-01 7.500000e-01
6.562500e-01 7.500000e-01
7.500000e-01 7.500000e-01
8.437500e-01 7.500000e-01
9.375000e-01 7.500000e-01
1.031250e+00 7.500000e-01
1.125000e+00 7.500000e-01
1.218750e+00 7.500000e-01
1.312500e+00 7.500000e-01
1.406250e+00 7.500000e-01
1.500000e+00 7.500000e-01
-1.500000e+00 8.437500e-01
-1.406250e+00 8.437500e-01
-1.312500e+00 8.437500e-01
-1.218750e+00 8.437500e-01
-1.125000e+00 8.437500e-01
-1.031250e+00 8.437500e-01
-9.375000e-01 8.437500e-01
-8.437500e-01 8.437500e-01
-7.500000e-01 8.437500e-01
-6.562500e-01 8.437500e-01
-5.625000e-01 8.437500e-01
-4.687500e-01 8.437500e-01
-3.750000e-01 8.437500e-01
-2.812500e-01 8.437500e-01
-1.875000e-01 8.437500e-01
-9.375000e-02 8.437500e-01
0.000000e+00 8.437500e-01
9.375000e-02 8.437500e-01
1.875000e-01 8.437500e-01
2.812500e-01 8.437500e-01
3.750000e-01 8.437500e-01
4.687500e-01 8.437500e-01
5.625000e-01 8.437500e-01
6.562500e-01 8.437500e-01
7.500000e-01 8.437500e-01
8.437500e-01 8.437500e-01
9.375000e-01 8.437500e-01
1.031250e+00 8.437500e-01
1.125000e+00 8.437500e-01
1.218750e+00 8.437500e-01
1.312500e+00 8.437500e-01
1.406250e+00 8.437500e-01
1.500000e+00 8.437500e-01
-1.500000e+00 9.375000e-01
-1.406250e+00 9.375000e-01
-1.312500e+00 9.375000e-01
-1.218750e+00 9.375000e-01
-1.125000e+00 9.375000e-01
-1.031250e+00 9.375000e-01
-9.375000e-01 9.375000e-01
-8.437500e-01 9.375000e-01
-7.500000e-01 9.375000e-01
-6.562500e-01 9.375000e-01
-5.625000e-01 9.375000e-01
-4.687500e-01 9.375000e-01
-3.750000e-01 9.375000e-01
-2.812500e-01 9.375000e-01
-1.875000e-01 9.375000e-01
-9.375000e-02 9.375000e-01
0.000000e+00 9.375000e-01
9.375000e-02 9.375000e-01
1.875000e-01 9.375000e-01
2.812500e-01 9.375000e-01
3.750000e-01 9.375000e-01
4.687500e-01 9.375000e-01
5.625000e-01 9.375000e-01
6.562500e-01 9.375000e-01
7.500000e-01 9.375000e-01
8.437500e-01 9.375000e-01
9.375000e-01 9.375000e-01
1.031250e+00 9.375000e-01
1.125000e+00 9.375000e-01
1.218750e+00 9.375000e-01
1.312500e+00 9.375000e-01
1.406250e+00 9.375000e-01
1.500000e+00 9.375000e-01
-1.500000e+00 1.031250e+00
-1.406250e+00 1.031250e+00
-1.312500e+00 1.031250e+00
-1.218750e+00 1.031250e+00
-1.125000e+00 1.031250e+00
-1.031250e+00 1.031250e+00
-9.375000e-01 1.031250e+00
-8.437500e-01 1.031250e+00
-7.500000e-01 1.031250e+00
-6.562500e-01 1.031250e+00
-5.625000e-01 1.031250e+00
-4.687500e-01 1.031250e+00
-3.750000e-01 1.031250e+00
-2.812500e-01 1.031250e+00
-1.875000e-01 1.031250e+00
-9.375000e-02 1.031250e+00
0.000000e+00 1.031250e+00
9.375000e-02 1.031250e+00
1.875000e-01 1.031250e+00
2.812500e-01 1.031250e+00
3.750000e-01 1.031250e+00
4.687500e-01 1.031250e+00
5.625000e-01 1.031250e+00
6.562500e-01 1.031250e+00
7.500000e-01 1.031250e+00
8.437500e-01 1.031250e+00
9.375000e-01 1.031250e+00
1.031250e+00 1.031250e+00
1.125000e+00 1.031250e+00
1.218750e+00 1.031250e+00
1.312500e+00 1.031250e+00
1.406250e+00 1.031250e+00
1.500000e+00 1.031250e+00
-1.500000e+00 1.125000e+00
-1.406250e+00 1.125000e+00
-1.312500e+00 1.125000e+00
-1.218750e+00 1.125000e+00
-1.125000e+00 1.125000e+00
-1.031250e+00 1.125000e+00
-9.375000e-01 1.125000e+00
-8.437500e-01 1.125000e+00
-7.500000e-01 1.125000e+00
-6.562500e-01 1.125000e+00
-5.625000e-01 1.125000e+00
-4.687500e-01 1.125000e+00
-3.750000e-01 1.125000e+00
-2.812500e-01 1.125000e+00
-1.875000e-01 1.125000e+00
-9.375000e-02 1.125000e+00
0.000000e+00 1.125000e+00
9.375000e-02 1.125000e+00
1.875000e-01 1.125000e+00
2.812500e-01 1.125000e+00
3.750000e-01 1.125000e+00
4.687500e-01 1.125000e+00
5.625000e-01 1.125000e+00
6.562500e-01 1.125000e+00
7.500000e-01 1.125000e+00
8.437500e-01 1.125000e+00
9.375000e-01 1.125000e+00
1.031250e+00 1.125000e+00
1.125000e+00 1.125000e+00
1.218750e+00 1.125000e+00
1.312500e+00 1.125000e+00
1.406250e+00 1.125000e+00
1.500000e+00 1.125000e+00
-1.500000e+00 1.218750e+00
-1.406250e+00 1.218750e+00
-1.312500e+00 1.218750e+00
-1.218750e+00 1.218750e+00
-1.125000e+00 1.218750e+00
-1.031250e+00 1.218750e+00
-9.375000e-01 1.218750e+00
-8.437500e-01 1.218750e+00
-7.500000e-01 1.218750e+00
-6.562500e-01 1.218750e+00
-5.625000e-01 1.218750e+00
-4.687500e-01 1.218750e+00
-3.750000e-01 1.218750e+00
-2.812500e-01 1.218750e+00
-1.875000e-01 1.218750e+00
-9.375000e-02 1.218750e+00
0.000000e+00 1.218750e+00
9.375000e-02 1.218750e+00
1.875000e-01 1.218750e+00
2.812500e-01 1.218750e+00
3.750000e-01 1.218750e+00
4.687500e-01 1.218750e+00
5.625000e-01 1.218750e+00
6.562500e-01 1.218750e+00
7.500000e-01 1.218750e+00
8.437500e-01 1.218750e+00
9.375000e-01 1.218750e+00
1.031250e+00 1.218750e+00
1.125000e+00 1.218750e+00
1.218750e+00 1.218750e+00
1.312500e+00 1.218750e+00
1.406250e+00 1.218750e+00
1.500000e+00 1.218750e+00
-1.500000e+00 1.312500e+00
-1.406250e+00 1.312500e+00
-1.312500e+00 1.312500e+00
-1.218750e+00 1.312500e+00
-1.125000e+00 1.312500e+00
-1.031250e+00 1.312500e+00
-9.375000e-01 1.312500e+00
-8.437500e-01 1.312500e+00
-7.500000e-01 1.312500e+00
-6.562500e-01 1.312500e+00
-5.625000e-01 1.312500e+00
-4.687500e-01 1.312500e+00
-3.750000e-01 1.312500e+00
-2.812500e-01 1.312500e+00
-1.875000e-01 1.312500e+00
-9.375000e-02 1.312500e+00
0.000000e+00 1.312500e+00
9.375000e-02 1.312500e+00
1.875000e-01 1.312500e+00
2.812500e-01 1.312500e+00
3.750000e-01 1.312500e+00
4.687500e-01 1.312500e+00
5.625000e-01 1.312500e+00
6.562500e-01 1.312500e+00
7.500000e-01 1.312500e+00
8.437500e-01 1.312500e+00
9.375000e-01 1.312500e+00
1.031250e+00 1.312500e+00
1.125000e+00 1.312500e+00
1.218750e+00 1.312500e+00
1.312500e+00 1.312500e+00
1.406250e+00 1.312500e+00
1.500000e+00 1.312500e+00
-1.500000e+00 1.406250e+00
-1.406250e+00 1.406250e+00
-1.312500e+00 1.406250e+00
-1.218750e+00 1.406250e+00
-1.125000e+00 1.406250e+00
-1.031250e+00 1.406250e+00
-9.375000e-01 1.406250e+00
-8.437500e-01 1.406250e+00
-7.500000e-01 1.406250e+00
-6.562500e-01 1.406250e+00
-5.625000e-01 1.406250e+00
-4.687500e-01 1.406250e+00
-3.750000e-01 1.406250e+00
-2.812500e-01 1.406250e+00
-1.875000e-01 1.406250e+00
-9.375000e-02 1.406250e+00
0.000000e+00 1.406250e+00
9.375000e-02 1.406250e+00
1.875000e-01 1.406250e+00
2.812500e-01 1.406250e+00
3.750000e-01 1.406250e+00
4.687500e-01 1.406250e+00
5.625000e-01 1.406250e+00
6.562500e-01 1.406250e+00
7.500000e-01 1.406250e+00
8.437500e-01 1.406250e+00
9.375000e-01 1.406250e+00
1.031250e+00 1.406250e+00
1.125000e+00 1.406250e+00
1.218750e+00 1.406250e+00
1.312500e+00 1.406250e+00
1.406250e+00 1.406250e+00
1.500000e+00 1.406250e+00
-1.500000e+00 1.500000e+00
-1.406250e+00 1.500000e+00
-1.312500e+00 1.500000e+00
-1.218750e+00 1.500000e+00
-1.125000e+00 1.500000e+00
-1.031250e+00 1.500000e+00
-9.375000e-01 1.500000e+00
-8.437500e-01 1.500000e+00
-7.500000e-01 1.500000e+00
-6.562500e-01 1.500000e+00
-5.625000e-01 1.500000e+00
-4.687500e-01 1.500000e+00
-3.750000e-01 1.500000e+00
-2.812500e-01 1.500000e+00
-1.875000e-01 1.500000e+00
-9.375000e-02 1.500000e+00
0.000000e+00 1.500000e+00
9.375000e-02 1.500000e+00
1.875000e-01 1.500000e+00
2.812500e-01 1.500000e+00
3.750000e-01 1.500000e+00
4.687500e-01 1.500000e+00
5.625000e-01 1.500000e+00
6.562500e-01 1.500000e+00
7.500000e-01 1.500000e+00
8.437500e-01 1.500000e+00
9.375000e-01 1.500000e+00
1.031250e+00 1.500000e+00
1.125000e+00 1.500000e+00
1.218750e+00 1.500000e+00
1.312500e+00 1.500000e+00
1.406250e+00 1.500000e+00
1.500000e+00 1.500000e+00
-4.687500e-02 -1.078125e+00
-4.687500e-02 -1.031250e+00
4.687500e-02 -1.078125e+00
4.687500e-02 -1.031250e+00
1.406250e-01 -1.078125e+00
1.406250e-01 -1.031250e+00
-3.281250e-01 -9.843750e-01
-3.281250e-01 -9.375000e-01
-2.343750e-01 -9.843750e-01
-2.343750e-01 -9.375000e-01
-9.375000e-02 -9.843750e-01
-1.406250e-01 -9.843750e-01
-1.406250e-01 -9.375000e-01
0.000000e+00 -9.843750e-01
-4.687500e-02 -9.843750e-01
-4.687500e-02 -9.375000e-01
9.375000e-02 -9.843750e-01
4.687500e-02 -9.843750e-01
4.687500e-02 -9.375000e-01
1.875000e-01 -9.843750e-01
1.406250e-01 -9.843750e-01
1.406250e-01 -9.375000e-01
2.343750e-01 -9.843750e-01
2.343750e-01 -9.375000e-01
3.281250e-01 -9.843750e-01
3.281250e-01 -9.375000e-01
4.218750e-01 -9.843750e-01
4.218750e-01 -9.375000e-01
-5.156250e-01 -8.906250e-01
-5.156250e-01 -8.437500e-01
-3.750000e-01 -8.906250e-01
-4.218750e-01 -8.906250e-01
-4.218750e-01 -8.437500e-01
-2.812500e-01 -8.906250e-01
-3.281250e-01 -8.906250e-01
-3.281250e-01 -8.437500e-01
-1.875000e-01 -8.906250e-01
-2.343750e-01 -8.906250e-01
-2.343750e-01 -8.437500e-01
-9.375000e-02 -8.906250e-01
-1.406250e-01 -8.906250e-01
-1.406250e-01 -8.437500e-01
0.000000e+00 -8.906250e-01
-4.687500e-02 -8.906250e-01
-4.687500e-02 -8.437500e-01
4.687500e-02 -8.906250e-01
1.406250e-01 -8.906250e-01
2.812500e-01 -8.906250e-01
2.343750e-01 -8.906250e-01
3.750000e-01 -8.906250e-01
3.281250e-01 -8.906250e-01
3.281250e-01 -8.437500e-01
4.687500e-01 -8.906250e-01
4.218750e-01 -8.906250e-01
4.218750e-01 -8.437500e-01
5.156250e-01 -8.906250e-01
5.156250e-01 -8.437500e-01
6.093750e-01 -8.906250e-01
6.093750e-01 -8.437500e-01
-5.625000e-01 -7.968750e-01
-6.093750e-01 -7.968750e-01
-6.093750e-01 -7.500000e-01
-4.687500e-01 -7.968750e-01
-5.156250e-01 -7.968750e-01
-5.156250e-01 -7.500000e-01
-3.750000e-01 -7.968750e-01
-4.218750e-01 -7.968750e-01
-4.218750e-01 -7.500000e-01
-2.812500e-01 -7.968750e-01
-3.281250e-01 -7.968750e-01
-3.281250e-01 -7.500000e-01
-2.343750e-01 -7.968750e-01
-1.406250e-01 -7.968750e-01
-4.687500e-02 -7.968750e-01
3.281250e-01 -7.968750e-01
4.218750e-01 -7.968750e-01
5.625000e-01 -7.968750e-01
5.156250e-01 -7.968750e-01
6.562500e-01 -7.968750e-01
6.093750e-01 -7.968750e-01
6.093750e-01 -7.500000e-01
7.031250e-01 -7.968750e-01
7.031250e-01 -7.500000e-01
-6.562500e-01 -7.031250e-01
-7.031250e-01 -7.031250e-01
-7.031250e-01 -6.562500e-01
-5.625000e-01 -7.031250e-01
-6.093750e-01 -7.031250e-01
-6.093750e-01 -6.562500e-01
-4.687500e-01 -7.031250e-01
-5.156250e-01 -7.031250e-01
-5.156250e-01 -6.562500e-01
-4.218750e-01 -7.031250e-01
-3.281250e-01 -7.031250e-01
6.093750e-01 -7.031250e-01
7.500000e-01 -7.031250e-01
7.031250e-01 -7.031250e-01
7.968750e-01 -7.031250e-01
7.968750e-01 -6.562500e-01
-7.500000e-01 -6.093750e-01
-7.968750e-01 -6.093750e-01
-7.968750e-01 -5.625000e-01
-6.562500e-01 -6.093750e-01
-7.031250e-01 -6.093750e-01
-7.031250e-01 -5.625000e-01
-5.625000e-01 -6.093750e-01
-6.093750e-01 -6.093750e-01
-6.093750e-01 -5.625000e-01
-5.156250e-01 -6.093750e-01
8.437500e-01 -6.093750e-01
7.968750e-01 -6.093750e-01
8.906250e-01 -6.093750e-01
8.906250e-01 -5.625000e-01
-8.437500e-01 -5.156250e-01
-8.906250e-01 -5.156250e-01
-7.500000e-01 -5.156250e-01
-7.968750e-01 -5.156250e-01
-7.968750e-01 -4.687500e-01
-6.562500e-01 -5.156250e-01
-7.031250e-01 -5.156250e-01
-7.031250e-01 -4.687500e-01
-6.093750e-01 -5.156250e-01
8.437500e-01 -5.156250e-01
7.968750e-01 -5.156250e-01
9.375000e-01 -5.156250e-01
8.906250e-01 -5.156250e-01
8.906250e-01 -4.687500e-01
9.843750e-01 -5.156250e-01
-8.437500e-01 -4.218750e-01
-8.906250e-01 -4.218750e-01
-8.906250e-01 -3.750000e-01
-7.500000e-01 -4.218750e-01
-7.968750e-01 -4.218750e-01
-7.968750e-01 -3.750000e-01
-7.031250e-01 -4.218750e-01
8.437500e-01 -4.218750e-01
7.968750e-01 -4.218750e-01
9.375000e-01 -4.218750e-01
8.906250e-01 -4.218750e-01
8.906250e-01 -3.750000e-01
9.843750e-01 -4.218750e-01
-9.375000e-01 -3.281250e-01
-9.843750e-01 -3.281250e-01
-8.437500e-01 -3.281250e-01
-8.906250e-01 -3.281250e-01
-8.906250e-01 -2.812500e-01
-7.500000e-01 -3.281250e-01
-7.968750e-01 -3.281250e-01
-7.968750e-01 -2.812500e-01
-7.031250e-01 -3.281250e-01
9.375000e-01 -3.281250e-01
8.906250e-01 -3.281250e-01
9.843750e-01 -3.281250e-01
9.843750e-01 -2.812500e-01
-9.375000e-01 -2.343750e-01
-9.843750e-01 -2.343750e-01
-8.437500e-01 -2.343750e-01
-8.906250e-01 -2.343750e-01
-8.906250e-01 -1.875000e-01
-7.968750e-01 -2.343750e-01
9.375000e-01 -2.343750e-01
8.906250e-01 -2.343750e-01
1.031250e+00 -2.343750e-01
9.843750e-01 -2.343750e-01
9.843750e-01 -1.875000e-01
1.078125e+00 -2.343750e-01
-9.375000e-01 -1.406250e-01
-9.843750e-01 -1.406250e-01
-9.843750e-01 -9.375000e-02
-8.437500e-01 -1.406250e-01
-8.906250e-01 -1.406250e-01
-8.906250e-01 -9.375000e-02
-7.968750e-01 -1.406250e-01
9.375000e-01 -1.406250e-01
8.906250e-01 -1.406250e-01
1.031250e+00 -1.406250e-01
9.843750e-01 -1.406250e-01
9.843750e-01 -9.375000e-02
1.078125e+00 -1.406250e-01
-1.031250e+00 -4.687500e-02
-1.078125e+00 -4.687500e-02
-9.375000e-01 -4.687500e-02
-9.843750e-01 -4.687500e-02
-9.843750e-01 0.000000e+00
-8.437500e-01 -4.687500e-02
-8.906250e-01 -4.687500e-02
-8.906250e-01 0.000000e+00
-7.968750e-01 -4.687500e-02
1.031250e+00 -4.687500e-02
9.843750e-01 -4.687500e-02
1.078125e+00 -4.687500e-02
1.078125e+00 0.000000e+00
-1.031250e+00 4.687500e-02
-1.078125e+00 4.687500e-02
-9.375000e-01 4.687500e-02
-9.843750e-01 4.687500e-02
-9.843750e-01 9.375000e-02
-8.906250e-01 4.687500e-02
1.031250e+00 4.687500e-02
9.843750e-01 4.687500e-02
9.843750e-01 9.375000e-02
1.125000e+00 4.687500e-02
1.078125e+00 4.687500e-02
1.078125e+00 9.375000e-02
1.171875e+00 4.687500e-02
-9.375000e-01 1.406250e-01
-9.843750e-01 1.406250e-01
-8.906250e-01 1.406250e-01
-8.906250e-01 1.875000e-01
9.375000e-01 1.406250e-01
8.906250e-01 1.406250e-01
1.031250e+00 1.406250e-01
9.843750e-01 1.406250e-01
9.843750e-01 1.875000e-01
1.125000e+00 1.406250e-01
1.078125e+00 1.406250e-01
1.078125e+00 1.875000e-01
1.171875e+00 1.406250e-01
-9.375000e-01 2.343750e-01
-9.843750e-01 2.343750e-01
-8.437500e-01 2.343750e-01
-8.906250e-01 2.343750e-01
-8.906250e-01 2.812500e-01
-7.968750e-01 2.343750e-01
9.375000e-01 2.343750e-01
8.906250e-01 2.343750e-01
1.031250e+00 2.343750e-01
9.843750e-01 2.343750e-01
9.843750e-01 2.812500e-01
1.078125e+00 2.343750e-01
-9.375000e-01 3.281250e-01
-9.843750e-01 3.281250e-01
-8.437500e-01 3.281250e-01
-8.906250e-01 3.281250e-01
-8.906250e-01 3.750000e-01
-7.968750e-01 3.281250e-01
9.375000e-01 3.281250e-01
8.906250e-01 3.281250e-01
8.906250e-01 3.750000e-01
1.031250e+00 3.281250e-01
9.843750e-01 3.281250e-01
9.843750e-01 3.750000e-01
1.078125e+00 3.281250e-01
-8.437500e-01 4.218750e-01
-8.906250e-01 4.218750e-01
-7.968750e-01 4.218750e-01
-7.968750e-01 4.687500e-01
8.437500e-01 4.218750e-01
7.968750e-01 4.218750e-01
9.375000e-01 4.218750e-01
8.906250e-01 4.218750e-01
8.906250e-01 4.687500e-01
1.031250e+00 4.218750e-01
9.843750e-01 4.218750e-01
9.843750e-01 4.687500e-01
1.078125e+00 4.218750e-01
-8.437500e-01 5.156250e-01
-8.906250e-01 5.156250e-01
-7.500000e-01 5.156250e-01
-7.968750e-01 5.156250e-01
-7.968750e-01 5.625000e-01
-7.031250e-01 5.156250e-01
8.437500e-01 5.156250e-01
7.968750e-01 5.156250e-01
7.968750e-01 5.625000e-01
9.375000e-01 5.156250e-01
8.906250e-01 5.156250e-01
8.906250e-01 5.625000e-01
9.843750e-01 5.156250e-01
-7.500000e-01 6.093750e-01
-7.968750e-01 6.093750e-01
-7.031250e-01 6.093750e-01
-7.031250e-01 6.562500e-01
7.500000e-01 6.093750e-01
7.031250e-01 6.093750e-01
7.031250e-01 6.562500e-01
8.437500e-01 6.093750e-01
7.968750e-01 6.093750e-01
7.968750e-01 6.562500e-01
9.375000e-01 6.093750e-01
8.906250e-01 6.093750e-01
8.906250e-01 6.562500e-01
9.843750e-01 6.093750e-01
-6.562500e-01 7.031250e-01
-7.031250e-01 7.031250e-01
-6.093750e-01 7.031250e-01
-6.093750e-01 7.500000e-01
6.562500e-01 7.031250e-01
6.093750e-01 7.031250e-01
6.093750e-01 7.500000e-01
7.500000e-01 7.031250e-01
7.031250e-01 7.031250e-01
7.031250e-01 7.500000e-01
8.437500e-01 7.031250e-01
7.968750e-01 7.031250e-01
7.968750e-01 7.500000e-01
8.906250e-01 7.031250e-01
-6.562500e-01 7.968750e-01
-7.031250e-01 7.968750e-01
-5.625000e-01 7.968750e-01
-6.093750e-01 7.968750e-01
-6.093750e-01 8.437500e-01
-5.156250e-01 7.968750e-01
-5.156250e-01 8.437500e-01
-4.218750e-01 7.968750e-01
-4.218750e-01 8.437500e-01
4.218750e-01 7.968750e-01
4.218750e-01 8.437500e-01
5.625000e-01 7.968750e-01
5.156250e-01 7.968750e-01
5.156250e-01 8.437500e-01
6.562500e-01 7.968750e-01
6.093750e-01 7.968750e-01
6.093750e-01 8.437500e-01
7.500000e-01 7.968750e-01
7.031250e-01 7.968750e-01
7.031250e-01 8.437500e-01
7.968750e-01 7.968750e-01
-5.625000e-01 8.906250e-01
-6.093750e-01 8.906250e-01
-4.687500e-01 8.906250e-01
-5.156250e-01 8.906250e-01
-5.156250e-01 9.375000e-01
-3.750000e-01 8.906250e-01
-4.218750e-01 8.906250e-01
-4.218750e-01 9.375000e-01
-3.281250e-01 8.906250e-01
-3.281250e-01 9.375000e-01
-2.343750e-01 8.906250e-01
-2.343750e-01 9.375000e-01
1.406250e-01 8.906250e-01
1.406250e-01 9.375000e-01
2.343750e-01 8.906250e-01
2.343750e-01 9.375000e-01
3.750000e-01 8.906250e-01
3.281250e-01 8.906250e-01
3.281250e-01 9.375000e-01
4.687500e-01 8.906250e-01
4.218750e-01 8.906250e-01
4.218750e-01 9.375000e-01
5.625000e-01 8.906250e-01
5.156250e-01 8.906250e-01
5.156250e-01 9.375000e-01
6.562500e-01 8.906250e-01
6.093750e-01 8.906250e-01
6.093750e-01 9.375000e-01
7.031250e-01 8.906250e-01
-5.156250e-01 9.843750e-01
-4.218750e-01 9.843750e-01
-2.812500e-01 9.843750e-01
-3.281250e-01 9.843750e-01
-1.875000e-01 9.843750e-01
-2.343750e-01 9.843750e-01
-2.343750e-01 1.031250e+00
-1.406250e-01 9.843750e-01
-1.406250e-01 1.031250e+00
-4.687500e-02 9.843750e-01
-4.687500e-02 1.031250e+00
9.375000e-02 9.843750e-01
4.687500e-02 9.843750e-01
4.687500e-02 1.031250e+00
1.875000e-01 9.843750e-01
1.406250e-01 9.843750e-01
1.406250e-01 1.031250e+00
2.812500e-01 9.843750e-01
2.343750e-01 9.843750e-01
2.343750e-01 1.031250e+00
3.750000e-01 9.843750e-01
3.281250e-01 9.843750e-01
3.281250e-01 1.031250e+00
4.687500e-01 9.843750e-01
4.218750e-01 9.843750e-01
4.218750e-01 1.031250e+00
5.156250e-01 9.843750e-01
6.093750e-01 9.843750e-01
-2.343750e-01 1.078125e+00
-9.375000e-02 1.078125e+00
-1.406250e-01 1.078125e+00
0.000000e+00 1.078125e+00
-4.687500e-02 1.078125e+00
-4.687500e-02 1.125000e+00
9.375000e-02 1.078125e+00
4.687500e-02 1.078125e+00
4.687500e-02 1.125000e+00
1.875000e-01 1.078125e+00
1.406250e-01 1.078125e+00
1.406250e-01 1.125000e+00
2.343750e-01 1.078125e+00
3.281250e-01 1.078125e+00
4.218750e-01 1.078125e+00
-4.687500e-02 1.171875e+00
4.687500e-02 1.171875e+00
1.406250e-01 1.171875e+00
simplices
0 1 34
0 33 34
1 2 35
1 34 35
2 3 36
2 35 36
3 4 37
3 36 37
4 5 38
4 37 38
5 6 39
5 38 39
6 7 40
6 39 40
7 8 41
7 40 41
8 9 42
8 41 42
9 10 43
9 42 43
10 11 44
10 43 44
11 12 45
11 44 45
12 13 46
12 45 46
13 14 47
13 46 47
14 15 48
14 47 48
15 16 49
15 48 49
16 17 50
16 49 50
17 18 51
17 50 51
18 19 52
18 51 52
19 20 53
19 52 53
20 21 54
20 53 54
21 22 55
21 54 55
22 23 56
22 55 56
23 24 57
23 56 57
24 25 58
24 57 58
25 26 59
25 58 59
26 27 60
26 59 60
27 28 61
27 60 61
28 29 62
28 61 62
29 30 63
29 62 63
30 31 64
30 63 64
31 32 65
31 64 65
33 34 67
33 66 67
34 35 68
34 67 68
35 36 69
35 68 69
36 37 70
36 69 70
37 38 71
37 70 71
38 39 72
38 71 72
39 40 73
39 72 73
40 41 74
40 73 74
41 42 75
41 74 75
42 43 76
42 75 76
43 44 77
43 76 77
44 45 78
44 77 78
45 46 79
45 78 79
46 47 80
46 79 80
47 48 81
47 80 81
48 49 82
48 81 82
49 50 83
49 82 83
50 51 84
50 83 84
51 52 85
51 84 85
52 53 86
52 85 86
53 54 87
53 86 87
54 55 88
54 87 88
55 56 89
55 88 89
56 57 90
56 89 90
57 58 91
57 90 91
58 59 92
58 91 92
59 60 93
59 92 93
60 61 94
60 93 94
61 62 95
61 94 95
62 63 96
62 95 96
63 64 97
63 96 97
64 65 98
64 97 98
66 67 100
66 99 100
67 68 101
67 100 101
68 69 102
68 101 102
69 70 103
69 102 103
70 71 104
70 103 104
71 72 105
71 104 105
72 73 106
72 105 106
73 74 107
73 106 107
74 75 108
74 107 108
75 76 109
75 108 109
76 77 110
76 109 110
77 78 111
77 110 111
78 79 112
78 111 112
79 80 113
79 112 113
80 81 114
80 113 114
81 82 115
81 114 115
82 83 116
82 115 116
83 84 117
83 116 117
84 85 118
84 117 118
85 86 119
85 118 119
86 87 120
86 119 120
87 88 121
87 120 121
88 89 122
88 121 122
89 90 123
89 122 123
90 91 124
90 123 124
91 92 125
91 124 125
92 93 126
92 125 126
93 94 127
93 126 127
94 95 128
94 127 128
95 96 129
95 128 129
96 97 130
96 129 130
97 98 131
97 130 131
99 100 133
99 132 133
100 101 134
100 133 134
101 102 135
101 134 135
102 103 136
102 135 136
103 104 137
103 136 137
104 105 138
104 137 138
105 106 139
105 138 139
106 107 140
106 139 140
107 108 141
107 140 141
108 109 142
108 141 142
109 110 143
109 142 143
110 111 144
110 143 144
111 112 145
111 144 145
112 113 146
112 145 146
113 114 147
113 146 147
114 115 148
114 147 148
115 116 149
115 148 149
116 117 150
116 149 150
117 118 151
117 150 151
118 119 152
118 151 152
119 120 153
119 152 153
120 121 154
120 153 154
121 122 155
121 154 155
122 123 156
122 155 156
123 124 157
123 156 157
124 125 158
124 157 158
125 126 159
125 158 159
126 127 160
126 159 160
127 128 161
127 160 161
128 129 162
128 161 162
129 130 163
129 162 163
130 131 164
130 163 164
132 133 166
132 165 166
133 134 167
133 166 167
134 135 168
134 167 168
135 136 169
135 168 169
136 137 170
136 169 170
137 138 171
137 170 171
138 139 172
138 171 172
139 140 173
139 172 173
140 141 174
140 173 174
141 142 175
141 174 175
142 143 176
142 175 176
143 144 177
143 176 177
144 145 178
144 177 178
145 146 179
145 178 179
146 147 180
146 179 180
147 148 1089
148 181 1089
147 180 1089
180 1089 1090
181 1089 1090
148 149 1091
149 182 1091
148 181 1091
181 1091 1092
182 1091 1092
149 150 1093
150 183 1093
149 182 1093
182 1093 1094
183 1093 1094
150 151 184
150 183 184
151 152 185
151 184 185
152 153 186
152 185 186
153 154 187
153 186 187
154 155 188
154 187 188
155 156 189
155 188 189
156 157 190
156 189 190
157 158 191
157 190 191
158 159 192
158 191 192
159 160 193
159 192 193
160 161 194
160 193 194
161 162 195
161 194 195
162 163 196
162 195 196
163 164 197
163 196 197
165 166 199
165 198 199
166 167 200
166 199 200
167 168 201
167 200 201
168 169 202
168 201 202
169 170 203
169 202 203
170 171 204
170 203 204
171 172 205
171 204 205
172 173 206
172 205 206
173 174 207
173 206 207
174 175 208
174 207 208
175 176 209
175 208 209
176 177 210
176 209 210
177 178 1095
178 211 1095
177 210 1095
210 1095 1096
211 1095 1096
178 179 1097
179 212 1097
178 211 1097
211 1097 1098
212 1097 1098
179 180 1100
180 1099 1100
213 1099 1100
179 212 1100
212 1100 1101
213 1100 1101
181 1090 1103
180 1090 1103
181 1102 1103
214 1102 1103
213 1099 1103
180 1099 1103
213 1103 1104
214 1103 1104
182 1092 1106
181 1092 1106
182 1105 1106
215 1105 1106
214 1102 1106
181 1102 1106
214 1106 1107
215 1106 1107
183 1094 1109
182 1094 1109
183 1108 1109
216 1108 1109
215 1105 1109
182 1105 1109
215 1109 1110
216 1109 1110
183 184 1111
184 217 1111
216 1108 1111
183 1108 1111
216 1111 1112
217 1111 1112
184 185 1113
185 218 1113
184 217 1113
217 1113 1114
218 1113 1114
185 186 1115
186 219 1115
185 218 1115
218 1115 1116
219 1115 1116
186 187 220
186 219 220
187 188 221
187 220 221
188 189 222
188 221 222
189 190 223
189 222 223
190 191 224
190 223 224
191 192 225
191 224 225
192 193 226
192 225 226
193 194 227
193 226 227
194 195 228
194 227 228
195 196 229
195 228 229
196 197 230
196 229 230
198 199 232
198 231 232
199 200 233
199 232 233
200 201 234
200 233 234
201 202 235
201 234 235
202 203 236
202 235 236
203 204 237
203 236 237
204 205 238
204 237 238
205 206 239
205 238 239
206 207 240
206 239 240
207 208 241
207 240 241
208 209 1117
209 242 1117
208 241 1117
241 1117 1118
242 1117 1118
209 210 1120
210 1119 1120
243 1119 1120
209 242 1120
242 1120 1121
243 1120 1121
211 1096 1123
210 1096 1123
211 1122 1123
244 1122 1123
243 1119 1123
210 1119 1123
243 1123 1124
244 1123 1124
212 1098 1126
211 1098 1126
212 1125 1126
245 1125 1126
244 1122 1126
211 1122 1126
244 1126 1127
245 1126 1127
213 1101 1129
212 1101 1129
213 1128 1129
246 1128 1129
245 1125 1129
212 1125 1129
245 1129 1130
246 1129 1130
214 1104 1132
213 1104 1132
214 1131 1132
247 1131 1132
246 1128 1132
213 1128 1132
246 1132 1133
247 1132 1133
215 1107 1134
214 1107 1134
215 248 1134
247 1131 1134
214 1131 1134
247 248 1134
216 1110 1135
215 1110 1135
216 249 1135
215 248 1135
248 249 1135
217 1112 1137
216 1112 1137
217 1136 1137
250 1136 1137
216 249 1137
249 250 1137
218 1114 1139
217 1114 1139
218 1138 1139
251 1138 1139
250 1136 1139
217 1136 1139
250 1139 1140
251 1139 1140
219 1116 1142
218 1116 1142
219 1141 1142
252 1141 1142
251 1138 1142
218 1138 1142
251 1142 1143
252 1142 1143
219 220 1144
220 253 1144
252 1141 1144
219 1141 1144
252 1144 1145
253 1144 1145
220 221 1146
221 254 1146
220 253 1146
253 1146 1147
254 1146 1147
221 222 255
221 254 255
222 223 256
222 255 256
223 224 257
223 256 257
224 225 258
224 257 258
225 226 259
225 258 259
226 227 260
226 259 260
227 228 261
227 260 261
228 229 262
228 261 262
229 230 263
229 262 263
231 232 265
231 264 265
232 233 266
232 265 266
233 234 267
233 266 267
234 235 268
234 267 268
235 236 269
235 268 269
236 237 270
236 269 270
237 238 271
237 270 271
238 239 272
238 271 272
239 240 273
239 272 273
240 241 1149
241 1148 1149
274 1148 1149
240 273 1149
273 1149 1150
274 1149 1150
242 1118 1152
241 1118 1152
242 1151 1152
275 1151 1152
274 1148 1152
241 1148 1152
274 1152 1153
275 1152 1153
243 1121 1155
242 1121 1155
243 1154 1155
276 1154 1155
275 1151 1155
242 1151 1155
275 1155 1156
276 1155 1156
244 1124 1158
243 1124 1158
244 1157 1158
277 1157 1158
276 1154 1158
243 1154 1158
276 1158 1159
277 1158 1159
245 1127 1160
244 1127 1160
245 278 1160
277 1157 1160
244 1157 1160
277 278 1160
246 1130 1161
245 1130 1161
246 279 1161
245 278 1161
278 279 1161
247 1133 1162
246 1133 1162
247 280 1162
246 279 1162
279 280 1162
247 248 281
247 280 281
248 249 282
248 281 282
249 250 283
249 282 283
251 1140 1163
250 1140 1163
251 284 1163
250 283 1163
283 284 1163
252 1143 1164
251 1143 1164
252 285 1164
251 284 1164
284 285 1164
253 1145 1166
252 1145 1166
253 1165 1166
286 1165 1166
252 285 1166
285 286 1166
254 1147 1168
253 1147 1168
254 1167 1168
287 1167 1168
286 1165 1168
253 1165 1168
286 1168 1169
287 1168 1169
254 255 1170
255 288 1170
287 1167 1170
254 1167 1170
287 1170 1171
288 1170 1171
255 256 289
255 288 289
256 257 290
256 289 290
257 258 291
257 290 291
258 259 292
258 291 292
259 260 293
259 292 293
260 261 294
260 293 294
261 262 295
261 294 295
262 263 296
262 295 296
264 265 298
264 297 298
265 266 299
265 298 299
266 267 300
266 299 300
267 268 301
267 300 301
268 269 302
268 301 302
269 270 303
269 302 303
270 271 304
270 303 304
271 272 305
271 304 305
272 273 1173
273 1172 1173
306 1172 1173
272 305 1173
305 1173 1174
306 1173 1174
274 1150 1176
273 1150 1176
274 1175 1176
307 1175 1176
306 1172 1176
273 1172 1176
306 1176 1177
307 1176 1177
275 1153 1179
274 1153 1179
275 1178 1179
308 1178 1179
307 1175 1179
274 1175 1179
307 1179 1180
308 1179 1180
276 1156 1181
275 1156 1181
276 309 1181
308 1178 1181
275 1178 1181
308 309 1181
277 1159 1182
276 1159 1182
277 310 1182
276 309 1182
309 310 1182
277 278 311
277 310 311
278 279 312
278 311 312
279 280 313
279 312 313
280 281 314
280 313 314
281 282 315
281 314 315
282 283 316
282 315 316
283 284 317
283 316 317
284 285 318
284 317 318
285 286 319
285 318 319
287 1169 1183
286 1169 1183
287 320 1183
286 319 1183
319 320 1183
288 1171 1185
287 1171 1185
288 1184 1185
321 1184 1185
287 320 1185
320 321 1185
288 289 1186
289 322 1186
321 1184 1186
288 1184 1186
321 1186 1187
322 1186 1187
289 290 323
289 322 323
290 291 324
290 323 324
291 292 325
291 324 325
292 293 326
292 325 326
293 294 327
293 326 327
294 295 328
294 327 328
295 296 329
295 328 329
297 298 331
297 330 331
298 299 332
298 331 332
299 300 333
299 332 333
300 301 334
300 333 334
301 302 335
301 334 335
302 303 336
302 335 336
303 304 337
303 336 337
304 305 1189
305 1188 1189
338 1188 1189
304 337 1189
337 1189 1190
338 1189 1190
306 1174 1192
305 1174 1192
306 1191 1192
339 1191 1192
338 1188 1192
305 1188 1192
338 1192 1193
339 1192 1193
307 1177 1195
306 1177 1195
307 1194 1195
340 1194 1195
339 1191 1195
306 1191 1195
339 1195 1196
340 1195 1196
308 1180 1197
307 1180 1197
308 341 1197
340 1194 1197
307 1194 1197
340 341 1197
308 309 342
308 341 342
309 310 343
309 342 343
310 311 344
310 343 344
311 312 345
311 344 345
312 313 346
312 345 346
313 314 347
313 346 347
314 315 348
314 347 348
315 316 349
315 348 349
316 317 350
316 349 350
317 318 351
317 350 351
318 319 352
318 351 352
319 320 353
319 352 353
320 321 354
320 353 354
322 1187 1199
321 1187 1199
322 1198 1199
355 1198 1199
321 354 1199
354 355 1199
322 323 1200
323 356 1200
355 1198 1200
322 1198 1200
355 1200 1201
356 1200 1201
323 324 357
323 356 357
324 325 358
324 357 358
325 326 359
325 358 359
326 327 360
326 359 360
327 328 361
327 360 361
328 329 362
328 361 362
330 331 364
330 363 364
331 332 365
331 364 365
332 333 366
332 365 366
333 334 367
333 366 367
334 335 368
334 367 368
335 336 369
335 368 369
336 337 1203
337 1202 1203
370 1202 1203
336 369 1203
369 370 1203
338 1190 1205
337 1190 1205
338 1204 1205
371 1204 1205
370 1202 1205
337 1202 1205
370 1205 1206
371 1205 1206
339 1193 1208
338 1193 1208
339 1207 1208
372 1207 1208
371 1204 1208
338 1204 1208
371 1208 1209
372 1208 1209
340 1196 1210
339 1196 1210
340 373 1210
372 1207 1210
339 1207 1210
372 373 1210
340 341 374
340 373 374
341 342 375
341 374 375
342 343 376
342 375 376
343 344 377
343 376 377
344 345 378
344 377 378
345 346 379
345 378 379
346 347 380
346 379 380
347 348 381
347 380 381
348 349 382
348 381 382
349 350 383
349 382 383
350 351 384
350 383 384
351 352 385
351 384 385
352 353 386
352 385 386
353 354 387
353 386 387
354 355 1212
355 1211 1212
388 1211 1212
354 387 1212
387 388 1212
356 1201 1214
355 1201 1214
356 1213 1214
389 1213 1214
388 1211 1214
355 1211 1214
388 1214 1215
389 1214 1215
356 357 1216
357 390 1216
389 1213 1216
356 1213 1216
389 390 1216
357 358 391
357 390 391
358 359 392
358 391 392
359 360 393
359 392 393
360 361 394
360 393 394
361 362 395
361 394 395
363 364 397
363 396 397
364 365 398
364 397 398
365 366 399
365 398 399
366 367 400
366 399 400
367 368 401
367 400 401
368 369 402
368 401 402
369 370 1218
370 1217 1218
403 1217 1218
369 402 1218
402 1218 1219
403 1218 1219
371 1206 1221
370 1206 1221
371 1220 1221
404 1220 1221
403 1217 1221
370 1217 1221
403 1221 1222
404 1221 1222
372 1209 1223
371 1209 1223
372 405 1223
404 1220 1223
371 1220 1223
404 405 1223
372 373 406
372 405 406
373 374 407
373 406 407
374 375 408
374 407 408
375 376 409
375 408 409
376 377 410
376 409 410
377 378 411
377 410 411
378 379 412
378 411 412
379 380 413
379 412 413
380 381 414
380 413 414
381 382 415
381 414 415
382 383 416
382 415 416
383 384 417
383 416 417
384 385 418
384 417 418
385 386 419
385 418 419
386 387 420
386 419 420
387 388 1225
388 1224 1225
421 1224 1225
387 420 1225
420 421 1225
389 1215 1227
388 1215 1227
389 1226 1227
422 1226 1227
421 1224 1227
388 1224 1227
421 1227 1228
422 1227 1228
389 390 1229
390 423 1229
422 1226 1229
389 1226 1229
422 423 1229
390 391 424
390 423 424
391 392 425
391 424 425
392 393 426
392 425 426
393 394 427
393 426 427
394 395 428
394 427 428
396 397 430
396 429 430
397 398 431
397 430 431
398 399 432
398 431 432
399 400 433
399 432 433
400 401 434
400 433 434
401 402 1231
402 1230 1231
435 1230 1231
401 434 1231
434 435 1231
403 1219 1233
402 1219 1233
403 1232 1233
436 1232 1233
435 1230 1233
402 1230 1233
435 1233 1234
436 1233 1234
404 1222 1236
403 1222 1236
404 1235 1236
437 1235 1236
436 1232 1236
403 1232 1236
436 1236 1237
437 1236 1237
404 405 1238
405 438 1238
437 1235 1238
404 1235 1238
437 438 1238
405 406 439
405 438 439
406 407 440
406 439 440
407 408 441
407 440 441
408 409 442
408 441 442
409 410 443
409 442 443
410 411 444
410 443 444
411 412 445
411 444 445
412 413 446
412 445 446
413 414 447
413 446 447
414 415 448
414 447 448
415 416 449
415 448 449
416 417 450
416 449 450
417 418 451
417 450 451
418 419 452
418 451 452
419 420 453
419 452 453
420 421 454
420 453 454
422 1228 1240
421 1228 1240
422 1239 1240
455 1239 1240
421 454 1240
454 455 1240
422 423 1241
423 456 1241
455 1239 1241
422 1239 1241
455 1241 1242
456 1241 1242
423 424 457
423 456 457
424 425 458
424 457 458
425 426 459
425 458 459
426 427 460
426 459 460
427 428 461
427 460 461
429 430 463
429 462 463
430 431 464
430 463 464
431 432 465
431 464 465
432 433 466
432 465 466
433 434 467
433 466 467
434 435 1244
435 1243 1244
468 1243 1244
434 467 1244
467 468 1244
436 1234 1246
435 1234 1246
436 1245 1246
469 1245 1246
468 1243 1246
435 1243 1246
468 1246 1247
469 1246 1247
437 1237 1248
436 1237 1248
437 470 1248
469 1245 1248
436 1245 1248
469 470 1248
437 438 471
437 470 471
438 439 472
438 471 472
439 440 473
439 472 473
440 441 474
440 473 474
441 442 475
441 474 475
442 443 476
442 475 476
443 444 477
443 476 477
444 445 478
444 477 478
445 446 479
445 478 479
446 447 480
446 479 480
447 448 481
447 480 481
448 449 482
448 481 482
449 450 483
449 482 483
450 451 484
450 483 484
451 452 485
451 484 485
452 453 486
452 485 486
453 454 487
453 486 487
454 455 1250
455 1249 1250
488 1249 1250
454 487 1250
487 488 1250
456 1242 1252
455 1242 1252
456 1251 1252
489 1251 1252
488 1249 1252
455 1249 1252
488 1252 1253
489 1252 1253
456 457 1254
457 490 1254
489 1251 1254
456 1251 1254
489 490 1254
457 458 491
457 490 491
458 459 492
458 491 492
459 460 493
459 492 493
460 461 494
460 493 494
462 463 496
462 495 496
463 464 497
463 496 497
464 465 498
464 497 498
465 466 499
465 498 499
466 467 500
466 499 500
467 468 1256
468 1255 1256
501 1255 1256
467 500 1256
500 1256 1257
501 1256 1257
469 1247 1259
468 1247 1259
469 1258 1259
502 1258 1259
501 1255 1259
468 1255 1259
501 1259 1260
502 1259 1260
469 470 1261
470 503 1261
502 1258 1261
469 1258 1261
502 503 1261
470 471 504
470 503 504
471 472 505
471 504 505
472 473 506
472 505 506
473 474 507
473 506 507
474 475 508
474 507 508
475 476 509
475 508 509
476 477 510
476 509 510
477 478 511
477 510 511
478 479 512
478 511 512
479 480 513
479 512 513
480 481 514
480 513 514
481 482 515
481 514 515
482 483 516
482 515 516
483 484 517
483 516 517
484 485 518
484 517 518
485 486 519
485 518 519
486 487 520
486 519 520
487 488 1263
488 1262 1263
521 1262 1263
487 520 1263
520 521 1263
489 1253 1265
488 1253 1265
489 1264 1265
522 1264 1265
521 1262 1265
488 1262 1265
521 1265 1266
522 1265 1266
489 490 1267
490 523 1267
522 1264 1267
489 1264 1267
522 523 1267
490 491 524
490 523 524
491 492 525
491 524 525
492 493 526
492 525 526
493 494 527
493 526 527
495 496 529
495 528 529
496 497 530
496 529 530
497 498 531
497 530 531
498 499 532
498 531 532
499 500 1269
500 1268 1269
533 1268 1269
499 532 1269
532 533 1269
501 1257 1271
500 1257 1271
501 1270 1271
534 1270 1271
533 1268 1271
500 1268 1271
533 1271 1272
534 1271 1272
502 1260 1274
501 1260 1274
502 1273 1274
535 1273 1274
534 1270 1274
501 1270 1274
534 1274 1275
535 1274 1275
502 503 1276
503 536 1276
535 1273 1276
502 1273 1276
535 536 1276
503 504 537
503 536 537
504 505 538
504 537 538
505 506 539
505 538 539
506 507 540
506 539 540
507 508 541
507 540 541
508 509 542
508 541 542
509 510 543
509 542 543
510 511 544
510 543 544
511 512 545
511 544 545
512 513 546
512 545 546
513 514 547
513 546 547
514 515 548
514 547 548
515 516 549
515 548 549
516 517 550
516 549 550
517 518 551
517 550 551
518 519 552
518 551 552
519 520 553
519 552 553
520 521 554
520 553 554
522 1266 1278
521 1266 1278
522 1277 1278
555 1277 1278
521 554 1278
554 555 1278
522 523 1279
523 556 1279
555 1277 1279
522 1277 1279
555 1279 1280
556 1279 1280
523 524 557
523 556 557
524 525 558
524 557 558
525 526 559
525 558 559
526 527 560
526 559 560
528 529 562
528 561 562
529 530 563
529 562 563
530 531 564
530 563 564
531 532 565
531 564 565
532 533 1282
533 1281 1282
566 1281 1282
532 565 1282
565 566 1282
534 1272 1284
533 1272 1284
534 1283 1284
567 1283 1284
566 1281 1284
533 1281 1284
566 1284 1285
567 1284 1285
535 1275 1286
534 1275 1286
535 568 1286
567 1283 1286
534 1283 1286
567 568 1286
535 536 569
535 568 569
536 537 570
536 569 570
537 538 571
537 570 571
538 539 572
538 571 572
539 540 573
539 572 573
540 541 574
540 573 574
541 542 575
541 574 575
542 543 576
542 575 576
543 544 577
543 576 577
544 545 578
544 577 578
545 546 579
545 578 579
546 547 580
546 579 580
547 548 581
547 580 581
548 549 582
548 581 582
549 550 583
549 582 583
550 551 584
550 583 584
551 552 585
551 584 585
552 553 586
552 585 586
553 554 587
553 586 587
554 555 1288
555 1287 1288
588 1287 1288
554 587 1288
587 1288 1289
588 1288 1289
556 1280 1291
555 1280 1291
556 1290 1291
589 1290 1291
588 1287 1291
555 1287 1291
588 1291 1292
589 1291 1292
556 557 1293
557 590 1293
589 1290 1293
556 1290 1293
589 590 1293
557 558 591
557 590 591
558 559 592
558 591 592
559 560 593
559 592 593
561 562 595
561 594 595
562 563 596
562 595 596
563 564 597
563 596 597
564 565 598
564 597 598
565 566 599
565 598 599
567 1285 1295
566 1285 1295
567 1294 1295
600 1294 1295
566 599 1295
599 600 1295
567 568 1296
568 601 1296
600 1294 1296
567 1294 1296
600 1296 1297
601 1296 1297
568 569 602
568 601 602
569 570 603
569 602 603
570 571 604
570 603 604
571 572 605
571 604 605
572 573 606
572 605 606
573 574 607
573 606 607
574 575 608
574 607 608
575 576 609
575 608 609
576 577 610
576 609 610
577 578 611
577 610 611
578 579 612
578 611 612
579 580 613
579 612 613
580 581 614
580 613 614
581 582 615
581 614 615
582 583 616
582 615 616
583 584 617
583 616 617
584 585 618
584 617 618
585 586 619
585 618 619
586 587 1299
587 1298 1299
620 1298 1299
586 619 1299
619 620 1299
588 1289 1301
587 1289 1301
588 1300 1301
621 1300 1301
620 1298 1301
587 1298 1301
620 1301 1302
621 1301 1302
589 1292 1304
588 1292 1304
589 1303 1304
622 1303 1304
621 1300 1304
588 1300 1304
621 1304 1305
622 1304 1305
589 590 1306
590 623 1306
622 1303 1306
589 1303 1306
622 623 1306
590 591 624
590 623 624
591 592 625
591 624 625
592 593 626
592 625 626
594 595 628
594 627 628
595 596 629
595 628 629
596 597 630
596 629 630
597 598 631
597 630 631
598 599 632
598 631 632
599 600 1308
600 1307 1308
633 1307 1308
599 632 1308
632 633 1308
601 1297 1310
600 1297 1310
601 1309 1310
634 1309 1310
633 1307 1310
600 1307 1310
633 1310 1311
634 1310 1311
601 602 1312
602 635 1312
634 1309 1312
601 1309 1312
634 635 1312
602 603 636
602 635 636
603 604 637
603 636 637
604 605 638
604 637 638
605 606 639
605 638 639
606 607 640
606 639 640
607 608 641
607 640 641
608 609 642
608 641 642
609 610 643
609 642 643
610 611 644
610 643 644
611 612 645
611 644 645
612 613 646
612 645 646
613 614 647
613 646 647
614 615 648
614 647 648
615 616 649
615 648 649
616 617 650
616 649 650
617 618 651
617 650 651
618 619 652
618 651 652
619 620 1314
620 1313 1314
653 1313 1314
619 652 1314
652 653 1314
621 1302 1316
620 1302 1316
621 1315 1316
654 1315 1316
653 1313 1316
620 1313 1316
653 1316 1317
654 1316 1317
622 1305 1318
621 1305 1318
622 655 1318
654 1315 1318
621 1315 1318
654 655 1318
622 623 656
622 655 656
623 624 657
623 656 657
624 625 658
624 657 658
625 626 659
625 658 659
627 628 661
627 660 661
628 629 662
628 661 662
629 630 663
629 662 663
630 631 664
630 663 664
631 632 665
631 664 665
632 633 1320
633 1319 1320
666 1319 1320
632 665 1320
665 666 1320
634 1311 1322
633 1311 1322
634 1321 1322
667 1321 1322
666 1319 1322
633 1319 1322
666 1322 1323
667 1322 1323
634 635 1324
635 668 1324
667 1321 1324
634 1321 1324
667 668 1324
635 636 669
635 668 669
636 637 670
636 669 670
637 638 671
637 670 671
638 639 672
638 671 672
639 640 673
639 672 673
640 641 674
640 673 674
641 642 675
641 674 675
642 643 676
642 675 676
643 644 677
643 676 677
644 645 678
644 677 678
645 646 679
645 678 679
646 647 680
646 679 680
647 648 681
647 680 681
648 649 682
648 681 682
649 650 683
649 682 683
650 651 684
650 683 684
651 652 685
651 684 685
652 653 1326
653 1325 1326
686 1325 1326
652 685 1326
685 1326 1327
686 1326 1327
654 1317 1329
653 1317 1329
654 1328 1329
687 1328 1329
686 1325 1329
653 1325 1329
686 1329 1330
687 1329 1330
654 655 1331
655 688 1331
687 1328 1331
654 1328 1331
687 688 1331
655 656 689
655 688 689
656 657 690
656 689 690
657 658 691
657 690 691
658 659 692
658 691 692
660 661 694
660 693 694
661 662 695
661 694 695
662 663 696
662 695 696
663 664 697
663 696 697
664 665 698
664 697 698
665 666 699
665 698 699
667 1323 1333
666 1323 1333
667 1332 1333
700 1332 1333
666 699 1333
699 700 1333
667 668 1334
668 701 1334
700 1332 1334
667 1332 1334
700 1334 1335
701 1334 1335
668 669 702
668 701 702
669 670 703
669 702 703
670 671 704
670 703 704
671 672 705
671 704 705
672 673 706
672 705 706
673 674 707
673 706 707
674 675 708
674 707 708
675 676 709
675 708 709
676 677 710
676 709 710
677 678 711
677 710 711
678 679 712
678 711 712
679 680 713
679 712 713
680 681 714
680 713 714
681 682 715
681 714 715
682 683 716
682 715 716
683 684 717
683 716 717
684 685 1337
685 1336 1337
718 1336 1337
684 717 1337
717 718 1337
686 1327 1339
685 1327 1339
686 1338 1339
719 1338 1339
718 1336 1339
685 1336 1339
718 1339 1340
719 1339 1340
687 1330 1342
686 1330 1342
687 1341 1342
720 1341 1342
719 1338 1342
686 1338 1342
719 1342 1343
720 1342 1343
687 688 1344
688 721 1344
720 1341 1344
687 1341 1344
720 721 1344
688 689 722
688 721 722
689 690 723
689 722 723
690 691 724
690 723 724
691 692 725
691 724 725
693 694 727
693 726 727
694 695 728
694 727 728
695 696 729
695 728 729
696 697 730
696 729 730
697 698 731
697 730 731
698 699 732
698 731 732
699 700 1346
700 1345 1346
733 1345 1346
699 732 1346
732 733 1346
701 1335 1348
700 1335 1348
701 1347 1348
734 1347 1348
733 1345 1348
700 1345 1348
733 1348 1349
734 1348 1349
701 702 1350
702 735 1350
734 1347 1350
701 1347 1350
734 735 1350
702 703 736
702 735 736
703 704 737
703 736 737
704 705 738
704 737 738
705 706 739
705 738 739
706 707 740
706 739 740
707 708 741
707 740 741
708 709 742
708 741 742
709 710 743
709 742 743
710 711 744
710 743 744
711 712 745
711 744 745
712 713 746
712 745 746
713 714 747
713 746 747
714 715 748
714 747 748
715 716 749
715 748 749
716 717 750
716 749 750
717 718 1352
718 1351 1352
751 1351 1352
717 750 1352
750 1352 1353
751 1352 1353
719 1340 1355
718 1340 1355
719 1354 1355
752 1354 1355
751 1351 1355
718 1351 1355
751 1355 1356
752 1355 1356
720 1343 1357
719 1343 1357
720 753 1357
752 1354 1357
719 1354 1357
752 753 1357
720 721 754
720 753 754
721 722 755
721 754 755
722 723 756
722 755 756
723 724 757
723 756 757
724 725 758
724 757 758
726 727 760
726 759 760
727 728 761
727 760 761
728 729 762
728 761 762
729 730 763
729 762 763
730 731 764
730 763 764
731 732 765
731 764 765
732 733 766
732 765 766
734 1349 1359
733 1349 1359
734 1358 1359
767 1358 1359
733 766 1359
766 767 1359
734 735 1360
735 768 1360
767 1358 1360
734 1358 1360
767 1360 1361
768 1360 1361
735 736 769
735 768 769
736 737 770
736 769 770
737 738 771
737 770 771
738 739 772
738 771 772
739 740 773
739 772 773
740 741 774
740 773 774
741 742 775
741 774 775
742 743 776
742 775 776
743 744 777
743 776 777
744 745 778
744 777 778
745 746 779
745 778 779
746 747 780
746 779 780
747 748 781
747 780 781
748 749 782
748 781 782
749 750 1363
750 1362 1363
783 1362 1363
749 782 1363
782 1363 1364
783 1363 1364
751 1353 1366
750 1353 1366
751 1365 1366
784 1365 1366
783 1362 1366
750 1362 1366
783 1366 1367
784 1366 1367
752 1356 1369
751 1356 1369
752 1368 1369
785 1368 1369
784 1365 1369
751 1365 1369
784 1369 1370
785 1369 1370
752 753 1371
753 786 1371
785 1368 1371
752 1368 1371
785 786 1371
753 754 787
753 786 787
754 755 788
754 787 788
755 756 789
755 788 789
756 757 790
756 789 790
757 758 791
757 790 791
759 760 793
759 792 793
760 761 794
760 793 794
761 762 795
761 794 795
762 763 796
762 795 796
763 764 797
763 796 797
764 765 798
764 797 798
765 766 799
765 798 799
766 767 800
766 799 800
768 1361 1373
767 1361 1373
768 1372 1373
801 1372 1373
767 800 1373
800 801 1373
768 769 1374
769 802 1374
801 1372 1374
768 1372 1374
801 1374 1375
802 1374 1375
769 770 803
769 802 803
770 771 804
770 803 804
771 772 805
771 804 805
772 773 806
772 805 806
773 774 807
773 806 807
774 775 808
774 807 808
775 776 809
775 808 809
776 777 810
776 809 810
777 778 811
777 810 811
778 779 812
778 811 812
779 780 813
779 812 813
780 781 814
780 813 814
781 782 1377
782 1376 1377
815 1376 1377
781 814 1377
814 1377 1378
815 1377 1378
783 1364 1380
782 1364 1380
783 1379 1380
816 1379 1380
815 1376 1380
782 1376 1380
815 1380 1381
816 1380 1381
784 1367 1383
783 1367 1383
784 1382 1383
817 1382 1383
816 1379 1383
783 1379 1383
816 1383 1384
817 1383 1384
785 1370 1385
784 1370 1385
785 818 1385
817 1382 1385
784 1382 1385
817 818 1385
785 786 819
785 818 819
786 787 820
786 819 820
787 788 821
787 820 821
788 789 822
788 821 822
789 790 823
789 822 823
790 791 824
790 823 824
792 793 826
792 825 826
793 794 827
793 826 827
794 795 828
794 827 828
795 796 829
795 828 829
796 797 830
796 829 830
797 798 831
797 830 831
798 799 832
798 831 832
799 800 833
799 832 833
800 801 1387
801 1386 1387
834 1386 1387
800 833 1387
833 834 1387
802 1375 1389
801 1375 1389
802 1388 1389
835 1388 1389
834 1386 1389
801 1386 1389
834 1389 1390
835 1389 1390
802 803 1391
803 836 1391
835 1388 1391
802 1388 1391
835 1391 1392
836 1391 1392
803 804 1393
804 837 1393
803 836 1393
836 1393 1394
837 1393 1394
804 805 838
804 837 838
805 806 839
805 838 839
806 807 840
806 839 840
807 808 841
807 840 841
808 809 842
808 841 842
809 810 843
809 842 843
810 811 844
810 843 844
811 812 845
811 844 845
812 813 1395
813 846 1395
812 845 1395
845 1395 1396
846 1395 1396
813 814 1398
814 1397 1398
847 1397 1398
813 846 1398
846 1398 1399
847 1398 1399
815 1378 1401
814 1378 1401
815 1400 1401
848 1400 1401
847 1397 1401
814 1397 1401
847 1401 1402
848 1401 1402
816 1381 1404
815 1381 1404
816 1403 1404
849 1403 1404
848 1400 1404
815 1400 1404
848 1404 1405
849 1404 1405
817 1384 1406
816 1384 1406
817 850 1406
849 1403 1406
816 1403 1406
849 850 1406
817 818 851
817 850 851
818 819 852
818 851 852
819 820 853
819 852 853
820 821 854
820 853 854
821 822 855
821 854 855
822 823 856
822 855 856
823 824 857
823 856 857
825 826 859
825 858 859
826 827 860
826 859 860
827 828 861
827 860 861
828 829 862
828 861 862
829 830 863
829 862 863
830 831 864
830 863 864
831 832 865
831 864 865
832 833 866
832 865 866
833 834 867
833 866 867
835 1390 1408
834 1390 1408
835 1407 1408
868 1407 1408
834 867 1408
867 868 1408
836 1392 1410
835 1392 1410
836 1409 1410
869 1409 1410
868 1407 1410
835 1407 1410
868 1410 1411
869 1410 1411
837 1394 1413
836 1394 1413
837 1412 1413
870 1412 1413
869 1409 1413
836 1409 1413
869 1413 1414
870 1413 1414
837 838 1415
838 871 1415
870 1412 1415
837 1412 1415
870 1415 1416
871 1415 1416
838 839 1417
839 872 1417
838 871 1417
871 1417 1418
872 1417 1418
839 840 873
839 872 873
840 841 874
840 873 874
841 842 875
841 874 875
842 843 1419
843 876 1419
842 875 1419
875 1419 1420
876 1419 1420
843 844 1421
844 877 1421
843 876 1421
876 1421 1422
877 1421 1422
844 845 1424
845 1423 1424
878 1423 1424
844 877 1424
877 1424 1425
878 1424 1425
846 1396 1427
845 1396 1427
846 1426 1427
879 1426 1427
878 1423 1427
845 1423 1427
878 1427 1428
879 1427 1428
847 1399 1430
846 1399 1430
847 1429 1430
880 1429 1430
879 1426 1430
846 1426 1430
879 1430 1431
880 1430 1431
848 1402 1433
847 1402 1433
848 1432 1433
881 1432 1433
880 1429 1433
847 1429 1433
880 1433 1434
881 1433 1434
849 1405 1435
848 1405 1435
849 882 1435
881 1432 1435
848 1432 1435
881 882 1435
849 850 883
849 882 883
850 851 884
850 883 884
851 852 885
851 884 885
852 853 886
852 885 886
853 854 887
853 886 887
854 855 888
854 887 888
855 856 889
855 888 889
856 857 890
856 889 890
858 859 892
858 891 892
859 860 893
859 892 893
860 861 894
860 893 894
861 862 895
861 894 895
862 863 896
862 895 896
863 864 897
863 896 897
864 865 898
864 897 898
865 866 899
865 898 899
866 867 900
866 899 900
867 868 901
867 900 901
869 1411 1436
868 1411 1436
869 902 1436
868 901 1436
901 902 1436
870 1414 1437
869 1414 1437
870 903 1437
869 902 1437
902 903 1437
871 1416 1439
870 1416 1439
871 1438 1439
904 1438 1439
870 903 1439
903 904 1439
872 1418 1441
871 1418 1441
872 1440 1441
905 1440 1441
904 1438 1441
871 1438 1441
904 1441 1442
905 1441 1442
872 873 1443
873 906 1443
905 1440 1443
872 1440 1443
905 1443 1444
906 1443 1444
873 874 1445
874 907 1445
873 906 1445
906 1445 1446
907 1445 1446
874 875 1448
875 1447 1448
908 1447 1448
874 907 1448
907 1448 1449
908 1448 1449
876 1420 1451
875 1420 1451
876 1450 1451
909 1450 1451
908 1447 1451
875 1447 1451
908 1451 1452
909 1451 1452
877 1422 1454
876 1422 1454
877 1453 1454
910 1453 1454
909 1450 1454
876 1450 1454
909 1454 1455
910 1454 1455
878 1425 1457
877 1425 1457
878 1456 1457
911 1456 1457
910 1453 1457
877 1453 1457
910 1457 1458
911 1457 1458
879 1428 1460
878 1428 1460
879 1459 1460
912 1459 1460
911 1456 1460
878 1456 1460
911 1460 1461
912 1460 1461
880 1431 1462
879 1431 1462
880 913 1462
912 1459 1462
879 1459 1462
912 913 1462
881 1434 1463
880 1434 1463
881 914 1463
880 913 1463
913 914 1463
881 882 915
881 914 915
882 883 916
882 915 916
883 884 917
883 916 917
884 885 918
884 917 918
885 886 919
885 918 919
886 887 920
886 919 920
887 888 921
887 920 921
888 889 922
888 921 922
889 890 923
889 922 923
891 892 925
891 924 925
892 893 926
892 925 926
893 894 927
893 926 927
894 895 928
894 927 928
895 896 929
895 928 929
896 897 930
896 929 930
897 898 931
897 930 931
898 899 932
898 931 932
899 900 933
899 932 933
900 901 934
900 933 934
901 902 935
901 934 935
902 903 936
902 935 936
903 904 937
903 936 937
905 1442 1464
904 1442 1464
905 938 1464
904 937 1464
937 938 1464
906 1444 1466
905 1444 1466
906 1465 1466
939 1465 1466
905 938 1466
938 939 1466
907 1446 1468
906 1446 1468
907 1467 1468
940 1467 1468
939 1465 1468
906 1465 1468
939 1468 1469
940 1468 1469
908 1449 1471
907 1449 1471
908 1470 1471
941 1470 1471
940 1467 1471
907 1467 1471
940 1471 1472
941 1471 1472
909 1452 1474
908 1452 1474
909 1473 1474
942 1473 1474
941 1470 1474
908 1470 1474
941 1474 1475
942 1474 1475
910 1455 1476
909 1455 1476
910 943 1476
942 1473 1476
909 1473 1476
942 943 1476
911 1458 1477
910 1458 1477
911 944 1477
910 943 1477
943 944 1477
912 1461 1478
911 1461 1478
912 945 1478
911 944 1478
944 945 1478
912 913 946
912 945 946
913 914 947
913 946 947
914 915 948
914 947 948
915 916 949
915 948 949
916 917 950
916 949 950
917 918 951
917 950 951
918 919 952
918 951 952
919 920 953
919 952 953
920 921 954
920 953 954
921 922 955
921 954 955
922 923 956
922 955 956
924 925 958
924 957 958
925 926 959
925 958 959
926 927 960
926 959 960
927 928 961
927 960 961
928 929 962
928 961 962
929 930 963
929 962 963
930 931 964
930 963 964
931 932 965
931 964 965
932 933 966
932 965 966
933 934 967
933 966 967
934 935 968
934 967 968
935 936 969
935 968 969
936 937 970
936 969 970
937 938 971
937 970 971
938 939 972
938 971 972
940 1469 1479
939 1469 1479
940 973 1479
939 972 1479
972 973 1479
941 1472 1480
940 1472 1480
941 974 1480
940 973 1480
973 974 1480
942 1475 1481
941 1475 1481
942 975 1481
941 974 1481
974 975 1481
942 943 976
942 975 976
943 944 977
943 976 977
944 945 978
944 977 978
945 946 979
945 978 979
946 947 980
946 979 980
947 948 981
947 980 981
948 949 982
948 981 982
949 950 983
949 982 983
950 951 984
950 983 984
951 952 985
951 984 985
952 953 986
952 985 986
953 954 987
953 986 987
954 955 988
954 987 988
955 956 989
955 988 989
957 958 991
957 990 991
958 959 992
958 991 992
959 960 993
959 992 993
960 961 994
960 993 994
961 962 995
961 994 995
962 963 996
962 995 996
963 964 997
963 996 997
964 965 998
964 997 998
965 966 999
965 998 999
966 967 1000
966 999 1000
967 968 1001
967 1000 1001
968 969 1002
968 1001 1002
969 970 1003
969 1002 1003
970 971 1004
970 1003 1004
971 972 1005
971 1004 1005
972 973 1006
972 1005 1006
973 974 1007
973 1006 1007
974 975 1008
974 1007 1008
975 976 1009
975 1008 1009
976 977 1010
976 1009 1010
977 978 1011
977 1010 1011
978 979 1012
978 1011 1012
979 980 1013
979 1012 1013
980 981 1014
980 1013 1014
981 982 1015
981 1014 1015
982 983 1016
982 1015 1016
983 984 1017
983 1016 1017
984 985 1018
984 1017 1018
985 986 1019
985 1018 1019
986 987 1020
986 1019 1020
987 988 1021
987 1020 1021
988 989 1022
988 1021 1022
990 991 1024
990 1023 1024
991 992 1025
991 1024 1025
992 993 1026
992 1025 1026
993 994 1027
993 1026 1027
994 995 1028
994 1027 1028
995 996 1029
995 1028 1029
996 997 1030
996 1029 1030
997 998 1031
997 1030 1031
998 999 1032
998 1031 1032
999 1000 1033
999 1032 1033
1000 1001 1034
1000 1033 1034
1001 1002 1035
1001 1034 1035
1002 1003 1036
1002 1035 1036
1003 1004 1037
1003 1036 1037
1004 1005 1038
1004 1037 1038
1005 1006 1039
1005 1038 1039
1006 1007 1040
1006 1039 1040
1007 1008 1041
1007 1040 1041
1008 1009 1042
1008 1041 1042
1009 1010 1043
1009 1042 1043
1010 1011 1044
1010 1043 1044
1011 1012 1045
1011 1044 1045
1012 1013 1046
1012 1045 1046
1013 1014 1047
1013 1046 1047
1014 1015 1048
1014 1047 1048
1015 1016 1049
1015 1048 1049
1016 1017 1050
1016 1049 1050
1017 1018 1051
1017 1050 1051
1018 1019 1052
1018 1051 1052
1019 1020 1053
1019 1052 1053
1020 1021 1054
1020 1053 1054
1021 1022 1055
1021 1054 1055
1023 1024 1057
1023 1056 1057
1024 1025 1058
1024 1057 1058
1025 1026 1059
1025 1058 1059
1026 1027 1060
1026 1059 1060
1027 1028 1061
1027 1060 1061
1028 1029 1062
1028 1061 1062
1029 1030 1063
1029 1062 1063
1030 1031 1064
1030 1063 1064
1031 1032 1065
1031 1064 1065
1032 1033 1066
1032 1065 1066
1033 1034 1067
1033 1066 1067
1034 1035 1068
1034 1067 1068
1035 1036 1069
1035 1068 1069
1036 1037 1070
1036 1069 1070
1037 1038 1071
1037 1070 1071
1038 1039 1072
1038 1071 1072
1039 1040 1073
1039 1072 1073
1040 1041 1074
1040 1073 1074
1041 1042 1075
1041 1074 1075
1042 1043 1076
1042 1075 1076
1043 1044 1077
1043 1076 1077
1044 1045 1078
1044 1077 1078
1045 1046 1079
1045 1078 1079
1046 1047 1080
1046 1079 1080
1047 1048 1081
1047 1080 1081
1048 1049 1082
1048 1081 1082
1049 1050 1083
1049 1082 1083
1050 1051 1084
1050 1083 1084
1051 1052 1085
1051 1084 1085
1052 1053 1086
1052 1085 1086
1053 1054 1087
1053 1086 1087
1054 1055 1088
1054 1087 1088
