ID=9289333
numvertices=151
numsimplices=260
vertices
-1.500000e+00 -1.500000e+00
-5.000000e-01 -1.500000e+00
5.000000e-01 -1.500000e+00
1.500000e+00 -1.500000e+00
-1.500000e+00 -5.000000e-01
-5.000000e-01 -5.000000e-01
5.000000e-01 -5.000000e-01
1.500000e+00 -5.000000e-01
-1.500000e+00 5.000000e-01
-5.000000e-01 5.000000e-01
5.000000e-01 5.000000e-01
1.500000e+00 5.000000e-01
-1.500000e+00 1.500000e+00
-5.000000e-01 1.500000e+00
5.000000e-01 1.500000e+00
1.500000e+00 1.500000e+00
-5.000000e-01 -1.000000e+00
-1.000000e+00 -1.000000e+00
-1.000000e+00 -1.500000e+00
-1.000000e+00 -5.000000e-01
-1.500000e+00 -1.000000e+00
5.000000e-01 -1.000000e+00
0.000000e+00 -1.000000e+00
0.000000e+00 -1.500000e+00
0.000000e+00 -5.000000e-01
1.000000e+00 -1.000000e+00
1.000000e+00 -5.000000e-01
-5.000000e-01 0.000000e+00
-1.000000e+00 0.000000e+00
-1.000000e+00 5.000000e-01
-1.500000e+00 0.000000e+00
5.000000e-01 0.000000e+00
0.000000e+00 0.000000e+00
0.000000e+00 5.000000e-01
1.500000e+00 0.000000e+00
1.000000e+00 0.000000e+00
1.000000e+00 5.000000e-01
-5.000000e-01 1.000000e+00
-1.000000e+00 1.000000e+00
5.000000e-01 1.000000e+00
0.000000e+00 1.000000e+00
0.000000e+00 1.500000e+00
1.500000e+00 1.000000e+00
1.000000e+00 1.000000e+00
1.000000e+00 1.500000e+00
-1.000000e+00 -1.250000e+00
-7.500000e-01 -1.500000e+00
-7.500000e-01 -1.250000e+00
-1.250000e+00 -1.500000e+00
-1.250000e+00 -1.250000e+00
-7.500000e-01 -1.000000e+00
-5.000000e-01 -1.250000e+00
-7.500000e-01 -7.500000e-01
-5.000000e-01 -7.500000e-01
-1.250000e+00 -1.000000e+00
-1.500000e+00 -7.500000e-01
-1.250000e+00 -7.500000e-01
-1.500000e+00 -1.250000e+00
-1.000000e+00 -7.500000e-01
-1.250000e+00 -5.000000e-01
-7.500000e-01 -5.000000e-01
0.000000e+00 -1.250000e+00
2.500000e-01 -1.500000e+00
2.500000e-01 -1.250000e+00
-2.500000e-01 -1.500000e+00
-2.500000e-01 -1.250000e+00
2.500000e-01 -1.000000e+00
5.000000e-01 -1.250000e+00
2.500000e-01 -7.500000e-01
5.000000e-01 -7.500000e-01
-2.500000e-01 -1.000000e+00
-2.500000e-01 -7.500000e-01
0.000000e+00 -7.500000e-01
-2.500000e-01 -5.000000e-01
2.500000e-01 -5.000000e-01
7.500000e-01 -1.250000e+00
1.000000e+00 -1.500000e+00
1.250000e+00 -7.500000e-01
1.500000e+00 -1.000000e+00
7.500000e-01 -1.000000e+00
7.500000e-01 -7.500000e-01
1.000000e+00 -7.500000e-01
7.500000e-01 -5.000000e-01
1.250000e+00 -5.000000e-01
-1.000000e+00 -2.500000e-01
-7.500000e-01 -2.500000e-01
-1.250000e+00 -2.500000e-01
-7.500000e-01 0.000000e+00
-5.000000e-01 -2.500000e-01
-7.500000e-01 2.500000e-01
-5.000000e-01 2.500000e-01
-1.250000e+00 0.000000e+00
-1.500000e+00 2.500000e-01
-1.250000e+00 2.500000e-01
-1.500000e+00 -2.500000e-01
-1.000000e+00 2.500000e-01
-1.250000e+00 5.000000e-01
-7.500000e-01 5.000000e-01
2.500000e-01 -2.500000e-01
-2.500000e-01 -2.500000e-01
5.000000e-01 -2.500000e-01
2.500000e-01 2.500000e-01
5.000000e-01 2.500000e-01
-2.500000e-01 2.500000e-01
-2.500000e-01 5.000000e-01
2.500000e-01 5.000000e-01
1.000000e+00 -2.500000e-01
1.250000e+00 -2.500000e-01
7.500000e-01 -2.500000e-01
1.250000e+00 0.000000e+00
1.500000e+00 -2.500000e-01
1.250000e+00 2.500000e-01
1.500000e+00 2.500000e-01
7.500000e-01 0.000000e+00
7.500000e-01 2.500000e-01
1.000000e+00 2.500000e-01
7.500000e-01 5.000000e-01
1.250000e+00 5.000000e-01
-1.000000e+00 7.500000e-01
-7.500000e-01 7.500000e-01
-1.250000e+00 7.500000e-01
-7.500000e-01 1.000000e+00
-5.000000e-01 7.500000e-01
-7.500000e-01 1.250000e+00
-5.000000e-01 1.250000e+00
-1.500000e+00 1.000000e+00
-1.000000e+00 1.500000e+00
0.000000e+00 7.500000e-01
2.500000e-01 7.500000e-01
-2.500000e-01 7.500000e-01
2.500000e-01 1.000000e+00
5.000000e-01 7.500000e-01
2.500000e-01 1.250000e+00
5.000000e-01 1.250000e+00
-2.500000e-01 1.000000e+00
-2.500000e-01 1.250000e+00
0.000000e+00 1.250000e+00
-2.500000e-01 1.500000e+00
2.500000e-01 1.500000e+00
1.000000e+00 7.500000e-01
1.250000e+00 7.500000e-01
7.500000e-01 7.500000e-01
1.250000e+00 1.000000e+00
1.500000e+00 7.500000e-01
1.250000e+00 1.250000e+00
1.500000e+00 1.250000e+00
7.500000e-01 1.000000e+00
7.500000e-01 1.250000e+00
1.000000e+00 1.250000e+00
7.500000e-01 1.500000e+00
1.250000e+00 1.500000e+00
simplices
18 45 47
17 45 47
18 46 47
1 46 47
18 45 49
17 45 49
18 48 49
0 48 49
16 47 51
1 47 51
16 47 50
17 47 50
16 52 53
5 52 53
16 50 52
17 50 52
20 54 56
17 54 56
20 55 56
4 55 56
20 49 54
17 49 54
20 49 57
0 49 57
19 56 58
17 56 58
19 56 59
4 56 59
19 52 58
17 52 58
19 52 60
5 52 60
23 61 63
22 61 63
23 62 63
2 62 63
23 61 65
22 61 65
23 64 65
1 64 65
21 63 67
2 63 67
21 63 66
22 63 66
21 68 69
6 68 69
21 66 68
22 66 68
16 53 71
5 53 71
16 70 71
22 70 71
16 51 65
1 51 65
16 65 70
22 65 70
24 71 72
22 71 72
24 71 73
5 71 73
24 68 72
22 68 72
24 68 74
6 68 74
3 25 76
25 75 76
2 75 76
25 77 78
7 77 78
3 25 78
21 69 80
6 69 80
21 79 80
25 79 80
21 67 75
2 67 75
21 75 79
25 75 79
26 80 81
25 80 81
26 80 82
6 80 82
26 77 81
25 77 81
26 77 83
7 77 83
19 60 85
5 60 85
19 84 85
28 84 85
19 59 86
4 59 86
19 84 86
28 84 86
27 85 88
5 85 88
27 85 87
28 85 87
27 89 90
9 89 90
27 87 89
28 87 89
30 91 93
28 91 93
30 92 93
8 92 93
30 86 91
28 86 91
30 86 94
4 86 94
29 93 95
28 93 95
29 93 96
8 93 96
29 89 95
28 89 95
29 89 97
9 89 97
24 74 98
6 74 98
24 32 98
24 73 99
5 73 99
24 32 99
31 98 100
6 98 100
31 32 98
31 101 102
10 101 102
31 32 101
27 90 103
9 90 103
27 32 103
27 88 99
5 88 99
27 32 99
32 33 103
33 103 104
9 103 104
32 33 101
33 101 105
10 101 105
26 83 107
7 83 107
26 106 107
35 106 107
26 82 108
6 82 108
26 106 108
35 106 108
34 107 110
7 107 110
34 107 109
35 107 109
34 111 112
11 111 112
34 109 111
35 109 111
31 102 114
10 102 114
31 113 114
35 113 114
31 100 108
6 100 108
31 108 113
35 108 113
36 114 115
35 114 115
36 114 116
10 114 116
36 111 115
35 111 115
36 111 117
11 111 117
29 97 119
9 97 119
29 118 119
38 118 119
29 96 120
8 96 120
29 118 120
38 118 120
37 119 122
9 119 122
37 119 121
38 119 121
37 123 124
13 123 124
37 121 123
38 121 123
12 38 125
38 120 125
8 120 125
38 123 126
13 123 126
12 38 126
33 105 128
10 105 128
33 127 128
40 127 128
33 104 129
9 104 129
33 127 129
40 127 129
39 128 131
10 128 131
39 128 130
40 128 130
39 132 133
14 132 133
39 130 132
40 130 132
37 124 135
13 124 135
37 134 135
40 134 135
37 122 129
9 122 129
37 129 134
40 129 134
41 135 136
40 135 136
41 135 137
13 135 137
41 132 136
40 132 136
41 132 138
14 132 138
36 117 140
11 117 140
36 139 140
43 139 140
36 116 141
10 116 141
36 139 141
43 139 141
42 140 143
11 140 143
42 140 142
43 140 142
42 144 145
15 144 145
42 142 144
43 142 144
39 133 147
14 133 147
39 146 147
43 146 147
39 131 141
10 131 141
39 141 146
43 141 146
44 147 148
43 147 148
44 147 149
14 147 149
44 144 148
43 144 148
44 144 150
15 144 150
