ID=9762430
numvertices=1807
numsimplices=3484
vertices
-1.500000e+00 -1.500000e+00
1.500000e+00 -1.500000e+00
1.500000e+00 1.500000e+00
-1.500000e+00 1.500000e+00
0.000000e+00 -1.500000e+00
1.500000e+00 0.000000e+00
0.000000e+00 1.500000e+00
-1.500000e+00 0.000000e+00
0.000000e+00 0.000000e+00
-1.500000e+00 -7.500000e-01
-7.500000e-01 -1.500000e+00
-7.500000e-01 1.500000e+00
-1.500000e+00 7.500000e-01
1.500000e+00 -7.500000e-01
7.500000e-01 -1.500000e+00
1.500000e+00 7.500000e-01
7.500000e-01 1.500000e+00
6.250000e-01 -6.250000e-01
-6.250000e-01 6.250000e-01
-3.750000e-01 -7.500000e-01
7.500000e-01 3.750000e-01
-7.291667e-01 -1.041667e-01
1.099138e-01 7.607759e-01
-9.375000e-01 -9.375000e-01
9.375000e-01 9.375000e-01
-1.064867e+00 3.158144e-01
-3.750000e-01 1.107143e+00
1.580882e-01 -9.522059e-01
1.107143e+00 -3.750000e-01
1.015625e+00 -1.015625e+00
-1.015625e+00 1.015625e+00
5.208333e-01 -1.041667e-01
-1.089744e+00 -4.567308e-01
4.712911e-01 1.094597e+00
3.074382e-02 -4.841219e-01
-4.036458e-01 2.213542e-01
5.789250e-01 -1.091165e+00
-3.342717e-01 -2.642648e-01
3.273810e-01 2.827381e-01
1.125000e+00 5.625000e-01
-2.181633e-01 -1.140332e+00
1.063337e+00 6.417411e-02
-1.125000e+00 -1.500000e+00
-1.500000e+00 -1.125000e+00
1.500000e+00 1.125000e+00
1.125000e+00 1.500000e+00
-1.115997e+00 -6.921230e-02
-6.913853e-01 -5.034747e-01
6.094702e-01 7.343433e-01
3.750000e-01 -1.500000e+00
-3.750000e-01 -1.500000e+00
-1.125000e+00 1.500000e+00
1.125000e+00 -1.500000e+00
1.500000e+00 -3.750000e-01
-1.500000e+00 -3.750000e-01
-1.500000e+00 3.750000e-01
-3.750000e-01 1.500000e+00
1.500000e+00 -1.125000e+00
-1.500000e+00 1.125000e+00
3.750000e-01 1.500000e+00
1.500000e+00 3.750000e-01
-6.062135e-01 -1.139571e+00
-2.672414e-01 7.453818e-01
9.751259e-02 1.136715e+00
-5.049878e-02 3.993180e-01
-9.792008e-01 6.614242e-01
-7.395241e-01 2.317116e-01
-7.098214e-01 1.162946e+00
9.598214e-01 -6.808036e-01
7.749081e-01 -3.241850e-01
2.250847e-01 -2.287433e-01
3.025081e-01 -6.615515e-01
-1.255097e+00 5.463888e-01
-1.250000e+00 -9.375000e-01
-8.914858e-01 -1.234662e+00
-6.700437e-01 -8.023690e-01
1.218750e+00 8.437500e-01
1.171875e+00 1.171875e+00
7.637089e-01 1.192070e+00
1.875000e-01 -1.257402e+00
-1.227679e+00 -1.227679e+00
-1.167230e-01 -8.728980e-01
7.627583e-01 7.451416e-02
4.377707e-01 -4.140258e-01
7.681145e-01 -8.848157e-01
-1.287802e+00 9.375000e-01
-1.222574e+00 1.223431e+00
1.287802e+00 -9.375000e-01
1.222574e+00 -1.223431e+00
9.375000e-01 -1.287802e+00
-7.797133e-01 8.609117e-01
1.236315e+00 -6.654065e-01
8.750634e-01 6.719067e-01
1.303571e+00 -1.875000e-01
-1.875000e-01 1.303571e+00
-3.823149e-01 4.955686e-01
-1.303912e+00 1.875000e-01
1.304509e+00 1.875000e-01
-1.300596e-01 9.831741e-01
-9.375000e-01 1.306727e+00
3.509284e-01 5.819338e-01
3.680564e-01 8.483734e-01
-5.082913e-01 8.705094e-01
2.595916e-01 3.032564e-02
4.868104e-01 -8.467008e-01
-1.093750e+00 -7.224893e-01
-1.500000e+00 -5.625000e-01
-8.716711e-01 -3.190914e-01
1.009999e+00 3.237522e-01
5.625000e-01 1.500000e+00
-8.572153e-01 4.477655e-01
-1.500000e+00 -1.875000e-01
-1.268054e+00 -2.812500e-01
-4.716824e-01 -3.613013e-02
-4.347622e-01 -5.004139e-01
-1.612578e-01 -6.336496e-01
-7.565956e-02 -2.478418e-01
9.689509e-01 -1.670123e-01
6.967815e-01 9.597721e-01
5.269296e-01 1.406969e-01
-9.094741e-01 5.837204e-02
-5.143229e-01 1.303571e+00
9.375000e-01 1.500000e+00
-2.403247e-01 4.046791e-02
6.972165e-02 -7.212625e-01
1.500000e+00 1.312500e+00
-9.037467e-01 -5.924442e-01
1.875000e-01 1.500000e+00
3.016172e-01 1.268433e+00
4.233765e-01 -1.268854e+00
-4.928301e-01 -9.434660e-01
5.191960e-01 4.181662e-01
-5.670990e-01 3.720059e-01
3.650450e-01 -1.032169e+00
7.106214e-01 -1.276267e+00
1.297289e-01 5.356581e-01
-7.368850e-02 6.311840e-01
-1.274960e+00 -5.868480e-01
1.074441e-01 2.064964e-01
-5.654185e-01 -3.053588e-01
-4.124426e-01 -1.269644e+00
7.208833e-03 -1.120762e+00
-1.875000e-01 -1.500000e+00
-9.001593e-02 -1.308601e+00
1.312500e+00 6.562500e-01
1.281632e+00 4.070135e-01
1.312500e+00 1.500000e+00
5.072915e-01 1.299459e+00
-1.177964e+00 7.497619e-01
1.109725e+00 -8.302789e-01
2.319354e-01 -4.355918e-01
-1.093750e+00 -1.071429e+00
-5.625000e-01 -1.500000e+00
9.725053e-01 1.277236e+00
-1.943055e-01 -4.239177e-01
-1.946096e-01 2.459178e-01
9.219699e-01 -4.741805e-01
8.327848e-01 -1.110444e+00
5.625000e-01 -1.500000e+00
7.240542e-01 -1.262000e-01
1.318359e+00 1.025391e+00
1.891065e-01 9.515625e-01
1.303571e+00 -4.615600e-01
1.312500e+00 -1.500000e+00
-1.312500e+00 1.500000e+00
-1.500000e+00 1.312500e+00
1.500000e+00 -1.312500e+00
-1.303435e+00 -9.283899e-03
-1.072540e+00 -2.609167e-01
-1.117414e+00 1.268841e-01
-7.890052e-01 -1.066650e+00
-7.086940e-01 -1.307583e+00
7.101655e-01 5.665722e-01
-1.312500e+00 -1.500000e+00
-1.500000e+00 -1.312500e+00
1.039078e+00 7.734851e-01
-5.613746e-01 -6.444008e-01
-2.954155e-01 -9.580736e-01
-9.269245e-01 -1.340003e-01
-6.366076e-01 6.678643e-02
-4.482314e-01 6.914637e-01
-3.112114e-01 9.292140e-01
5.745450e-03 1.306813e+00
1.312317e+00 -2.068828e-05
-5.625000e-01 1.500000e+00
-9.375000e-01 1.500000e+00
1.500000e+00 1.875000e-01
-1.875000e-01 1.500000e+00
1.500000e+00 -5.625000e-01
1.500000e+00 -1.875000e-01
9.375000e-01 -1.500000e+00
1.500000e+00 -9.375000e-01
1.875000e-01 -1.500000e+00
-9.375000e-01 -1.500000e+00
-1.500000e+00 -9.375000e-01
-1.500000e+00 1.875000e-01
-1.500000e+00 5.625000e-01
-1.500000e+00 9.375000e-01
1.500000e+00 5.625000e-01
1.500000e+00 9.375000e-01
9.065089e-01 4.838682e-01
-1.315352e+00 3.718203e-01
1.307813e+00 1.307813e+00
-1.001526e-01 8.074548e-01
-1.030214e+00 4.906468e-01
-8.045396e-01 6.194923e-01
-1.020560e+00 8.361443e-01
-5.560410e-01 1.053263e+00
-1.061438e+00 -1.320516e+00
-1.316713e+00 -7.660345e-01
9.164851e-01 1.692680e-01
-8.837475e-02 1.155995e+00
5.845418e-01 -2.873074e-01
1.140849e+00 -1.023320e-01
5.364227e-01 8.922583e-01
-8.534854e-01 -7.715395e-01
9.393669e-01 -8.603487e-01
-2.007606e-01 5.013825e-01
3.045837e-01 -8.437896e-01
9.184910e-01 1.111130e+00
6.024691e-01 -4.564295e-01
7.833805e-01 -7.070829e-01
-8.855954e-01 1.136763e+00
1.091540e+00 -5.558712e-01
-7.652980e-01 1.327255e+00
7.658403e-01 8.034020e-01
2.950919e-01 1.092340e+00
-9.130321e-01 2.318436e-01
-4.416989e-01 -1.103859e+00
7.591094e-01 -5.212842e-01
-1.392242e-01 -9.296787e-02
1.147461e+00 1.000977e+00
1.144336e+00 1.335352e+00
1.748964e-01 3.672650e-01
5.452597e-01 5.817005e-01
-3.509115e-01 1.335291e+00
-2.578188e-01 -1.343660e+00
4.680390e-01 -6.810820e-01
1.607594e-01 -5.818224e-01
1.170609e+00 2.844943e-01
6.131573e-01 2.819427e-01
3.175318e-02 9.050484e-01
-1.339023e+00 6.945330e-01
6.953078e-02 -1.566953e-01
7.278495e-02 -3.230914e-01
3.507137e-01 -1.136440e-01
-6.566087e-01 -9.673312e-01
4.509089e-01 7.112167e-01
-3.217551e-01 -1.012756e-01
9.103788e-01 -8.238497e-03
8.215014e-01 1.348913e+00
6.581213e-01 1.364056e+00
-5.242225e-02 1.584772e-01
-7.399497e-01 -6.571514e-01
-5.644536e-01 2.108790e-01
3.772797e-01 -2.687510e-01
-1.375000e+00 -1.031250e+00
-1.093750e+00 -9.133185e-01
-3.130653e-01 3.522448e-01
9.308693e-01 -3.183647e-01
-7.076537e-01 1.003341e+00
4.285567e-01 2.063838e-02
-1.341856e+00 -4.324592e-01
6.064654e-01 1.176437e+00
3.005515e-01 -1.363783e+00
1.603163e-01 -1.106007e+00
6.184884e-02 -1.354045e+00
-7.206850e-01 -2.644961e-01
-2.878246e-01 -5.461233e-01
-1.055899e+00 1.182468e+00
-1.096693e+00 1.339875e+00
7.522275e-01 2.245808e-01
6.344089e-01 -4.824783e-03
-8.432604e-01 -1.379338e+00
-9.397111e-01 -1.089986e+00
3.670243e-01 4.301425e-01
2.197808e-01 6.570155e-01
-6.949253e-01 4.758740e-01
-5.202360e-01 -7.890625e-01
-1.119871e+00 6.104362e-01
-1.165439e+00 4.265994e-01
-5.613935e-01 -1.282170e+00
1.521747e-01 1.276008e+00
6.427826e-01 -7.845286e-01
6.137608e-01 -9.384519e-01
1.171875e+00 7.031250e-01
1.359375e+00 7.968750e-01
-8.664562e-01 9.858628e-01
-1.377088e+00 1.218750e+00
-1.360294e+00 1.069284e+00
1.377088e+00 -1.218750e+00
1.360294e+00 -1.069284e+00
1.176377e+00 -1.062487e+00
1.056473e+00 -1.174651e+00
1.096699e+00 -1.336070e+00
-1.176377e+00 1.062487e+00
-1.199566e+00 -1.372597e+00
-1.346454e+00 -1.325906e+00
-1.363839e+00 -1.176339e+00
-1.238839e+00 -1.082589e+00
-1.241519e+00 1.370175e+00
1.303735e+00 -1.349946e+00
-2.370772e-01 1.163192e+00
5.678799e-01 -1.238424e+00
2.954279e-01 -1.159885e+00
4.980734e-03 -9.669608e-01
-2.507562e-01 -8.217356e-01
-1.615697e-01 -1.008843e+00
-1.152790e+00 8.904905e-01
4.702410e-01 2.722472e-01
-5.794457e-01 -1.495428e-01
-1.382211e+00 8.305200e-01
8.437500e-01 -1.393901e+00
1.342995e+00 -7.861380e-01
1.360065e+00 -5.932178e-01
1.358131e+00 1.168284e+00
-7.938541e-01 -9.222813e-01
-8.924937e-01 7.742047e-01
-6.410826e-01 7.831400e-01
3.452662e-01 -5.241965e-01
1.118299e+00 4.186565e-01
3.507065e-01 1.411645e-01
7.104098e-01 -1.040828e+00
-9.418915e-01 -4.494100e-01
-3.291583e-01 6.224928e-01
-5.283431e-01 5.139985e-01
1.101606e+00 -6.930105e-01
-4.687500e-01 -1.397017e+00
1.170155e+00 -2.443720e-01
-5.976138e-03 1.044682e+00
-1.241784e+00 -1.395481e-01
1.360473e+00 -3.245300e-01
-1.399454e+00 -6.562500e-01
-7.720230e-01 2.957068e-02
9.062817e-01 8.047034e-01
9.900910e-01 5.944941e-01
2.332759e-01 8.213993e-01
8.833372e-01 -9.842293e-01
-4.351638e-01 9.851750e-01
-3.843389e-01 8.145484e-01
-9.247708e-02 1.400571e+00
-1.401956e+00 9.375000e-02
-1.181630e+00 2.465168e-01
1.202589e+00 8.933335e-02
1.402254e+00 2.812500e-01
-4.618133e-01 -2.174925e-01
4.687500e-01 -1.398985e+00
4.923512e-01 -5.430830e-01
7.921924e-01 1.058073e+00
6.562500e-01 -1.401169e+00
1.402213e+00 4.687500e-01
4.266298e-01 9.685688e-01
1.936243e-01 -9.272034e-02
-6.338692e-01 1.378373e+00
-3.809894e-01 7.763655e-02
-9.989873e-01 -8.179039e-01
-1.191236e+00 -8.159251e-01
-1.135167e+00 -5.889555e-01
4.915067e-01 -9.908937e-01
-1.406034e+00 4.687500e-01
-1.405926e+00 -9.375000e-02
1.402254e+00 9.764707e-02
1.401786e+00 -9.813780e-02
9.375000e-02 1.406109e+00
-1.379210e+00 1.379210e+00
1.401674e+00 1.401674e+00
8.707584e-01 3.024931e-01
1.064790e+00 1.997417e-01
1.700875e-01 -8.152369e-01
1.031250e+00 1.405531e+00
5.781517e-01 1.017343e+00
1.237630e-01 6.680457e-02
-1.401956e+00 2.739298e-01
-1.029871e+00 -1.189782e+00
1.054795e+00 1.101408e+00
2.455130e-01 4.764604e-01
-2.262357e-01 -1.905862e-01
-6.312897e-02 -3.842972e-01
2.812500e-01 1.402298e+00
-7.604308e-01 -3.906545e-01
-5.629134e-01 -5.153870e-01
-4.309301e-01 -6.314443e-01
-3.329477e-01 -4.042841e-01
8.674972e-01 -5.909380e-01
-5.096957e-01 9.334739e-02
-2.015041e-01 6.292111e-01
-1.866656e-01 3.739155e-01
1.233128e+00 -3.552608e-01
-4.414676e-01 3.443157e-01
8.585475e-03 -8.365320e-01
-6.357845e-02 -7.244106e-01
4.274841e-04 -6.108785e-01
-7.692961e-01 -1.193932e+00
-4.926401e-01 1.171327e+00
-1.211733e+00 -4.023544e-01
-4.574950e-01 -3.743542e-01
1.099293e+00 8.843613e-01
2.346960e-01 1.947590e-01
1.255018e+00 5.368395e-01
-2.844838e-01 1.581049e-01
-1.375000e+00 -8.874236e-01
-1.388994e+00 -3.158369e-01
8.490085e-01 -2.173008e-01
1.044752e+00 -2.665515e-01
5.370691e-02 3.235770e-01
1.025918e+00 -5.453960e-02
3.943359e-01 1.351022e+00
-7.586714e-01 3.613635e-01
-8.267848e-01 -4.953164e-01
1.406250e+00 -1.500000e+00
-9.115747e-01 5.583821e-01
-9.440399e-01 3.550347e-01
-2.692556e-01 1.044654e+00
6.545879e-01 1.423262e-01
-9.553003e-01 -7.035125e-01
-8.174638e-01 -1.892268e-01
-8.437500e-01 1.500000e+00
-1.215845e+00 -6.950806e-01
4.189883e-01 -1.144405e+00
-1.189543e-01 2.740848e-02
-2.130797e-01 8.555111e-01
-2.799801e-01 -6.700535e-01
-9.843672e-02 -5.162812e-01
7.528445e-01 6.814981e-01
3.821180e-01 1.177283e+00
-9.971478e-01 -3.065264e-02
-8.204104e-01 1.410330e-01
-7.753008e-01 7.384717e-01
3.248907e-01 7.286954e-01
6.196274e-01 4.860039e-01
6.531259e-01 8.470577e-01
8.143294e-01 9.182510e-01
-6.562500e-01 -1.500000e+00
1.121187e+00 -9.526585e-01
-7.622615e-02 2.790954e-01
-4.492320e-01 1.405028e+00
-6.278068e-01 1.255133e+00
6.638743e-02 -1.229941e+00
-6.276730e-01 9.073573e-01
1.804137e-01 -1.378194e+00
3.084611e-01 9.517850e-01
-6.093750e-01 -1.390844e+00
1.222062e+00 -7.854978e-01
-1.367971e+00 5.802887e-01
-2.244867e-01 -3.091974e-01
6.801092e-01 -1.158575e+00
1.240230e+00 1.405612e+00
-6.180239e-01 -4.110153e-01
4.501043e-01 5.130221e-01
1.889408e-01 -6.975898e-01
-3.379133e-01 -1.171018e+00
1.218750e+00 -1.500000e+00
-8.296401e-02 5.131637e-01
-1.345336e+00 -1.936371e-01
2.223836e-01 1.183202e+00
9.372143e-01 -1.168379e+00
1.318093e+00 9.074041e-01
-1.406250e+00 -1.500000e+00
1.181456e+00 -4.725192e-01
-2.812500e-01 1.500000e+00
-1.019689e+00 -6.061270e-01
-1.657207e-01 1.335682e-01
-1.381847e+00 -5.414741e-01
3.968509e-01 -7.730237e-01
-1.188113e+00 2.832010e-02
-9.967306e-01 1.433546e-01
-3.876675e-01 1.223826e+00
-9.868982e-01 -3.410808e-01
1.031250e+00 -1.500000e+00
9.934666e-01 -1.389884e+00
8.240607e-01 -1.282035e+00
-4.254707e-01 -8.518760e-01
-5.633340e-01 -1.033533e+00
-1.008429e-01 -1.183916e+00
5.953729e-02 4.411529e-01
5.580249e-02 6.425820e-01
-4.545842e-03 7.416940e-01
-9.480238e-01 -1.333884e+00
-1.031250e+00 1.500000e+00
8.642581e-01 1.244089e+00
1.080651e+00 1.240565e+00
-8.083367e-01 1.221204e+00
-8.362432e-01 -6.474413e-02
4.687500e-01 1.500000e+00
-5.856611e-01 -8.803092e-01
-1.924733e-01 -1.250873e+00
-6.301743e-01 -4.723041e-02
-7.955211e-01 1.071524e+00
-6.597216e-01 3.097368e-01
2.751070e-01 -9.571425e-01
3.945217e-01 -9.188158e-01
1.022267e+00 4.832958e-01
3.295161e-01 -3.738706e-01
1.500000e+00 -4.687500e-01
1.293070e+00 2.972568e-01
7.976425e-01 -3.630141e-02
6.927708e-01 1.106965e+00
-1.281009e+00 7.878093e-01
1.035899e+00 9.910068e-01
8.818656e-01 -7.628602e-01
4.396363e-01 -1.782423e-01
-4.035333e-02 -1.428698e-01
-1.031250e+00 -1.500000e+00
1.500000e+00 -8.437500e-01
1.393806e+00 -8.904093e-01
-2.551442e-01 1.391873e+00
-3.640908e-01 -1.367151e+00
-1.235569e+00 6.552962e-01
-1.076491e+00 7.102972e-01
6.684549e-01 -3.639236e-01
9.267659e-01 1.375776e+00
-3.005669e-01 -1.067758e+00
1.043249e-01 1.024854e+00
-9.463626e-01 -2.405957e-01
8.753838e-01 -1.120274e-01
-1.500000e+00 6.562500e-01
-9.180274e-01 8.847764e-01
-9.843750e-01 1.403364e+00
-8.759756e-01 1.396258e+00
-1.598275e-01 -1.393569e+00
-5.096614e-01 -1.187567e+00
9.410300e-02 -5.201760e-02
1.257369e+00 -5.593347e-01
-6.028173e-01 1.150325e+00
-5.325469e-01 7.627767e-01
6.161018e-01 -1.736774e-01
6.895046e-01 -2.552624e-01
7.907193e-01 4.833945e-01
-1.393901e+00 9.359837e-01
1.068832e+00 6.691428e-01
1.023863e+00 -7.664831e-01
-3.443307e-02 -1.399327e+00
-1.561480e-01 -7.750334e-01
1.500000e+00 -6.562500e-01
9.769042e-01 -5.708956e-01
1.001692e+00 -4.005718e-01
8.555365e-01 -3.922241e-01
1.406250e+00 7.031250e-01
1.265625e+00 7.500000e-01
1.390818e+00 5.785101e-01
1.500000e+00 -1.406250e+00
-1.500000e+00 -1.406250e+00
-1.664147e-01 1.083381e+00
7.696373e-02 -1.042835e+00
-1.139256e+00 -1.752626e-01
-1.031951e+00 -1.604926e-01
4.778602e-01 -3.121016e-01
4.841813e-01 1.197926e+00
5.560950e-01 1.393894e+00
1.201334e+00 -1.326347e+00
5.304366e-01 -5.506414e-04
1.407951e+00 1.077436e+00
1.223755e+00 1.077271e+00
1.846805e-01 -3.336192e-01
1.199771e-01 -4.214154e-01
-1.266195e+00 1.123808e+00
1.266195e+00 -1.123808e+00
-4.279187e-01 5.892610e-01
1.370755e-01 8.613307e-01
-3.978797e-01 -1.001544e+00
8.482576e-01 5.707755e-01
-2.884577e-01 1.252904e+00
-1.171875e+00 -1.004464e+00
-1.160714e+00 -1.149554e+00
-1.008541e+00 -1.012729e+00
-1.651421e-01 7.264719e-01
1.407238e+00 -1.359375e+00
6.153973e-01 3.840048e-01
-1.500000e+00 -4.687500e-01
3.194373e-01 -1.261295e+00
1.026515e+00 -9.139128e-01
1.398892e+00 -6.938687e-01
2.563996e-01 -1.061407e+00
-1.315279e+00 1.299812e+00
5.412935e-01 -7.566525e-01
-8.823597e-02 -1.081474e+00
2.019898e-01 1.052148e+00
1.405031e+00 1.264035e+00
2.776571e-01 3.782412e-01
6.777832e-01 1.257722e+00
1.401807e+00 9.662087e-01
-1.203861e+00 -5.081332e-01
-8.498211e-01 3.132521e-01
2.063943e-02 5.411808e-01
1.206636e+00 -1.774718e-02
1.404153e+00 -4.218750e-01
-5.235123e-01 6.233818e-01
5.205237e-01 7.890513e-01
-8.545036e-01 -1.141959e+00
3.920261e-01 -6.140854e-01
1.500000e+00 8.437500e-01
2.754228e-02 9.701953e-02
-1.166492e+00 -3.076663e-01
-7.176521e-01 1.307866e-01
4.509441e-01 6.121176e-01
-1.082209e+00 2.908506e-02
-2.041986e-01 -9.194103e-01
8.473278e-01 4.002835e-01
1.204079e+00 1.897781e-01
7.505604e-01 -4.214162e-01
-1.128343e+00 -1.245062e+00
-1.220694e+00 1.263283e-01
-8.585966e-01 -9.967214e-01
-7.456762e-01 -1.400286e+00
-6.839287e-01 -1.068817e+00
-6.717119e-01 -1.214880e+00
-8.062783e-01 -1.286635e+00
1.401786e+00 -1.967905e-01
1.500000e+00 -2.812500e-01
1.185403e-02 2.338200e-01
-2.924068e-01 2.561123e-01
-1.087078e+00 2.202193e-01
6.332515e-01 6.345128e-01
1.273443e+00 -9.215098e-02
-2.812500e-01 -1.500000e+00
1.199088e+00 -8.856512e-01
1.135044e+00 7.935270e-01
1.239569e+00 9.665749e-01
9.918390e-01 1.179114e+00
9.723403e-01 6.980409e-01
2.591714e-01 -5.727282e-01
-9.085627e-02 1.303940e+00
6.593177e-02 1.229480e+00
1.003227e+00 8.647439e-01
9.375000e-02 -1.500000e+00
-1.500000e+00 -1.218750e+00
1.265847e+00 1.213841e+00
1.414567e+00 -9.868755e-01
-1.500000e+00 1.031250e+00
9.329275e-01 -1.069677e+00
-6.470155e-01 -7.018488e-01
-6.537760e-01 -5.992118e-01
-1.948327e-01 -5.204003e-01
-1.094404e+00 -8.179039e-01
5.312617e-01 -3.919521e-01
9.640121e-01 4.075320e-01
-4.634898e-01 4.401215e-01
8.437500e-01 1.500000e+00
-1.108527e+00 -1.404837e+00
-3.154246e-01 -1.265485e+00
1.068213e+00 -1.700540e-01
1.156354e+00 -1.410179e+00
7.750519e-01 -1.193526e+00
-1.161305e+00 5.231406e-01
7.614548e-02 -9.036634e-01
-2.188091e-01 9.500627e-01
-4.656995e-01 1.080804e+00
-5.271602e-01 9.631941e-01
-3.592133e-01 7.233804e-01
8.649665e-01 9.979315e-01
5.631254e-01 -1.346370e+00
4.034967e-01 3.413004e-01
-3.754686e-01 -1.979738e-02
-6.874677e-01 6.985349e-01
1.406158e+00 3.808949e-03
1.308494e+00 9.374304e-02
7.488235e-01 -1.367182e+00
1.274925e+00 -1.030413e+00
-1.274925e+00 1.030413e+00
-1.397016e+00 -1.466230e-04
1.875408e-01 1.406209e+00
1.406168e+00 3.750009e-01
-9.375000e-02 -1.500000e+00
1.218750e+00 1.500000e+00
-4.687500e-01 1.500000e+00
1.031250e+00 1.500000e+00
-1.500000e+00 1.406250e+00
-1.406250e+00 1.500000e+00
9.375000e-02 1.500000e+00
-1.500000e+00 4.687500e-01
-6.562500e-01 1.500000e+00
1.500000e+00 4.687500e-01
6.562500e-01 -1.500000e+00
4.687500e-01 -1.500000e+00
1.500000e+00 -9.375000e-02
1.500000e+00 9.375000e-02
1.500000e+00 2.812500e-01
-1.500000e+00 -2.812500e-01
-1.500000e+00 -9.375000e-02
-1.500000e+00 9.375000e-02
-1.500000e+00 -6.562500e-01
-4.687500e-01 -1.500000e+00
8.437500e-01 -1.500000e+00
-1.500000e+00 8.437500e-01
-1.218750e+00 1.500000e+00
-1.218750e+00 -1.500000e+00
1.500000e+00 -1.218750e+00
-1.500000e+00 1.218750e+00
-8.437500e-01 -1.500000e+00
2.812500e-01 -1.500000e+00
-1.500000e+00 -1.031250e+00
6.562500e-01 1.500000e+00
-9.375000e-02 1.500000e+00
1.500000e+00 1.218750e+00
1.500000e+00 1.406250e+00
1.406250e+00 1.500000e+00
-1.500000e+00 2.812500e-01
2.812500e-01 1.500000e+00
-1.500000e+00 -8.437500e-01
1.500000e+00 6.562500e-01
1.500000e+00 1.031250e+00
1.500000e+00 -1.031250e+00
7.764182e-01 -6.135078e-01
-1.418549e+00 -1.265625e+00
3.702448e-03 1.138001e+00
-2.900418e-01 4.517606e-01
-5.437988e-01 1.407274e+00
2.690459e-01 -7.530635e-01
7.388617e-04 1.399897e+00
-7.681497e-01 -8.249474e-01
-8.646737e-01 -6.780791e-01
-9.094298e-01 -8.474643e-01
1.202839e+00 6.146786e-01
-9.843750e-01 -1.419578e+00
-1.411606e+00 -7.951586e-01
-1.060481e+00 9.270502e-01
-5.593158e-01 1.395763e-02
-1.407625e+00 3.763785e-01
-1.258970e+00 4.500424e-01
-1.309796e+00 2.796500e-01
-1.308464e+00 9.411775e-02
-1.359375e+00 -1.418784e+00
-1.306014e+00 -6.740698e-01
-1.289077e+00 -8.539927e-01
1.212093e+00 -1.616756e-01
1.109500e+00 -1.563076e-02
-7.630583e-01 -5.653368e-01
1.396472e+00 1.894485e-01
-1.218996e+00 3.406455e-01
-2.303907e-01 -9.929490e-02
-1.083146e+00 -3.590438e-01
1.776154e-01 2.715897e-01
2.175441e-01 5.645855e-01
-6.292718e-01 -2.325678e-01
-3.753984e-01 -1.791313e-01
8.007536e-01 -1.024384e+00
1.258786e+00 -2.673647e-01
-8.593832e-01 -4.097906e-01
-4.885590e-01 -1.279982e-01
1.156831e+00 -6.200179e-01
1.072690e+00 -4.631365e-01
-5.188187e-01 2.922134e-01
5.287656e-01 -2.106181e-01
-4.613999e-01 -7.182895e-01
5.915948e-01 7.600545e-02
-7.081760e-01 -8.928465e-01
1.203227e+00 4.585815e-01
-7.861303e-01 5.199031e-01
-7.049718e-01 5.715418e-01
3.836879e-01 1.054714e+00
8.198766e-01 1.539252e-01
8.559577e-01 6.772565e-02
9.492565e-01 2.549759e-01
9.627852e-01 7.881696e-02
-6.649175e-01 1.083739e+00
-1.409656e+00 1.838399e-01
-4.138500e-02 9.602007e-01
-8.905684e-01 6.458809e-01
-9.957454e-01 7.497631e-01
-1.101306e+00 7.966784e-01
1.259544e-01 -2.388217e-01
-6.541516e-01 -3.271035e-01
2.311375e-01 1.326192e+00
2.897138e-01 -2.923745e-01
7.389618e-01 -7.927897e-01
6.872014e-01 -6.988218e-01
-1.105748e+00 1.005620e+00
-1.069596e+00 1.090879e+00
-9.746469e-01 1.101995e+00
-1.305728e-01 8.926821e-01
-9.994052e-01 5.744517e-01
-9.492396e-01 4.469159e-01
-1.074082e+00 4.084915e-01
-4.220903e-01 8.961863e-01
-1.322146e-01 -3.218383e-01
-1.600476e-01 1.214932e+00
-4.033731e-02 1.230794e+00
-8.981688e-01 1.225831e+00
4.180918e-01 1.262052e+00
3.946710e-01 2.211164e-01
-3.390739e-01 -8.312382e-01
1.192818e+00 3.704325e-01
1.416543e+00 -5.164064e-01
1.130563e+00 1.406347e-01
2.193865e-01 -8.885659e-01
-2.621255e-01 5.649420e-01
-6.519136e-01 2.219282e-01
-3.544587e-01 1.021188e+00
-1.225651e+00 -5.219207e-02
4.387430e-01 1.126234e-01
4.852530e-01 -1.204370e+00
-2.971401e-01 8.284690e-01
-5.290603e-01 -4.307762e-01
-5.019874e-01 -5.791764e-01
5.972435e-01 1.297815e+00
-2.640256e-02 -1.240265e+00
-9.694963e-01 -5.333751e-01
8.333901e-01 1.136856e+00
9.525765e-01 1.027006e+00
1.402654e+00 8.760133e-01
1.035078e+00 -6.362189e-01
-1.157242e+00 1.411736e+00
-1.000361e+00 2.306169e-01
1.464803e-01 4.498972e-01
1.702278e-01 -7.906709e-03
-9.964559e-01 5.634984e-02
4.488348e-01 8.833782e-01
6.166021e-01 9.260152e-01
-1.355423e-01 4.440814e-01
-1.200239e+00 9.715988e-01
-9.071613e-01 1.451918e-01
-8.262813e-01 2.276849e-01
-7.220090e-01 1.410471e+00
-8.509411e-01 1.313150e+00
-7.252681e-01 1.249251e+00
-1.425210e+00 -1.362287e+00
1.126648e+00 -1.242885e+00
1.158692e+00 -1.154665e+00
8.501262e-01 -8.472831e-01
-1.069010e+00 1.421997e+00
8.650570e-01 -6.777035e-01
1.265625e+00 -1.427455e+00
1.207069e+00 -9.737160e-01
1.047468e+00 1.320508e+00
3.787692e-01 -1.409487e+00
1.220806e+00 1.290311e+00
-7.624930e-02 -9.960347e-01
-1.128236e+00 1.247711e+00
-1.154865e+00 1.155764e+00
-9.851206e-01 1.233565e+00
2.116916e-02 -2.408710e-01
7.047031e-01 4.538617e-01
8.186177e-01 7.361309e-01
7.360037e-01 8.836595e-01
6.963591e-01 7.491644e-01
-6.032150e-01 4.581489e-01
1.139760e+00 1.092736e+00
-1.322390e+00 -1.113986e-01
2.662566e-01 -1.475711e-01
2.793215e-01 -5.800839e-02
4.347983e-01 -9.139989e-02
-1.411171e+00 7.464708e-01
-1.265625e+00 -1.427795e+00
7.637168e-01 1.281136e+00
-7.730263e-01 -7.378602e-01
5.828857e-01 -5.448380e-01
6.730744e-01 -5.485997e-01
6.442955e-01 -9.131544e-02
-6.795725e-01 3.923288e-01
4.450140e-01 -1.062815e+00
-1.329125e+00 5.047679e-01
-1.424403e+00 -2.342880e-01
1.359375e+00 -1.429355e+00
8.437303e-01 -5.087639e-01
2.072367e-01 1.065003e-01
3.456217e-01 5.247457e-02
-4.075733e-01 -9.955426e-02
-4.786851e-01 -1.027478e+00
-4.254801e-01 -1.186471e+00
-6.077939e-01 5.423988e-01
-1.312966e+00 -3.529447e-01
-1.290089e+00 -5.017157e-01
-1.427521e+00 -4.218750e-01
5.736030e-01 -8.377076e-01
-3.722574e-01 -9.194433e-01
1.097695e+00 -1.033244e+00
-7.238753e-02 -4.232761e-02
-1.857910e-01 -2.323178e-02
-1.185884e-01 -1.749797e-01
4.656728e-01 1.408463e+00
-1.449144e-02 8.296142e-01
1.422634e+00 -8.118455e-01
7.442930e-01 1.404837e+00
-1.219732e-01 2.047061e-01
-1.177276e+00 1.315975e+00
-1.211767e+00 -2.183989e-01
5.532219e-01 -6.717996e-01
-3.740292e-01 -5.642089e-01
1.182244e-01 -6.534906e-01
-4.333552e-01 1.323233e+00
-3.371962e-01 1.421413e+00
3.835248e-02 -4.001051e-01
-1.105931e-02 -3.184149e-01
1.030793e+00 -1.266772e+00
7.431404e-01 -9.642565e-01
7.200223e-01 1.625890e-04
-4.815652e-01 1.779751e-01
3.583093e-01 -3.027385e-02
-5.732044e-01 6.901514e-01
-1.476965e-01 5.656076e-01
1.155879e+00 1.420167e+00
-9.976060e-01 -1.266750e+00
1.278727e+00 -8.512079e-01
5.371685e-01 6.749309e-01
5.318722e-01 4.999901e-01
1.675741e-01 -4.947020e-01
-7.350827e-01 -1.000626e+00
7.015814e-01 2.990569e-01
5.451296e-01 2.265292e-01
5.436603e-01 3.345236e-01
-1.414133e+00 6.527753e-01
1.097420e+00 3.332368e-01
-4.178061e-01 -2.947713e-01
-3.538185e-01 -4.841617e-01
1.319899e+00 -6.665262e-01
-8.837496e-02 1.054996e+00
-1.068563e+00 -5.379216e-01
2.415679e-01 7.379727e-01
1.353400e-01 6.776518e-01
-9.176409e-01 -5.216053e-02
3.155108e-01 -2.138939e-01
-1.207733e+00 8.277028e-01
1.012531e+00 -1.101179e+00
1.072883e+00 -1.416306e+00
8.597748e-01 -1.204436e+00
1.064808e-01 9.416650e-01
7.706410e-01 -2.420986e-01
4.351902e-01 7.953242e-01
-2.775444e-01 -3.241201e-02
3.799690e-01 6.627766e-01
6.880374e-01 -9.032875e-01
6.292138e-01 -1.295203e+00
-8.358951e-02 -5.997247e-01
-9.787513e-01 9.413060e-01
-5.242475e-01 -1.106281e+00
-5.500156e-01 -7.121841e-02
7.782156e-02 -5.810553e-01
8.898056e-02 -8.231850e-01
-1.749166e-01 1.416905e+00
-6.630826e-01 -1.558131e-01
-1.016053e+00 1.328311e+00
1.170839e+00 9.230644e-01
-6.207091e-01 9.944750e-01
-3.822689e-01 4.083573e-01
-2.324901e-01 -7.395600e-01
-3.210198e-01 1.172032e+00
1.283618e+00 1.133592e+00
1.625336e-02 -8.172450e-02
-4.745284e-02 6.589027e-02
1.335314e+00 5.172758e-01
6.108857e-01 1.093584e+00
1.321312e+00 1.418391e+00
-2.383105e-01 -1.426510e+00
-1.692468e-01 -2.490644e-01
-8.292606e-02 7.138489e-01
-7.093574e-01 -2.408339e-02
-5.836851e-01 1.303974e-01
9.490414e-01 -7.906866e-02
1.505382e-01 -1.614861e-01
-7.770202e-01 4.398332e-01
-8.036037e-01 -2.712580e-01
-1.413459e+00 1.298513e+00
3.001567e-01 6.520594e-01
7.501850e-01 -1.114646e+00
3.025430e-01 1.188128e+00
4.864742e-01 -1.319829e+00
-7.867777e-01 9.920823e-01
-7.137233e-01 9.169685e-01
9.504601e-01 -9.399771e-01
5.095460e-01 9.707273e-01
-3.643391e-01 2.909403e-01
-5.583069e-01 1.216321e+00
3.770997e-01 -6.940809e-01
6.569314e-01 1.028666e+00
-5.762599e-01 8.292154e-01
-7.218011e-01 8.016993e-01
-9.059681e-01 1.057515e+00
-1.439345e-02 4.699805e-01
3.898850e-02 -1.430440e+00
-1.157273e-02 -1.322933e+00
1.155608e-01 -1.293875e+00
-2.598787e-01 -1.208282e+00
-2.370678e-01 3.127983e-01
1.021932e+00 1.324095e-01
-6.802874e-01 1.314321e+00
2.343750e-01 -1.436164e+00
-1.085387e+00 -9.923735e-01
-1.016904e+00 -9.336738e-01
-1.171875e+00 -9.254092e-01
5.368369e-01 1.138889e+00
-7.379070e-01 -1.834524e-01
-6.804179e-02 -8.065672e-01
4.051851e-01 -3.423628e-01
8.583084e-01 2.237600e-01
-4.637609e-01 8.038867e-01
-5.084359e-01 -8.666020e-01
5.717314e-01 -1.009194e+00
5.323516e-01 -9.173905e-01
-3.281250e-01 -1.436977e+00
6.845818e-01 6.999092e-02
-5.474593e-01 -2.252027e-01
-1.279424e+00 -1.158685e+00
-1.318921e+00 -1.088749e+00
-1.284461e+00 -1.013125e+00
-1.437500e+00 -9.843750e-01
-1.437500e+00 -1.078125e+00
-1.138409e+00 3.500950e-01
8.520399e-01 -2.985305e-01
9.671389e-01 -2.470234e-01
5.246414e-01 -4.708221e-01
-3.605628e-01 -6.707183e-01
8.710651e-02 -1.148083e+00
2.522134e-01 -1.301892e+00
3.671888e-01 -1.323079e+00
-1.017892e+00 -1.090350e+00
-1.326804e+00 -9.481661e-01
6.519939e-02 8.267999e-01
-5.693759e-01 -9.561746e-01
4.639292e-01 1.860524e-01
-1.023436e+00 -4.121429e-01
1.042385e+00 3.960402e-01
8.025863e-01 -1.497293e-01
-8.014496e-01 1.429984e+00
1.438544e+00 -1.171875e+00
1.426240e+00 -1.281756e+00
-1.413459e+00 1.138987e+00
-1.299919e+00 1.224005e+00
1.299119e+00 -1.197585e+00
-1.273603e+00 -1.351119e+00
-1.312404e+00 -1.246154e+00
1.282794e+00 -7.357266e-01
-2.583270e-01 -4.718106e-01
-2.253442e-01 -5.910476e-01
-5.694745e-01 -7.248845e-01
1.828547e-01 -1.028764e+00
-1.932713e-04 -1.043952e+00
1.568832e-01 -1.184761e+00
-5.710121e-02 -9.215210e-01
5.805669e-01 -1.423257e+00
3.628855e-01 -1.197461e+00
1.430410e+00 -6.238963e-01
-9.057812e-01 -1.427640e+00
8.592847e-01 1.420531e+00
3.727360e-01 5.074972e-01
4.419159e-01 4.089802e-01
-9.278761e-01 -1.166416e+00
1.282400e+00 -1.274342e+00
8.353514e-01 -9.233663e-01
6.766675e-01 -4.395690e-01
-1.297463e+00 6.101896e-01
-8.424718e-01 9.099285e-01
-1.343020e+00 9.940423e-01
-1.420763e+00 1.015798e+00
1.146497e+00 -7.592297e-01
7.007139e-01 -6.193170e-01
-8.093283e-01 -6.257977e-01
-1.193587e+00 5.919438e-01
6.884763e-01 1.182662e+00
-7.076097e-01 -1.144340e+00
3.642544e-01 -4.462190e-01
4.228971e-01 -5.017997e-01
9.979001e-01 -4.764410e-01
-9.356783e-01 -7.765442e-01
-3.173179e-01 3.384424e-02
-4.045732e-01 -4.282349e-01
-2.406871e-01 -1.015607e+00
-1.146207e+00 6.812291e-01
5.511239e-01 1.236086e+00
-9.325453e-01 -1.014312e+00
1.120542e-01 -1.410686e+00
1.429331e+00 1.192771e+00
2.928555e-01 8.739136e-01
7.873107e-01 3.003264e-01
7.435607e-01 1.485698e-01
6.703624e-01 2.233685e-01
1.430147e+00 -1.097142e+00
1.368691e+00 -1.144017e+00
-5.943128e-01 -8.050271e-01
2.554820e-01 -3.595608e-01
-8.105109e-01 1.145629e+00
3.923485e-01 1.426508e+00
2.531725e-01 2.681050e-01
-1.309516e+00 8.615151e-01
9.194032e-01 -1.421522e+00
-4.587704e-01 1.251350e+00
1.365562e-01 1.201766e+00
8.155029e-02 1.303723e+00
-1.087195e+00 5.414458e-01
-1.050958e+00 6.398527e-01
-2.999602e-01 -1.737008e-01
1.165696e+00 -5.456931e-01
-6.372004e-01 -1.282376e+00
-4.881924e-01 -1.260753e+00
-5.959049e-01 -1.214674e+00
-8.764473e-01 -1.312370e+00
6.353983e-01 5.594364e-01
2.887339e-01 5.386786e-01
1.157176e+00 1.247274e+00
3.102351e-01 8.016050e-01
1.335174e+00 -3.943540e-01
1.438064e+00 -3.281250e-01
1.332096e+00 -2.559846e-01
1.433962e+00 8.074882e-01
1.335938e+00 7.265625e-01
1.242188e+00 6.796875e-01
1.289062e+00 8.203125e-01
-1.338862e+00 1.140758e+00
-4.926069e-01 -2.861978e-01
-1.265625e+00 1.441312e+00
1.335517e+00 1.238722e+00
-8.303087e-01 6.889074e-01
-8.969621e-01 -5.187649e-01
6.015142e-01 -1.166903e+00
-1.139598e+00 -1.322431e+00
-1.218982e+00 -1.301177e+00
2.839668e-01 1.031579e-01
-5.374704e-01 -1.357662e+00
1.005163e+00 1.725674e-02
1.011638e+00 -8.404418e-01
1.086639e+00 -1.106733e+00
-4.535552e-01 5.188379e-01
4.973160e-01 -1.124444e+00
9.288832e-01 -3.916866e-01
-1.863866e-01 -1.324563e+00
2.714495e-01 1.019178e+00
1.339564e+00 -9.920229e-01
7.780526e-01 6.067492e-01
8.833722e-01 8.801568e-01
-8.716857e-01 -2.405747e-01
8.118573e-01 -7.847179e-01
6.093750e-01 1.443924e+00
3.792877e-01 -8.456578e-01
6.563785e-01 -1.227529e+00
9.046180e-01 1.305610e+00
-3.746574e-01 -1.072030e+00
5.010686e-01 6.938749e-02
-1.172834e+00 -1.441768e+00
5.783491e-01 -5.724429e-02
-1.479625e-01 3.072681e-01
-1.439915e+00 -1.171875e+00
-1.166295e+00 -1.077009e+00
-4.128715e-01 1.462551e-01
-4.327077e-01 2.583269e-02
2.304978e-01 -1.196507e+00
3.228967e-01 -1.092026e+00
4.702433e-01 -7.751705e-01
-8.617861e-01 -1.069488e+00
1.115029e+00 -2.982919e-01
-9.249945e-01 -3.788760e-01
5.804403e-01 8.326493e-01
1.135340e+00 6.406912e-01
-8.499890e-01 8.356191e-01
3.065782e-02 9.796667e-01
-5.480819e-01 -1.429166e+00
-8.678017e-01 -9.098361e-01
-2.587319e-01 -3.795371e-01
1.140832e+00 -1.775188e-01
-1.174676e+00 -1.119189e-01
1.353441e+00 -1.295107e+00
1.136665e+00 4.898788e-01
6.141572e-01 -7.153294e-01
2.740547e-01 -4.984995e-01
-6.929536e-01 -4.268966e-01
-7.573967e-01 -4.659427e-01
-1.054432e+00 1.263358e+00
9.232798e-01 5.580848e-01
8.922578e-01 1.177970e+00
3.218186e-01 2.091133e-01
-1.848632e-01 -8.502604e-01
-2.700915e-01 -8.908854e-01
1.343936e+00 -5.221893e-01
2.332771e-01 -6.403455e-01
2.312293e-01 1.254423e+00
-8.679465e-01 -2.642434e-04
-2.013128e-01 1.020141e+00
-1.647546e-01 -1.085395e+00
-1.275790e-01 -9.446862e-01
-8.374660e-01 -8.445119e-01
-1.224041e+00 9.032414e-01
-2.798260e-01 1.324312e+00
-3.042691e-01 -7.376258e-01
1.399447e-01 1.348685e+00
-1.342579e+00 -6.119126e-01
1.431221e+00 -1.427136e+00
9.930387e-01 1.981070e-01
5.040758e-01 -6.162897e-01
-9.331781e-01 7.157623e-01
-9.550610e-01 8.082054e-01
6.365552e-01 -1.044806e+00
1.553103e-01 6.057549e-01
9.522938e-01 -7.870219e-01
-5.919094e-01 2.797534e-01
-1.410212e+00 -1.646700e-01
-3.207567e-01 -6.115795e-01
7.968750e-01 -1.446951e+00
8.784821e-01 -1.330122e+00
7.945098e-01 9.867766e-01
1.062451e+00 1.171966e+00
1.251684e+00 3.757198e-02
1.253164e+00 1.388169e-01
1.134255e+00 6.960517e-02
-6.684494e-01 8.489268e-01
-1.699007e-01 -7.047462e-01
1.403487e-01 1.395412e-01
-7.332638e-01 6.401443e-01
-6.049920e-01 1.443181e+00
-5.728406e-01 1.342979e+00
1.106194e+00 7.290694e-01
-5.340710e-01 4.435659e-01
9.384541e-01 3.257281e-01
1.309121e+00 5.843357e-01
6.728394e-01 -9.794877e-01
1.003650e+00 -3.272736e-01
6.095735e-02 3.511436e-02
-1.002462e+00 3.978162e-01
-1.447610e+00 8.906250e-01
6.789128e-01 1.431556e+00
8.360601e-01 8.041541e-01
-8.356777e-01 6.817124e-02
-7.037014e-01 4.594490e-02
4.739714e-01 3.460391e-01
-1.271300e+00 7.170914e-01
5.959943e-01 -3.590247e-01
-3.559649e-01 -3.344858e-01
-1.055605e+00 9.389760e-02
-8.052044e-01 -1.439824e+00
-1.084707e+00 -6.464949e-01
-1.027425e+00 -6.918461e-01
-1.155222e+00 -6.574379e-01
-1.204924e+00 -5.786408e-01
1.136172e+00 2.190539e-01
1.235661e+00 2.542097e-01
-1.380330e+00 -7.279088e-01
-4.218750e-01 -1.448509e+00
-4.574401e-01 -1.325884e+00
4.665818e-01 -2.429351e-01
9.032083e-02 -9.731680e-01
3.262944e-01 -5.911722e-01
-1.433605e+00 -1.433605e+00
-1.108932e+00 4.721782e-01
-1.244351e+00 1.291448e+00
-9.466375e-01 1.173567e+00
-3.151371e-01 5.179839e-01
-1.447394e+00 -5.156250e-01
9.361750e-01 6.385463e-01
1.062041e+00 5.974530e-01
-1.135457e+00 -5.195977e-01
-1.167254e-01 3.766640e-01
4.990445e-02 1.086048e+00
7.241534e-01 1.045248e+00
-4.361789e-01 -7.831311e-01
-1.446863e+00 1.360307e+00
-1.430209e+00 1.431215e+00
6.069562e-01 1.936539e-01
-1.310745e+00 1.368900e+00
-1.359375e+00 1.447072e+00
4.635312e-01 -9.272479e-01
5.156250e-01 -1.449493e+00
1.620490e-02 1.650191e-01
1.377268e+00 1.332218e+00
-2.072406e-01 7.842564e-01
1.202009e+00 7.767855e-01
-3.868056e-01 6.602399e-01
-3.015660e-01 6.856333e-01
3.115100e-01 -1.434812e+00
2.279858e-01 -1.125992e+00
1.171923e+00 -6.936671e-01
-2.848499e-01 1.112524e+00
2.388836e-01 -8.222217e-01
1.493300e-01 -8.824285e-01
1.241008e-01 -7.637680e-01
-1.446052e+00 -7.070666e-01
-1.449727e+00 -6.093750e-01
1.676437e-01 7.991278e-01
2.247807e-01 8.910923e-01
1.085314e+00 2.654606e-01
-1.040324e-02 2.988346e-01
1.353670e+00 3.302350e-01
9.744115e-02 -5.116278e-01
-7.854665e-01 2.849347e-01
-1.247275e+00 6.307214e-02
-9.349867e-01 9.947928e-01
-9.650173e-01 5.143439e-01
-1.940212e-02 -4.372277e-01
-1.324983e-01 -3.915892e-01
1.085284e-01 3.906440e-01
8.603956e-01 1.072571e+00
7.651869e-01 1.122358e+00
-1.099052e+00 -1.181894e+00
-3.395401e-02 -5.478503e-01
1.091708e+00 1.042501e+00
9.854317e-01 1.089286e+00
-6.790801e-01 -1.373125e+00
-8.707452e-02 -4.486061e-01
-1.089072e+00 8.644254e-01
-9.938000e-01 3.026034e-01
-1.347488e+00 7.715419e-01
1.343933e+00 1.101413e+00
9.755233e-01 8.011888e-01
8.868690e-01 7.391992e-01
-1.092583e-01 9.506068e-02
1.434106e+00 -2.585404e-01
6.863067e-01 -1.339968e+00
7.031250e-01 -1.450584e+00
-3.737424e-01 9.559656e-01
-3.488951e-01 8.725954e-01
8.641545e-01 -1.049777e+00
-1.277088e+00 -1.981273e-01
-1.441224e-01 1.356121e+00
-4.687500e-02 1.450877e+00
9.730371e-01 -1.228005e+00
-1.252443e+00 2.370491e-01
-1.146950e+00 1.880813e-01
-1.124666e+00 2.835535e-01
-1.139489e+00 -4.043047e-01
-1.450978e+00 4.687500e-02
1.451107e+00 5.156250e-01
1.336482e+00 4.485082e-01
1.451127e+00 2.343750e-01
1.349430e+00 2.384947e-01
2.984353e-01 1.336431e+00
3.289682e-01 1.450340e+00
1.451099e+00 -4.687500e-02
-1.355314e+00 1.432034e-01
-4.681474e-01 2.455441e-01
-1.148413e+00 -2.423822e-01
7.967721e-01 1.449442e+00
-1.141858e+00 -7.698691e-01
-1.219312e+00 -8.773438e-01
-1.255639e+00 -7.951656e-01
-1.449734e+00 1.078125e+00
-3.509467e-01 1.767641e-01
6.817362e-01 3.651160e-01
-8.769401e-01 3.792213e-01
-1.435722e+00 -9.169001e-01
-1.349906e+00 -8.247846e-01
-9.745695e-01 -8.809542e-01
-1.041373e+00 -8.705723e-01
-1.046696e+00 -7.705214e-01
-1.044357e+00 -8.758266e-02
1.406638e-01 1.083205e+00
1.071169e-01 2.772186e-01
7.231229e-01 1.338137e+00
1.451108e+00 6.093750e-01
-4.336068e-01 1.139626e+00
-5.247328e-01 1.112506e+00
-6.506637e-01 1.323011e-01
-6.903774e-01 -1.440650e+00
-2.256094e-01 1.229329e+00
-2.913522e-01 -3.159851e-01
-2.647140e-01 -2.502115e-01
4.666387e-01 1.025318e+00
3.880180e-01 9.130154e-01
5.172701e-01 -1.056675e+00
-1.324761e+00 4.380329e-01
-1.021406e+00 -4.838556e-01
7.213017e-01 -1.946188e-01
-1.278390e+00 -4.105131e-01
-1.246309e+00 -3.447860e-01
-2.348383e-01 6.870330e-01
-3.668350e-01 5.610481e-01
-9.012509e-03 -7.685746e-01
-1.007009e-01 -6.664197e-01
2.218077e-03 -6.866963e-01
-5.749791e-02 8.888198e-01
5.156250e-01 1.452604e+00
-7.705491e-01 -5.143870e-02
-1.436194e+00 5.877840e-01
-1.439428e-01 -5.674208e-01
1.096834e+00 1.385010e+00
1.078125e+00 1.452765e+00
9.843750e-01 1.452765e+00
4.239223e-01 -9.981925e-01
1.207001e+00 -9.535119e-02
-1.448568e+00 -4.246524e-02
-1.353638e+00 -5.278127e-02
1.452889e+00 -1.406250e-01
1.361165e+00 -4.532851e-02
1.336234e+00 -1.247451e-01
1.447447e+00 1.465768e-01
1.357324e+00 4.877409e-02
9.846526e-01 1.342760e+00
2.984392e-01 -4.366190e-01
1.452912e+00 1.359375e+00
-1.446930e+00 5.217261e-01
-4.972759e-01 1.022441e+00
4.408725e-02 1.450271e+00
-4.390688e-02 1.350819e+00
1.453083e+00 3.281250e-01
1.451107e+00 4.238543e-01
1.406250e-01 1.453084e+00
1.977823e-01 1.119917e+00
-1.447604e+00 3.227850e-01
2.363525e-01 1.451149e+00
1.448753e+00 1.448753e+00
-7.100209e-01 -7.198545e-01
-6.934826e-01 -6.795001e-01
-7.072912e-01 -3.588790e-01
-7.405579e-01 -3.275753e-01
8.773832e-01 5.273218e-01
8.486141e-01 4.836314e-01
2.289809e-01 -9.929531e-01
1.704715e-01 -9.904847e-01
2.165976e-01 -9.546742e-01
-6.951253e-01 8.253130e-01
-6.547660e-01 8.160334e-01
-6.814418e-01 7.924196e-01
4.028113e-02 1.032857e+00
2.196416e-02 1.065365e+00
1.234084e-02 1.012175e+00
4.236548e-02 -8.700977e-01
4.056311e-02 -9.353121e-01
6.783105e-03 -9.017464e-01
5.520415e-01 -9.632923e-01
5.119292e-01 -9.541421e-01
-4.723074e-01 -8.248665e-01
-4.308248e-01 -8.175036e-01
-4.669533e-01 -8.592390e-01
-5.422756e-01 8.498624e-01
-5.679822e-01 8.889333e-01
9.870055e-01 3.656421e-01
-4.961524e-01 -6.379225e-01
7.246018e-01 7.153313e-01
7.310997e-01 7.762832e-01
7.593424e-01 7.424500e-01
-3.492233e-01 -1.034651e+00
-7.046344e-01 7.501171e-01
-6.642751e-01 7.408375e-01
-1.746910e-01 9.213724e-01
-1.744344e-01 9.666184e-01
1.054028e-01 9.832592e-01
1.477937e-01 9.466138e-01
1.467157e-01 9.882080e-01
6.308202e-01 -8.704976e-01
5.936819e-01 -8.880798e-01
3.348144e-01 -9.379792e-01
3.495527e-01 -8.813027e-01
2.898454e-01 -9.004661e-01
-9.234013e-02 -9.331036e-01
-1.221510e-01 -9.087921e-01
-8.691208e-02 -8.972095e-01
6.654100e-01 -8.439081e-01
6.081928e-01 -8.111181e-01
7.857311e-01 7.088145e-01
8.468406e-01 7.040188e-01
8.139540e-01 6.767024e-01
8.922099e-01 -3.919554e-01
9.254266e-01 -4.329336e-01
8.887532e-01 -4.332023e-01
-3.613187e-01 9.142805e-01
-3.854927e-01 8.843908e-01
-3.979164e-01 9.260759e-01
-1.632312e-01 1.149156e+00
-1.273947e-01 1.119688e+00
2.899553e-01 9.854815e-01
2.302780e-01 9.853703e-01
2.487838e-01 9.516738e-01
1.531573e-01 1.038501e+00
1.955482e-01 1.001855e+00
-4.114871e-01 7.636335e-01
-4.240499e-01 8.092175e-01
6.506793e-01 -7.070756e-01
6.195786e-01 -6.701647e-01
6.561007e-01 -6.619109e-01
-8.376447e-01 -2.559163e-01
-8.716784e-01 -2.798331e-01
-8.376374e-01 -2.951747e-01
8.928910e-01 3.630058e-01
-6.563828e-01 5.569703e-01
-6.649859e-01 5.982709e-01
-7.191178e-01 6.058431e-01
-7.689017e-01 6.298183e-01
-7.547557e-01 5.955170e-01
1.104531e+00 -1.361930e-01
-8.099070e-01 -4.002225e-01
-8.655272e-01 -3.644410e-01
-8.160510e-01 -3.548730e-01
-3.338365e-01 -9.387584e-01
-3.466476e-01 -9.798087e-01
-6.513596e-01 5.091364e-01
4.979414e-01 -9.223192e-01
4.751708e-01 -8.869744e-01
5.095810e-01 -8.820456e-01
4.406660e-01 -8.827583e-01
-4.681706e-02 -1.152339e+00
-4.051357e-02 -1.101118e+00
6.856929e-02 9.606658e-01
6.749134e-02 1.002260e+00
1.092792e+00 -2.220351e-01
1.056482e+00 -2.183027e-01
-8.769421e-01 -5.845233e-02
-8.667213e-01 1.864383e-01
7.843860e-01 5.450718e-01
-6.503957e-01 -6.505303e-01
-6.075753e-01 -6.218063e-01
-6.041951e-01 -6.731248e-01
-3.822129e-02 -1.019994e+00
-3.563428e-02 -9.814978e-01
-4.559962e-01 7.476752e-01
-3.300532e-01 9.009047e-01
-3.424769e-01 9.425898e-01
-2.159444e-01 9.027869e-01
-2.650103e-01 9.396384e-01
-2.621456e-01 8.923625e-01
8.131551e-01 5.887623e-01
8.265580e-01 6.393279e-01
8.616605e-01 6.213411e-01
-1.273949e-01 1.069188e+00
-1.092173e-01 1.019085e+00
-1.482372e-01 1.033277e+00
-8.633806e-01 3.462367e-01
-9.104900e-01 3.671280e-01
-8.969305e-01 3.341434e-01
9.839739e-01 4.803685e-02
9.365820e-01 3.528923e-02
1.125174e+00 -5.898139e-02
1.173742e+00 -6.003960e-02
4.680879e-01 9.696480e-01
3.404367e-01 8.934645e-01
2.472468e-01 -9.228542e-01
2.619851e-01 -8.661777e-01
8.100742e-01 -5.611359e-01
8.556137e-01 -5.498510e-01
8.219577e-01 -6.022229e-01
5.645379e-01 -6.206449e-01
6.039428e-01 -5.849190e-01
9.298763e-01 -3.550257e-01
8.932029e-01 -3.552944e-01
6.648053e-01 6.918386e-01
6.529146e-01 7.417539e-01
7.922290e-01 7.697665e-01
5.630740e-01 9.483712e-01
5.229843e-01 9.314928e-01
-9.548814e-01 1.875991e-01
8.014198e-01 -5.150241e-01
7.677638e-01 -5.673960e-01
5.288461e-01 7.319911e-01
5.649969e-01 7.616973e-01
7.711466e-02 1.055451e+00
-5.513743e-01 -8.358146e-01
9.093714e-01 7.327130e-02
9.396352e-01 1.240425e-01
8.862214e-01 1.184968e-01
-7.861933e-01 -5.955673e-01
-7.746390e-01 -6.414746e-01
-7.515040e-01 -6.112441e-01
-6.968628e-01 -6.281816e-01
1.017676e+00 -2.085387e-01
1.005945e+00 -2.567874e-01
1.887374e-01 -9.203859e-01
-9.090168e-01 -2.798435e-01
-9.292847e-01 -3.300861e-01
-6.791319e-01 6.325722e-01
-5.113873e-01 -6.813451e-01
7.130816e-01 -7.458058e-01
6.649920e-01 -7.416752e-01
6.908722e-01 -7.886591e-01
-6.667526e-02 -9.587779e-01
-2.606024e-02 -9.442409e-01
-1.249028e-01 -1.045159e+00
-7.485510e-01 7.700855e-01
-7.775070e-01 7.996917e-01
-7.103658e-01 6.693396e-01
-6.562339e-01 6.617675e-01
-7.313843e-01 7.185033e-01
8.857687e-01 5.644301e-01
9.148943e-01 5.209765e-01
-2.100610e-01 9.851020e-01
-1.656862e-01 1.001658e+00
-9.135575e-01 3.105756e-03
-4.286271e-01 9.406806e-01
-3.666170e-01 8.435719e-01
-4.032146e-01 8.553673e-01
3.460745e-01 1.003249e+00
4.051589e-01 1.011641e+00
3.675455e-01 9.601769e-01
3.482395e-01 9.324002e-01
4.073239e-01 9.407921e-01
-8.180566e-01 -5.605571e-01
-7.949215e-01 -5.303266e-01
3.797834e-01 -9.754923e-01
3.200760e-01 -9.946556e-01
4.050295e-01 -1.047492e+00
3.920166e-01 -1.088287e+00
8.769184e-01 4.420758e-01
1.034250e+00 4.071542e-02
1.013061e+00 7.149553e-02
-8.083900e-01 -4.378666e-01
-7.589138e-01 -4.282986e-01
-7.266922e-01 -4.087756e-01
1.059340e+00 -3.127827e-01
9.680449e-01 -2.070179e-01
9.089797e-01 -1.921565e-01
1.018582e+00 -1.685332e-01
1.024201e+00 -2.969125e-01
9.662669e-01 -3.594801e-01
9.672599e-01 -3.228192e-01
1.086419e+00 2.427167e-02
-8.178058e-01 3.702924e-01
-8.814266e-01 2.725478e-01
-9.285360e-01 2.934391e-01
-7.920908e-01 -4.806295e-01
-8.430840e-01 -4.525535e-01
-9.111163e-01 4.810547e-01
-9.032275e-01 4.473407e-01
-8.269802e-01 4.095272e-01
-8.670777e-01 4.134934e-01
-8.171178e-01 4.437994e-01
-3.328350e-01 9.752009e-01
-2.902335e-01 9.869341e-01
-9.222827e-01 -9.308044e-02
-8.815838e-01 -9.937223e-02
-2.551099e-01 8.419900e-01
-3.041757e-01 8.788415e-01
-9.856409e-01 -1.107915e-01
-9.620361e-01 -8.232649e-02
-8.696567e-01 2.297642e-01
-9.100967e-01 1.885177e-01
-8.714195e-01 1.066815e-01
4.420125e-01 8.393512e-01
4.084456e-01 8.658758e-01
6.167831e-01 8.398535e-01
5.949553e-01 7.834963e-01
6.312980e-01 7.907005e-01
-9.965932e-01 9.985224e-02
-9.529650e-01 5.736094e-02
-9.531024e-01 1.008633e-01
-1.009451e+00 -2.507562e-01
-5.572744e-01 -7.970448e-01
-5.143360e-01 -8.278322e-01
-8.268535e-01 -1.269854e-01
-8.721941e-01 -1.616135e-01
4.437268e-01 -9.627202e-01
9.931398e-01 4.454139e-01
-9.090241e-01 -2.405852e-01
-8.445747e-01 -2.149007e-01
-8.105337e-01 -2.302424e-01
-4.981539e-01 7.833317e-01
-4.860261e-01 8.371980e-01
-5.204191e-01 8.166430e-01
-1.945309e-01 -8.848354e-01
-1.507931e-01 -8.615792e-01
-1.604608e-01 -8.961541e-01
8.947335e-01 -5.325593e-01
8.828501e-01 -4.914722e-01
-4.233626e-02 1.096498e+00
-4.717555e-02 1.049839e+00
-1.136845e-03 1.091342e+00
-4.421462e-02 -1.062713e+00
-9.891569e-01 -2.005441e-01
-9.366435e-01 -1.872980e-01
-3.988641e-01 -8.856597e-01
-4.325437e-01 -9.314547e-01
-4.591504e-01 -8.976710e-01
9.056192e-01 6.552265e-01
9.237019e-01 6.849738e-01
8.922163e-01 6.046609e-01
5.140520e-01 -8.016766e-01
-1.189095e-01 -1.002439e+00
2.367196e-01 1.035663e+00
2.485408e-01 1.072244e+00
5.504820e-01 8.108503e-01
5.584315e-01 8.624538e-01
5.284732e-01 8.406548e-01
-2.274774e-01 -8.705729e-01
-2.371450e-01 -9.051478e-01
-2.827535e-01 -9.244795e-01
-2.498070e-01 -9.387419e-01
9.056700e-01 4.039078e-01
9.352605e-01 4.457001e-01
9.643882e-01 4.835820e-01
8.496334e-01 -4.504940e-01
6.930480e-01 6.580054e-01
7.315050e-01 6.240351e-01
-5.818937e-01 -7.649558e-01
-5.448553e-01 -7.569735e-01
-6.082450e-01 -7.133666e-01
-5.654246e-01 -6.846427e-01
-5.621440e-01 -5.798939e-01
9.512331e-01 3.666301e-01
9.742265e-01 3.247402e-01
1.047066e+00 -1.122968e-01
1.083383e+00 -7.843581e-02
9.974345e-01 -1.107759e-01
8.323316e-02 -9.384157e-01
4.765078e-02 -9.700644e-01
1.242045e-01 -9.626870e-01
1.171169e-01 -9.279346e-01
-2.352842e-01 1.032398e+00
-2.440324e-01 9.973585e-01
-7.455510e-01 5.457224e-01
-7.953350e-01 5.696977e-01
-6.071435e-01 7.366457e-01
-5.868147e-01 7.729584e-01
6.490372e-01 -5.867998e-01
7.352910e-01 -7.029524e-01
9.771020e-01 -3.090596e-02
1.015540e+00 -1.864143e-02
1.067709e+00 -3.508518e-02
-7.084171e-01 -5.822743e-01
-4.782075e-01 -7.860968e-01
-4.908180e-01 -7.536760e-01
-8.488525e-01 5.391426e-01
-8.580572e-01 5.889372e-01
-8.216728e-01 4.838343e-01
-8.843950e-01 5.030738e-01
-7.405278e-01 4.978885e-01
9.923585e-01 1.056133e-01
9.692084e-01 1.508388e-01
1.007485e+00 1.652583e-01
1.043361e+00 1.660756e-01
9.711476e-01 2.265415e-01
9.547619e-01 1.836875e-01
9.328708e-01 2.121219e-01
6.939576e-01 -6.590694e-01
7.420472e-01 -6.632000e-01
6.628569e-01 -6.221585e-01
-8.597889e-02 9.264414e-01
-8.572230e-02 9.716874e-01
-4.746253e-01 9.296902e-01
-4.651908e-01 8.833478e-01
1.042634e+00 9.829183e-02
-3.281767e-01 7.759247e-01
-3.407395e-01 8.215087e-01
-8.781726e-01 -4.642777e-01
-9.968019e-01 1.284860e-02
-1.039678e+00 -7.837888e-04
-9.533110e-01 1.385970e-02
4.846793e-01 8.362148e-01
4.926288e-01 8.878182e-01
-9.519459e-01 1.442732e-01
-9.083177e-01 1.017819e-01
-8.380512e-01 2.704685e-01
8.207376e-01 -6.456056e-01
7.798993e-01 -6.602954e-01
-1.019142e-01 -9.703605e-01
-1.445744e-01 -9.767645e-01
7.094831e-01 8.252298e-01
6.747425e-01 7.981111e-01
7.385660e-01 -6.164124e-01
7.299116e-01 -5.703006e-01
-7.815753e-01 4.798681e-01
4.092220e-01 -9.585042e-01
3.944837e-01 -1.015181e+00
7.971453e-01 -4.650900e-01
5.574483e-01 -7.971800e-01
5.920381e-01 -7.705905e-01
5.302067e-01 -8.422042e-01
-3.045827e-01 -8.610618e-01
-3.556657e-01 -8.753407e-01
-3.822723e-01 -8.415571e-01
-6.303361e-01 6.943431e-01
-6.487998e-02 1.007598e+00
-2.368057e-02 1.002442e+00
-9.573944e-01 -4.140659e-02
1.630910e-01 9.064466e-01
7.134996e-01 -8.480386e-01
-7.820172e-01 -3.309562e-01
4.791904e-01 9.270527e-01
4.377323e-01 9.259735e-01
-5.544034e-01 7.959960e-01
-6.086712e-01 8.061777e-01
-7.240813e-01 8.549193e-01
1.076247e+00 1.365221e-01
-7.707553e-01 -2.273552e-01
-1.364355e-01 -8.239657e-01
-2.425787e-02 -8.790265e-01
9.037824e-01 2.393679e-01
9.100075e-01 2.787345e-01
-4.429256e-01 8.500365e-01
5.529773e-01 -8.775490e-01
9.095894e-01 -2.727770e-01
9.490041e-01 -2.826941e-01
-5.154372e-01 -7.215870e-01
8.364228e-02 -1.008001e+00
4.097223e-02 -1.004898e+00
1.299092e-01 -1.035799e+00
-6.257150e-02 -8.640441e-01
-7.911773e-01 -6.818290e-01
9.618309e-01 -4.373762e-01
-2.224428e-01 -9.675088e-01
-1.828841e-01 -9.641265e-01
-6.206641e-01 -7.534380e-01
-7.542823e-01 6.893080e-01
1.057331e+00 8.129880e-04
3.275687e-01 1.036946e+00
7.654486e-01 6.441236e-01
-8.993051e-01 -1.872875e-01
5.985212e-01 8.793322e-01
-8.126449e-01 7.870454e-01
-5.363591e-03 9.699337e-01
-4.815911e-03 9.326245e-01
6.284699e-01 -7.499290e-01
-7.602275e-01 -5.156397e-01
9.727736e-01 5.206903e-01
-3.211745e-01 -9.051643e-01
-1.838638e-01 1.051761e+00
-2.178352e-01 1.064017e+00
-1.658888e-01 -9.320483e-01
1.001519e+00 2.609296e-01
9.796277e-01 2.893641e-01
-6.223546e-01 8.390711e-01
-7.817863e-01 6.645258e-01
9.438553e-01 2.903520e-01
9.853947e-01 -2.871485e-01
-9.466398e-01 4.009753e-01
1.365878e-01 -1.000966e+00
9.297274e-01 5.983156e-01
-3.876264e-01 -8.071846e-01
4.290265e-01 -9.230319e-01
-2.521903e-01 8.063627e-01
-2.256323e-01 1.097952e+00
-3.230176e-01 8.505322e-01
-9.130899e-01 4.130686e-01
-1.063283e+00 -2.924880e-02
9.528412e-02 1.084626e+00
4.184264e-01 8.981968e-01
simplices
376 868 943
105 1216 1217
253 844 1385
253 1385 1386
630 1385 1386
373 1004 1278
761 1387 1388
379 1387 1388
267 761 1388
61 472 604
85 1072 1168
99 777 813
294 816 883
304 1134 1255
130 559 857
431 833 1186
33 424 547
527 560 1390
560 1389 1390
200 1389 1390
145 1267 1307
249 514 947
234 594 893
230 376 729
180 524 888
449 878 1260
1024 1391 1393
489 1391 1393
1024 1392 1393
27 1392 1393
495 514 1011
117 514 947
1191 1394 1396
965 1394 1396
1191 1395 1396
318 1395 1396
123 867 918
329 1397 1398
1238 1397 1398
329 1397 1399
1142 1397 1399
80 563 991
481 777 813
644 1400 1402
389 1400 1402
644 1401 1402
305 1401 1402
223 534 800
358 1403 1404
987 1403 1404
358 986 1403
233 803 1275
150 553 554
370 959 1341
471 1405 1406
1240 1405 1406
471 1405 1407
985 1405 1407
381 793 877
123 419 461
438 964 1409
964 1408 1409
102 1408 1409
303 650 921
376 943 1340
444 1145 1339
70 553 760
635 1010 1410
108 1010 1410
281 520 1082
350 539 939
271 983 1062
273 606 1084
160 456 580
144 538 1094
231 498 1280
77 626 936
66 426 593
381 793 1411
176 793 1411
139 447 792
834 1412 1414
423 1412 1414
834 1413 1414
225 1413 1414
131 1034 1210
437 970 1026
559 1124 1415
511 1124 1415
30 715 766
30 766 767
89 469 883
262 462 862
25 611 802
55 669 717
318 1396 1416
965 1396 1416
318 1416 1417
653 1416 1417
182 622 776
88 549 816
99 777 829
282 762 1171
282 1075 1162
320 746 1149
126 460 796
252 434 873
100 952 1086
98 769 1418
98 1418 1419
645 1418 1419
915 1420 1422
512 1420 1422
915 1421 1422
161 1421 1422
135 475 583
203 565 944
72 643 1046
728 996 1303
465 611 802
179 486 1209
224 814 974
223 739 800
284 920 1423
284 1423 1424
863 1423 1424
212 546 634
28 535 1202
31 550 840
244 760 830
218 1425 1426
490 1425 1426
218 1425 1427
489 1425 1427
319 620 1227
209 714 1222
61 605 1048
274 1004 1035
171 603 606
75 484 1067
250 872 1332
78 579 843
141 437 795
143 473 795
390 1352 1353
1166 1428 1430
1027 1428 1430
1166 1429 1430
81 1429 1430
309 898 899
119 789 1008
69 916 997
31 500 742
283 1423 1431
920 1423 1431
283 1423 1432
863 1423 1432
418 849 1111
295 555 658
308 911 1168
292 556 657
149 442 615
89 470 1185
312 682 1184
206 516 1177
325 636 1198
91 522 739
335 529 1235
832 1433 1435
423 1433 1435
832 1434 1435
92 1434 1435
239 781 901
1112 1436 1438
536 1436 1438
1112 1437 1438
156 1437 1438
773 1439 1440
1295 1439 1440
773 1439 1441
1294 1439 1441
66 811 1269
388 933 960
96 601 720
169 464 601
584 725 1190
186 1308 1369
211 775 1442
211 1442 1443
542 1442 1443
217 452 889
233 731 1071
38 1071 1157
1114 1444 1446
440 1444 1446
1114 1445 1446
161 1445 1446
576 1422 1447
512 1422 1447
576 1422 1448
161 1422 1448
339 1449 1450
984 1449 1450
339 648 1449
302 775 1442
302 542 1442
651 1034 1210
64 404 474
284 987 1403
284 986 1403
1150 1451 1453
765 1451 1453
1150 1452 1453
17 1452 1453
355 711 1052
633 1317 1328
262 861 1347
332 1172 1262
595 805 1214
1118 1454 1456
950 1454 1456
1118 1455 1456
107 1455 1456
145 398 746
366 1199 1457
366 597 1457
33 370 1341
147 794 1057
18 859 1458
18 1458 1459
748 1458 1459
1194 1460 1462
748 1460 1462
1194 1461 1462
205 1461 1462
360 678 1182
262 860 1347
168 592 730
384 886 1131
345 738 990
389 981 1351
422 632 1283
37 902 1213
382 1054 1213
116 830 882
8 591 1203
640 1146 1463
213 1146 1463
249 495 514
431 1117 1207
225 431 833
119 898 1243
245 838 839
544 545 1329
737 1464 1466
379 1464 1466
737 1465 1466
107 1465 1466
393 1074 1334
121 435 706
45 663 890
232 480 823
252 591 938
35 960 1314
237 574 876
124 878 1353
202 626 1099
626 825 1087
323 796 1101
32 730 1009
182 708 1076
378 406 1310
147 547 778
128 406 1310
36 1111 1343
559 864 1468
864 1467 1468
177 1467 1468
177 1415 1468
559 1415 1468
177 511 1415
131 899 1210
131 448 894
277 835 1469
835 859 1469
407 488 848
1246 1470 1472
987 1470 1472
1246 1471 1472
104 1471 1472
490 1121 1473
104 1121 1473
349 650 1028
349 650 921
203 476 944
64 452 808
217 386 705
136 452 889
356 1318 1319
32 1009 1345
397 854 1105
321 1105 1157
113 652 856
21 929 980
236 519 1113
473 795 1474
141 795 1474
473 575 1474
575 1474 1475
141 1474 1475
143 473 485
140 450 858
143 519 1113
142 614 942
144 538 1093
398 746 1149
202 626 825
251 872 1206
148 507 1211
148 497 911
68 530 1180
442 1020 1256
70 838 948
154 444 1274
373 1004 1035
73 993 1005
498 798 1281
231 552 836
268 877 1183
115 421 1022
95 1232 1350
354 384 1131
68 499 820
223 740 1051
29 433 865
84 884 920
158 1028 1247
525 847 1127
229 599 1038
160 552 936
915 1420 1477
512 1420 1477
915 1476 1477
1142 1476 1477
136 475 476
328 387 736
640 1478 1479
403 1478 1479
640 1146 1478
288 573 951
164 684 1098
166 540 566
112 401 453
167 720 1270
360 837 1365
394 592 1304
909 1163 1480
482 1163 1480
426 811 1481
426 810 1481
316 709 745
215 711 1052
152 432 441
171 392 605
234 612 1085
172 1116 1482
172 527 1482
457 721 1228
173 457 721
296 842 1018
76 396 616
374 498 1280
631 1483 1485
630 1483 1485
631 1484 1485
176 1484 1485
75 709 745
228 559 1124
305 1025 1486
305 1486 1487
826 1486 1487
310 738 990
333 426 1208
333 426 593
179 486 716
325 835 1198
180 1449 1488
984 1449 1488
180 648 1449
181 1439 1489
1295 1439 1489
181 1439 1490
1294 1439 1490
645 1491 1493
420 1491 1493
645 1492 1493
181 1492 1493
363 660 1171
6 1299 1376
93 607 1091
436 814 974
270 827 874
99 517 930
361 727 1369
94 775 1338
363 708 1076
533 571 1030
314 571 1030
53 493 585
294 549 641
442 615 892
57 686 1013
79 970 1026
266 970 1059
208 477 713
209 714 1325
201 372 719
280 728 996
242 841 1286
497 911 1072
289 1042 1320
539 939 1200
286 799 1092
560 1495 1496
92 1495 1496
560 1494 1495
1116 1494 1495
20 527 597
359 850 1344
125 577 693
577 1099 1249
22 475 476
905 1497 1499
542 1497 1499
905 1498 1499
98 1498 1499
1323 1500 1502
582 1500 1502
1323 1501 1502
411 1501 1502
65 757 1176
438 957 1191
317 1100 1176
516 1040 1141
30 767 768
67 436 814
393 961 1335
193 502 713
9 698 714
400 714 1325
413 1063 1064
1107 1503 1504
753 1503 1504
249 1107 1504
26 466 935
412 787 1257
159 495 1011
31 525 742
584 725 1506
725 1505 1506
213 1505 1506
343 584 1188
959 1341 1507
351 1341 1507
101 1342 1508
101 1061 1508
246 745 896
316 602 896
157 629 1296
216 570 1108
258 386 705
64 434 1237
368 449 707
784 1427 1509
489 1427 1509
784 1427 1510
218 1427 1510
24 649 1117
348 649 1276
492 982 1049
17 876 1452
876 1150 1452
383 1511 1512
853 1511 1512
383 1511 1513
702 1511 1513
845 1514 1515
17 1514 1515
845 1175 1514
260 487 956
67 436 523
1112 1436 1517
536 1436 1517
1112 1516 1517
259 1516 1517
326 739 800
353 974 1196
48 1518 1519
834 1518 1519
48 612 1518
832 1414 1433
423 1414 1433
832 1414 1520
225 1414 1520
214 1521 1522
959 1521 1522
214 807 1521
660 762 1171
277 848 949
465 802 1523
227 802 1523
246 472 604
441 1106 1143
68 383 820
229 1511 1524
853 1511 1524
229 1511 1525
702 1511 1525
230 376 868
243 760 830
24 498 798
76 456 617
232 446 890
275 448 1033
100 448 1033
48 893 1526
48 1526 1527
587 1526 1527
234 448 894
459 505 880
319 620 1151
71 620 1227
150 895 1151
422 1279 1283
343 598 783
361 655 727
240 1064 1243
271 1063 1064
241 1142 1476
241 915 1476
512 1397 1528
1238 1397 1528
512 1397 1477
1142 1397 1477
196 515 1357
72 643 718
371 591 1203
352 838 948
244 553 554
244 553 760
500 742 1225
245 838 910
316 745 896
484 1067 1529
484 985 1529
247 587 917
428 919 952
354 652 1053
734 738 856
753 1530 1532
751 1530 1532
753 1531 1532
210 1531 1532
82 989 1063
263 794 1057
78 579 1047
251 579 794
252 434 609
138 397 1193
1045 1533 1535
726 1533 1535
1045 1534 1535
253 1534 1535
630 1386 1536
253 1386 1536
630 1483 1536
631 1483 1536
354 399 1321
132 388 636
70 553 763
255 492 982
80 991 1019
299 991 992
299 563 1130
23 602 1058
95 636 933
258 933 960
403 1537 1538
998 1537 1538
403 1479 1537
640 1479 1537
159 1011 1346
287 966 1271
287 487 956
779 789 1008
261 789 855
262 401 860
112 401 860
118 430 807
348 1239 1277
489 572 1391
572 1024 1391
784 1393 1509
489 1393 1509
784 1393 1539
27 1393 1539
79 1002 1133
266 437 970
467 513 1541
513 1540 1541
107 1540 1541
21 415 980
381 877 1000
421 1000 1183
270 819 930
86 874 1230
51 684 801
300 874 1230
366 983 1062
271 750 983
526 916 1346
82 750 751
273 603 606
74 606 1084
170 602 896
23 711 1144
275 375 578
275 651 1034
336 1061 1264
241 558 1006
748 1459 1542
18 1459 1542
748 1460 1542
1194 1460 1542
407 848 949
381 743 1411
743 1411 1543
176 1411 1543
75 844 1385
75 630 1385
643 1077 1229
65 410 770
204 772 1229
280 643 718
140 858 1082
281 1081 1083
226 454 954
454 1075 1162
283 1544 1545
765 1544 1545
283 1544 1546
764 1544 1546
574 876 1150
84 818 1119
84 818 1037
175 396 623
39 1140 1235
199 580 799
286 1093 1095
287 516 1040
317 1141 1177
289 555 658
86 827 828
911 1072 1168
291 556 657
88 816 817
291 657 1115
191 503 504
87 657 1115
292 433 865
455 629 912
293 816 883
52 451 641
88 556 1017
308 766 809
308 715 766
296 1018 1104
80 563 600
174 625 703
298 703 1129
43 690 995
151 563 1130
299 992 993
364 573 1244
364 573 951
301 549 821
235 466 561
26 466 1334
36 986 1178
304 569 1029
79 1026 1133
129 569 1029
368 449 1260
1027 1487 1547
826 1487 1547
1027 1487 1548
305 1487 1548
390 981 1351
421 934 1170
575 1165 1549
307 1165 1549
40 450 511
497 1211 1286
206 759 1284
309 779 1008
321 779 789
113 738 856
310 733 929
311 683 841
190 468 469
313 504 871
585 782 1160
91 1020 1256
160 456 617
315 626 1099
316 1144 1167
23 977 1326
317 427 1100
965 1550 1551
427 1550 1551
90 965 1551
653 1542 1553
18 1542 1553
653 1542 1552
1194 1542 1552
427 1416 1550
965 1416 1550
427 1416 1554
653 1416 1554
347 845 1175
319 1049 1050
39 398 1149
1155 1389 1555
560 1389 1555
1155 1389 1556
200 1389 1556
397 854 1193
397 1105 1157
157 455 914
322 445 953
168 467 730
467 1138 1541
107 1138 1541
136 385 889
324 1252 1253
325 835 859
557 586 1110
149 570 1108
313 571 904
50 988 1223
327 1106 1224
331 585 1089
331 387 736
905 1443 1497
542 1443 1497
211 905 1443
1164 1419 1557
645 1419 1557
1164 1419 1558
98 1419 1558
112 592 875
330 544 1147
608 1090 1291
331 1090 1291
137 462 1172
332 1261 1262
909 1163 1559
120 1163 1559
333 945 1209
175 529 619
24 498 623
335 619 1234
335 529 619
336 907 1088
428 907 952
84 884 1037
337 629 1296
207 523 1335
1294 1441 1560
773 1441 1560
338 1294 1560
180 557 586
1295 1440 1562
773 1440 1562
1295 1561 1562
339 1561 1562
187 459 505
659 1305 1364
601 720 1270
201 719 728
96 372 719
367 783 1220
598 783 1220
398 939 1200
344 1267 1309
345 902 1097
139 395 1097
129 790 955
49 673 824
83 1049 1050
83 546 634
118 807 963
496 940 963
14 672 1293
349 656 1292
145 398 1307
350 539 1306
351 1563 1564
749 1563 1564
351 1563 1565
440 1563 1565
1342 1565 1566
440 1565 1566
1342 1565 1567
351 1565 1567
103 804 839
352 804 839
353 706 1196
121 706 1196
384 716 946
354 384 1132
257 633 978
23 564 977
257 976 978
356 633 1317
726 1568 1569
408 1568 1569
726 1533 1568
1045 1533 1568
126 414 460
133 1425 1570
490 1425 1570
133 1425 1571
489 1425 1571
418 849 1573
849 1572 1573
133 1572 1573
515 900 1357
360 659 1364
97 655 727
361 654 1370
361 655 1370
93 613 724
378 660 762
366 597 1062
527 597 1390
597 1390 1574
200 1390 1574
210 750 983
1107 1503 1576
753 1503 1576
1107 1575 1576
41 1575 1576
368 927 1259
644 927 1400
389 927 1400
122 510 1361
369 1360 1361
370 940 963
263 496 940
8 521 1203
371 854 1193
341 755 1313
96 755 1313
299 563 991
373 891 1035
153 480 823
374 498 1281
135 375 732
474 803 1275
444 774 1274
116 774 943
377 774 882
244 830 882
59 483 1070
379 1577 1578
1153 1577 1578
379 1464 1577
737 1464 1577
761 1152 1387
1152 1387 1579
379 1387 1579
395 902 1097
47 380 447
877 1000 1183
114 793 877
382 903 1054
382 903 1021
221 499 820
223 534 1051
384 886 946
179 716 946
136 385 565
324 385 1349
155 399 610
404 609 1266
28 1202 1580
28 1137 1580
162 458 522
35 886 1131
35 886 1314
532 934 1192
390 532 981
422 632 1358
115 1022 1358
238 878 1161
391 922 1279
170 392 588
74 392 588
121 435 879
466 1074 1334
592 730 1304
394 1347 1348
139 395 792
380 447 792
285 616 1251
76 616 1251
38 578 1071
138 397 731
144 539 1200
39 398 712
123 918 1053
434 873 1128
690 994 995
256 992 993
401 453 851
402 998 1582
998 1581 1582
117 1581 1582
117 1537 1581
998 1537 1581
117 1537 1583
640 1537 1583
403 1580 1584
1202 1580 1584
403 1137 1580
259 1585 1586
1202 1585 1586
259 1516 1585
1112 1516 1585
434 609 1266
404 1275 1331
613 724 1363
725 1190 1587
41 1190 1587
483 869 1355
407 582 1588
582 1500 1588
1323 1500 1588
582 1502 1590
411 1502 1590
582 1589 1590
227 1589 1590
126 1045 1568
126 408 1568
408 1577 1591
1153 1577 1591
408 1577 1592
737 1577 1592
163 451 821
163 409 852
771 1593 1594
110 1593 1594
771 1272 1593
110 1595 1596
1323 1595 1596
110 1595 1597
949 1595 1597
25 996 1303
25 772 1204
412 787 1599
787 1598 1599
181 1598 1599
420 769 1418
420 1418 1491
645 1418 1491
413 989 1063
82 495 885
414 460 1217
460 1216 1217
733 929 980
909 1480 1601
482 1480 1601
909 1600 1601
178 1600 1601
11 670 812
11 812 1012
357 906 1216
357 1216 1218
36 445 1102
358 849 1343
230 866 867
8 591 938
791 1493 1602
420 1493 1602
791 1493 1603
181 1493 1603
203 420 1250
421 934 1192
115 421 1192
422 922 1279
34 1273 1279
172 612 1085
527 560 1482
560 1482 1494
1116 1482 1494
424 547 778
147 406 778
169 465 611
425 1604 1605
178 1604 1605
425 1329 1604
227 1481 1606
811 1481 1606
227 1481 1607
810 1481 1607
426 1208 1608
426 810 1608
516 1141 1177
757 1100 1176
247 428 919
101 917 1609
101 1609 1610
806 1609 1610
20 597 1062
172 429 831
1139 1611 1613
430 1611 1613
1139 1612 1613
48 1612 1613
247 893 1526
247 587 1526
431 649 1186
118 833 1186
10 688 1215
603 1282 1337
149 433 570
29 433 570
434 1128 1237
155 873 1128
235 435 879
56 459 880
436 523 961
121 436 961
437 1001 1026
141 437 1001
207 647 1375
438 932 957
624 968 1059
264 824 1003
440 1061 1264
440 1508 1566
1342 1508 1566
440 1061 1508
281 441 1106
171 605 1081
442 1043 1256
149 442 1043
72 718 850
507 1039 1211
382 1145 1339
154 444 1145
303 921 1122
134 656 1292
202 446 941
146 446 941
447 761 1152
47 447 1152
100 919 952
100 448 594
449 878 1161
238 878 926
236 485 639
40 473 485
549 641 821
451 641 821
135 474 803
136 475 583
330 544 875
453 851 1182
63 1075 1381
576 1330 1381
157 455 629
470 642 914
231 617 931
76 617 931
541 815 1228
162 387 458
28 387 458
505 928 1298
187 505 928
460 796 906
460 906 1216
155 399 461
123 399 461
462 862 1233
218 707 1258
490 1121 1426
218 1121 1426
46 544 1147
46 464 788
169 595 1214
805 1614 1616
465 1614 1616
805 1615 1616
120 1615 1616
302 561 935
466 561 935
168 544 545
168 467 1617
467 513 1617
312 1073 1185
190 469 1073
294 641 913
294 469 883
134 921 1122
134 470 642
278 1529 1618
1067 1529 1618
278 1529 1619
985 1529 1619
484 985 1007
228 450 858
228 559 857
40 473 1165
473 575 1165
135 474 583
136 452 583
475 908 1179
22 475 908
476 870 1006
203 476 870
74 477 891
208 477 891
270 801 819
185 478 517
219 798 1276
153 480 618
480 618 1187
374 618 1187
222 481 777
67 523 754
178 1601 1620
482 1601 1620
178 1620 1621
415 1620 1621
21 482 1620
21 415 1620
109 483 1355
109 691 1120
246 484 1007
130 985 1007
450 639 971
40 450 971
486 945 1209
21 486 945
67 487 1069
222 487 1069
132 488 1181
132 388 741
133 572 1134
489 572 1571
133 572 1571
358 1362 1622
358 1246 1622
1246 1404 1470
987 1404 1470
358 1246 1404
320 491 1010
635 1010 1623
491 1010 1623
150 1151 1372
83 982 1049
188 493 782
493 585 782
320 781 901
97 598 1189
272 847 885
159 525 847
78 1047 1277
263 579 1047
311 841 1286
242 1039 1211
396 498 623
231 396 498
216 499 818
216 1108 1180
212 525 742
245 839 887
419 866 867
116 868 943
42 502 638
42 685 1126
291 627 1115
191 504 627
503 504 871
87 615 892
94 505 1169
302 775 1338
236 942 988
140 450 639
279 643 1077
148 508 1056
508 1056 1078
65 508 1078
69 509 599
212 525 526
250 510 1123
369 510 1371
40 511 1055
177 511 1055
454 1075 1381
576 1330 1447
512 1330 1447
1118 1540 1624
513 1540 1624
1118 1455 1540
107 1455 1540
1118 1454 1626
950 1454 1626
1118 1625 1626
415 1625 1626
402 514 1011
402 514 1582
117 514 1582
242 841 900
12 683 841
206 516 923
308 759 1284
185 416 518
185 517 518
99 517 518
224 481 813
143 519 531
143 795 969
61 472 924
61 520 924
243 501 937
243 521 937
314 571 904
162 585 1160
207 647 932
207 523 754
180 524 1488
524 1488 1627
984 1488 1627
984 1627 1629
524 1627 1629
984 1628 1629
102 1628 1629
272 847 1127
31 525 1127
212 509 526
69 509 526
172 527 831
20 527 831
85 528 1041
528 1041 1042
285 538 1094
175 396 616
326 1043 1256
68 534 800
4 531 662
306 532 934
1158 1630 1632
596 1630 1632
1158 1631 1632
81 1631 1632
13 503 871
13 533 571
383 534 1633
156 534 1633
68 383 534
535 740 1051
28 535 740
220 845 846
853 1512 1633
383 1512 1633
853 1633 1634
156 1633 1634
537 539 1333
538 1093 1095
285 538 1251
15 537 699
144 537 539
163 821 852
409 852 1173
721 815 1228
174 541 815
329 1635 1636
905 1635 1636
329 1635 1637
704 1635 1637
211 905 1635
211 704 1635
1025 1475 1638
575 1475 1638
141 1025 1475
265 1001 1026
178 545 1604
545 1329 1604
46 544 1329
545 1617 1639
513 1617 1639
168 545 1617
178 545 1639
178 1639 1640
513 1639 1640
220 634 1212
212 634 1212
147 547 1057
263 579 794
147 406 869
147 548 869
88 1017 1036
294 549 816
321 789 855
261 550 840
199 590 799
77 552 936
315 626 936
492 763 1068
553 763 1068
238 895 1268
150 554 895
288 573 1016
289 1015 1096
291 556 1066
556 1017 1066
557 1110 1350
180 648 1252
336 558 1263
440 1264 1446
161 1264 1446
471 1642 1643
130 1642 1643
471 1641 1642
864 1641 1642
130 559 1642
559 864 1642
619 1234 1645
1234 1644 1645
92 1644 1645
92 1644 1646
1234 1644 1646
92 1496 1646
560 1496 1646
94 1169 1338
235 561 1169
564 976 977
73 562 978
563 600 1278
373 600 1278
257 976 977
151 564 976
203 565 1250
385 565 1349
290 1017 1036
301 1036 1148
131 429 567
240 898 899
568 862 1233
54 568 862
264 569 1002
129 955 1003
337 629 958
29 629 958
91 904 1020
313 904 1020
265 572 1024
1026 1133 1255
573 1230 1244
86 827 874
237 574 1135
574 1135 1647
104 1135 1647
575 826 1638
826 1486 1638
1025 1486 1638
575 826 1549
826 1549 1648
307 1549 1648
576 1445 1448
161 1445 1448
576 1445 1649
1114 1445 1649
1114 1649 1650
576 1649 1650
226 1114 1650
365 1249 1373
202 1099 1249
233 375 578
233 578 1071
250 843 1332
251 872 1332
44 551 700
160 551 580
137 581 861
357 906 1236
66 426 811
407 582 1269
452 583 967
474 583 967
213 724 1363
183 584 613
331 1091 1291
162 585 1089
180 586 888
18 586 888
1139 1527 1651
587 1527 1651
1139 1527 1612
48 1527 1612
1139 1651 1653
587 1651 1653
1139 1652 1653
214 1652 1653
602 1058 1136
74 891 1035
237 463 962
237 589 962
590 799 1092
15 590 1092
419 866 938
8 866 938
544 875 1315
592 875 1315
66 593 786
66 488 786
234 448 594
247 594 893
169 464 595
46 464 595
596 1654 1655
1159 1654 1655
596 1630 1654
1158 1630 1654
1159 1655 1657
596 1655 1657
1159 1656 1657
177 1656 1657
200 1658 1659
635 1658 1659
200 1574 1658
597 1574 1658
635 1623 1660
491 1623 1660
635 1659 1660
200 1659 1660
97 598 1221
239 598 1221
156 1634 1661
853 1634 1661
156 1438 1661
536 1438 1661
69 536 599
296 1103 1104
208 600 1103
342 1302 1303
96 719 1301
170 588 1136
170 602 1136
432 441 1337
171 603 1282
61 604 1048
392 605 1048
605 1081 1083
61 605 1083
171 392 606
74 392 606
362 1312 1366
93 613 1368
607 1091 1291
53 608 1090
591 1193 1248
138 1193 1248
258 386 972
258 610 972
342 728 1303
169 611 1302
172 612 1662
172 1662 1663
423 1662 1663
423 1412 1518
834 1412 1518
423 1518 1662
612 1518 1662
362 1367 1368
183 654 1367
614 942 988
50 614 988
149 433 615
87 657 822
175 616 1197
285 616 1197
160 552 617
231 552 617
153 618 1156
219 618 1156
334 623 1288
832 1289 1434
92 1289 1434
238 620 1161
71 620 1161
340 692 1299
94 505 1298
63 622 704
63 1330 1381
334 1117 1207
175 623 1288
439 970 1059
4 624 968
625 703 1129
43 625 1129
232 825 1087
77 626 1087
191 627 701
289 658 1041
289 1041 1042
29 629 912
29 570 958
278 1618 1664
1067 1618 1664
278 1664 1665
1023 1664 1665
1023 1485 1666
630 1485 1666
1023 1485 1667
176 1485 1667
380 631 1668
631 1484 1668
176 1484 1668
47 380 631
154 632 1283
268 903 1021
355 1326 1327
105 1317 1328
83 634 999
220 634 999
635 1457 1658
597 1457 1658
635 1457 1669
1199 1457 1669
1199 1410 1669
635 1410 1669
1199 1410 1670
108 1410 1670
388 636 933
325 586 1110
122 510 1032
122 637 1032
208 638 713
502 638 713
140 506 639
236 506 639
640 1671 1672
405 1671 1672
640 1463 1672
213 1463 1672
640 1671 1673
405 1671 1673
640 1583 1673
117 1583 1673
52 468 913
52 641 913
157 642 914
445 642 953
507 1039 1046
72 1039 1046
1226 1401 1674
644 1401 1674
1226 1401 1675
305 1401 1675
1226 1674 1677
644 1674 1677
1226 1676 1677
27 1676 1677
1164 1557 1679
645 1557 1679
1164 1678 1679
412 1678 1679
645 1599 1679
412 1599 1679
645 1492 1599
181 1492 1599
338 647 1375
26 787 1257
438 647 932
438 647 1409
102 647 1409
648 1252 1253
62 648 1253
431 649 1117
219 798 1281
303 650 955
346 650 955
275 578 651
38 578 651
113 716 1132
345 734 738
747 1462 1681
205 1462 1681
747 1462 1680
748 1462 1680
524 1682 1683
318 1682 1683
524 888 1682
362 1312 1367
5 674 1312
343 598 1189
183 584 1188
312 470 656
134 470 656
292 433 822
292 657 822
85 658 1041
295 766 809
167 837 1365
96 372 755
127 697 1383
363 708 1376
344 661 1267
60 676 1378
519 531 662
142 519 662
446 663 890
146 446 663
435 664 706
56 435 664
369 510 1361
45 665 1360
165 666 1241
667 1242 1245
364 951 1241
164 667 1245
127 660 1380
127 668 1380
359 669 717
196 1357 1374
670 812 1195
184 670 1195
60 661 1379
60 671 1379
349 672 1293
158 673 1247
346 673 1247
346 673 824
674 1312 1366
189 674 1366
361 654 675
5 654 675
344 1308 1378
186 676 1308
54 401 677
111 678 1182
111 851 1182
7 1305 1364
341 659 1305
195 372 755
332 1222 1261
106 680 1262
327 506 1223
152 441 1143
312 470 1185
14 682 1184
311 683 1205
197 683 1205
300 801 1098
684 801 1098
296 842 1126
173 721 842
166 686 1014
166 566 1014
288 1015 1096
165 951 1241
273 1031 1215
193 713 1031
192 439 975
192 689 975
256 994 995
194 690 994
251 1120 1206
691 1120 1206
340 928 1298
6 692 1299
577 693 1060
44 693 1060
365 695 1384
125 694 1373
2 694 1384
2 695 1384
195 372 696
55 717 1382
378 1311 1383
59 1070 1311
400 1005 1324
400 714 1324
537 699 1333
198 699 1333
551 580 700
199 580 700
627 701 1065
57 701 1065
845 846 1515
846 1515 1684
17 1515 1684
221 1544 1685
765 1544 1685
221 764 1544
297 721 815
298 703 1019
622 704 776
211 704 776
324 385 785
785 1232 1350
184 664 706
353 812 1195
218 463 707
71 589 962
340 708 1377
182 708 1377
75 709 844
215 709 844
126 414 710
215 710 1052
711 1144 1167
316 709 1167
285 712 1140
39 712 1140
273 477 1031
477 713 1031
9 714 1261
714 1222 1261
206 715 923
30 715 923
113 738 925
384 716 1132
372 717 1382
201 372 717
201 718 1344
718 850 1344
342 728 1301
719 728 1301
341 659 720
167 659 720
297 721 1018
721 842 1018
209 417 722
137 417 722
356 978 1318
209 723 1319
213 724 1146
328 724 1146
405 1686 1687
1107 1686 1687
405 947 1686
725 1672 1688
405 1672 1688
725 1505 1672
213 1505 1672
253 1535 1689
726 1535 1689
253 1536 1689
631 1536 1689
47 726 1689
47 631 1689
676 1308 1378
97 494 1309
280 718 728
201 718 728
123 419 867
248 729 918
32 730 1304
467 730 1009
233 731 1331
138 731 1331
276 907 952
276 732 1179
267 733 980
139 447 761
37 734 1079
248 734 1079
322 735 884
157 642 953
93 724 736
328 724 736
737 1138 1465
107 1138 1465
323 737 1138
310 486 925
310 738 925
522 739 1080
223 739 1080
458 522 1080
28 458 740
132 741 1181
254 741 1181
546 742 1225
212 546 742
743 1240 1691
1240 1690 1691
278 1690 1691
19 743 1240
261 550 1125
272 550 744
246 484 745
75 484 745
320 746 781
145 746 781
205 1681 1692
747 1681 1692
205 1692 1693
410 1692 1693
110 1692 1694
747 1692 1694
110 1692 1695
410 1692 1695
748 1680 1696
747 1680 1696
277 748 1696
277 748 1469
748 1458 1469
859 1458 1469
33 424 749
226 424 749
249 1504 1530
753 1504 1530
249 751 1530
210 750 1532
750 751 1532
82 495 751
249 495 751
753 1531 1698
210 1531 1698
753 1697 1698
973 1697 1698
1174 1699 1700
973 1699 1700
367 1174 1700
1174 1701 1703
752 1701 1703
1174 1702 1703
210 1702 1703
1174 1698 1699
973 1698 1699
1174 1698 1702
210 1698 1702
67 487 754
260 487 754
195 679 755
341 679 755
203 420 769
241 870 1006
65 410 757
410 757 1693
205 757 1693
148 508 759
65 508 758
508 758 759
206 758 759
70 760 948
243 760 948
139 733 761
267 733 761
282 762 1162
128 762 1162
255 492 763
70 838 910
84 764 1119
499 818 1119
765 1685 1705
221 1685 1705
765 1704 1705
1044 1704 1705
1044 1453 1704
765 1453 1704
1044 1453 1706
17 1453 1706
269 827 828
295 766 767
269 829 1231
269 767 768
30 768 1271
222 768 966
241 870 1354
98 769 1707
98 1707 1708
756 1707 1708
279 1056 1078
204 1077 1229
204 770 1272
204 771 1272
204 771 1204
204 772 1204
338 1560 1709
773 1560 1709
338 647 1709
102 1709 1710
773 1709 1710
102 647 1709
377 774 1274
116 774 882
182 621 776
94 621 775
621 775 776
211 775 776
222 777 1231
777 829 1231
128 406 778
128 424 778
309 651 779
38 651 779
306 1159 1654
306 1158 1654
19 780 1170
97 494 1221
145 494 781
314 782 1160
188 533 1030
973 1576 1697
753 1576 1697
973 1576 1711
41 1576 1711
343 584 1190
368 707 1258
644 1259 1677
27 1259 1677
217 705 1232
217 785 1232
254 786 946
254 886 946
26 646 787
338 646 787
167 788 1270
330 875 1297
261 789 1125
119 789 1125
129 790 1029
303 790 955
339 1712 1713
791 1712 1713
339 648 1712
62 791 1712
62 648 1712
114 380 792
114 903 1054
114 380 793
380 793 1668
176 793 1668
251 548 794
147 548 794
266 437 969
437 795 969
408 1101 1714
408 1592 1714
737 1592 1714
323 1101 1714
323 737 1714
153 479 1156
78 479 797
649 798 1276
24 649 798
456 580 799
286 456 799
68 530 800
326 530 800
51 478 819
51 801 819
227 802 1285
25 802 1285
233 375 803
135 375 803
352 521 804
352 838 839
595 805 1716
805 1715 1716
425 1715 1716
805 1715 1717
425 1715 1717
805 1615 1717
120 1615 1717
917 1609 1718
806 1609 1718
587 917 1718
214 1718 1719
806 1718 1719
214 1653 1718
587 1653 1718
370 807 963
370 959 1521
370 807 1521
217 452 808
217 386 808
295 658 809
85 658 809
810 1523 1720
465 1523 1720
810 1523 1607
227 1523 1607
810 1616 1720
465 1616 1720
810 1616 1721
120 1616 1721
811 1269 1722
582 1269 1722
811 1589 1722
582 1589 1722
811 1589 1606
227 1589 1606
518 813 1012
224 813 1012
224 812 1012
99 518 813
224 481 814
67 481 814
297 703 815
174 703 815
293 455 912
293 816 817
88 556 817
292 556 817
337 958 1037
216 570 958
517 819 930
478 517 819
383 820 1723
383 1513 1723
702 1513 1723
221 820 1723
221 1723 1724
702 1723 1724
301 566 852
301 821 852
87 615 822
433 615 822
369 823 1371
153 823 1371
49 689 1254
49 824 1254
202 446 825
232 446 825
1166 1428 1547
1027 1428 1547
1166 1547 1725
826 1547 1725
1166 1648 1725
826 1648 1725
1166 1648 1726
307 1648 1726
295 767 828
269 767 828
86 555 828
295 555 828
270 930 1154
270 827 1154
243 501 830
116 501 830
429 567 831
20 897 1322
334 1207 1289
225 431 1207
118 430 833
430 833 1727
225 833 1727
834 1727 1728
430 1727 1728
834 1413 1727
225 1413 1727
834 1613 1728
430 1613 1728
834 1519 1613
48 1519 1613
132 488 848
132 835 848
77 552 836
374 836 1187
330 788 837
167 788 837
255 500 910
245 500 910
103 839 887
103 854 1105
245 500 840
31 500 840
12 515 841
515 841 900
173 685 842
685 842 1126
78 479 843
250 479 843
126 710 1045
215 710 844
229 846 1038
220 846 1038
702 1705 1724
221 1705 1724
702 1705 1729
1044 1705 1729
702 1525 1730
229 1525 1730
702 1729 1730
1044 1729 1730
159 495 885
159 847 885
277 835 848
949 1696 1731
747 1696 1731
277 949 1696
849 1111 1343
1362 1570 1732
490 1570 1732
1362 1570 1733
133 1570 1733
242 443 1039
359 443 850
111 677 851
401 677 851
540 566 1173
566 852 1173
536 1661 1734
853 1661 1734
536 599 1734
229 1524 1734
853 1524 1734
229 599 1734
371 804 854
103 804 854
103 855 887
261 855 887
248 734 856
248 652 856
130 472 857
228 520 924
228 520 858
520 858 1082
325 586 859
18 586 859
860 1347 1348
112 860 1348
262 462 861
137 462 861
262 401 862
54 401 862
863 1735 1736
574 1735 1736
863 1432 1736
283 1432 1736
863 1647 1735
574 1647 1735
863 1647 1737
104 1647 1737
306 1159 1738
306 780 1738
471 1641 1739
864 1641 1739
471 1739 1740
780 1739 1740
292 817 1109
292 865 1109
230 501 866
8 521 937
729 867 918
230 729 867
116 501 868
230 501 868
483 869 1070
406 869 1070
203 769 1354
203 870 1354
13 571 871
313 571 871
637 1032 1316
250 872 1316
155 461 873
252 873 1290
270 801 874
300 801 874
112 453 1297
112 875 1297
17 876 1514
876 1175 1514
237 876 1175
268 877 903
114 877 903
391 878 926
391 878 1353
466 879 1074
235 466 879
56 435 880
235 435 880
34 554 881
244 554 881
377 881 882
244 881 882
293 883 1300
89 883 1300
884 920 1201
322 884 1201
82 885 989
272 885 989
254 741 1314
254 886 1314
245 840 887
261 840 887
653 1417 1682
318 1417 1682
653 1682 1741
888 1682 1741
18 888 1741
18 1553 1741
653 1553 1741
385 785 889
217 785 889
369 1359 1360
232 890 1359
373 600 891
208 600 891
87 504 892
313 504 892
234 612 893
48 612 893
131 429 894
234 894 1085
238 620 895
620 895 1151
170 604 896
246 604 896
240 567 1322
240 897 1322
240 898 1243
413 1064 1243
240 567 899
131 567 899
443 900 1357
242 443 900
239 901 1265
239 598 1220
37 734 902
345 734 902
395 792 1054
114 792 1054
314 522 904
91 522 904
98 1498 1742
905 1498 1742
98 1708 1742
756 1708 1742
329 1636 1742
905 1636 1742
329 1742 1743
756 1742 1743
581 1219 1236
357 1219 1236
22 558 1263
276 908 1179
276 907 908
22 908 1263
909 1717 1744
425 1717 1744
909 1559 1717
120 1559 1717
909 1605 1744
425 1605 1744
909 1600 1605
178 1600 1605
70 763 910
255 763 910
148 759 911
308 759 911
865 912 1109
29 865 912
294 469 913
468 469 913
89 470 914
293 455 1300
241 558 915
558 915 1745
915 1421 1745
161 1421 1745
69 526 916
402 916 997
428 907 1088
247 428 917
652 918 1053
248 652 918
100 594 919
247 594 919
84 920 1746
84 764 1746
764 1431 1546
283 1431 1546
764 1431 1746
920 1431 1746
445 1102 1122
303 1102 1122
391 1352 1353
391 922 1352
30 923 1271
768 966 1271
228 857 924
472 857 924
113 716 925
486 716 925
238 926 1268
34 926 1268
644 927 1259
124 878 1260
340 692 928
187 692 928
310 486 929
21 486 929
829 930 1154
99 829 930
231 396 931
76 396 931
207 754 932
260 754 932
258 705 933
95 705 933
306 780 1170
306 934 1170
26 935 1257
302 935 1257
315 551 1287
315 936 1287
8 866 937
501 866 937
252 938 1290
419 938 1290
398 939 1307
350 939 1307
33 547 979
33 370 979
365 695 941
146 695 941
142 519 942
236 519 942
444 943 1340
444 774 943
136 565 944
136 476 944
333 945 1356
21 945 1356
593 1209 1336
179 1209 1336
405 947 1673
117 947 1673
249 1107 1686
249 947 1686
352 521 948
243 521 948
949 1694 1731
747 1694 1731
949 1597 1694
110 1597 1694
407 949 1588
949 1588 1595
1323 1588 1595
950 1466 1747
379 1466 1747
950 1456 1466
107 1456 1466
950 1388 1747
379 1388 1747
267 950 1388
165 687 951
288 687 951
276 732 952
732 952 1086
157 735 953
322 735 953
226 424 954
128 424 954
346 824 1003
346 955 1003
90 1040 1141
260 932 957
260 956 957
90 957 1040
216 818 1037
216 958 1037
351 1507 1748
959 1507 1748
351 1748 1749
806 1748 1749
214 1522 1748
959 1522 1748
214 1719 1748
806 1719 1748
35 610 960
258 610 960
523 961 1335
121 879 1074
71 707 962
463 707 962
118 963 1239
496 963 1239
964 1683 1750
524 1683 1750
964 1683 1751
318 1683 1751
964 1629 1750
524 1629 1750
964 1408 1629
102 1408 1629
90 957 1752
957 1191 1752
90 965 1752
965 1394 1752
1191 1394 1752
287 487 966
222 487 966
64 452 967
64 474 967
266 531 968
4 531 968
143 531 969
266 531 969
266 968 1059
79 439 970
485 639 971
40 485 971
155 610 972
386 1128 1237
41 1711 1753
973 1711 1753
41 783 1753
367 1700 1753
973 1700 1753
367 783 1753
353 812 974
224 812 974
264 824 1254
264 439 975
562 976 978
151 562 976
257 977 1327
977 1326 1327
356 633 978
73 978 1318
370 940 979
263 940 979
415 980 1754
415 1626 1754
950 1626 1754
267 980 1754
267 950 1754
532 981 1755
81 981 1755
1027 1402 1756
389 1402 1756
1027 1402 1548
305 1402 1548
83 546 982
255 546 982
210 983 1757
210 1703 1757
752 1703 1757
366 983 1757
366 1757 1758
752 1757 1758
339 1450 1759
984 1450 1759
339 1562 1759
773 1562 1759
102 1628 1759
984 1628 1759
102 1710 1759
773 1710 1759
985 1407 1643
471 1407 1643
130 985 1643
278 1405 1690
1240 1405 1690
278 1405 1619
985 1405 1619
284 920 1201
284 986 1201
987 1424 1760
863 1424 1760
284 987 1424
104 1472 1760
987 1472 1760
104 1737 1760
863 1737 1760
236 506 988
506 988 1223
413 744 989
272 744 989
310 733 990
139 733 990
298 991 992
298 991 1019
994 1005 1324
256 994 1005
299 562 993
73 562 993
256 993 1005
194 994 1324
298 992 995
256 992 995
25 772 996
280 772 996
69 536 997
536 997 1517
259 997 1517
402 998 1761
402 997 1761
259 1761 1762
998 1761 1762
259 997 1761
347 845 999
220 845 999
381 743 1000
19 743 1000
265 543 1001
141 543 1001
79 439 1002
264 439 1002
129 569 1003
264 569 1003
274 564 1004
151 564 1004
73 723 1005
400 723 1005
22 476 1006
22 558 1006
246 472 1007
130 472 1007
119 898 1008
309 898 1008
323 796 1345
323 1009 1345
108 901 1010
320 901 1010
916 1011 1346
402 916 1011
11 416 1012
416 518 1012
291 627 1065
290 1017 1066
686 1013 1014
290 1013 1014
288 687 1015
58 687 1015
289 555 1096
86 555 1016
290 1014 1148
290 1036 1148
80 1019 1104
297 703 1019
297 1018 1019
1018 1019 1104
442 892 1020
313 892 1020
268 632 1021
154 632 1021
632 1022 1358
268 632 1022
278 1665 1763
1023 1665 1763
278 1691 1763
743 1691 1763
1023 1543 1763
743 1543 1763
1023 1543 1667
176 1543 1667
1226 1764 1765
543 1764 1765
1226 1675 1765
305 1675 1765
265 1024 1766
265 543 1766
141 543 1025
543 1025 1765
305 1025 1765
304 1133 1255
265 1026 1255
389 1756 1767
1027 1756 1767
389 981 1767
81 1430 1767
1027 1430 1767
81 981 1767
158 672 1028
349 672 1028
418 790 1029
304 1029 1134
188 782 1030
314 782 1030
193 688 1031
688 1031 1215
250 1032 1316
250 510 1032
375 732 1086
275 375 1033
131 448 1034
275 448 1034
74 588 1035
274 588 1035
88 549 1036
301 549 1036
735 884 1037
337 735 1037
509 599 1038
220 509 1038
443 850 1039
72 850 1039
956 957 1040
287 956 1040
197 628 1042
197 528 1042
58 628 1320
628 1042 1320
326 530 1043
149 530 1043
229 846 1730
846 1044 1730
846 1044 1684
1044 1684 1706
17 1684 1706
710 1045 1768
710 844 1768
253 1534 1768
1045 1534 1768
253 844 1768
279 643 1046
148 507 1056
263 496 1047
496 1047 1277
170 604 1048
170 392 1048
347 999 1050
83 999 1050
319 589 1050
347 589 1050
535 1051 1769
156 1051 1769
156 534 1051
414 710 1052
414 1052 1328
123 399 1053
354 399 1053
395 902 1213
395 1054 1213
307 1055 1770
307 1770 1771
596 1770 1771
177 1055 1770
177 1657 1770
596 1657 1770
507 1046 1056
279 1046 1056
547 979 1057
263 979 1057
23 564 1058
274 564 1058
192 624 1059
192 439 1059
315 551 1060
44 551 1060
336 1061 1088
101 1061 1088
20 897 1062
271 897 1062
82 750 1063
271 750 1063
271 897 1064
240 897 1064
290 1013 1066
57 1013 1065
1013 1065 1066
291 1065 1066
1023 1666 1772
630 1666 1772
1023 1664 1772
1067 1664 1772
75 1067 1772
75 630 1772
150 553 1068
492 1049 1372
67 481 1069
222 481 1069
378 1070 1311
378 406 1070
397 731 1071
397 1071 1157
85 528 1072
311 528 1072
312 682 1073
190 682 1073
121 961 1074
393 961 1074
282 622 1075
63 622 1075
182 622 1076
282 622 1076
204 770 1077
279 1077 1078
770 1077 1078
65 770 1078
376 729 1079
248 729 1079
458 740 1080
223 740 1080
441 1282 1337
281 441 1081
327 1106 1143
140 1082 1224
281 520 1083
61 520 1083
74 477 1084
273 477 1084
429 894 1085
172 429 1085
375 1033 1086
100 1033 1086
232 480 1087
77 480 1087
428 917 1088
101 917 1088
331 387 1089
162 387 1089
331 585 1090
53 585 1090
93 736 1091
331 736 1091
286 537 1092
15 537 1092
144 537 1093
286 537 1093
285 712 1094
144 712 1094
286 456 1095
76 456 1095
555 1016 1096
288 1016 1096
345 990 1097
139 990 1097
300 1098 1244
300 1230 1244
315 1060 1099
577 1060 1099
205 757 1100
653 1554 1773
427 1554 1773
653 1552 1773
1194 1552 1773
126 796 1101
126 408 1101
418 790 1111
303 790 1102
296 638 1103
208 638 1103
600 1103 1104
80 600 1104
103 855 1105
321 855 1105
1082 1106 1224
281 1082 1106
405 1687 1774
1107 1687 1774
405 1688 1774
725 1688 1774
41 1575 1774
1107 1575 1774
41 1587 1774
725 1587 1774
149 530 1108
530 1108 1180
293 912 1109
293 817 1109
325 636 1110
95 636 1110
790 1102 1111
36 1102 1111
535 1112 1769
1112 1437 1769
156 1437 1769
535 1202 1585
535 1112 1585
143 485 1113
236 485 1113
1114 1563 1775
749 1563 1775
1114 1444 1563
440 1444 1563
226 1114 1775
226 749 1775
504 627 1115
87 504 1115
1116 1435 1776
423 1435 1776
1116 1435 1495
92 1435 1495
1116 1663 1776
423 1663 1776
172 1116 1663
334 623 1117
24 623 1117
1118 1621 1625
415 1621 1625
1118 1621 1777
178 1621 1777
513 1640 1777
178 1640 1777
513 1624 1777
1118 1624 1777
221 499 1119
221 764 1119
548 869 1355
251 548 1120
237 463 1135
218 463 1121
134 642 1122
445 642 1122
250 479 1123
153 479 1123
228 450 1124
450 511 1124
550 744 1125
119 744 1125
42 638 1126
296 638 1126
272 550 1127
31 550 1127
386 972 1128
155 972 1128
298 995 1129
43 995 1129
151 562 1130
299 562 1130
354 1131 1321
35 1131 1321
113 652 1132
354 652 1132
569 1002 1133
304 569 1133
418 1029 1134
418 1134 1573
133 1134 1573
463 1121 1135
104 1121 1135
274 1058 1136
274 588 1136
28 387 1137
328 387 1137
467 1009 1138
323 1009 1138
430 1611 1778
1139 1611 1778
430 807 1778
214 1652 1778
1139 1652 1778
214 807 1778
175 529 1197
529 1140 1235
317 1141 1779
317 427 1779
90 1141 1779
90 1551 1779
427 1551 1779
1142 1743 1780
756 1743 1780
1142 1399 1743
329 1399 1743
1142 1780 1781
756 1780 1781
241 1142 1781
152 681 1143
327 681 1143
23 602 1144
316 602 1144
382 1021 1145
154 1021 1145
403 1137 1478
1137 1146 1478
328 1137 1146
46 788 1147
330 788 1147
301 566 1148
566 1014 1148
39 491 1149
320 491 1149
574 1150 1736
1150 1736 1782
283 1736 1782
1150 1451 1545
765 1451 1545
1150 1545 1782
283 1545 1782
319 1049 1372
319 1151 1372
1152 1153 1579
1153 1578 1579
379 1578 1579
47 1152 1153
408 1591 1783
1153 1591 1783
408 1569 1783
726 1569 1783
47 1153 1783
47 726 1783
269 827 1154
269 829 1154
200 1556 1784
1155 1556 1784
200 1660 1784
491 1660 1784
335 1155 1784
335 491 1784
479 797 1156
219 797 1156
321 779 1157
38 779 1157
532 1158 1755
1158 1631 1755
81 1631 1755
306 532 1158
780 1738 1785
1159 1738 1785
780 1739 1785
864 1739 1785
177 1656 1785
1159 1656 1785
177 1467 1785
864 1467 1785
162 522 1160
314 522 1160
449 707 1161
71 707 1161
454 954 1162
128 954 1162
333 1163 1356
120 1208 1608
120 1608 1721
810 1608 1721
1164 1499 1786
542 1499 1786
1164 1499 1558
98 1499 1558
1164 1786 1787
542 1786 1787
1164 1678 1787
412 1678 1787
307 1055 1165
40 1055 1165
1166 1632 1788
596 1632 1788
1166 1429 1632
81 1429 1632
1166 1771 1788
596 1771 1788
1166 1726 1771
307 1726 1771
215 709 1167
215 711 1167
308 809 1168
85 809 1168
505 880 1169
235 880 1169
421 1000 1170
19 1000 1170
363 1076 1171
282 1076 1171
332 722 1172
137 722 1172
1 409 1173
1 540 1173
108 901 1265
752 1789 1790
108 1789 1790
752 1701 1789
1174 1701 1789
347 589 1175
237 589 1175
206 758 1177
65 758 1176
758 1176 1177
317 1176 1177
36 445 1178
322 445 1178
135 475 1179
135 732 1179
68 499 1180
216 499 1180
488 786 1181
254 786 1181
453 837 1182
360 837 1182
421 1022 1183
268 1022 1183
312 656 1184
14 1184 1293
469 1073 1185
89 469 1185
348 649 1186
118 1186 1239
77 836 1187
77 480 1187
183 655 1188
343 1188 1189
655 1188 1189
97 655 1189
343 783 1190
41 783 1190
318 1395 1791
1191 1395 1791
318 1751 1791
964 1751 1791
438 1191 1791
438 964 1791
390 532 1192
115 922 1352
138 609 1248
371 591 1193
427 1773 1792
1194 1773 1792
427 1100 1792
205 1461 1792
1194 1461 1792
205 1100 1792
353 706 1195
184 706 1195
436 974 1196
121 436 1196
529 1140 1197
285 1140 1197
132 835 1198
132 636 1198
1199 1758 1793
752 1758 1793
366 1199 1758
1199 1790 1793
752 1790 1793
1199 1670 1790
108 1670 1790
144 712 1200
398 712 1200
986 1178 1201
322 1178 1201
403 1584 1794
1202 1584 1794
403 1538 1794
998 1538 1794
259 1586 1794
1202 1586 1794
259 1762 1794
998 1762 1794
521 804 1203
371 804 1203
411 1285 1590
227 1285 1590
771 1204 1795
411 1204 1795
311 528 1205
197 528 1205
16 872 1206
16 691 1206
832 1207 1520
225 1207 1520
832 1207 1289
120 1163 1208
333 1163 1208
179 946 1336
333 593 1209
309 651 1210
309 899 1210
148 497 1211
242 1211 1286
220 509 1212
212 509 1212
382 1213 1339
37 1213 1339
805 1214 1614
465 1214 1614
169 465 1214
10 603 1215
273 603 1215
105 1218 1317
105 1216 1218
355 633 1328
355 1052 1328
137 581 1219
137 417 1219
417 1218 1219
357 1218 1219
239 1220 1265
367 1220 1265
494 781 1221
239 781 1221
209 722 1222
332 722 1222
327 681 1223
50 681 1223
327 506 1224
140 506 1224
255 500 1225
255 546 1225
543 1764 1796
1226 1764 1796
543 1766 1796
1024 1766 1796
27 1676 1796
1226 1676 1796
27 1392 1796
1024 1392 1796
71 589 1227
319 589 1227
0 541 1228
0 457 1228
280 643 1229
280 772 1229
573 1016 1230
86 1016 1230
269 768 1231
222 768 1231
95 1110 1350
95 705 1232
106 568 1233
462 1172 1262
1155 1555 1646
560 1555 1646
1155 1646 1797
1234 1646 1797
335 1234 1797
335 1155 1797
335 491 1235
39 491 1235
32 906 1236
394 581 1304
64 808 1237
386 808 1237
63 704 1238
704 1238 1637
1238 1398 1637
329 1398 1637
348 1186 1239
496 1239 1277
471 1406 1798
1240 1406 1798
471 1740 1798
780 1740 1798
19 1240 1798
19 780 1798
364 1241 1242
666 1241 1242
3 667 1242
3 666 1242
119 744 1243
413 744 1243
364 1244 1245
364 1242 1245
1098 1244 1245
164 1098 1245
1246 1473 1799
490 1473 1799
1246 1471 1473
104 1471 1473
1246 1732 1799
490 1732 1799
1246 1622 1732
1362 1622 1732
650 1028 1247
346 650 1247
252 609 1248
252 591 1248
365 941 1249
202 941 1249
420 1250 1800
420 1602 1800
791 1602 1800
62 1250 1800
62 791 1800
538 1095 1251
76 1095 1251
180 557 1252
324 785 1350
324 1253 1349
62 1253 1349
264 975 1254
689 975 1254
572 1134 1255
265 572 1255
91 739 1256
326 739 1256
412 1257 1801
412 1787 1801
542 1787 1801
302 1257 1801
302 542 1801
368 784 1258
784 1258 1510
218 1258 1510
784 1259 1539
27 1259 1539
368 784 1259
124 927 1260
368 927 1260
680 1261 1262
9 680 1261
462 1233 1262
106 1233 1262
907 908 1263
336 907 1263
558 1264 1745
161 1264 1745
336 558 1264
1174 1265 1789
108 1265 1789
367 1174 1265
64 404 1266
64 434 1266
145 494 1267
494 1267 1309
554 895 1268
34 554 1268
66 488 1269
407 488 1269
464 788 1270
464 601 1270
516 923 1271
287 516 1271
410 1593 1695
110 1593 1695
410 1272 1593
410 770 1272
34 881 1273
377 881 1273
154 1274 1283
377 1274 1283
404 474 1275
233 1275 1331
219 797 1276
348 797 1276
348 797 1277
78 797 1277
151 1004 1278
151 563 1278
391 926 1279
34 926 1279
231 836 1280
374 836 1280
374 618 1281
219 618 1281
441 1081 1282
171 1081 1282
1273 1279 1283
377 1273 1283
206 715 1284
308 715 1284
411 1204 1285
25 1204 1285
497 1072 1286
311 1072 1286
160 936 1287
160 551 1287
619 1289 1645
92 1289 1645
175 619 1288
619 1288 1289
334 1288 1289
461 873 1290
419 461 1290
189 608 1291
189 607 1291
134 921 1292
349 921 1292
656 1184 1293
349 656 1293
787 1294 1598
1294 1490 1598
181 1490 1598
338 787 1294
1295 1713 1802
791 1713 1802
1295 1561 1713
339 1561 1713
1295 1603 1802
791 1603 1802
1295 1489 1603
181 1489 1603
337 735 1296
157 735 1296
330 837 1297
453 837 1297
94 621 1298
340 621 1298
340 708 1299
708 1299 1376
455 914 1300
89 914 1300
96 601 1301
342 1301 1302
601 1301 1302
169 601 1302
611 1302 1303
25 611 1303
581 1236 1304
32 1236 1304
341 679 1305
7 679 1305
671 1306 1379
198 671 1306
661 1267 1307
350 661 1307
344 727 1308
727 1308 1369
97 727 1309
344 727 1309
378 762 1310
128 762 1310
59 697 1311
697 1311 1383
5 654 1312
654 1312 1367
341 720 1313
96 720 1313
388 960 1314
388 741 1314
168 592 1315
168 544 1315
16 637 1316
16 872 1316
417 1218 1317
356 417 1317
723 1318 1319
73 723 1318
356 417 1319
209 417 1319
289 1015 1320
58 1015 1320
399 610 1321
35 610 1321
20 831 1322
567 831 1322
110 1596 1803
1323 1596 1803
110 1594 1803
771 1594 1803
411 1501 1803
1323 1501 1803
411 1795 1803
771 1795 1803
698 714 1324
194 698 1324
400 723 1325
209 723 1325
23 711 1326
355 711 1326
355 633 1327
257 633 1327
414 1217 1328
105 1217 1328
425 1329 1804
425 1716 1804
595 1716 1804
46 1329 1804
46 595 1804
63 1330 1805
63 1238 1805
512 1330 1805
512 1528 1805
1238 1528 1805
404 609 1331
138 609 1331
251 579 1332
579 843 1332
539 1306 1333
198 1306 1333
393 646 1334
26 646 1334
338 646 1375
393 646 1335
786 946 1336
593 786 1336
10 603 1337
10 432 1337
561 1169 1338
302 561 1338
444 1339 1340
37 1339 1340
376 1079 1340
37 1079 1340
33 749 1341
749 1341 1564
351 1341 1564
1342 1610 1806
806 1610 1806
101 1342 1610
1342 1749 1806
806 1749 1806
1342 1567 1749
351 1567 1749
36 986 1343
358 986 1343
359 717 1344
201 717 1344
32 906 1345
796 906 1345
159 525 1346
525 526 1346
581 861 1347
394 581 1347
394 592 1348
112 592 1348
565 1250 1349
62 1250 1349
324 1252 1350
557 1252 1350
389 927 1351
124 927 1351
115 1192 1352
390 1192 1352
390 1351 1353
124 1351 1353
756 1354 1781
241 1354 1781
769 1354 1707
756 1354 1707
548 1120 1355
109 1120 1355
482 1163 1356
21 482 1356
359 443 1374
443 1357 1374
115 922 1358
422 922 1358
369 823 1359
232 823 1359
890 1359 1360
45 890 1360
665 1360 1361
122 665 1361
849 1362 1572
1362 1572 1733
133 1572 1733
358 849 1362
584 613 1363
584 1363 1506
213 1363 1506
7 678 1364
360 678 1364
167 659 1365
360 659 1365
362 607 1366
189 607 1366
183 613 1367
613 1367 1368
93 607 1368
362 607 1368
361 675 1369
186 675 1369
183 655 1370
183 654 1370
510 1123 1371
153 1123 1371
492 1068 1372
150 1068 1372
577 1249 1373
125 577 1373
196 669 1374
359 669 1374
646 1335 1375
207 1335 1375
363 668 1376
6 668 1376
340 621 1377
182 621 1377
60 661 1378
344 661 1378
350 1306 1379
350 661 1379
363 668 1380
363 660 1380
576 1381 1650
226 1381 1650
226 454 1381
55 696 1382
372 696 1382
127 660 1383
378 660 1383
365 1373 1384
694 1373 1384
