ID=9825946
numvertices=73
numsimplices=116
vertices
-1.500000e+00 -1.500000e+00
-7.500000e-01 -1.500000e+00
0.000000e+00 -1.500000e+00
7.500000e-01 -1.500000e+00
1.500000e+00 -1.500000e+00
-1.500000e+00 -7.500000e-01
-7.500000e-01 -7.500000e-01
0.000000e+00 -7.500000e-01
7.500000e-01 -7.500000e-01
1.500000e+00 -7.500000e-01
-1.500000e+00 0.000000e+00
-7.500000e-01 0.000000e+00
0.000000e+00 0.000000e+00
7.500000e-01 0.000000e+00
1.500000e+00 0.000000e+00
-1.500000e+00 7.500000e-01
-7.500000e-01 7.500000e-01
0.000000e+00 7.500000e-01
7.500000e-01 7.500000e-01
1.500000e+00 7.500000e-01
-1.500000e+00 1.500000e+00
-7.500000e-01 1.500000e+00
0.000000e+00 1.500000e+00
7.500000e-01 1.500000e+00
1.500000e+00 1.500000e+00
-7.500000e-01 -1.125000e+00
-1.125000e+00 -1.125000e+00
-1.125000e+00 -1.500000e+00
-1.125000e+00 -7.500000e-01
-1.500000e+00 -1.125000e+00
0.000000e+00 -1.125000e+00
-3.750000e-01 -1.125000e+00
-3.750000e-01 -1.500000e+00
-3.750000e-01 -7.500000e-01
7.500000e-01 -1.125000e+00
3.750000e-01 -1.125000e+00
3.750000e-01 -1.500000e+00
3.750000e-01 -7.500000e-01
1.125000e+00 -1.125000e+00
1.125000e+00 -7.500000e-01
-7.500000e-01 -3.750000e-01
-1.125000e+00 -3.750000e-01
-1.125000e+00 0.000000e+00
-1.500000e+00 -3.750000e-01
-3.750000e-01 -3.750000e-01
7.500000e-01 -3.750000e-01
3.750000e-01 -3.750000e-01
1.500000e+00 -3.750000e-01
1.125000e+00 -3.750000e-01
1.125000e+00 0.000000e+00
-7.500000e-01 3.750000e-01
-1.125000e+00 3.750000e-01
-1.125000e+00 7.500000e-01
-1.500000e+00 3.750000e-01
-3.750000e-01 3.750000e-01
-3.750000e-01 7.500000e-01
7.500000e-01 3.750000e-01
3.750000e-01 3.750000e-01
3.750000e-01 7.500000e-01
1.500000e+00 3.750000e-01
1.125000e+00 3.750000e-01
1.125000e+00 7.500000e-01
-7.500000e-01 1.125000e+00
-1.125000e+00 1.125000e+00
0.000000e+00 1.125000e+00
-3.750000e-01 1.125000e+00
-3.750000e-01 1.500000e+00
7.500000e-01 1.125000e+00
3.750000e-01 1.125000e+00
3.750000e-01 1.500000e+00
1.500000e+00 1.125000e+00
1.125000e+00 1.125000e+00
1.125000e+00 1.500000e+00
simplices
1 26 27
0 26 27
1 25 26
6 25 26
5 26 29
0 26 29
5 26 28
6 26 28
2 31 32
1 31 32
2 30 31
7 30 31
6 25 31
1 25 31
6 31 33
7 31 33
3 35 36
2 35 36
3 34 35
8 34 35
7 30 35
2 30 35
7 35 37
8 35 37
3 4 38
4 9 38
8 34 38
3 34 38
8 38 39
9 38 39
6 28 41
5 28 41
6 40 41
11 40 41
10 41 43
5 41 43
10 41 42
11 41 42
7 33 44
6 33 44
7 12 44
11 40 44
6 40 44
11 12 44
8 37 46
7 37 46
8 45 46
13 45 46
7 12 46
12 13 46
9 39 48
8 39 48
9 47 48
14 47 48
13 45 48
8 45 48
13 48 49
14 48 49
11 42 51
10 42 51
11 50 51
16 50 51
15 51 53
10 51 53
15 51 52
16 51 52
11 12 54
12 17 54
16 50 54
11 50 54
16 54 55
17 54 55
12 13 57
13 56 57
18 56 57
12 17 57
17 57 58
18 57 58
14 49 60
13 49 60
14 59 60
19 59 60
18 56 60
13 56 60
18 60 61
19 60 61
16 52 63
15 52 63
16 62 63
21 62 63
15 20 63
20 21 63
17 55 65
16 55 65
17 64 65
22 64 65
21 62 65
16 62 65
21 65 66
22 65 66
18 58 68
17 58 68
18 67 68
23 67 68
22 64 68
17 64 68
22 68 69
23 68 69
19 61 71
18 61 71
19 70 71
24 70 71
23 67 71
18 67 71
23 71 72
24 71 72
