ID=5441985
numvertices=71
numsimplices=120
vertices
-1.500000e+00 -1.500000e+00
1.500000e+00 -1.500000e+00
1.500000e+00 1.500000e+00
-1.500000e+00 1.500000e+00
0.000000e+00 -1.500000e+00
1.500000e+00 0.000000e+00
0.000000e+00 1.500000e+00
-1.500000e+00 0.000000e+00
0.000000e+00 0.000000e+00
-1.500000e+00 -7.500000e-01
-7.500000e-01 -1.500000e+00
-7.500000e-01 1.500000e+00
-1.500000e+00 7.500000e-01
1.500000e+00 -7.500000e-01
7.500000e-01 -1.500000e+00
1.500000e+00 7.500000e-01
7.500000e-01 1.500000e+00
6.250000e-01 -6.250000e-01
-6.250000e-01 6.250000e-01
-3.750000e-01 -7.500000e-01
7.500000e-01 3.750000e-01
-7.291667e-01 -1.041667e-01
1.099138e-01 7.607759e-01
-9.375000e-01 -9.375000e-01
9.375000e-01 9.375000e-01
-1.064867e+00 3.158144e-01
-3.750000e-01 1.107143e+00
1.580882e-01 -9.522059e-01
1.107143e+00 -3.750000e-01
1.015625e+00 -1.015625e+00
-1.015625e+00 1.015625e+00
1.061384e+00 -6.953125e-01
-5.520833e-01 -4.270833e-01
-3.645833e-01 -5.208333e-02
-1.875000e-01 -3.750000e-01
-8.333333e-01 -5.208333e-01
-1.114583e+00 -4.270833e-01
-6.953125e-01 1.061384e+00
5.868566e-01 -9.839154e-01
-1.875000e-01 -1.125000e+00
-1.084559e-01 -8.511029e-01
5.237069e-01 8.491379e-01
8.437500e-01 6.562500e-01
4.299569e-01 5.678879e-01
1.125000e+00 5.625000e-01
1.125000e+00 1.875000e-01
1.500000e+00 3.750000e-01
8.437500e-01 1.218750e+00
4.299569e-01 1.130388e+00
1.218750e+00 8.437500e-01
9.285714e-01 0.000000e+00
1.303571e+00 -1.875000e-01
5.495690e-02 3.803879e-01
3.750000e-01 1.875000e-01
-2.575431e-01 6.928879e-01
-3.125000e-01 3.125000e-01
-5.000000e-01 8.660714e-01
3.915441e-01 -7.886029e-01
7.904412e-02 -4.761029e-01
3.125000e-01 -3.125000e-01
6.875000e-01 -1.250000e-01
8.660714e-01 -5.000000e-01
-6.770833e-01 2.604167e-01
5.495690e-02 1.130388e+00
3.750000e-01 1.500000e+00
-1.325431e-01 9.339594e-01
1.218750e+00 1.218750e+00
-1.875000e-01 1.303571e+00
-3.750000e-01 1.500000e+00
8.203125e-01 -8.203125e-01
1.500000e+00 -3.750000e-01
simplices
13 29 31
13 28 31
21 32 34
19 32 34
21 33 34
8 33 34
19 23 35
19 32 35
21 32 35
7 21 36
7 9 36
23 35 36
21 35 36
9 23 36
7 21 25
10 19 23
12 25 30
11 30 37
11 26 37
14 29 38
14 27 38
4 10 39
10 19 39
27 39 40
19 39 40
4 27 39
20 41 42
24 41 42
20 41 43
22 41 43
15 45 46
5 45 46
15 44 45
20 44 45
24 41 48
22 41 48
24 47 48
16 47 48
24 42 44
20 42 44
24 44 49
15 44 49
28 45 50
20 45 50
28 45 51
5 45 51
22 43 53
20 43 53
22 52 53
8 52 53
22 54 55
18 54 55
22 52 55
8 52 55
18 30 37
18 37 56
26 37 56
17 58 59
8 58 59
17 57 58
27 57 58
19 34 58
8 34 58
19 40 58
27 40 58
8 53 60
20 53 60
8 59 60
17 59 60
28 50 60
20 50 60
28 60 61
17 60 61
21 55 62
18 55 62
21 33 55
8 33 55
21 25 62
18 25 62
6 48 63
22 48 63
6 48 64
16 48 64
26 54 65
22 54 65
26 54 56
18 54 56
0 9 23
0 10 23
2 15 66
15 49 66
24 49 66
2 16 66
16 47 66
24 47 66
18 25 30
7 12 25
26 63 65
22 63 65
26 63 67
6 63 67
11 26 68
26 67 68
6 67 68
4 14 27
17 38 69
29 38 69
17 38 57
27 38 57
17 31 69
29 31 69
17 31 61
28 31 61
13 28 70
28 51 70
5 51 70
1 14 29
1 13 29
3 11 30
3 12 30
