ID=9894636
numvertices=87
numsimplices=147
vertices
-1.5000000000000000e+00 -1.5000000000000000e+00
1.5000000000000000e+00 -1.5000000000000000e+00
1.5000000000000000e+00 1.5000000000000000e+00
-1.5000000000000000e+00 1.5000000000000000e+00
0.0000000000000000e+00 -1.5000000000000000e+00
1.5000000000000000e+00 0.0000000000000000e+00
0.0000000000000000e+00 1.5000000000000000e+00
-1.5000000000000000e+00 0.0000000000000000e+00
0.0000000000000000e+00 0.0000000000000000e+00
-1.5000000000000000e+00 -7.5000000000000000e-01
-7.5000000000000000e-01 -1.5000000000000000e+00
-7.5000000000000000e-01 1.5000000000000000e+00
-1.5000000000000000e+00 7.5000000000000000e-01
1.5000000000000000e+00 -7.5000000000000000e-01
7.5000000000000000e-01 -1.5000000000000000e+00
1.5000000000000000e+00 7.5000000000000000e-01
7.5000000000000000e-01 1.5000000000000000e+00
6.2500000000000000e-01 -6.2500000000000000e-01
-6.2500000000000000e-01 6.2500000000000000e-01
-3.7500000000000000e-01 -7.5000000000000000e-01
7.5000000000000000e-01 3.7500000000000000e-01
-7.2916666666666663e-01 -1.0416666666666667e-01
1.0991379310344827e-01 7.6077586206896552e-01
-9.3750000000000000e-01 -9.3750000000000000e-01
9.3750000000000000e-01 9.3750000000000000e-01
-1.0648674242424243e+00 3.1581439393939398e-01
-3.7500000000000000e-01 1.1071428571428572e+00
1.5808823529411764e-01 -9.5220588235294112e-01
1.1071428571428572e+00 -3.7500000000000000e-01
1.0156250000000000e+00 -1.0156250000000000e+00
-1.0156250000000000e+00 1.0156250000000000e+00
1.0613839285714286e+00 -6.9531250000000000e-01
-5.5208333333333326e-01 -4.2708333333333331e-01
-1.8750000000000000e-01 -3.7500000000000000e-01
-8.3333333333333326e-01 -5.2083333333333337e-01
-6.5625000000000000e-01 -8.4375000000000000e-01
-1.1145833333333333e+00 -4.2708333333333331e-01
-1.1145833333333333e+00 -5.2083333333333336e-02
-1.5000000000000000e+00 -3.7500000000000000e-01
-1.2187500000000000e+00 -8.4375000000000000e-01
-8.9701704545454541e-01 1.0582386363636365e-01
-1.2824337121212122e+00 1.5790719696969699e-01
-8.4375000000000000e-01 -1.2187500000000000e+00
-5.6250000000000000e-01 -1.1250000000000000e+00
-1.0402462121212122e+00 6.6571969696969702e-01
-6.9531250000000000e-01 1.0613839285714286e+00
5.8685661764705888e-01 -9.8391544117647056e-01
8.8281250000000000e-01 -1.2578125000000000e+00
4.5404411764705882e-01 -1.2261029411764706e+00
-1.8750000000000000e-01 -1.1250000000000000e+00
-3.7500000000000000e-01 -1.5000000000000000e+00
-1.0845588235294118e-01 -8.5110294117647056e-01
7.9044117647058820e-02 -1.2261029411764706e+00
5.2370689655172409e-01 8.4913793103448276e-01
8.4375000000000000e-01 6.5625000000000000e-01
4.2995689655172414e-01 5.6788793103448276e-01
1.1250000000000000e+00 5.6250000000000000e-01
1.1250000000000000e+00 1.8750000000000000e-01
1.5000000000000000e+00 3.7500000000000000e-01
8.4375000000000000e-01 1.2187500000000000e+00
4.2995689655172414e-01 1.1303879310344827e+00
1.2187500000000000e+00 8.4375000000000000e-01
9.2857142857142860e-01 0.0000000000000000e+00
1.3035714285714286e+00 -1.8750000000000000e-01
3.7500000000000000e-01 1.8750000000000000e-01
-2.5754310344827586e-01 6.9288793103448276e-01
-3.1250000000000000e-01 3.1250000000000000e-01
-8.2031250000000000e-01 8.2031250000000000e-01
-5.0000000000000000e-01 8.6607142857142860e-01
3.9154411764705882e-01 -7.8860294117647056e-01
7.9044117647058820e-02 -4.7610294117647056e-01
6.8750000000000000e-01 -1.2500000000000000e-01
8.6607142857142860e-01 -5.0000000000000000e-01
-6.7708333333333326e-01 2.6041666666666669e-01
-8.4493371212121215e-01 4.7040719696969702e-01
5.4956896551724137e-02 1.1303879310344827e+00
3.7500000000000000e-01 1.5000000000000000e+00
-1.3254310344827586e-01 9.3395935960591137e-01
-1.2187500000000000e+00 -1.2187500000000000e+00
1.2187500000000000e+00 1.2187500000000000e+00
-1.5000000000000000e+00 3.7500000000000000e-01
-1.8750000000000000e-01 1.3035714285714286e+00
-3.7500000000000000e-01 1.5000000000000000e+00
3.7500000000000000e-01 -1.5000000000000000e+00
8.2031250000000000e-01 -8.2031250000000000e-01
1.5000000000000000e+00 -3.7500000000000000e-01
1.1250000000000000e+00 -1.5000000000000000e+00
simplices
13 29 31
13 28 31
21 32 33
19 32 33
8 21 33
19 34 35
23 34 35
19 32 34
21 32 34
7 36 37
21 36 37
7 36 38
9 36 38
23 34 36
21 34 36
23 36 39
9 36 39
25 37 40
21 37 40
25 37 41
7 37 41
23 35 43
19 35 43
23 42 43
10 42 43
12 30 44
12 25 44
11 30 45
11 26 45
14 46 47
29 46 47
14 46 48
27 46 48
10 49 50
4 49 50
10 43 49
19 43 49
27 49 51
19 49 51
27 49 52
4 49 52
20 53 54
24 53 54
20 53 55
22 53 55
15 57 58
5 57 58
15 56 57
20 56 57
24 53 60
22 53 60
24 59 60
16 59 60
24 54 56
20 54 56
24 56 61
15 56 61
28 57 62
20 57 62
28 57 63
5 57 63
22 55 64
20 55 64
8 22 64
22 65 66
18 65 66
8 22 66
18 45 67
30 45 67
18 45 68
26 45 68
8 17 70
17 69 70
27 69 70
19 33 70
8 33 70
19 51 70
27 51 70
8 64 71
20 64 71
8 17 71
28 62 71
20 62 71
28 71 72
17 71 72
21 66 73
18 66 73
8 21 66
25 40 73
21 40 73
25 73 74
18 73 74
6 60 75
22 60 75
6 60 76
16 60 76
26 65 77
22 65 77
26 65 68
18 65 68
0 9 78
9 39 78
23 39 78
0 10 78
10 42 78
23 42 78
2 15 79
15 61 79
24 61 79
2 16 79
16 59 79
24 59 79
18 44 67
30 44 67
18 44 74
25 44 74
12 25 80
25 41 80
7 41 80
26 75 77
22 75 77
26 75 81
6 75 81
11 26 82
26 81 82
6 81 82
4 48 52
27 48 52
4 48 83
14 48 83
17 46 84
29 46 84
17 46 69
27 46 69
17 31 84
29 31 84
17 31 72
28 31 72
13 28 85
28 63 85
5 63 85
29 47 86
14 47 86
1 29 86
1 13 29
3 11 30
3 12 30
