ID=4090548
numvertices=87
numsimplices=147
vertices
-1.500000e+00 -1.500000e+00
1.500000e+00 -1.500000e+00
1.500000e+00 1.500000e+00
-1.500000e+00 1.500000e+00
0.000000e+00 -1.500000e+00
1.500000e+00 0.000000e+00
0.000000e+00 1.500000e+00
-1.500000e+00 0.000000e+00
0.000000e+00 0.000000e+00
-1.500000e+00 -7.500000e-01
-7.500000e-01 -1.500000e+00
-7.500000e-01 1.500000e+00
-1.500000e+00 7.500000e-01
1.500000e+00 -7.500000e-01
7.500000e-01 -1.500000e+00
1.500000e+00 7.500000e-01
7.500000e-01 1.500000e+00
6.250000e-01 -6.250000e-01
-6.250000e-01 6.250000e-01
-3.750000e-01 -7.500000e-01
7.500000e-01 3.750000e-01
-7.291667e-01 -1.041667e-01
1.099138e-01 7.607759e-01
-9.375000e-01 -9.375000e-01
9.375000e-01 9.375000e-01
-1.064867e+00 3.158144e-01
-3.750000e-01 1.107143e+00
1.580882e-01 -9.522059e-01
1.107143e+00 -3.750000e-01
1.015625e+00 -1.015625e+00
-1.015625e+00 1.015625e+00
1.061384e+00 -6.953125e-01
-5.520833e-01 -4.270833e-01
-1.875000e-01 -3.750000e-01
-8.333333e-01 -5.208333e-01
-6.562500e-01 -8.437500e-01
-1.114583e+00 -4.270833e-01
-1.114583e+00 -5.208333e-02
-1.500000e+00 -3.750000e-01
-1.218750e+00 -8.437500e-01
-8.970170e-01 1.058239e-01
-1.282434e+00 1.579072e-01
-8.437500e-01 -1.218750e+00
-5.625000e-01 -1.125000e+00
-1.040246e+00 6.657197e-01
-6.953125e-01 1.061384e+00
5.868566e-01 -9.839154e-01
8.828125e-01 -1.257812e+00
4.540441e-01 -1.226103e+00
-1.875000e-01 -1.125000e+00
-3.750000e-01 -1.500000e+00
-1.084559e-01 -8.511029e-01
7.904412e-02 -1.226103e+00
5.237069e-01 8.491379e-01
8.437500e-01 6.562500e-01
4.299569e-01 5.678879e-01
1.125000e+00 5.625000e-01
1.125000e+00 1.875000e-01
1.500000e+00 3.750000e-01
8.437500e-01 1.218750e+00
4.299569e-01 1.130388e+00
1.218750e+00 8.437500e-01
9.285714e-01 0.000000e+00
1.303571e+00 -1.875000e-01
3.750000e-01 1.875000e-01
-2.575431e-01 6.928879e-01
-3.125000e-01 3.125000e-01
-8.203125e-01 8.203125e-01
-5.000000e-01 8.660714e-01
3.915441e-01 -7.886029e-01
7.904412e-02 -4.761029e-01
6.875000e-01 -1.250000e-01
8.660714e-01 -5.000000e-01
-6.770833e-01 2.604167e-01
-8.449337e-01 4.704072e-01
5.495690e-02 1.130388e+00
3.750000e-01 1.500000e+00
-1.325431e-01 9.339594e-01
-1.218750e+00 -1.218750e+00
1.218750e+00 1.218750e+00
-1.500000e+00 3.750000e-01
-1.875000e-01 1.303571e+00
-3.750000e-01 1.500000e+00
3.750000e-01 -1.500000e+00
8.203125e-01 -8.203125e-01
1.500000e+00 -3.750000e-01
1.125000e+00 -1.500000e+00
simplices
13 29 31
13 28 31
21 32 33
19 32 33
8 21 33
19 34 35
23 34 35
19 32 34
21 32 34
7 36 37
21 36 37
7 36 38
9 36 38
23 34 36
21 34 36
23 36 39
9 36 39
25 37 40
21 37 40
25 37 41
7 37 41
23 35 43
19 35 43
23 42 43
10 42 43
12 30 44
12 25 44
11 30 45
11 26 45
14 46 47
29 46 47
14 46 48
27 46 48
10 49 50
4 49 50
10 43 49
19 43 49
27 49 51
19 49 51
27 49 52
4 49 52
20 53 54
24 53 54
20 53 55
22 53 55
15 57 58
5 57 58
15 56 57
20 56 57
24 53 60
22 53 60
24 59 60
16 59 60
24 54 56
20 54 56
24 56 61
15 56 61
28 57 62
20 57 62
28 57 63
5 57 63
22 55 64
20 55 64
8 22 64
22 65 66
18 65 66
8 22 66
18 45 67
30 45 67
18 45 68
26 45 68
8 17 70
17 69 70
27 69 70
19 33 70
8 33 70
19 51 70
27 51 70
8 64 71
20 64 71
8 17 71
28 62 71
20 62 71
28 71 72
17 71 72
21 66 73
18 66 73
8 21 66
25 40 73
21 40 73
25 73 74
18 73 74
6 60 75
22 60 75
6 60 76
16 60 76
26 65 77
22 65 77
26 65 68
18 65 68
0 9 78
9 39 78
23 39 78
0 10 78
10 42 78
23 42 78
2 15 79
15 61 79
24 61 79
2 16 79
16 59 79
24 59 79
18 44 67
30 44 67
18 44 74
25 44 74
12 25 80
25 41 80
7 41 80
26 75 77
22 75 77
26 75 81
6 75 81
11 26 82
26 81 82
6 81 82
4 48 52
27 48 52
4 48 83
14 48 83
17 46 84
29 46 84
17 46 69
27 46 69
17 31 84
29 31 84
17 31 72
28 31 72
13 28 85
28 63 85
5 63 85
29 47 86
14 47 86
1 29 86
1 13 29
3 11 30
3 12 30
