ID=9361160
numvertices=58
numsimplices=94
vertices
-1.500000e+00 -1.500000e+00
-7.500000e-01 -1.500000e+00
0.000000e+00 -1.500000e+00
7.500000e-01 -1.500000e+00
1.500000e+00 -1.500000e+00
-1.500000e+00 -7.500000e-01
-7.500000e-01 -7.500000e-01
0.000000e+00 -7.500000e-01
7.500000e-01 -7.500000e-01
1.500000e+00 -7.500000e-01
-1.500000e+00 0.000000e+00
-7.500000e-01 0.000000e+00
0.000000e+00 0.000000e+00
7.500000e-01 0.000000e+00
1.500000e+00 0.000000e+00
-1.500000e+00 7.500000e-01
-7.500000e-01 7.500000e-01
0.000000e+00 7.500000e-01
7.500000e-01 7.500000e-01
1.500000e+00 7.500000e-01
-1.500000e+00 1.500000e+00
-7.500000e-01 1.500000e+00
0.000000e+00 1.500000e+00
7.500000e-01 1.500000e+00
1.500000e+00 1.500000e+00
-3.750000e-01 -1.125000e+00
-3.750000e-01 -7.500000e-01
3.750000e-01 -1.125000e+00
3.750000e-01 -7.500000e-01
-7.500000e-01 -3.750000e-01
-1.125000e+00 -3.750000e-01
0.000000e+00 -3.750000e-01
-3.750000e-01 -3.750000e-01
-3.750000e-01 0.000000e+00
7.500000e-01 -3.750000e-01
3.750000e-01 -3.750000e-01
3.750000e-01 0.000000e+00
1.125000e+00 -3.750000e-01
1.125000e+00 0.000000e+00
-7.500000e-01 3.750000e-01
-1.125000e+00 3.750000e-01
0.000000e+00 3.750000e-01
-3.750000e-01 3.750000e-01
-3.750000e-01 7.500000e-01
7.500000e-01 3.750000e-01
3.750000e-01 3.750000e-01
3.750000e-01 7.500000e-01
1.500000e+00 3.750000e-01
1.125000e+00 3.750000e-01
1.125000e+00 7.500000e-01
0.000000e+00 1.125000e+00
-3.750000e-01 1.125000e+00
7.500000e-01 1.125000e+00
3.750000e-01 1.125000e+00
3.750000e-01 1.500000e+00
1.500000e+00 1.125000e+00
1.125000e+00 1.125000e+00
1.125000e+00 1.500000e+00
simplices
0 1 6
0 5 6
1 2 25
2 7 25
1 6 25
6 25 26
7 25 26
2 3 27
3 8 27
2 7 27
7 27 28
8 27 28
3 4 9
3 8 9
5 6 30
6 29 30
11 29 30
5 10 30
10 11 30
7 26 32
6 26 32
7 31 32
12 31 32
11 29 32
6 29 32
11 32 33
12 32 33
8 28 35
7 28 35
8 34 35
13 34 35
12 31 35
7 31 35
12 35 36
13 35 36
8 9 37
9 14 37
13 34 37
8 34 37
13 37 38
14 37 38
10 11 40
11 39 40
16 39 40
10 15 40
15 16 40
12 33 42
11 33 42
12 41 42
17 41 42
16 39 42
11 39 42
16 42 43
17 42 43
13 36 45
12 36 45
13 44 45
18 44 45
17 41 45
12 41 45
17 45 46
18 45 46
14 38 48
13 38 48
14 47 48
19 47 48
18 44 48
13 44 48
18 48 49
19 48 49
15 16 21
15 20 21
17 43 51
16 43 51
17 50 51
22 50 51
16 21 51
21 22 51
18 46 53
17 46 53
18 52 53
23 52 53
22 50 53
17 50 53
22 53 54
23 53 54
19 49 56
18 49 56
19 55 56
24 55 56
23 52 56
18 52 56
23 56 57
24 56 57
