ID=2952853
numvertices=317
numsimplices=580
vertices
-1.500000e+00 -1.500000e+00
-9.000000e-01 -1.500000e+00
-3.000000e-01 -1.500000e+00
3.000000e-01 -1.500000e+00
9.000000e-01 -1.500000e+00
1.500000e+00 -1.500000e+00
-1.500000e+00 -9.000000e-01
-9.000000e-01 -9.000000e-01
-3.000000e-01 -9.000000e-01
3.000000e-01 -9.000000e-01
9.000000e-01 -9.000000e-01
1.500000e+00 -9.000000e-01
-1.500000e+00 -3.000000e-01
-9.000000e-01 -3.000000e-01
-3.000000e-01 -3.000000e-01
3.000000e-01 -3.000000e-01
9.000000e-01 -3.000000e-01
1.500000e+00 -3.000000e-01
-1.500000e+00 3.000000e-01
-9.000000e-01 3.000000e-01
-3.000000e-01 3.000000e-01
3.000000e-01 3.000000e-01
9.000000e-01 3.000000e-01
1.500000e+00 3.000000e-01
-1.500000e+00 9.000000e-01
-9.000000e-01 9.000000e-01
-3.000000e-01 9.000000e-01
3.000000e-01 9.000000e-01
9.000000e-01 9.000000e-01
1.500000e+00 9.000000e-01
-1.500000e+00 1.500000e+00
-9.000000e-01 1.500000e+00
-3.000000e-01 1.500000e+00
3.000000e-01 1.500000e+00
9.000000e-01 1.500000e+00
1.500000e+00 1.500000e+00
-9.000000e-01 -1.200000e+00
-1.200000e+00 -1.200000e+00
-1.200000e+00 -9.000000e-01
-3.000000e-01 -1.200000e+00
-6.000000e-01 -1.200000e+00
-6.000000e-01 -1.500000e+00
-6.000000e-01 -9.000000e-01
3.000000e-01 -1.200000e+00
0.000000e+00 -1.200000e+00
0.000000e+00 -1.500000e+00
0.000000e+00 -9.000000e-01
6.000000e-01 -1.200000e+00
6.000000e-01 -9.000000e-01
-9.000000e-01 -6.000000e-01
-1.200000e+00 -6.000000e-01
-1.200000e+00 -3.000000e-01
-1.500000e+00 -6.000000e-01
-3.000000e-01 -6.000000e-01
-6.000000e-01 -6.000000e-01
-6.000000e-01 -3.000000e-01
0.000000e+00 -6.000000e-01
9.000000e-01 -6.000000e-01
6.000000e-01 -6.000000e-01
1.200000e+00 -6.000000e-01
1.200000e+00 -3.000000e-01
-9.000000e-01 0.000000e+00
-1.200000e+00 0.000000e+00
-1.200000e+00 3.000000e-01
-1.500000e+00 0.000000e+00
-6.000000e-01 0.000000e+00
9.000000e-01 0.000000e+00
6.000000e-01 0.000000e+00
6.000000e-01 3.000000e-01
1.500000e+00 0.000000e+00
1.200000e+00 0.000000e+00
1.200000e+00 3.000000e-01
-9.000000e-01 6.000000e-01
-1.200000e+00 6.000000e-01
-6.000000e-01 6.000000e-01
-6.000000e-01 9.000000e-01
3.000000e-01 6.000000e-01
0.000000e+00 6.000000e-01
0.000000e+00 9.000000e-01
9.000000e-01 6.000000e-01
6.000000e-01 6.000000e-01
6.000000e-01 9.000000e-01
1.500000e+00 6.000000e-01
1.200000e+00 6.000000e-01
1.200000e+00 9.000000e-01
-3.000000e-01 1.200000e+00
-6.000000e-01 1.200000e+00
3.000000e-01 1.200000e+00
0.000000e+00 1.200000e+00
0.000000e+00 1.500000e+00
9.000000e-01 1.200000e+00
6.000000e-01 1.200000e+00
6.000000e-01 1.500000e+00
1.200000e+00 1.200000e+00
-1.050000e+00 -1.350000e+00
-1.200000e+00 -1.500000e+00
-9.000000e-01 -1.350000e+00
-1.050000e+00 -1.050000e+00
-9.000000e-01 -1.050000e+00
-1.350000e+00 -1.050000e+00
-1.500000e+00 -1.200000e+00
-1.350000e+00 -9.000000e-01
-1.050000e+00 -9.000000e-01
-6.000000e-01 -1.350000e+00
-4.500000e-01 -1.500000e+00
-4.500000e-01 -1.350000e+00
-7.500000e-01 -1.500000e+00
-7.500000e-01 -1.350000e+00
-4.500000e-01 -1.200000e+00
-3.000000e-01 -1.350000e+00
-4.500000e-01 -1.050000e+00
-3.000000e-01 -1.050000e+00
-7.500000e-01 -1.200000e+00
-7.500000e-01 -1.050000e+00
-6.000000e-01 -1.050000e+00
-7.500000e-01 -9.000000e-01
-4.500000e-01 -9.000000e-01
0.000000e+00 -1.350000e+00
1.500000e-01 -1.500000e+00
1.500000e-01 -1.350000e+00
-1.500000e-01 -1.500000e+00
-1.500000e-01 -1.350000e+00
1.500000e-01 -1.200000e+00
3.000000e-01 -1.350000e+00
1.500000e-01 -1.050000e+00
3.000000e-01 -1.050000e+00
-1.500000e-01 -1.200000e+00
-1.500000e-01 -1.050000e+00
0.000000e+00 -1.050000e+00
-1.500000e-01 -9.000000e-01
1.500000e-01 -9.000000e-01
4.500000e-01 -1.350000e+00
6.000000e-01 -1.500000e+00
7.500000e-01 -1.050000e+00
9.000000e-01 -1.200000e+00
4.500000e-01 -1.200000e+00
4.500000e-01 -1.050000e+00
6.000000e-01 -1.050000e+00
4.500000e-01 -9.000000e-01
7.500000e-01 -9.000000e-01
1.200000e+00 -1.200000e+00
1.200000e+00 -9.000000e-01
-1.200000e+00 -7.500000e-01
-1.050000e+00 -7.500000e-01
-1.350000e+00 -7.500000e-01
-1.050000e+00 -6.000000e-01
-9.000000e-01 -7.500000e-01
-1.050000e+00 -4.500000e-01
-9.000000e-01 -4.500000e-01
-1.350000e+00 -6.000000e-01
-1.500000e+00 -4.500000e-01
-1.350000e+00 -4.500000e-01
-1.500000e+00 -7.500000e-01
-1.200000e+00 -4.500000e-01
-1.350000e+00 -3.000000e-01
-1.050000e+00 -3.000000e-01
-6.000000e-01 -7.500000e-01
-4.500000e-01 -7.500000e-01
-7.500000e-01 -7.500000e-01
-4.500000e-01 -6.000000e-01
-3.000000e-01 -7.500000e-01
-4.500000e-01 -4.500000e-01
-3.000000e-01 -4.500000e-01
-7.500000e-01 -6.000000e-01
-7.500000e-01 -4.500000e-01
-6.000000e-01 -4.500000e-01
-7.500000e-01 -3.000000e-01
-4.500000e-01 -3.000000e-01
1.500000e-01 -7.500000e-01
-1.500000e-01 -7.500000e-01
3.000000e-01 -6.000000e-01
-1.500000e-01 -4.500000e-01
0.000000e+00 -3.000000e-01
6.000000e-01 -7.500000e-01
7.500000e-01 -7.500000e-01
4.500000e-01 -7.500000e-01
7.500000e-01 -6.000000e-01
9.000000e-01 -7.500000e-01
7.500000e-01 -4.500000e-01
9.000000e-01 -4.500000e-01
6.000000e-01 -3.000000e-01
1.050000e+00 -7.500000e-01
1.350000e+00 -4.500000e-01
1.500000e+00 -6.000000e-01
1.050000e+00 -6.000000e-01
1.050000e+00 -4.500000e-01
1.200000e+00 -4.500000e-01
1.050000e+00 -3.000000e-01
1.350000e+00 -3.000000e-01
-1.200000e+00 -1.500000e-01
-1.050000e+00 -1.500000e-01
-1.350000e+00 -1.500000e-01
-1.050000e+00 0.000000e+00
-9.000000e-01 -1.500000e-01
-1.050000e+00 1.500000e-01
-9.000000e-01 1.500000e-01
-1.350000e+00 0.000000e+00
-1.500000e+00 1.500000e-01
-1.350000e+00 1.500000e-01
-1.500000e+00 -1.500000e-01
-1.200000e+00 1.500000e-01
-1.350000e+00 3.000000e-01
-1.050000e+00 3.000000e-01
-4.500000e-01 -1.500000e-01
-7.500000e-01 -1.500000e-01
-3.000000e-01 0.000000e+00
-7.500000e-01 1.500000e-01
-6.000000e-01 3.000000e-01
3.000000e-01 0.000000e+00
0.000000e+00 0.000000e+00
0.000000e+00 3.000000e-01
7.500000e-01 -1.500000e-01
9.000000e-01 -1.500000e-01
7.500000e-01 1.500000e-01
9.000000e-01 1.500000e-01
4.500000e-01 1.500000e-01
4.500000e-01 3.000000e-01
7.500000e-01 3.000000e-01
1.200000e+00 -1.500000e-01
1.350000e+00 -1.500000e-01
1.050000e+00 -1.500000e-01
1.350000e+00 0.000000e+00
1.500000e+00 -1.500000e-01
1.350000e+00 1.500000e-01
1.500000e+00 1.500000e-01
1.050000e+00 0.000000e+00
1.050000e+00 1.500000e-01
1.200000e+00 1.500000e-01
1.050000e+00 3.000000e-01
1.350000e+00 3.000000e-01
-1.200000e+00 4.500000e-01
-1.050000e+00 4.500000e-01
-1.350000e+00 4.500000e-01
-1.050000e+00 6.000000e-01
-9.000000e-01 4.500000e-01
-1.050000e+00 7.500000e-01
-9.000000e-01 7.500000e-01
-1.500000e+00 6.000000e-01
-1.200000e+00 9.000000e-01
-7.500000e-01 4.500000e-01
-4.500000e-01 7.500000e-01
-3.000000e-01 6.000000e-01
-7.500000e-01 6.000000e-01
-7.500000e-01 7.500000e-01
-6.000000e-01 7.500000e-01
-7.500000e-01 9.000000e-01
-4.500000e-01 9.000000e-01
1.500000e-01 4.500000e-01
3.000000e-01 4.500000e-01
1.500000e-01 7.500000e-01
3.000000e-01 7.500000e-01
-1.500000e-01 7.500000e-01
-1.500000e-01 9.000000e-01
1.500000e-01 9.000000e-01
6.000000e-01 4.500000e-01
7.500000e-01 4.500000e-01
4.500000e-01 4.500000e-01
7.500000e-01 6.000000e-01
9.000000e-01 4.500000e-01
7.500000e-01 7.500000e-01
9.000000e-01 7.500000e-01
4.500000e-01 6.000000e-01
4.500000e-01 7.500000e-01
6.000000e-01 7.500000e-01
4.500000e-01 9.000000e-01
7.500000e-01 9.000000e-01
1.200000e+00 4.500000e-01
1.350000e+00 4.500000e-01
1.050000e+00 4.500000e-01
1.350000e+00 6.000000e-01
1.500000e+00 4.500000e-01
1.350000e+00 7.500000e-01
1.500000e+00 7.500000e-01
1.050000e+00 6.000000e-01
1.050000e+00 7.500000e-01
1.200000e+00 7.500000e-01
1.050000e+00 9.000000e-01
1.350000e+00 9.000000e-01
-9.000000e-01 1.200000e+00
-1.200000e+00 1.200000e+00
-6.000000e-01 1.050000e+00
-4.500000e-01 1.050000e+00
-7.500000e-01 1.050000e+00
-4.500000e-01 1.200000e+00
-3.000000e-01 1.050000e+00
-4.500000e-01 1.350000e+00
-3.000000e-01 1.350000e+00
-6.000000e-01 1.500000e+00
0.000000e+00 1.050000e+00
1.500000e-01 1.050000e+00
-1.500000e-01 1.050000e+00
1.500000e-01 1.200000e+00
3.000000e-01 1.050000e+00
1.500000e-01 1.350000e+00
3.000000e-01 1.350000e+00
-1.500000e-01 1.200000e+00
-1.500000e-01 1.350000e+00
0.000000e+00 1.350000e+00
-1.500000e-01 1.500000e+00
1.500000e-01 1.500000e+00
6.000000e-01 1.050000e+00
7.500000e-01 1.050000e+00
4.500000e-01 1.050000e+00
7.500000e-01 1.200000e+00
9.000000e-01 1.050000e+00
7.500000e-01 1.350000e+00
9.000000e-01 1.350000e+00
4.500000e-01 1.200000e+00
4.500000e-01 1.350000e+00
6.000000e-01 1.350000e+00
4.500000e-01 1.500000e+00
7.500000e-01 1.500000e+00
1.350000e+00 1.050000e+00
1.050000e+00 1.050000e+00
1.500000e+00 1.200000e+00
1.050000e+00 1.350000e+00
1.200000e+00 1.500000e+00
simplices
37 94 95
1 94 95
0 37 95
36 94 96
1 94 96
36 37 94
36 97 98
7 97 98
36 37 97
37 99 100
6 99 100
0 37 100
37 38 99
38 99 101
6 99 101
37 38 97
38 97 102
7 97 102
41 103 105
40 103 105
41 104 105
2 104 105
41 103 107
40 103 107
41 106 107
1 106 107
39 105 109
2 105 109
39 105 108
40 105 108
39 110 111
8 110 111
39 108 110
40 108 110
36 98 113
7 98 113
36 112 113
40 112 113
36 96 107
1 96 107
36 107 112
40 107 112
42 113 114
40 113 114
42 113 115
7 113 115
42 110 114
40 110 114
42 110 116
8 110 116
45 117 119
44 117 119
45 118 119
3 118 119
45 117 121
44 117 121
45 120 121
2 120 121
43 119 123
3 119 123
43 119 122
44 119 122
43 124 125
9 124 125
43 122 124
44 122 124
39 111 127
8 111 127
39 126 127
44 126 127
39 109 121
2 109 121
39 121 126
44 121 126
46 127 128
44 127 128
46 127 129
8 127 129
46 124 128
44 124 128
46 124 130
9 124 130
4 47 132
47 131 132
3 131 132
47 133 134
10 133 134
4 47 134
43 125 136
9 125 136
43 135 136
47 135 136
43 123 131
3 123 131
43 131 135
47 131 135
48 136 137
47 136 137
48 136 138
9 136 138
48 133 137
47 133 137
48 133 139
10 133 139
4 5 140
5 11 140
10 134 140
4 134 140
10 140 141
11 140 141
38 102 143
7 102 143
38 142 143
50 142 143
38 101 144
6 101 144
38 142 144
50 142 144
49 143 146
7 143 146
49 143 145
50 143 145
49 147 148
13 147 148
49 145 147
50 145 147
52 149 151
50 149 151
52 150 151
12 150 151
52 144 149
50 144 149
52 144 152
6 144 152
51 151 153
50 151 153
51 151 154
12 151 154
51 147 153
50 147 153
51 147 155
13 147 155
42 116 157
8 116 157
42 156 157
54 156 157
42 115 158
7 115 158
42 156 158
54 156 158
53 157 160
8 157 160
53 157 159
54 157 159
53 161 162
14 161 162
53 159 161
54 159 161
49 148 164
13 148 164
49 163 164
54 163 164
49 146 158
7 146 158
49 158 163
54 158 163
55 164 165
54 164 165
55 164 166
13 164 166
55 161 165
54 161 165
55 161 167
14 161 167
46 130 168
9 130 168
46 56 168
46 129 169
8 129 169
46 56 169
15 56 170
56 168 170
9 168 170
53 162 171
14 162 171
53 56 171
53 160 169
8 160 169
53 56 169
15 56 172
56 171 172
14 171 172
48 139 174
10 139 174
48 173 174
58 173 174
48 138 175
9 138 175
48 173 175
58 173 175
57 174 177
10 174 177
57 174 176
58 174 176
57 178 179
16 178 179
57 176 178
58 176 178
15 58 170
58 170 175
9 170 175
58 178 180
16 178 180
15 58 180
11 59 141
59 141 181
10 141 181
59 182 183
17 182 183
11 59 183
57 179 185
16 179 185
57 184 185
59 184 185
57 177 181
10 177 181
57 181 184
59 181 184
60 185 186
59 185 186
60 185 187
16 185 187
60 182 186
59 182 186
60 182 188
17 182 188
51 155 190
13 155 190
51 189 190
62 189 190
51 154 191
12 154 191
51 189 191
62 189 191
61 190 193
13 190 193
61 190 192
62 190 192
61 194 195
19 194 195
61 192 194
62 192 194
64 196 198
62 196 198
64 197 198
18 197 198
64 191 196
62 191 196
64 191 199
12 191 199
63 198 200
62 198 200
63 198 201
18 198 201
63 194 200
62 194 200
63 194 202
19 194 202
55 167 203
14 167 203
55 65 203
55 166 204
13 166 204
55 65 204
20 65 205
65 203 205
14 203 205
61 195 206
19 195 206
61 65 206
61 193 204
13 193 204
61 65 204
20 65 207
65 206 207
19 206 207
15 172 209
14 172 209
15 208 209
21 208 209
20 205 209
14 205 209
20 209 210
21 209 210
67 180 211
16 180 211
15 67 180
66 211 212
16 211 212
66 67 211
66 213 214
22 213 214
66 67 213
67 208 215
21 208 215
15 67 208
67 68 215
68 215 216
21 215 216
67 68 213
68 213 217
22 213 217
60 188 219
17 188 219
60 218 219
70 218 219
60 187 220
16 187 220
60 218 220
70 218 220
69 219 222
17 219 222
69 219 221
70 219 221
69 223 224
23 223 224
69 221 223
70 221 223
66 214 226
22 214 226
66 225 226
70 225 226
66 212 220
16 212 220
66 220 225
70 220 225
71 226 227
70 226 227
71 226 228
22 226 228
71 223 227
70 223 227
71 223 229
23 223 229
63 202 231
19 202 231
63 230 231
73 230 231
63 201 232
18 201 232
63 230 232
73 230 232
72 231 234
19 231 234
72 231 233
73 231 233
72 235 236
25 235 236
72 233 235
73 233 235
24 73 237
73 232 237
18 232 237
73 235 238
25 235 238
24 73 238
20 74 207
74 207 239
19 207 239
74 240 241
26 240 241
20 74 241
72 236 243
25 236 243
72 242 243
74 242 243
72 234 239
19 234 239
72 239 242
74 239 242
75 243 244
74 243 244
75 243 245
25 243 245
75 240 244
74 240 244
75 240 246
26 240 246
77 210 247
21 210 247
20 77 210
76 247 248
21 247 248
76 77 247
76 249 250
27 249 250
76 77 249
77 241 251
26 241 251
20 77 241
77 78 251
78 251 252
26 251 252
77 78 249
78 249 253
27 249 253
68 217 255
22 217 255
68 254 255
80 254 255
68 216 256
21 216 256
68 254 256
80 254 256
79 255 258
22 255 258
79 255 257
80 255 257
79 259 260
28 259 260
79 257 259
80 257 259
76 250 262
27 250 262
76 261 262
80 261 262
76 248 256
21 248 256
76 256 261
80 256 261
81 262 263
80 262 263
81 262 264
27 262 264
81 259 263
80 259 263
81 259 265
28 259 265
71 229 267
23 229 267
71 266 267
83 266 267
71 228 268
22 228 268
71 266 268
83 266 268
82 267 270
23 267 270
82 267 269
83 267 269
82 271 272
29 271 272
82 269 271
83 269 271
79 260 274
28 260 274
79 273 274
83 273 274
79 258 268
22 258 268
79 268 273
83 268 273
84 274 275
83 274 275
84 274 276
28 274 276
84 271 275
83 271 275
84 271 277
29 271 277
25 238 279
24 238 279
25 278 279
31 278 279
24 30 279
30 31 279
75 246 281
26 246 281
75 280 281
86 280 281
75 245 282
25 245 282
75 280 282
86 280 282
85 281 284
26 281 284
85 281 283
86 281 283
85 285 286
32 285 286
85 283 285
86 283 285
31 86 278
86 278 282
25 278 282
86 285 287
32 285 287
31 86 287
78 253 289
27 253 289
78 288 289
88 288 289
78 252 290
26 252 290
78 288 290
88 288 290
87 289 292
27 289 292
87 289 291
88 289 291
87 293 294
33 293 294
87 291 293
88 291 293
85 286 296
32 286 296
85 295 296
88 295 296
85 284 290
26 284 290
85 290 295
88 290 295
89 296 297
88 296 297
89 296 298
32 296 298
89 293 297
88 293 297
89 293 299
33 293 299
81 265 301
28 265 301
81 300 301
91 300 301
81 264 302
27 264 302
81 300 302
91 300 302
90 301 304
28 301 304
90 301 303
91 301 303
90 305 306
34 305 306
90 303 305
91 303 305
87 294 308
33 294 308
87 307 308
91 307 308
87 292 302
27 292 302
87 302 307
91 302 307
92 308 309
91 308 309
92 308 310
33 308 310
92 305 309
91 305 309
92 305 311
34 305 311
84 277 312
29 277 312
84 93 312
84 276 313
28 276 313
84 93 313
35 93 314
93 312 314
29 312 314
90 306 315
34 306 315
90 93 315
90 304 313
28 304 313
90 93 313
35 93 316
93 315 316
34 315 316
