ID=9111912
numvertices=94
numsimplices=158
vertices
-1.500000e+00 -1.500000e+00
-9.000000e-01 -1.500000e+00
-3.000000e-01 -1.500000e+00
3.000000e-01 -1.500000e+00
9.000000e-01 -1.500000e+00
1.500000e+00 -1.500000e+00
-1.500000e+00 -9.000000e-01
-9.000000e-01 -9.000000e-01
-3.000000e-01 -9.000000e-01
3.000000e-01 -9.000000e-01
9.000000e-01 -9.000000e-01
1.500000e+00 -9.000000e-01
-1.500000e+00 -3.000000e-01
-9.000000e-01 -3.000000e-01
-3.000000e-01 -3.000000e-01
3.000000e-01 -3.000000e-01
9.000000e-01 -3.000000e-01
1.500000e+00 -3.000000e-01
-1.500000e+00 3.000000e-01
-9.000000e-01 3.000000e-01
-3.000000e-01 3.000000e-01
3.000000e-01 3.000000e-01
9.000000e-01 3.000000e-01
1.500000e+00 3.000000e-01
-1.500000e+00 9.000000e-01
-9.000000e-01 9.000000e-01
-3.000000e-01 9.000000e-01
3.000000e-01 9.000000e-01
9.000000e-01 9.000000e-01
1.500000e+00 9.000000e-01
-1.500000e+00 1.500000e+00
-9.000000e-01 1.500000e+00
-3.000000e-01 1.500000e+00
3.000000e-01 1.500000e+00
9.000000e-01 1.500000e+00
1.500000e+00 1.500000e+00
-9.000000e-01 -1.200000e+00
-1.200000e+00 -1.200000e+00
-1.200000e+00 -9.000000e-01
-3.000000e-01 -1.200000e+00
-6.000000e-01 -1.200000e+00
-6.000000e-01 -1.500000e+00
-6.000000e-01 -9.000000e-01
3.000000e-01 -1.200000e+00
0.000000e+00 -1.200000e+00
0.000000e+00 -1.500000e+00
0.000000e+00 -9.000000e-01
6.000000e-01 -1.200000e+00
6.000000e-01 -9.000000e-01
-9.000000e-01 -6.000000e-01
-1.200000e+00 -6.000000e-01
-1.200000e+00 -3.000000e-01
-1.500000e+00 -6.000000e-01
-3.000000e-01 -6.000000e-01
-6.000000e-01 -6.000000e-01
-6.000000e-01 -3.000000e-01
0.000000e+00 -6.000000e-01
9.000000e-01 -6.000000e-01
6.000000e-01 -6.000000e-01
1.200000e+00 -6.000000e-01
1.200000e+00 -3.000000e-01
-9.000000e-01 0.000000e+00
-1.200000e+00 0.000000e+00
-1.200000e+00 3.000000e-01
-1.500000e+00 0.000000e+00
-6.000000e-01 0.000000e+00
9.000000e-01 0.000000e+00
6.000000e-01 0.000000e+00
6.000000e-01 3.000000e-01
1.500000e+00 0.000000e+00
1.200000e+00 0.000000e+00
1.200000e+00 3.000000e-01
-9.000000e-01 6.000000e-01
-1.200000e+00 6.000000e-01
-6.000000e-01 6.000000e-01
-6.000000e-01 9.000000e-01
3.000000e-01 6.000000e-01
0.000000e+00 6.000000e-01
0.000000e+00 9.000000e-01
9.000000e-01 6.000000e-01
6.000000e-01 6.000000e-01
6.000000e-01 9.000000e-01
1.500000e+00 6.000000e-01
1.200000e+00 6.000000e-01
1.200000e+00 9.000000e-01
-3.000000e-01 1.200000e+00
-6.000000e-01 1.200000e+00
3.000000e-01 1.200000e+00
0.000000e+00 1.200000e+00
0.000000e+00 1.500000e+00
9.000000e-01 1.200000e+00
6.000000e-01 1.200000e+00
6.000000e-01 1.500000e+00
1.200000e+00 1.200000e+00
simplices
0 1 37
1 36 37
7 36 37
0 6 37
6 37 38
7 37 38
2 40 41
1 40 41
2 39 40
8 39 40
7 36 40
1 36 40
7 40 42
8 40 42
3 44 45
2 44 45
3 43 44
9 43 44
8 39 44
2 39 44
8 44 46
9 44 46
3 4 47
4 10 47
9 43 47
3 43 47
9 47 48
10 47 48
4 5 11
4 10 11
7 38 50
6 38 50
7 49 50
13 49 50
12 50 52
6 50 52
12 50 51
13 50 51
8 42 54
7 42 54
8 53 54
14 53 54
13 49 54
7 49 54
13 54 55
14 54 55
9 46 56
8 46 56
9 15 56
14 53 56
8 53 56
14 15 56
10 48 58
9 48 58
10 57 58
16 57 58
9 15 58
15 16 58
10 11 59
11 17 59
16 57 59
10 57 59
16 59 60
17 59 60
13 51 62
12 51 62
13 61 62
19 61 62
18 62 64
12 62 64
18 62 63
19 62 63
14 55 65
13 55 65
14 20 65
19 61 65
13 61 65
19 20 65
14 15 21
14 20 21
15 16 67
16 66 67
22 66 67
15 21 67
21 67 68
22 67 68
17 60 70
16 60 70
17 69 70
23 69 70
22 66 70
16 66 70
22 70 71
23 70 71
19 63 73
18 63 73
19 72 73
25 72 73
18 24 73
24 25 73
19 20 74
20 26 74
25 72 74
19 72 74
25 74 75
26 74 75
20 21 77
21 76 77
27 76 77
20 26 77
26 77 78
27 77 78
22 68 80
21 68 80
22 79 80
28 79 80
27 76 80
21 76 80
27 80 81
28 80 81
23 71 83
22 71 83
23 82 83
29 82 83
28 79 83
22 79 83
28 83 84
29 83 84
24 25 31
24 30 31
26 75 86
25 75 86
26 85 86
32 85 86
25 31 86
31 32 86
27 78 88
26 78 88
27 87 88
33 87 88
32 85 88
26 85 88
32 88 89
33 88 89
28 81 91
27 81 91
28 90 91
34 90 91
33 87 91
27 87 91
33 91 92
34 91 92
29 84 93
28 84 93
29 35 93
34 90 93
28 90 93
34 35 93
