ID=7776897
numvertices=127
numsimplices=216
vertices
-1.500000e+00 -1.500000e+00
-1.000000e+00 -1.500000e+00
-5.000000e-01 -1.500000e+00
0.000000e+00 -1.500000e+00
5.000000e-01 -1.500000e+00
1.000000e+00 -1.500000e+00
1.500000e+00 -1.500000e+00
-1.500000e+00 -1.000000e+00
-1.000000e+00 -1.000000e+00
-5.000000e-01 -1.000000e+00
0.000000e+00 -1.000000e+00
5.000000e-01 -1.000000e+00
1.000000e+00 -1.000000e+00
1.500000e+00 -1.000000e+00
-1.500000e+00 -5.000000e-01
-1.000000e+00 -5.000000e-01
-5.000000e-01 -5.000000e-01
0.000000e+00 -5.000000e-01
5.000000e-01 -5.000000e-01
1.000000e+00 -5.000000e-01
1.500000e+00 -5.000000e-01
-1.500000e+00 0.000000e+00
-1.000000e+00 0.000000e+00
-5.000000e-01 0.000000e+00
0.000000e+00 0.000000e+00
5.000000e-01 0.000000e+00
1.000000e+00 0.000000e+00
1.500000e+00 0.000000e+00
-1.500000e+00 5.000000e-01
-1.000000e+00 5.000000e-01
-5.000000e-01 5.000000e-01
0.000000e+00 5.000000e-01
5.000000e-01 5.000000e-01
1.000000e+00 5.000000e-01
1.500000e+00 5.000000e-01
-1.500000e+00 1.000000e+00
-1.000000e+00 1.000000e+00
-5.000000e-01 1.000000e+00
0.000000e+00 1.000000e+00
5.000000e-01 1.000000e+00
1.000000e+00 1.000000e+00
1.500000e+00 1.000000e+00
-1.500000e+00 1.500000e+00
-1.000000e+00 1.500000e+00
-5.000000e-01 1.500000e+00
0.000000e+00 1.500000e+00
5.000000e-01 1.500000e+00
1.000000e+00 1.500000e+00
1.500000e+00 1.500000e+00
-1.000000e+00 -1.250000e+00
-1.250000e+00 -1.250000e+00
-1.250000e+00 -1.000000e+00
-5.000000e-01 -1.250000e+00
-7.500000e-01 -1.250000e+00
-7.500000e-01 -1.500000e+00
-7.500000e-01 -1.000000e+00
0.000000e+00 -1.250000e+00
-2.500000e-01 -1.250000e+00
-2.500000e-01 -1.500000e+00
-2.500000e-01 -1.000000e+00
5.000000e-01 -1.250000e+00
2.500000e-01 -1.250000e+00
2.500000e-01 -1.500000e+00
2.500000e-01 -1.000000e+00
7.500000e-01 -1.250000e+00
7.500000e-01 -1.000000e+00
-1.000000e+00 -7.500000e-01
-1.250000e+00 -7.500000e-01
-1.250000e+00 -5.000000e-01
-1.500000e+00 -7.500000e-01
-5.000000e-01 -7.500000e-01
-7.500000e-01 -7.500000e-01
-7.500000e-01 -5.000000e-01
-2.500000e-01 -7.500000e-01
2.500000e-01 -7.500000e-01
1.000000e+00 -7.500000e-01
7.500000e-01 -7.500000e-01
1.250000e+00 -7.500000e-01
1.250000e+00 -5.000000e-01
-1.000000e+00 -2.500000e-01
-1.250000e+00 -2.500000e-01
-1.250000e+00 0.000000e+00
-1.500000e+00 -2.500000e-01
-7.500000e-01 -2.500000e-01
1.000000e+00 -2.500000e-01
7.500000e-01 -2.500000e-01
1.500000e+00 -2.500000e-01
1.250000e+00 -2.500000e-01
1.250000e+00 0.000000e+00
-1.000000e+00 2.500000e-01
-1.250000e+00 2.500000e-01
-1.250000e+00 5.000000e-01
-1.500000e+00 2.500000e-01
-7.500000e-01 2.500000e-01
1.000000e+00 2.500000e-01
7.500000e-01 2.500000e-01
7.500000e-01 5.000000e-01
1.500000e+00 2.500000e-01
1.250000e+00 2.500000e-01
1.250000e+00 5.000000e-01
-1.000000e+00 7.500000e-01
-1.250000e+00 7.500000e-01
-7.500000e-01 7.500000e-01
-7.500000e-01 1.000000e+00
-2.500000e-01 7.500000e-01
-2.500000e-01 1.000000e+00
5.000000e-01 7.500000e-01
2.500000e-01 7.500000e-01
2.500000e-01 1.000000e+00
1.000000e+00 7.500000e-01
7.500000e-01 7.500000e-01
7.500000e-01 1.000000e+00
1.500000e+00 7.500000e-01
1.250000e+00 7.500000e-01
1.250000e+00 1.000000e+00
-5.000000e-01 1.250000e+00
-7.500000e-01 1.250000e+00
0.000000e+00 1.250000e+00
-2.500000e-01 1.250000e+00
-2.500000e-01 1.500000e+00
5.000000e-01 1.250000e+00
2.500000e-01 1.250000e+00
2.500000e-01 1.500000e+00
1.000000e+00 1.250000e+00
7.500000e-01 1.250000e+00
7.500000e-01 1.500000e+00
1.250000e+00 1.250000e+00
simplices
0 1 50
1 49 50
8 49 50
0 7 50
7 50 51
8 50 51
2 53 54
1 53 54
2 52 53
9 52 53
8 49 53
1 49 53
8 53 55
9 53 55
3 57 58
2 57 58
3 56 57
10 56 57
9 52 57
2 52 57
9 57 59
10 57 59
4 61 62
3 61 62
4 60 61
11 60 61
10 56 61
3 56 61
10 61 63
11 61 63
4 5 64
5 12 64
11 60 64
4 60 64
11 64 65
12 64 65
5 6 13
5 12 13
8 51 67
7 51 67
8 66 67
15 66 67
14 67 69
7 67 69
14 67 68
15 67 68
9 55 71
8 55 71
9 70 71
16 70 71
15 66 71
8 66 71
15 71 72
16 71 72
10 59 73
9 59 73
10 17 73
16 70 73
9 70 73
16 17 73
11 63 74
10 63 74
11 18 74
10 17 74
17 18 74
12 65 76
11 65 76
12 75 76
19 75 76
11 18 76
18 19 76
12 13 77
13 20 77
19 75 77
12 75 77
19 77 78
20 77 78
15 68 80
14 68 80
15 79 80
22 79 80
21 80 82
14 80 82
21 80 81
22 80 81
16 72 83
15 72 83
16 23 83
22 79 83
15 79 83
22 23 83
16 17 24
16 23 24
17 18 25
17 24 25
18 19 85
19 84 85
26 84 85
18 25 85
25 26 85
20 78 87
19 78 87
20 86 87
27 86 87
26 84 87
19 84 87
26 87 88
27 87 88
22 81 90
21 81 90
22 89 90
29 89 90
28 90 92
21 90 92
28 90 91
29 90 91
22 23 93
23 30 93
29 89 93
22 89 93
29 30 93
23 24 31
23 30 31
24 25 32
24 31 32
25 26 95
26 94 95
33 94 95
25 32 95
32 95 96
33 95 96
27 88 98
26 88 98
27 97 98
34 97 98
33 94 98
26 94 98
33 98 99
34 98 99
29 91 101
28 91 101
29 100 101
36 100 101
28 35 101
35 36 101
29 30 102
30 37 102
36 100 102
29 100 102
36 102 103
37 102 103
30 31 104
31 38 104
30 37 104
37 104 105
38 104 105
31 32 107
32 106 107
39 106 107
31 38 107
38 107 108
39 107 108
33 96 110
32 96 110
33 109 110
40 109 110
39 106 110
32 106 110
39 110 111
40 110 111
34 99 113
33 99 113
34 112 113
41 112 113
40 109 113
33 109 113
40 113 114
41 113 114
35 36 43
35 42 43
37 103 116
36 103 116
37 115 116
44 115 116
36 43 116
43 44 116
38 105 118
37 105 118
38 117 118
45 117 118
44 115 118
37 115 118
44 118 119
45 118 119
39 108 121
38 108 121
39 120 121
46 120 121
45 117 121
38 117 121
45 121 122
46 121 122
40 111 124
39 111 124
40 123 124
47 123 124
46 120 124
39 120 124
46 124 125
47 124 125
41 114 126
40 114 126
41 48 126
47 123 126
40 123 126
47 48 126
