ID=3684920
numvertices=1423
numsimplices=2720
vertices
-1.500000e+00 -1.500000e+00
-1.000000e+00 -1.500000e+00
-5.000000e-01 -1.500000e+00
0.000000e+00 -1.500000e+00
5.000000e-01 -1.500000e+00
1.000000e+00 -1.500000e+00
1.500000e+00 -1.500000e+00
-1.500000e+00 -1.000000e+00
-1.000000e+00 -1.000000e+00
-5.000000e-01 -1.000000e+00
0.000000e+00 -1.000000e+00
5.000000e-01 -1.000000e+00
1.000000e+00 -1.000000e+00
1.500000e+00 -1.000000e+00
-1.500000e+00 -5.000000e-01
-1.000000e+00 -5.000000e-01
-5.000000e-01 -5.000000e-01
0.000000e+00 -5.000000e-01
5.000000e-01 -5.000000e-01
1.000000e+00 -5.000000e-01
1.500000e+00 -5.000000e-01
-1.500000e+00 0.000000e+00
-1.000000e+00 0.000000e+00
-5.000000e-01 0.000000e+00
0.000000e+00 0.000000e+00
5.000000e-01 0.000000e+00
1.000000e+00 0.000000e+00
1.500000e+00 0.000000e+00
-1.500000e+00 5.000000e-01
-1.000000e+00 5.000000e-01
-5.000000e-01 5.000000e-01
0.000000e+00 5.000000e-01
5.000000e-01 5.000000e-01
1.000000e+00 5.000000e-01
1.500000e+00 5.000000e-01
-1.500000e+00 1.000000e+00
-1.000000e+00 1.000000e+00
-5.000000e-01 1.000000e+00
0.000000e+00 1.000000e+00
5.000000e-01 1.000000e+00
1.000000e+00 1.000000e+00
1.500000e+00 1.000000e+00
-1.500000e+00 1.500000e+00
-1.000000e+00 1.500000e+00
-5.000000e-01 1.500000e+00
0.000000e+00 1.500000e+00
5.000000e-01 1.500000e+00
1.000000e+00 1.500000e+00
1.500000e+00 1.500000e+00
-1.000000e+00 -1.250000e+00
-1.250000e+00 -1.250000e+00
-1.250000e+00 -1.000000e+00
-5.000000e-01 -1.250000e+00
-7.500000e-01 -1.250000e+00
-7.500000e-01 -1.500000e+00
-7.500000e-01 -1.000000e+00
0.000000e+00 -1.250000e+00
-2.500000e-01 -1.250000e+00
-2.500000e-01 -1.500000e+00
-2.500000e-01 -1.000000e+00
5.000000e-01 -1.250000e+00
2.500000e-01 -1.250000e+00
2.500000e-01 -1.500000e+00
2.500000e-01 -1.000000e+00
7.500000e-01 -1.250000e+00
7.500000e-01 -1.000000e+00
-1.000000e+00 -7.500000e-01
-1.250000e+00 -7.500000e-01
-1.250000e+00 -5.000000e-01
-1.500000e+00 -7.500000e-01
-5.000000e-01 -7.500000e-01
-7.500000e-01 -7.500000e-01
-7.500000e-01 -5.000000e-01
-2.500000e-01 -7.500000e-01
2.500000e-01 -7.500000e-01
1.000000e+00 -7.500000e-01
7.500000e-01 -7.500000e-01
1.250000e+00 -7.500000e-01
1.250000e+00 -5.000000e-01
-1.000000e+00 -2.500000e-01
-1.250000e+00 -2.500000e-01
-1.250000e+00 0.000000e+00
-1.500000e+00 -2.500000e-01
-7.500000e-01 -2.500000e-01
1.000000e+00 -2.500000e-01
7.500000e-01 -2.500000e-01
1.500000e+00 -2.500000e-01
1.250000e+00 -2.500000e-01
1.250000e+00 0.000000e+00
-1.000000e+00 2.500000e-01
-1.250000e+00 2.500000e-01
-1.250000e+00 5.000000e-01
-1.500000e+00 2.500000e-01
-7.500000e-01 2.500000e-01
1.000000e+00 2.500000e-01
7.500000e-01 2.500000e-01
7.500000e-01 5.000000e-01
1.500000e+00 2.500000e-01
1.250000e+00 2.500000e-01
1.250000e+00 5.000000e-01
-1.000000e+00 7.500000e-01
-1.250000e+00 7.500000e-01
-7.500000e-01 7.500000e-01
-7.500000e-01 1.000000e+00
-2.500000e-01 7.500000e-01
-2.500000e-01 1.000000e+00
5.000000e-01 7.500000e-01
2.500000e-01 7.500000e-01
2.500000e-01 1.000000e+00
1.000000e+00 7.500000e-01
7.500000e-01 7.500000e-01
7.500000e-01 1.000000e+00
1.500000e+00 7.500000e-01
1.250000e+00 7.500000e-01
1.250000e+00 1.000000e+00
-5.000000e-01 1.250000e+00
-7.500000e-01 1.250000e+00
0.000000e+00 1.250000e+00
-2.500000e-01 1.250000e+00
-2.500000e-01 1.500000e+00
5.000000e-01 1.250000e+00
2.500000e-01 1.250000e+00
2.500000e-01 1.500000e+00
1.000000e+00 1.250000e+00
7.500000e-01 1.250000e+00
7.500000e-01 1.500000e+00
1.250000e+00 1.250000e+00
-1.125000e+00 -1.375000e+00
-1.250000e+00 -1.500000e+00
-1.000000e+00 -1.375000e+00
-1.125000e+00 -1.125000e+00
-1.000000e+00 -1.125000e+00
-1.375000e+00 -1.125000e+00
-1.500000e+00 -1.250000e+00
-1.375000e+00 -1.000000e+00
-1.125000e+00 -1.000000e+00
-7.500000e-01 -1.375000e+00
-6.250000e-01 -1.500000e+00
-6.250000e-01 -1.375000e+00
-8.750000e-01 -1.500000e+00
-8.750000e-01 -1.375000e+00
-6.250000e-01 -1.250000e+00
-5.000000e-01 -1.375000e+00
-6.250000e-01 -1.125000e+00
-5.000000e-01 -1.125000e+00
-8.750000e-01 -1.250000e+00
-8.750000e-01 -1.125000e+00
-7.500000e-01 -1.125000e+00
-8.750000e-01 -1.000000e+00
-6.250000e-01 -1.000000e+00
-2.500000e-01 -1.375000e+00
-1.250000e-01 -1.500000e+00
-1.250000e-01 -1.375000e+00
-3.750000e-01 -1.500000e+00
-3.750000e-01 -1.375000e+00
-1.250000e-01 -1.250000e+00
0.000000e+00 -1.375000e+00
-1.250000e-01 -1.125000e+00
0.000000e+00 -1.125000e+00
-3.750000e-01 -1.250000e+00
-3.750000e-01 -1.125000e+00
-2.500000e-01 -1.125000e+00
-3.750000e-01 -1.000000e+00
-1.250000e-01 -1.000000e+00
2.500000e-01 -1.375000e+00
3.750000e-01 -1.500000e+00
3.750000e-01 -1.375000e+00
1.250000e-01 -1.500000e+00
1.250000e-01 -1.375000e+00
3.750000e-01 -1.250000e+00
5.000000e-01 -1.375000e+00
3.750000e-01 -1.125000e+00
5.000000e-01 -1.125000e+00
1.250000e-01 -1.250000e+00
1.250000e-01 -1.125000e+00
2.500000e-01 -1.125000e+00
1.250000e-01 -1.000000e+00
3.750000e-01 -1.000000e+00
6.250000e-01 -1.375000e+00
7.500000e-01 -1.500000e+00
8.750000e-01 -1.125000e+00
1.000000e+00 -1.250000e+00
6.250000e-01 -1.250000e+00
6.250000e-01 -1.125000e+00
7.500000e-01 -1.125000e+00
6.250000e-01 -1.000000e+00
8.750000e-01 -1.000000e+00
1.250000e+00 -1.250000e+00
1.250000e+00 -1.000000e+00
-1.250000e+00 -8.750000e-01
-1.125000e+00 -8.750000e-01
-1.375000e+00 -8.750000e-01
-1.125000e+00 -7.500000e-01
-1.000000e+00 -8.750000e-01
-1.125000e+00 -6.250000e-01
-1.000000e+00 -6.250000e-01
-1.375000e+00 -7.500000e-01
-1.500000e+00 -6.250000e-01
-1.375000e+00 -6.250000e-01
-1.500000e+00 -8.750000e-01
-1.250000e+00 -6.250000e-01
-1.375000e+00 -5.000000e-01
-1.125000e+00 -5.000000e-01
-7.500000e-01 -8.750000e-01
-6.250000e-01 -8.750000e-01
-8.750000e-01 -8.750000e-01
-6.250000e-01 -7.500000e-01
-5.000000e-01 -8.750000e-01
-6.250000e-01 -6.250000e-01
-5.000000e-01 -6.250000e-01
-8.750000e-01 -7.500000e-01
-8.750000e-01 -6.250000e-01
-7.500000e-01 -6.250000e-01
-8.750000e-01 -5.000000e-01
-6.250000e-01 -5.000000e-01
-1.250000e-01 -8.750000e-01
-3.750000e-01 -8.750000e-01
0.000000e+00 -7.500000e-01
-3.750000e-01 -6.250000e-01
-2.500000e-01 -5.000000e-01
3.750000e-01 -8.750000e-01
1.250000e-01 -8.750000e-01
5.000000e-01 -7.500000e-01
7.500000e-01 -8.750000e-01
8.750000e-01 -8.750000e-01
6.250000e-01 -8.750000e-01
8.750000e-01 -7.500000e-01
1.000000e+00 -8.750000e-01
8.750000e-01 -6.250000e-01
1.000000e+00 -6.250000e-01
7.500000e-01 -5.000000e-01
1.125000e+00 -8.750000e-01
1.375000e+00 -6.250000e-01
1.500000e+00 -7.500000e-01
1.125000e+00 -7.500000e-01
1.125000e+00 -6.250000e-01
1.250000e+00 -6.250000e-01
1.125000e+00 -5.000000e-01
1.375000e+00 -5.000000e-01
-1.250000e+00 -3.750000e-01
-1.125000e+00 -3.750000e-01
-1.375000e+00 -3.750000e-01
-1.125000e+00 -2.500000e-01
-1.000000e+00 -3.750000e-01
-1.125000e+00 -1.250000e-01
-1.000000e+00 -1.250000e-01
-1.375000e+00 -2.500000e-01
-1.500000e+00 -1.250000e-01
-1.375000e+00 -1.250000e-01
-1.500000e+00 -3.750000e-01
-1.250000e+00 -1.250000e-01
-1.375000e+00 0.000000e+00
-1.125000e+00 0.000000e+00
-6.250000e-01 -3.750000e-01
-8.750000e-01 -3.750000e-01
-5.000000e-01 -2.500000e-01
-8.750000e-01 -1.250000e-01
-7.500000e-01 0.000000e+00
-2.500000e-01 -2.500000e-01
8.750000e-01 -3.750000e-01
1.000000e+00 -3.750000e-01
8.750000e-01 -1.250000e-01
1.000000e+00 -1.250000e-01
7.500000e-01 0.000000e+00
1.250000e+00 -3.750000e-01
1.375000e+00 -3.750000e-01
1.125000e+00 -3.750000e-01
1.375000e+00 -2.500000e-01
1.500000e+00 -3.750000e-01
1.375000e+00 -1.250000e-01
1.500000e+00 -1.250000e-01
1.125000e+00 -2.500000e-01
1.125000e+00 -1.250000e-01
1.250000e+00 -1.250000e-01
1.125000e+00 0.000000e+00
1.375000e+00 0.000000e+00
-1.250000e+00 1.250000e-01
-1.125000e+00 1.250000e-01
-1.375000e+00 1.250000e-01
-1.125000e+00 2.500000e-01
-1.000000e+00 1.250000e-01
-1.125000e+00 3.750000e-01
-1.000000e+00 3.750000e-01
-1.375000e+00 2.500000e-01
-1.500000e+00 3.750000e-01
-1.375000e+00 3.750000e-01
-1.500000e+00 1.250000e-01
-1.250000e+00 3.750000e-01
-1.375000e+00 5.000000e-01
-1.125000e+00 5.000000e-01
-8.750000e-01 1.250000e-01
-8.750000e-01 3.750000e-01
-7.500000e-01 5.000000e-01
5.000000e-01 2.500000e-01
2.500000e-01 2.500000e-01
2.500000e-01 5.000000e-01
8.750000e-01 1.250000e-01
1.000000e+00 1.250000e-01
8.750000e-01 3.750000e-01
1.000000e+00 3.750000e-01
6.250000e-01 3.750000e-01
6.250000e-01 5.000000e-01
8.750000e-01 5.000000e-01
1.250000e+00 1.250000e-01
1.375000e+00 1.250000e-01
1.125000e+00 1.250000e-01
1.375000e+00 2.500000e-01
1.500000e+00 1.250000e-01
1.375000e+00 3.750000e-01
1.500000e+00 3.750000e-01
1.125000e+00 2.500000e-01
1.125000e+00 3.750000e-01
1.250000e+00 3.750000e-01
1.125000e+00 5.000000e-01
1.375000e+00 5.000000e-01
-1.250000e+00 6.250000e-01
-1.125000e+00 6.250000e-01
-1.375000e+00 6.250000e-01
-1.125000e+00 7.500000e-01
-1.000000e+00 6.250000e-01
-1.125000e+00 8.750000e-01
-1.000000e+00 8.750000e-01
-1.500000e+00 7.500000e-01
-1.250000e+00 1.000000e+00
-8.750000e-01 6.250000e-01
-6.250000e-01 8.750000e-01
-5.000000e-01 7.500000e-01
-8.750000e-01 7.500000e-01
-8.750000e-01 8.750000e-01
-7.500000e-01 8.750000e-01
-8.750000e-01 1.000000e+00
-6.250000e-01 1.000000e+00
-1.250000e-01 8.750000e-01
0.000000e+00 7.500000e-01
-3.750000e-01 8.750000e-01
-3.750000e-01 1.000000e+00
-1.250000e-01 1.000000e+00
3.750000e-01 6.250000e-01
5.000000e-01 6.250000e-01
3.750000e-01 8.750000e-01
5.000000e-01 8.750000e-01
1.250000e-01 8.750000e-01
1.250000e-01 1.000000e+00
3.750000e-01 1.000000e+00
7.500000e-01 6.250000e-01
8.750000e-01 6.250000e-01
6.250000e-01 6.250000e-01
8.750000e-01 7.500000e-01
1.000000e+00 6.250000e-01
8.750000e-01 8.750000e-01
1.000000e+00 8.750000e-01
6.250000e-01 7.500000e-01
6.250000e-01 8.750000e-01
7.500000e-01 8.750000e-01
6.250000e-01 1.000000e+00
8.750000e-01 1.000000e+00
1.250000e+00 6.250000e-01
1.375000e+00 6.250000e-01
1.125000e+00 6.250000e-01
1.375000e+00 7.500000e-01
1.500000e+00 6.250000e-01
1.375000e+00 8.750000e-01
1.500000e+00 8.750000e-01
1.125000e+00 7.500000e-01
1.125000e+00 8.750000e-01
1.250000e+00 8.750000e-01
1.125000e+00 1.000000e+00
1.375000e+00 1.000000e+00
-1.000000e+00 1.250000e+00
-1.250000e+00 1.250000e+00
-7.500000e-01 1.125000e+00
-6.250000e-01 1.125000e+00
-8.750000e-01 1.125000e+00
-6.250000e-01 1.250000e+00
-5.000000e-01 1.125000e+00
-6.250000e-01 1.375000e+00
-5.000000e-01 1.375000e+00
-7.500000e-01 1.500000e+00
-2.500000e-01 1.125000e+00
-1.250000e-01 1.125000e+00
-3.750000e-01 1.125000e+00
-1.250000e-01 1.250000e+00
0.000000e+00 1.125000e+00
-1.250000e-01 1.375000e+00
0.000000e+00 1.375000e+00
-3.750000e-01 1.250000e+00
-3.750000e-01 1.375000e+00
-2.500000e-01 1.375000e+00
-3.750000e-01 1.500000e+00
-1.250000e-01 1.500000e+00
2.500000e-01 1.125000e+00
3.750000e-01 1.125000e+00
1.250000e-01 1.125000e+00
3.750000e-01 1.250000e+00
5.000000e-01 1.125000e+00
3.750000e-01 1.375000e+00
5.000000e-01 1.375000e+00
1.250000e-01 1.250000e+00
1.250000e-01 1.375000e+00
2.500000e-01 1.375000e+00
1.250000e-01 1.500000e+00
3.750000e-01 1.500000e+00
7.500000e-01 1.125000e+00
8.750000e-01 1.125000e+00
6.250000e-01 1.125000e+00
8.750000e-01 1.250000e+00
1.000000e+00 1.125000e+00
8.750000e-01 1.375000e+00
1.000000e+00 1.375000e+00
6.250000e-01 1.250000e+00
6.250000e-01 1.375000e+00
7.500000e-01 1.375000e+00
6.250000e-01 1.500000e+00
8.750000e-01 1.500000e+00
1.375000e+00 1.125000e+00
1.125000e+00 1.125000e+00
1.500000e+00 1.250000e+00
1.125000e+00 1.375000e+00
1.250000e+00 1.500000e+00
-1.125000e+00 -1.500000e+00
-1.062500e+00 -1.437500e+00
-1.000000e+00 -1.312500e+00
-1.062500e+00 -1.312500e+00
-1.000000e+00 -1.437500e+00
-1.125000e+00 -1.250000e+00
-1.000000e+00 -1.187500e+00
-1.062500e+00 -1.187500e+00
-1.000000e+00 -1.062500e+00
-1.062500e+00 -1.062500e+00
-1.500000e+00 -1.125000e+00
-1.437500e+00 -1.062500e+00
-1.312500e+00 -1.062500e+00
-1.250000e+00 -1.125000e+00
-1.312500e+00 -1.000000e+00
-1.437500e+00 -1.000000e+00
-1.187500e+00 -1.062500e+00
-1.187500e+00 -1.000000e+00
-1.062500e+00 -1.000000e+00
-6.875000e-01 -1.375000e+00
-6.875000e-01 -1.437500e+00
-7.500000e-01 -1.437500e+00
-6.875000e-01 -1.312500e+00
-7.500000e-01 -1.312500e+00
-6.250000e-01 -1.437500e+00
-6.875000e-01 -1.500000e+00
-5.625000e-01 -1.437500e+00
-5.625000e-01 -1.500000e+00
-8.125000e-01 -1.375000e+00
-8.125000e-01 -1.437500e+00
-8.125000e-01 -1.312500e+00
-8.750000e-01 -1.437500e+00
-8.125000e-01 -1.500000e+00
-9.375000e-01 -1.437500e+00
-9.375000e-01 -1.500000e+00
-5.625000e-01 -1.375000e+00
-5.000000e-01 -1.312500e+00
-5.625000e-01 -1.312500e+00
-5.000000e-01 -1.437500e+00
-6.250000e-01 -1.312500e+00
-5.625000e-01 -1.250000e+00
-6.875000e-01 -1.250000e+00
-5.625000e-01 -1.125000e+00
-5.000000e-01 -1.187500e+00
-5.625000e-01 -1.187500e+00
-5.000000e-01 -1.062500e+00
-5.625000e-01 -1.062500e+00
-6.250000e-01 -1.187500e+00
-6.875000e-01 -1.187500e+00
-9.375000e-01 -1.125000e+00
-9.375000e-01 -1.187500e+00
-9.375000e-01 -1.062500e+00
-8.750000e-01 -1.187500e+00
-9.375000e-01 -1.250000e+00
-8.125000e-01 -1.187500e+00
-8.125000e-01 -1.250000e+00
-9.375000e-01 -1.375000e+00
-9.375000e-01 -1.312500e+00
-8.750000e-01 -1.312500e+00
-8.125000e-01 -1.125000e+00
-7.500000e-01 -1.062500e+00
-8.125000e-01 -1.062500e+00
-7.500000e-01 -1.187500e+00
-8.750000e-01 -1.062500e+00
-8.125000e-01 -1.000000e+00
-9.375000e-01 -1.000000e+00
-6.875000e-01 -1.125000e+00
-6.875000e-01 -1.062500e+00
-6.250000e-01 -1.062500e+00
-6.875000e-01 -1.000000e+00
-5.625000e-01 -1.000000e+00
-1.875000e-01 -1.375000e+00
-1.875000e-01 -1.437500e+00
-2.500000e-01 -1.437500e+00
-1.875000e-01 -1.312500e+00
-2.500000e-01 -1.312500e+00
-1.250000e-01 -1.437500e+00
-1.875000e-01 -1.500000e+00
-6.250000e-02 -1.437500e+00
-6.250000e-02 -1.500000e+00
-3.125000e-01 -1.375000e+00
-3.125000e-01 -1.437500e+00
-3.125000e-01 -1.312500e+00
-3.750000e-01 -1.437500e+00
-3.125000e-01 -1.500000e+00
-4.375000e-01 -1.437500e+00
-4.375000e-01 -1.500000e+00
-6.250000e-02 -1.375000e+00
0.000000e+00 -1.312500e+00
-6.250000e-02 -1.312500e+00
0.000000e+00 -1.437500e+00
-1.250000e-01 -1.312500e+00
-6.250000e-02 -1.250000e+00
-1.875000e-01 -1.250000e+00
-6.250000e-02 -1.125000e+00
0.000000e+00 -1.187500e+00
-6.250000e-02 -1.187500e+00
0.000000e+00 -1.062500e+00
-6.250000e-02 -1.062500e+00
-1.250000e-01 -1.187500e+00
-1.875000e-01 -1.187500e+00
-4.375000e-01 -1.125000e+00
-4.375000e-01 -1.187500e+00
-4.375000e-01 -1.062500e+00
-3.750000e-01 -1.187500e+00
-4.375000e-01 -1.250000e+00
-3.125000e-01 -1.187500e+00
-3.125000e-01 -1.250000e+00
-4.375000e-01 -1.375000e+00
-4.375000e-01 -1.312500e+00
-3.750000e-01 -1.312500e+00
-3.125000e-01 -1.125000e+00
-2.500000e-01 -1.062500e+00
-3.125000e-01 -1.062500e+00
-2.500000e-01 -1.187500e+00
-3.750000e-01 -1.062500e+00
-3.125000e-01 -1.000000e+00
-4.375000e-01 -1.000000e+00
-1.875000e-01 -1.125000e+00
-1.875000e-01 -1.062500e+00
-1.250000e-01 -1.062500e+00
-1.875000e-01 -1.000000e+00
-6.250000e-02 -1.000000e+00
3.125000e-01 -1.375000e+00
3.125000e-01 -1.437500e+00
2.500000e-01 -1.437500e+00
3.125000e-01 -1.312500e+00
2.500000e-01 -1.312500e+00
3.750000e-01 -1.437500e+00
3.125000e-01 -1.500000e+00
4.375000e-01 -1.437500e+00
4.375000e-01 -1.500000e+00
1.875000e-01 -1.375000e+00
1.875000e-01 -1.437500e+00
1.875000e-01 -1.312500e+00
1.250000e-01 -1.437500e+00
1.875000e-01 -1.500000e+00
6.250000e-02 -1.437500e+00
6.250000e-02 -1.500000e+00
4.375000e-01 -1.375000e+00
5.000000e-01 -1.312500e+00
4.375000e-01 -1.312500e+00
5.000000e-01 -1.437500e+00
3.750000e-01 -1.312500e+00
4.375000e-01 -1.250000e+00
3.125000e-01 -1.250000e+00
4.375000e-01 -1.125000e+00
5.000000e-01 -1.187500e+00
4.375000e-01 -1.187500e+00
5.000000e-01 -1.062500e+00
4.375000e-01 -1.062500e+00
3.750000e-01 -1.187500e+00
3.125000e-01 -1.187500e+00
6.250000e-02 -1.125000e+00
6.250000e-02 -1.187500e+00
6.250000e-02 -1.062500e+00
1.250000e-01 -1.187500e+00
6.250000e-02 -1.250000e+00
1.875000e-01 -1.187500e+00
1.875000e-01 -1.250000e+00
6.250000e-02 -1.375000e+00
6.250000e-02 -1.312500e+00
1.250000e-01 -1.312500e+00
1.875000e-01 -1.125000e+00
2.500000e-01 -1.062500e+00
1.875000e-01 -1.062500e+00
2.500000e-01 -1.187500e+00
1.250000e-01 -1.062500e+00
1.875000e-01 -1.000000e+00
6.250000e-02 -1.000000e+00
3.125000e-01 -1.125000e+00
3.125000e-01 -1.062500e+00
3.750000e-01 -1.062500e+00
3.125000e-01 -1.000000e+00
4.375000e-01 -1.000000e+00
7.500000e-01 -1.375000e+00
8.750000e-01 -1.375000e+00
6.875000e-01 -1.312500e+00
6.250000e-01 -1.500000e+00
5.625000e-01 -1.437500e+00
8.750000e-01 -1.250000e+00
8.125000e-01 -1.187500e+00
1.000000e+00 -1.125000e+00
9.375000e-01 -1.062500e+00
5.625000e-01 -1.125000e+00
5.625000e-01 -1.187500e+00
5.625000e-01 -1.062500e+00
6.250000e-01 -1.187500e+00
5.625000e-01 -1.250000e+00
6.875000e-01 -1.187500e+00
6.875000e-01 -1.250000e+00
5.625000e-01 -1.375000e+00
5.625000e-01 -1.312500e+00
6.250000e-01 -1.312500e+00
6.875000e-01 -1.125000e+00
7.500000e-01 -1.062500e+00
6.875000e-01 -1.062500e+00
7.500000e-01 -1.187500e+00
6.250000e-01 -1.062500e+00
6.875000e-01 -1.000000e+00
5.625000e-01 -1.000000e+00
8.125000e-01 -1.125000e+00
8.125000e-01 -1.062500e+00
8.750000e-01 -1.062500e+00
8.125000e-01 -1.000000e+00
9.375000e-01 -1.000000e+00
1.125000e+00 -1.125000e+00
1.125000e+00 -1.000000e+00
-1.125000e+00 -9.375000e-01
-1.187500e+00 -9.375000e-01
-1.062500e+00 -9.375000e-01
-1.187500e+00 -8.750000e-01
-1.250000e+00 -9.375000e-01
-1.187500e+00 -8.125000e-01
-1.250000e+00 -8.125000e-01
-1.375000e+00 -9.375000e-01
-1.312500e+00 -9.375000e-01
-1.437500e+00 -9.375000e-01
-1.312500e+00 -8.750000e-01
-1.312500e+00 -8.125000e-01
-1.062500e+00 -8.750000e-01
-1.000000e+00 -8.125000e-01
-1.062500e+00 -8.125000e-01
-1.000000e+00 -9.375000e-01
-1.125000e+00 -8.125000e-01
-1.062500e+00 -7.500000e-01
-1.187500e+00 -7.500000e-01
-1.062500e+00 -6.250000e-01
-1.000000e+00 -6.875000e-01
-1.062500e+00 -6.875000e-01
-1.000000e+00 -5.625000e-01
-1.062500e+00 -5.625000e-01
-1.125000e+00 -6.875000e-01
-1.187500e+00 -6.875000e-01
-1.375000e+00 -6.875000e-01
-1.437500e+00 -6.875000e-01
-1.437500e+00 -7.500000e-01
-1.312500e+00 -6.875000e-01
-1.312500e+00 -7.500000e-01
-1.437500e+00 -6.250000e-01
-1.500000e+00 -6.875000e-01
-1.437500e+00 -5.625000e-01
-1.500000e+00 -5.625000e-01
-1.375000e+00 -8.125000e-01
-1.437500e+00 -8.125000e-01
-1.437500e+00 -8.750000e-01
-1.500000e+00 -8.125000e-01
-1.500000e+00 -9.375000e-01
-1.312500e+00 -6.250000e-01
-1.250000e+00 -5.625000e-01
-1.312500e+00 -5.625000e-01
-1.250000e+00 -6.875000e-01
-1.375000e+00 -5.625000e-01
-1.312500e+00 -5.000000e-01
-1.437500e+00 -5.000000e-01
-1.187500e+00 -6.250000e-01
-1.187500e+00 -5.625000e-01
-1.125000e+00 -5.625000e-01
-1.187500e+00 -5.000000e-01
-1.062500e+00 -5.000000e-01
-6.250000e-01 -9.375000e-01
-6.875000e-01 -9.375000e-01
-5.625000e-01 -9.375000e-01
-6.875000e-01 -8.750000e-01
-7.500000e-01 -9.375000e-01
-6.875000e-01 -8.125000e-01
-7.500000e-01 -8.125000e-01
-8.750000e-01 -9.375000e-01
-8.125000e-01 -9.375000e-01
-9.375000e-01 -9.375000e-01
-8.125000e-01 -8.750000e-01
-8.125000e-01 -8.125000e-01
-5.625000e-01 -8.750000e-01
-5.000000e-01 -8.125000e-01
-5.625000e-01 -8.125000e-01
-5.000000e-01 -9.375000e-01
-6.250000e-01 -8.125000e-01
-5.625000e-01 -7.500000e-01
-6.875000e-01 -7.500000e-01
-5.625000e-01 -6.250000e-01
-5.000000e-01 -6.875000e-01
-5.625000e-01 -6.875000e-01
-5.000000e-01 -5.625000e-01
-5.625000e-01 -5.625000e-01
-6.250000e-01 -6.875000e-01
-6.875000e-01 -6.875000e-01
-9.375000e-01 -6.250000e-01
-9.375000e-01 -6.875000e-01
-9.375000e-01 -5.625000e-01
-8.750000e-01 -6.875000e-01
-9.375000e-01 -7.500000e-01
-8.125000e-01 -6.875000e-01
-8.125000e-01 -7.500000e-01
-9.375000e-01 -8.750000e-01
-9.375000e-01 -8.125000e-01
-8.750000e-01 -8.125000e-01
-8.125000e-01 -6.250000e-01
-7.500000e-01 -5.625000e-01
-8.125000e-01 -5.625000e-01
-7.500000e-01 -6.875000e-01
-8.750000e-01 -5.625000e-01
-8.125000e-01 -5.000000e-01
-9.375000e-01 -5.000000e-01
-6.875000e-01 -6.250000e-01
-6.875000e-01 -5.625000e-01
-6.250000e-01 -5.625000e-01
-6.875000e-01 -5.000000e-01
-5.625000e-01 -5.000000e-01
-1.875000e-01 -9.375000e-01
-6.250000e-02 -9.375000e-01
-2.500000e-01 -8.750000e-01
-3.125000e-01 -9.375000e-01
-4.375000e-01 -9.375000e-01
0.000000e+00 -8.750000e-01
-4.375000e-01 -6.875000e-01
-4.375000e-01 -5.625000e-01
-3.750000e-01 -7.500000e-01
-4.375000e-01 -8.125000e-01
-3.750000e-01 -5.000000e-01
3.125000e-01 -9.375000e-01
4.375000e-01 -9.375000e-01
2.500000e-01 -8.750000e-01
1.875000e-01 -9.375000e-01
6.250000e-02 -9.375000e-01
5.000000e-01 -8.750000e-01
8.750000e-01 -9.375000e-01
8.125000e-01 -9.375000e-01
9.375000e-01 -9.375000e-01
8.125000e-01 -8.750000e-01
7.500000e-01 -9.375000e-01
8.125000e-01 -8.125000e-01
7.500000e-01 -8.125000e-01
6.250000e-01 -9.375000e-01
6.875000e-01 -9.375000e-01
5.625000e-01 -9.375000e-01
6.875000e-01 -8.750000e-01
6.875000e-01 -8.125000e-01
9.375000e-01 -8.750000e-01
1.000000e+00 -8.125000e-01
9.375000e-01 -8.125000e-01
1.000000e+00 -9.375000e-01
8.750000e-01 -8.125000e-01
9.375000e-01 -7.500000e-01
8.125000e-01 -7.500000e-01
9.375000e-01 -6.250000e-01
1.000000e+00 -6.875000e-01
9.375000e-01 -6.875000e-01
1.000000e+00 -5.625000e-01
9.375000e-01 -5.625000e-01
8.750000e-01 -6.875000e-01
8.125000e-01 -6.875000e-01
6.250000e-01 -7.500000e-01
6.250000e-01 -6.250000e-01
7.500000e-01 -6.250000e-01
8.750000e-01 -5.000000e-01
1.250000e+00 -8.750000e-01
1.375000e+00 -8.750000e-01
1.187500e+00 -8.125000e-01
1.062500e+00 -9.375000e-01
1.375000e+00 -7.500000e-01
1.312500e+00 -6.875000e-01
1.500000e+00 -6.250000e-01
1.437500e+00 -5.625000e-01
1.062500e+00 -6.250000e-01
1.062500e+00 -6.875000e-01
1.062500e+00 -5.625000e-01
1.125000e+00 -6.875000e-01
1.062500e+00 -7.500000e-01
1.187500e+00 -6.875000e-01
1.187500e+00 -7.500000e-01
1.062500e+00 -8.750000e-01
1.062500e+00 -8.125000e-01
1.125000e+00 -8.125000e-01
1.187500e+00 -6.250000e-01
1.250000e+00 -5.625000e-01
1.187500e+00 -5.625000e-01
1.250000e+00 -6.875000e-01
1.125000e+00 -5.625000e-01
1.187500e+00 -5.000000e-01
1.062500e+00 -5.000000e-01
1.312500e+00 -6.250000e-01
1.312500e+00 -5.625000e-01
1.375000e+00 -5.625000e-01
1.312500e+00 -5.000000e-01
1.437500e+00 -5.000000e-01
-1.125000e+00 -4.375000e-01
-1.187500e+00 -4.375000e-01
-1.062500e+00 -4.375000e-01
-1.187500e+00 -3.750000e-01
-1.250000e+00 -4.375000e-01
-1.187500e+00 -3.125000e-01
-1.250000e+00 -3.125000e-01
-1.375000e+00 -4.375000e-01
-1.312500e+00 -4.375000e-01
-1.437500e+00 -4.375000e-01
-1.312500e+00 -3.750000e-01
-1.312500e+00 -3.125000e-01
-1.062500e+00 -3.750000e-01
-1.000000e+00 -3.125000e-01
-1.062500e+00 -3.125000e-01
-1.000000e+00 -4.375000e-01
-1.125000e+00 -3.125000e-01
-1.062500e+00 -2.500000e-01
-1.187500e+00 -2.500000e-01
-1.062500e+00 -1.250000e-01
-1.000000e+00 -1.875000e-01
-1.062500e+00 -1.875000e-01
-1.000000e+00 -6.250000e-02
-1.062500e+00 -6.250000e-02
-1.125000e+00 -1.875000e-01
-1.187500e+00 -1.875000e-01
-1.375000e+00 -1.875000e-01
-1.437500e+00 -1.875000e-01
-1.437500e+00 -2.500000e-01
-1.312500e+00 -1.875000e-01
-1.312500e+00 -2.500000e-01
-1.437500e+00 -1.250000e-01
-1.500000e+00 -1.875000e-01
-1.437500e+00 -6.250000e-02
-1.500000e+00 -6.250000e-02
-1.375000e+00 -3.125000e-01
-1.437500e+00 -3.125000e-01
-1.437500e+00 -3.750000e-01
-1.500000e+00 -3.125000e-01
-1.500000e+00 -4.375000e-01
-1.312500e+00 -1.250000e-01
-1.250000e+00 -6.250000e-02
-1.312500e+00 -6.250000e-02
-1.250000e+00 -1.875000e-01
-1.375000e+00 -6.250000e-02
-1.312500e+00 0.000000e+00
-1.437500e+00 0.000000e+00
-1.187500e+00 -1.250000e-01
-1.187500e+00 -6.250000e-02
-1.125000e+00 -6.250000e-02
-1.187500e+00 0.000000e+00
-1.062500e+00 0.000000e+00
-6.875000e-01 -4.375000e-01
-5.625000e-01 -4.375000e-01
-7.500000e-01 -3.750000e-01
-8.125000e-01 -4.375000e-01
-9.375000e-01 -4.375000e-01
-5.000000e-01 -3.750000e-01
-9.375000e-01 -1.875000e-01
-9.375000e-01 -6.250000e-02
-8.750000e-01 -2.500000e-01
-9.375000e-01 -3.125000e-01
-8.750000e-01 0.000000e+00
-3.750000e-01 -3.750000e-01
9.375000e-01 -4.375000e-01
1.000000e+00 -3.125000e-01
9.375000e-01 -3.125000e-01
1.000000e+00 -4.375000e-01
8.750000e-01 -2.500000e-01
1.000000e+00 -1.875000e-01
9.375000e-01 -1.875000e-01
1.000000e+00 -6.250000e-02
9.375000e-01 -6.250000e-02
8.750000e-01 0.000000e+00
1.375000e+00 -4.375000e-01
1.312500e+00 -4.375000e-01
1.437500e+00 -4.375000e-01
1.312500e+00 -3.750000e-01
1.250000e+00 -4.375000e-01
1.312500e+00 -3.125000e-01
1.250000e+00 -3.125000e-01
1.125000e+00 -4.375000e-01
1.187500e+00 -4.375000e-01
1.062500e+00 -4.375000e-01
1.187500e+00 -3.750000e-01
1.187500e+00 -3.125000e-01
1.437500e+00 -3.750000e-01
1.500000e+00 -3.125000e-01
1.437500e+00 -3.125000e-01
1.500000e+00 -4.375000e-01
1.375000e+00 -3.125000e-01
1.437500e+00 -2.500000e-01
1.312500e+00 -2.500000e-01
1.437500e+00 -1.250000e-01
1.500000e+00 -1.875000e-01
1.437500e+00 -1.875000e-01
1.500000e+00 -6.250000e-02
1.437500e+00 -6.250000e-02
1.375000e+00 -1.875000e-01
1.312500e+00 -1.875000e-01
1.062500e+00 -1.250000e-01
1.062500e+00 -1.875000e-01
1.062500e+00 -6.250000e-02
1.125000e+00 -1.875000e-01
1.062500e+00 -2.500000e-01
1.187500e+00 -1.875000e-01
1.187500e+00 -2.500000e-01
1.062500e+00 -3.750000e-01
1.062500e+00 -3.125000e-01
1.125000e+00 -3.125000e-01
1.187500e+00 -1.250000e-01
1.250000e+00 -6.250000e-02
1.187500e+00 -6.250000e-02
1.250000e+00 -1.875000e-01
1.125000e+00 -6.250000e-02
1.187500e+00 0.000000e+00
1.062500e+00 0.000000e+00
1.312500e+00 -1.250000e-01
1.312500e+00 -6.250000e-02
1.375000e+00 -6.250000e-02
1.312500e+00 0.000000e+00
1.437500e+00 0.000000e+00
-1.125000e+00 6.250000e-02
-1.187500e+00 6.250000e-02
-1.062500e+00 6.250000e-02
-1.187500e+00 1.250000e-01
-1.250000e+00 6.250000e-02
-1.187500e+00 1.875000e-01
-1.250000e+00 1.875000e-01
-1.375000e+00 6.250000e-02
-1.312500e+00 6.250000e-02
-1.437500e+00 6.250000e-02
-1.312500e+00 1.250000e-01
-1.312500e+00 1.875000e-01
-1.062500e+00 1.250000e-01
-1.000000e+00 1.875000e-01
-1.062500e+00 1.875000e-01
-1.000000e+00 6.250000e-02
-1.125000e+00 1.875000e-01
-1.062500e+00 2.500000e-01
-1.187500e+00 2.500000e-01
-1.062500e+00 3.750000e-01
-1.000000e+00 3.125000e-01
-1.062500e+00 3.125000e-01
-1.000000e+00 4.375000e-01
-1.062500e+00 4.375000e-01
-1.125000e+00 3.125000e-01
-1.187500e+00 3.125000e-01
-1.375000e+00 3.125000e-01
-1.437500e+00 3.125000e-01
-1.437500e+00 2.500000e-01
-1.312500e+00 3.125000e-01
-1.312500e+00 2.500000e-01
-1.437500e+00 3.750000e-01
-1.500000e+00 3.125000e-01
-1.437500e+00 4.375000e-01
-1.500000e+00 4.375000e-01
-1.375000e+00 1.875000e-01
-1.437500e+00 1.875000e-01
-1.437500e+00 1.250000e-01
-1.500000e+00 1.875000e-01
-1.500000e+00 6.250000e-02
-1.312500e+00 3.750000e-01
-1.250000e+00 4.375000e-01
-1.312500e+00 4.375000e-01
-1.250000e+00 3.125000e-01
-1.375000e+00 4.375000e-01
-1.312500e+00 5.000000e-01
-1.437500e+00 5.000000e-01
-1.187500e+00 3.750000e-01
-1.187500e+00 4.375000e-01
-1.125000e+00 4.375000e-01
-1.187500e+00 5.000000e-01
-1.062500e+00 5.000000e-01
-9.375000e-01 6.250000e-02
-9.375000e-01 3.125000e-01
-9.375000e-01 4.375000e-01
-8.750000e-01 2.500000e-01
-9.375000e-01 1.875000e-01
-8.750000e-01 5.000000e-01
3.750000e-01 3.750000e-01
5.000000e-01 3.750000e-01
3.750000e-01 5.000000e-01
9.375000e-01 6.250000e-02
1.000000e+00 1.875000e-01
9.375000e-01 1.875000e-01
1.000000e+00 6.250000e-02
8.750000e-01 2.500000e-01
1.000000e+00 3.125000e-01
9.375000e-01 3.125000e-01
1.000000e+00 4.375000e-01
9.375000e-01 4.375000e-01
5.625000e-01 4.375000e-01
6.875000e-01 4.375000e-01
7.500000e-01 3.750000e-01
6.875000e-01 5.000000e-01
5.625000e-01 5.000000e-01
8.125000e-01 4.375000e-01
8.125000e-01 5.000000e-01
9.375000e-01 5.000000e-01
1.375000e+00 6.250000e-02
1.312500e+00 6.250000e-02
1.437500e+00 6.250000e-02
1.312500e+00 1.250000e-01
1.250000e+00 6.250000e-02
1.312500e+00 1.875000e-01
1.250000e+00 1.875000e-01
1.125000e+00 6.250000e-02
1.187500e+00 6.250000e-02
1.062500e+00 6.250000e-02
1.187500e+00 1.250000e-01
1.187500e+00 1.875000e-01
1.437500e+00 1.250000e-01
1.500000e+00 1.875000e-01
1.437500e+00 1.875000e-01
1.500000e+00 6.250000e-02
1.375000e+00 1.875000e-01
1.437500e+00 2.500000e-01
1.312500e+00 2.500000e-01
1.437500e+00 3.750000e-01
1.500000e+00 3.125000e-01
1.437500e+00 3.125000e-01
1.500000e+00 4.375000e-01
1.437500e+00 4.375000e-01
1.375000e+00 3.125000e-01
1.312500e+00 3.125000e-01
1.062500e+00 3.750000e-01
1.062500e+00 3.125000e-01
1.062500e+00 4.375000e-01
1.125000e+00 3.125000e-01
1.062500e+00 2.500000e-01
1.187500e+00 3.125000e-01
1.187500e+00 2.500000e-01
1.062500e+00 1.250000e-01
1.062500e+00 1.875000e-01
1.125000e+00 1.875000e-01
1.187500e+00 3.750000e-01
1.250000e+00 4.375000e-01
1.187500e+00 4.375000e-01
1.250000e+00 3.125000e-01
1.125000e+00 4.375000e-01
1.187500e+00 5.000000e-01
1.062500e+00 5.000000e-01
1.312500e+00 3.750000e-01
1.312500e+00 4.375000e-01
1.375000e+00 4.375000e-01
1.312500e+00 5.000000e-01
1.437500e+00 5.000000e-01
-1.125000e+00 5.625000e-01
-1.187500e+00 5.625000e-01
-1.062500e+00 5.625000e-01
-1.187500e+00 6.250000e-01
-1.250000e+00 5.625000e-01
-1.187500e+00 6.875000e-01
-1.250000e+00 6.875000e-01
-1.375000e+00 5.625000e-01
-1.312500e+00 5.625000e-01
-1.437500e+00 5.625000e-01
-1.312500e+00 6.250000e-01
-1.312500e+00 6.875000e-01
-1.062500e+00 6.250000e-01
-1.000000e+00 6.875000e-01
-1.062500e+00 6.875000e-01
-1.000000e+00 5.625000e-01
-1.125000e+00 6.875000e-01
-1.062500e+00 7.500000e-01
-1.187500e+00 7.500000e-01
-1.062500e+00 8.750000e-01
-1.000000e+00 8.125000e-01
-1.062500e+00 8.125000e-01
-1.000000e+00 9.375000e-01
-1.062500e+00 9.375000e-01
-1.125000e+00 8.125000e-01
-1.187500e+00 8.125000e-01
-1.375000e+00 7.500000e-01
-1.375000e+00 8.750000e-01
-1.500000e+00 6.250000e-01
-1.250000e+00 8.750000e-01
-1.125000e+00 1.000000e+00
-7.500000e-01 6.250000e-01
-6.250000e-01 6.250000e-01
-8.125000e-01 6.875000e-01
-9.375000e-01 5.625000e-01
-6.250000e-01 7.500000e-01
-6.875000e-01 8.125000e-01
-5.000000e-01 8.750000e-01
-5.625000e-01 9.375000e-01
-9.375000e-01 8.750000e-01
-9.375000e-01 8.125000e-01
-9.375000e-01 9.375000e-01
-8.750000e-01 8.125000e-01
-9.375000e-01 7.500000e-01
-8.125000e-01 8.125000e-01
-8.125000e-01 7.500000e-01
-9.375000e-01 6.250000e-01
-9.375000e-01 6.875000e-01
-8.750000e-01 6.875000e-01
-8.125000e-01 8.750000e-01
-7.500000e-01 9.375000e-01
-8.125000e-01 9.375000e-01
-7.500000e-01 8.125000e-01
-8.750000e-01 9.375000e-01
-8.125000e-01 1.000000e+00
-9.375000e-01 1.000000e+00
-6.875000e-01 8.750000e-01
-6.875000e-01 9.375000e-01
-6.250000e-01 9.375000e-01
-6.875000e-01 1.000000e+00
-5.625000e-01 1.000000e+00
0.000000e+00 8.750000e-01
-6.250000e-02 9.375000e-01
-4.375000e-01 9.375000e-01
-3.125000e-01 9.375000e-01
-2.500000e-01 8.750000e-01
-3.125000e-01 1.000000e+00
-4.375000e-01 1.000000e+00
-1.875000e-01 9.375000e-01
-1.875000e-01 1.000000e+00
-6.250000e-02 1.000000e+00
4.375000e-01 5.625000e-01
5.000000e-01 6.875000e-01
4.375000e-01 6.875000e-01
5.000000e-01 5.625000e-01
3.750000e-01 7.500000e-01
5.000000e-01 8.125000e-01
4.375000e-01 8.125000e-01
5.000000e-01 9.375000e-01
4.375000e-01 9.375000e-01
6.250000e-02 9.375000e-01
1.875000e-01 9.375000e-01
2.500000e-01 8.750000e-01
1.875000e-01 1.000000e+00
6.250000e-02 1.000000e+00
3.125000e-01 9.375000e-01
3.125000e-01 1.000000e+00
4.375000e-01 1.000000e+00
8.750000e-01 5.625000e-01
8.125000e-01 5.625000e-01
9.375000e-01 5.625000e-01
8.125000e-01 6.250000e-01
7.500000e-01 5.625000e-01
8.125000e-01 6.875000e-01
7.500000e-01 6.875000e-01
6.250000e-01 5.625000e-01
6.875000e-01 5.625000e-01
5.625000e-01 5.625000e-01
6.875000e-01 6.250000e-01
6.875000e-01 6.875000e-01
9.375000e-01 6.250000e-01
1.000000e+00 6.875000e-01
9.375000e-01 6.875000e-01
1.000000e+00 5.625000e-01
8.750000e-01 6.875000e-01
9.375000e-01 7.500000e-01
8.125000e-01 7.500000e-01
9.375000e-01 8.750000e-01
1.000000e+00 8.125000e-01
9.375000e-01 8.125000e-01
1.000000e+00 9.375000e-01
9.375000e-01 9.375000e-01
8.750000e-01 8.125000e-01
8.125000e-01 8.125000e-01
5.625000e-01 8.750000e-01
5.625000e-01 8.125000e-01
5.625000e-01 9.375000e-01
6.250000e-01 8.125000e-01
5.625000e-01 7.500000e-01
6.875000e-01 8.125000e-01
6.875000e-01 7.500000e-01
5.625000e-01 6.250000e-01
5.625000e-01 6.875000e-01
6.250000e-01 6.875000e-01
6.875000e-01 8.750000e-01
7.500000e-01 9.375000e-01
6.875000e-01 9.375000e-01
7.500000e-01 8.125000e-01
6.250000e-01 9.375000e-01
6.875000e-01 1.000000e+00
5.625000e-01 1.000000e+00
8.125000e-01 8.750000e-01
8.125000e-01 9.375000e-01
8.750000e-01 9.375000e-01
8.125000e-01 1.000000e+00
9.375000e-01 1.000000e+00
1.375000e+00 5.625000e-01
1.312500e+00 5.625000e-01
1.437500e+00 5.625000e-01
1.312500e+00 6.250000e-01
1.250000e+00 5.625000e-01
1.312500e+00 6.875000e-01
1.250000e+00 6.875000e-01
1.125000e+00 5.625000e-01
1.187500e+00 5.625000e-01
1.062500e+00 5.625000e-01
1.187500e+00 6.250000e-01
1.187500e+00 6.875000e-01
1.437500e+00 6.250000e-01
1.500000e+00 6.875000e-01
1.437500e+00 6.875000e-01
1.500000e+00 5.625000e-01
1.375000e+00 6.875000e-01
1.437500e+00 7.500000e-01
1.312500e+00 7.500000e-01
1.437500e+00 8.750000e-01
1.500000e+00 8.125000e-01
1.437500e+00 8.125000e-01
1.500000e+00 9.375000e-01
1.437500e+00 9.375000e-01
1.375000e+00 8.125000e-01
1.312500e+00 8.125000e-01
1.062500e+00 8.750000e-01
1.062500e+00 8.125000e-01
1.062500e+00 9.375000e-01
1.125000e+00 8.125000e-01
1.062500e+00 7.500000e-01
1.187500e+00 8.125000e-01
1.187500e+00 7.500000e-01
1.062500e+00 6.250000e-01
1.062500e+00 6.875000e-01
1.125000e+00 6.875000e-01
1.187500e+00 8.750000e-01
1.250000e+00 9.375000e-01
1.187500e+00 9.375000e-01
1.250000e+00 8.125000e-01
1.125000e+00 9.375000e-01
1.187500e+00 1.000000e+00
1.062500e+00 1.000000e+00
1.312500e+00 8.750000e-01
1.312500e+00 9.375000e-01
1.375000e+00 9.375000e-01
1.312500e+00 1.000000e+00
1.437500e+00 1.000000e+00
-1.125000e+00 1.125000e+00
-1.000000e+00 1.125000e+00
-6.250000e-01 1.062500e+00
-6.875000e-01 1.062500e+00
-5.625000e-01 1.062500e+00
-6.875000e-01 1.125000e+00
-7.500000e-01 1.062500e+00
-6.875000e-01 1.187500e+00
-7.500000e-01 1.187500e+00
-8.750000e-01 1.062500e+00
-8.125000e-01 1.062500e+00
-9.375000e-01 1.062500e+00
-8.125000e-01 1.125000e+00
-8.125000e-01 1.187500e+00
-5.625000e-01 1.125000e+00
-5.000000e-01 1.187500e+00
-5.625000e-01 1.187500e+00
-5.000000e-01 1.062500e+00
-6.250000e-01 1.187500e+00
-5.625000e-01 1.250000e+00
-6.875000e-01 1.250000e+00
-5.625000e-01 1.375000e+00
-5.000000e-01 1.312500e+00
-5.625000e-01 1.312500e+00
-5.000000e-01 1.437500e+00
-5.625000e-01 1.437500e+00
-6.250000e-01 1.312500e+00
-6.875000e-01 1.312500e+00
-8.750000e-01 1.250000e+00
-8.750000e-01 1.375000e+00
-7.500000e-01 1.375000e+00
-6.250000e-01 1.500000e+00
-1.250000e-01 1.062500e+00
-1.875000e-01 1.062500e+00
-6.250000e-02 1.062500e+00
-1.875000e-01 1.125000e+00
-2.500000e-01 1.062500e+00
-1.875000e-01 1.187500e+00
-2.500000e-01 1.187500e+00
-3.750000e-01 1.062500e+00
-3.125000e-01 1.062500e+00
-4.375000e-01 1.062500e+00
-3.125000e-01 1.125000e+00
-3.125000e-01 1.187500e+00
-6.250000e-02 1.125000e+00
0.000000e+00 1.187500e+00
-6.250000e-02 1.187500e+00
0.000000e+00 1.062500e+00
-1.250000e-01 1.187500e+00
-6.250000e-02 1.250000e+00
-1.875000e-01 1.250000e+00
-6.250000e-02 1.375000e+00
0.000000e+00 1.312500e+00
-6.250000e-02 1.312500e+00
0.000000e+00 1.437500e+00
-6.250000e-02 1.437500e+00
-1.250000e-01 1.312500e+00
-1.875000e-01 1.312500e+00
-4.375000e-01 1.375000e+00
-4.375000e-01 1.312500e+00
-4.375000e-01 1.437500e+00
-3.750000e-01 1.312500e+00
-4.375000e-01 1.250000e+00
-3.125000e-01 1.312500e+00
-3.125000e-01 1.250000e+00
-4.375000e-01 1.125000e+00
-4.375000e-01 1.187500e+00
-3.750000e-01 1.187500e+00
-3.125000e-01 1.375000e+00
-2.500000e-01 1.437500e+00
-3.125000e-01 1.437500e+00
-2.500000e-01 1.312500e+00
-3.750000e-01 1.437500e+00
-3.125000e-01 1.500000e+00
-4.375000e-01 1.500000e+00
-1.875000e-01 1.375000e+00
-1.875000e-01 1.437500e+00
-1.250000e-01 1.437500e+00
-1.875000e-01 1.500000e+00
-6.250000e-02 1.500000e+00
3.750000e-01 1.062500e+00
3.125000e-01 1.062500e+00
4.375000e-01 1.062500e+00
3.125000e-01 1.125000e+00
2.500000e-01 1.062500e+00
3.125000e-01 1.187500e+00
2.500000e-01 1.187500e+00
1.250000e-01 1.062500e+00
1.875000e-01 1.062500e+00
6.250000e-02 1.062500e+00
1.875000e-01 1.125000e+00
1.875000e-01 1.187500e+00
4.375000e-01 1.125000e+00
5.000000e-01 1.187500e+00
4.375000e-01 1.187500e+00
5.000000e-01 1.062500e+00
3.750000e-01 1.187500e+00
4.375000e-01 1.250000e+00
3.125000e-01 1.250000e+00
4.375000e-01 1.375000e+00
5.000000e-01 1.312500e+00
4.375000e-01 1.312500e+00
5.000000e-01 1.437500e+00
4.375000e-01 1.437500e+00
3.750000e-01 1.312500e+00
3.125000e-01 1.312500e+00
6.250000e-02 1.375000e+00
6.250000e-02 1.312500e+00
6.250000e-02 1.437500e+00
1.250000e-01 1.312500e+00
6.250000e-02 1.250000e+00
1.875000e-01 1.312500e+00
1.875000e-01 1.250000e+00
6.250000e-02 1.125000e+00
6.250000e-02 1.187500e+00
1.250000e-01 1.187500e+00
1.875000e-01 1.375000e+00
2.500000e-01 1.437500e+00
1.875000e-01 1.437500e+00
2.500000e-01 1.312500e+00
1.250000e-01 1.437500e+00
1.875000e-01 1.500000e+00
6.250000e-02 1.500000e+00
3.125000e-01 1.375000e+00
3.125000e-01 1.437500e+00
3.750000e-01 1.437500e+00
3.125000e-01 1.500000e+00
4.375000e-01 1.500000e+00
8.750000e-01 1.062500e+00
8.125000e-01 1.062500e+00
9.375000e-01 1.062500e+00
8.125000e-01 1.125000e+00
7.500000e-01 1.062500e+00
8.125000e-01 1.187500e+00
7.500000e-01 1.187500e+00
6.250000e-01 1.062500e+00
6.875000e-01 1.062500e+00
5.625000e-01 1.062500e+00
6.875000e-01 1.125000e+00
6.875000e-01 1.187500e+00
9.375000e-01 1.125000e+00
1.000000e+00 1.187500e+00
9.375000e-01 1.187500e+00
1.000000e+00 1.062500e+00
8.750000e-01 1.187500e+00
9.375000e-01 1.250000e+00
8.125000e-01 1.250000e+00
9.375000e-01 1.375000e+00
1.000000e+00 1.312500e+00
9.375000e-01 1.312500e+00
1.000000e+00 1.437500e+00
9.375000e-01 1.437500e+00
8.750000e-01 1.312500e+00
8.125000e-01 1.312500e+00
5.625000e-01 1.375000e+00
5.625000e-01 1.312500e+00
5.625000e-01 1.437500e+00
6.250000e-01 1.312500e+00
5.625000e-01 1.250000e+00
6.875000e-01 1.312500e+00
6.875000e-01 1.250000e+00
5.625000e-01 1.125000e+00
5.625000e-01 1.187500e+00
6.250000e-01 1.187500e+00
6.875000e-01 1.375000e+00
7.500000e-01 1.437500e+00
6.875000e-01 1.437500e+00
7.500000e-01 1.312500e+00
6.250000e-01 1.437500e+00
6.875000e-01 1.500000e+00
5.625000e-01 1.500000e+00
8.125000e-01 1.375000e+00
8.125000e-01 1.437500e+00
8.750000e-01 1.437500e+00
8.125000e-01 1.500000e+00
9.375000e-01 1.500000e+00
1.312500e+00 1.062500e+00
1.437500e+00 1.062500e+00
1.250000e+00 1.125000e+00
1.187500e+00 1.062500e+00
1.062500e+00 1.062500e+00
1.500000e+00 1.125000e+00
1.062500e+00 1.312500e+00
1.062500e+00 1.437500e+00
1.125000e+00 1.250000e+00
1.062500e+00 1.187500e+00
1.125000e+00 1.500000e+00
simplices
50 127 128
127 419 420
1 419 420
127 128 419
0 50 128
127 129 422
129 421 422
49 421 422
127 129 420
129 420 423
1 420 423
50 127 424
127 422 424
49 422 424
130 131 426
131 425 426
49 425 426
130 131 428
131 427 428
8 427 428
50 130 424
130 424 426
49 424 426
50 132 133
132 429 430
7 429 430
132 133 429
0 50 133
132 431 432
51 431 432
50 132 432
132 134 431
134 431 433
51 431 433
132 134 430
134 430 434
7 430 434
130 432 435
51 432 435
50 130 432
130 135 435
135 435 436
51 435 436
130 135 428
135 428 437
8 428 437
136 439 440
54 439 440
136 438 439
138 438 439
136 441 442
53 441 442
136 438 441
138 438 441
137 439 444
54 439 444
137 439 443
138 439 443
137 445 446
2 445 446
137 443 445
138 443 445
136 440 448
54 440 448
136 447 448
140 447 448
136 442 449
53 442 449
136 447 449
140 447 449
139 448 451
54 448 451
139 448 450
140 448 450
139 452 453
1 452 453
139 450 452
140 450 452
142 454 456
138 454 456
142 455 456
52 455 456
142 445 454
138 445 454
142 445 457
2 445 457
141 456 458
138 456 458
141 456 459
52 456 459
141 441 458
138 441 458
141 441 460
53 441 460
144 461 463
143 461 463
144 462 463
52 462 463
144 461 465
143 461 465
144 464 465
9 464 465
141 459 463
52 459 463
141 463 466
143 463 466
141 460 467
53 460 467
141 466 467
143 466 467
131 425 469
49 425 469
131 468 469
146 468 469
131 427 470
8 427 470
131 468 470
146 468 470
145 469 472
49 469 472
145 469 471
146 469 471
145 473 474
53 473 474
145 471 473
146 471 473
129 421 476
49 421 476
129 475 476
140 475 476
129 423 452
1 423 452
129 452 475
140 452 475
145 476 477
140 476 477
145 472 476
49 472 476
145 449 477
140 449 477
145 449 474
53 449 474
147 478 480
146 478 480
147 479 480
55 479 480
147 473 478
146 473 478
147 473 481
53 473 481
148 480 482
146 480 482
148 480 483
55 480 483
148 470 482
146 470 482
148 470 484
8 470 484
147 485 486
143 485 486
147 479 486
55 479 486
147 467 485
143 467 485
147 467 481
53 467 481
149 486 487
143 486 487
149 486 488
55 486 488
149 465 487
143 465 487
149 465 489
9 465 489
150 491 492
58 491 492
150 490 491
152 490 491
150 493 494
57 493 494
150 490 493
152 490 493
151 491 496
58 491 496
151 491 495
152 491 495
151 497 498
3 497 498
151 495 497
152 495 497
150 492 500
58 492 500
150 499 500
154 499 500
150 494 501
57 494 501
150 499 501
154 499 501
153 500 503
58 500 503
153 500 502
154 500 502
153 504 505
2 504 505
153 502 504
154 502 504
156 506 508
152 506 508
156 507 508
56 507 508
156 497 506
152 497 506
156 497 509
3 497 509
155 508 510
152 508 510
155 508 511
56 508 511
155 493 510
152 493 510
155 493 512
57 493 512
158 513 515
157 513 515
158 514 515
56 514 515
158 513 517
157 513 517
158 516 517
10 516 517
155 511 515
56 511 515
155 515 518
157 515 518
155 512 519
57 512 519
155 518 519
157 518 519
144 462 521
52 462 521
144 520 521
160 520 521
144 464 522
9 464 522
144 520 522
160 520 522
159 521 524
52 521 524
159 521 523
160 521 523
159 525 526
57 525 526
159 523 525
160 523 525
142 455 528
52 455 528
142 527 528
154 527 528
142 457 504
2 457 504
142 504 527
154 504 527
159 528 529
154 528 529
159 524 528
52 524 528
159 501 529
154 501 529
159 501 526
57 501 526
161 530 532
160 530 532
161 531 532
59 531 532
161 525 530
160 525 530
161 525 533
57 525 533
162 532 534
160 532 534
162 532 535
59 532 535
162 522 534
160 522 534
162 522 536
9 522 536
161 537 538
157 537 538
161 531 538
59 531 538
161 519 537
157 519 537
161 519 533
57 519 533
163 538 539
157 538 539
163 538 540
59 538 540
163 517 539
157 517 539
163 517 541
10 517 541
164 543 544
62 543 544
164 542 543
166 542 543
164 545 546
61 545 546
164 542 545
166 542 545
165 543 548
62 543 548
165 543 547
166 543 547
165 549 550
4 549 550
165 547 549
166 547 549
164 544 552
62 544 552
164 551 552
168 551 552
164 546 553
61 546 553
164 551 553
168 551 553
167 552 555
62 552 555
167 552 554
168 552 554
167 556 557
3 556 557
167 554 556
168 554 556
170 558 560
166 558 560
170 559 560
60 559 560
170 549 558
166 549 558
170 549 561
4 549 561
169 560 562
166 560 562
169 560 563
60 560 563
169 545 562
166 545 562
169 545 564
61 545 564
172 565 567
171 565 567
172 566 567
60 566 567
172 565 569
171 565 569
172 568 569
11 568 569
169 563 567
60 563 567
169 567 570
171 567 570
169 564 571
61 564 571
169 570 571
171 570 571
158 514 573
56 514 573
158 572 573
174 572 573
158 516 574
10 516 574
158 572 574
174 572 574
173 573 576
56 573 576
173 573 575
174 573 575
173 577 578
61 577 578
173 575 577
174 575 577
156 507 580
56 507 580
156 579 580
168 579 580
156 509 556
3 509 556
156 556 579
168 556 579
173 580 581
168 580 581
173 576 580
56 576 580
173 553 581
168 553 581
173 553 578
61 553 578
175 582 584
174 582 584
175 583 584
63 583 584
175 577 582
174 577 582
175 577 585
61 577 585
176 584 586
174 584 586
176 584 587
63 584 587
176 574 586
174 574 586
176 574 588
10 574 588
175 589 590
171 589 590
175 583 590
63 583 590
175 571 589
171 571 589
175 571 585
61 571 585
177 590 591
171 590 591
177 590 592
63 590 592
177 569 591
171 569 591
177 569 593
11 569 593
179 594 595
64 594 595
5 179 595
178 594 596
64 594 596
178 179 594
178 597 598
4 597 598
178 179 597
180 599 600
64 599 600
180 181 599
180 601 602
12 601 602
180 181 601
181 595 599
64 595 599
5 181 595
172 566 604
60 566 604
172 603 604
183 603 604
172 568 605
11 568 605
172 603 605
183 603 605
182 604 607
60 604 607
182 604 606
183 604 606
182 608 609
64 608 609
182 606 608
183 606 608
170 559 611
60 559 611
170 610 611
178 610 611
170 561 598
4 561 598
170 598 610
178 598 610
182 611 612
178 611 612
182 607 611
60 607 611
182 596 612
178 596 612
182 596 609
64 596 609
184 613 615
183 613 615
184 614 615
65 614 615
184 608 613
183 608 613
184 608 616
64 608 616
185 615 617
183 615 617
185 615 618
65 615 618
185 605 617
183 605 617
185 605 619
11 605 619
184 620 621
180 620 621
184 614 621
65 614 621
184 600 620
180 600 620
184 600 616
64 600 616
186 621 622
180 621 622
186 621 623
65 621 623
186 602 622
180 602 622
186 602 624
12 602 624
5 6 187
6 13 187
181 601 625
12 601 625
181 187 625
5 181 187
187 188 625
188 625 626
12 625 626
13 187 188
135 436 628
51 436 628
135 627 628
190 627 628
135 437 629
8 437 629
135 627 629
190 627 629
189 628 631
51 628 631
189 628 630
190 628 630
189 632 633
67 632 633
189 630 632
190 630 632
134 433 635
51 433 635
134 634 635
191 634 635
134 434 636
7 434 636
134 634 636
191 634 636
189 631 635
51 631 635
189 635 637
191 635 637
189 633 638
67 633 638
189 637 638
191 637 638
193 639 641
190 639 641
193 640 641
66 640 641
193 629 639
190 629 639
193 629 642
8 629 642
192 641 643
190 641 643
192 641 644
66 641 644
192 632 643
190 632 643
192 632 645
67 632 645
195 646 648
194 646 648
195 647 648
66 647 648
195 646 650
194 646 650
195 649 650
15 649 650
192 644 648
66 644 648
192 648 651
194 648 651
192 645 652
67 645 652
192 651 652
194 651 652
196 654 655
69 654 655
196 653 654
198 653 654
196 656 657
67 656 657
196 653 656
198 653 656
197 654 659
69 654 659
197 654 658
198 654 658
197 660 661
14 660 661
197 658 660
198 658 660
196 662 663
191 662 663
196 655 663
69 655 663
196 638 662
191 638 662
196 638 657
67 638 657
199 663 664
191 663 664
199 663 665
69 663 665
199 636 664
191 636 664
199 636 666
7 636 666
200 667 669
198 667 669
200 668 669
68 668 669
200 656 667
198 656 667
200 656 670
67 656 670
201 669 671
198 669 671
201 669 672
68 669 672
201 660 671
198 660 671
201 660 673
14 660 673
200 674 675
194 674 675
200 668 675
68 668 675
200 652 674
194 652 674
200 652 670
67 652 670
202 675 676
194 675 676
202 675 677
68 675 677
202 650 676
194 650 676
202 650 678
15 650 678
149 488 680
55 488 680
149 679 680
204 679 680
149 489 681
9 489 681
149 679 681
204 679 681
203 680 683
55 680 683
203 680 682
204 680 682
203 684 685
71 684 685
203 682 684
204 682 684
148 483 687
55 483 687
148 686 687
205 686 687
148 484 688
8 484 688
148 686 688
205 686 688
203 683 687
55 683 687
203 687 689
205 687 689
203 685 690
71 685 690
203 689 690
205 689 690
207 691 693
204 691 693
207 692 693
70 692 693
207 681 691
204 681 691
207 681 694
9 681 694
206 693 695
204 693 695
206 693 696
70 693 696
206 684 695
204 684 695
206 684 697
71 684 697
209 698 700
208 698 700
209 699 700
70 699 700
209 698 702
208 698 702
209 701 702
16 701 702
206 696 700
70 696 700
206 700 703
208 700 703
206 697 704
71 697 704
206 703 704
208 703 704
195 647 706
66 647 706
195 705 706
211 705 706
195 649 707
15 649 707
195 705 707
211 705 707
210 706 709
66 706 709
210 706 708
211 706 708
210 710 711
71 710 711
210 708 710
211 708 710
193 640 713
66 640 713
193 712 713
205 712 713
193 642 688
8 642 688
193 688 712
205 688 712
210 713 714
205 713 714
210 709 713
66 709 713
210 690 714
205 690 714
210 690 711
71 690 711
212 715 717
211 715 717
212 716 717
72 716 717
212 710 715
211 710 715
212 710 718
71 710 718
213 717 719
211 717 719
213 717 720
72 717 720
213 707 719
211 707 719
213 707 721
15 707 721
212 722 723
208 722 723
212 716 723
72 716 723
212 704 722
208 704 722
212 704 718
71 704 718
214 723 724
208 723 724
214 723 725
72 723 725
214 702 724
208 702 724
214 702 726
16 702 726
163 540 727
59 540 727
163 215 727
163 541 728
10 541 728
163 215 728
73 215 729
215 727 729
59 727 729
162 535 730
59 535 730
162 216 730
162 536 731
9 536 731
162 216 731
73 216 729
216 729 730
59 729 730
17 73 217
73 215 217
215 728 732
10 728 732
215 217 732
209 699 733
70 699 733
209 218 733
209 701 734
16 701 734
209 218 734
73 218 735
218 733 735
70 733 735
207 692 736
70 692 736
207 216 736
207 694 731
9 694 731
207 216 731
73 216 735
216 735 736
70 735 736
17 73 219
73 218 219
218 734 737
16 734 737
218 219 737
177 592 738
63 592 738
177 220 738
177 593 739
11 593 739
177 220 739
74 220 740
220 738 740
63 738 740
176 587 741
63 587 741
176 221 741
176 588 742
10 588 742
176 221 742
74 221 740
221 740 741
63 740 741
18 74 222
74 220 222
220 739 743
11 739 743
220 222 743
17 74 217
74 217 221
217 221 732
221 732 742
10 732 742
17 18 74
186 623 745
65 623 745
186 744 745
224 744 745
186 624 746
12 624 746
186 744 746
224 744 746
223 745 748
65 745 748
223 745 747
224 745 747
223 749 750
76 749 750
223 747 749
224 747 749
185 618 752
65 618 752
185 751 752
225 751 752
185 619 753
11 619 753
185 751 753
225 751 753
223 748 752
65 748 752
223 752 754
225 752 754
223 750 755
76 750 755
223 754 755
225 754 755
227 756 758
224 756 758
227 757 758
75 757 758
227 746 756
224 746 756
227 746 759
12 746 759
226 758 760
224 758 760
226 758 761
75 758 761
226 749 760
224 749 760
226 749 762
76 749 762
229 763 765
228 763 765
229 764 765
75 764 765
229 763 767
228 763 767
229 766 767
19 766 767
226 761 765
75 761 765
226 765 768
228 765 768
226 762 769
76 762 769
226 768 769
228 768 769
222 770 771
76 770 771
18 222 771
222 225 770
225 755 770
76 755 770
222 225 743
225 743 753
11 743 753
228 769 772
76 769 772
228 230 772
228 767 773
19 767 773
228 230 773
230 771 772
76 771 772
18 230 771
188 774 775
77 774 775
13 188 775
188 231 774
231 774 776
77 774 776
188 231 626
231 626 777
12 626 777
232 778 779
77 778 779
232 233 778
232 780 781
20 780 781
232 233 780
233 775 778
77 775 778
13 233 775
229 764 783
75 764 783
229 782 783
235 782 783
229 766 784
19 766 784
229 782 784
235 782 784
234 783 786
75 783 786
234 783 785
235 783 785
234 787 788
77 787 788
234 785 787
235 785 787
227 757 790
75 757 790
227 789 790
231 789 790
227 759 777
12 759 777
227 777 789
231 777 789
234 790 791
231 790 791
234 786 790
75 786 790
234 776 791
231 776 791
234 776 788
77 776 788
236 792 794
235 792 794
236 793 794
78 793 794
236 787 792
235 787 792
236 787 795
77 787 795
237 794 796
235 794 796
237 794 797
78 794 797
237 784 796
235 784 796
237 784 798
19 784 798
236 799 800
232 799 800
236 793 800
78 793 800
236 779 799
232 779 799
236 779 795
77 779 795
238 800 801
232 800 801
238 800 802
78 800 802
238 781 801
232 781 801
238 781 803
20 781 803
202 677 805
68 677 805
202 804 805
240 804 805
202 678 806
15 678 806
202 804 806
240 804 806
239 805 808
68 805 808
239 805 807
240 805 807
239 809 810
80 809 810
239 807 809
240 807 809
201 672 812
68 672 812
201 811 812
241 811 812
201 673 813
14 673 813
201 811 813
241 811 813
239 808 812
68 808 812
239 812 814
241 812 814
239 810 815
80 810 815
239 814 815
241 814 815
243 816 818
240 816 818
243 817 818
79 817 818
243 806 816
240 806 816
243 806 819
15 806 819
242 818 820
240 818 820
242 818 821
79 818 821
242 809 820
240 809 820
242 809 822
80 809 822
245 823 825
244 823 825
245 824 825
79 824 825
245 823 827
244 823 827
245 826 827
22 826 827
242 821 825
79 821 825
242 825 828
244 825 828
242 822 829
80 822 829
242 828 829
244 828 829
246 831 832
82 831 832
246 830 831
248 830 831
246 833 834
80 833 834
246 830 833
248 830 833
247 831 836
82 831 836
247 831 835
248 831 835
247 837 838
21 837 838
247 835 837
248 835 837
246 839 840
241 839 840
246 832 840
82 832 840
246 815 839
241 815 839
246 815 834
80 815 834
249 840 841
241 840 841
249 840 842
82 840 842
249 813 841
241 813 841
249 813 843
14 813 843
250 844 846
248 844 846
250 845 846
81 845 846
250 833 844
248 833 844
250 833 847
80 833 847
251 846 848
248 846 848
251 846 849
81 846 849
251 837 848
248 837 848
251 837 850
21 837 850
250 851 852
244 851 852
250 845 852
81 845 852
250 829 851
244 829 851
250 829 847
80 829 847
252 852 853
244 852 853
252 852 854
81 852 854
252 827 853
244 827 853
252 827 855
22 827 855
214 725 856
72 725 856
214 253 856
214 726 857
16 726 857
214 253 857
83 253 858
253 856 858
72 856 858
213 720 859
72 720 859
213 254 859
213 721 860
15 721 860
213 254 860
83 254 858
254 858 859
72 858 859
23 83 255
83 253 255
253 857 861
16 857 861
253 255 861
245 824 862
79 824 862
245 256 862
245 826 863
22 826 863
245 256 863
83 256 864
256 862 864
79 862 864
243 817 865
79 817 865
243 254 865
243 819 860
15 819 860
243 254 860
83 254 864
254 864 865
79 864 865
23 83 257
83 256 257
256 863 866
22 863 866
256 257 866
17 219 258
219 737 867
16 737 867
219 258 867
17 24 258
23 255 258
255 861 867
16 861 867
255 258 867
23 24 258
17 18 25
17 24 25
85 230 259
230 259 773
259 773 868
19 773 868
18 85 230
259 260 870
260 869 870
84 869 870
259 260 868
260 868 871
19 868 871
85 259 872
259 870 872
84 870 872
261 262 874
262 873 874
84 873 874
261 262 876
262 875 876
26 875 876
85 261 872
261 872 874
84 872 874
18 25 85
85 261 263
261 876 877
26 876 877
261 263 877
25 85 263
238 802 879
78 802 879
238 878 879
265 878 879
238 803 880
20 803 880
238 878 880
265 878 880
264 879 882
78 879 882
264 879 881
265 879 881
264 883 884
87 883 884
264 881 883
265 881 883
237 797 886
78 797 886
237 885 886
266 885 886
237 798 887
19 798 887
237 885 887
266 885 887
264 882 886
78 882 886
264 886 888
266 886 888
264 884 889
87 884 889
264 888 889
266 888 889
268 890 892
265 890 892
268 891 892
86 891 892
268 880 890
265 880 890
268 880 893
20 880 893
267 892 894
265 892 894
267 892 895
86 892 895
267 883 894
265 883 894
267 883 896
87 883 896
270 897 899
269 897 899
270 898 899
86 898 899
270 897 901
269 897 901
270 900 901
27 900 901
267 895 899
86 895 899
267 899 902
269 899 902
267 896 903
87 896 903
267 902 903
269 902 903
262 873 905
84 873 905
262 904 905
272 904 905
262 875 906
26 875 906
262 904 906
272 904 906
271 905 908
84 905 908
271 905 907
272 905 907
271 909 910
87 909 910
271 907 909
272 907 909
260 869 912
84 869 912
260 911 912
266 911 912
260 871 887
19 871 887
260 887 911
266 887 911
271 912 913
266 912 913
271 908 912
84 908 912
271 889 913
266 889 913
271 889 910
87 889 910
273 914 916
272 914 916
273 915 916
88 915 916
273 909 914
272 909 914
273 909 917
87 909 917
274 916 918
272 916 918
274 916 919
88 916 919
274 906 918
272 906 918
274 906 920
26 906 920
273 921 922
269 921 922
273 915 922
88 915 922
273 903 921
269 903 921
273 903 917
87 903 917
275 922 923
269 922 923
275 922 924
88 922 924
275 901 923
269 901 923
275 901 925
27 901 925
252 854 927
81 854 927
252 926 927
277 926 927
252 855 928
22 855 928
252 926 928
277 926 928
276 927 930
81 927 930
276 927 929
277 927 929
276 931 932
90 931 932
276 929 931
277 929 931
251 849 934
81 849 934
251 933 934
278 933 934
251 850 935
21 850 935
251 933 935
278 933 935
276 930 934
81 930 934
276 934 936
278 934 936
276 932 937
90 932 937
276 936 937
278 936 937
280 938 940
277 938 940
280 939 940
89 939 940
280 928 938
277 928 938
280 928 941
22 928 941
279 940 942
277 940 942
279 940 943
89 940 943
279 931 942
277 931 942
279 931 944
90 931 944
282 945 947
281 945 947
282 946 947
89 946 947
282 945 949
281 945 949
282 948 949
29 948 949
279 943 947
89 943 947
279 947 950
281 947 950
279 944 951
90 944 951
279 950 951
281 950 951
283 953 954
92 953 954
283 952 953
285 952 953
283 955 956
90 955 956
283 952 955
285 952 955
284 953 958
92 953 958
284 953 957
285 953 957
284 959 960
28 959 960
284 957 959
285 957 959
283 961 962
278 961 962
283 954 962
92 954 962
283 937 961
278 937 961
283 937 956
90 937 956
286 962 963
278 962 963
286 962 964
92 962 964
286 935 963
278 935 963
286 935 965
21 935 965
287 966 968
285 966 968
287 967 968
91 967 968
287 955 966
285 955 966
287 955 969
90 955 969
288 968 970
285 968 970
288 968 971
91 968 971
288 959 970
285 959 970
288 959 972
28 959 972
287 973 974
281 973 974
287 967 974
91 967 974
287 951 973
281 951 973
287 951 969
90 951 969
289 974 975
281 974 975
289 974 976
91 974 976
289 949 975
281 949 975
289 949 977
29 949 977
23 93 257
93 257 290
257 290 866
290 866 978
22 866 978
23 30 93
282 946 979
89 946 979
282 291 979
282 948 980
29 948 980
282 291 980
93 291 981
291 979 981
89 979 981
280 939 982
89 939 982
280 290 982
280 941 978
22 941 978
280 290 978
93 290 981
290 981 982
89 981 982
30 93 292
93 291 292
291 980 983
29 980 983
291 292 983
23 24 31
23 30 31
24 25 294
25 293 294
293 984 985
32 984 985
293 294 984
24 31 294
31 294 295
294 295 984
295 984 986
32 984 986
95 263 296
263 296 877
296 877 987
26 877 987
25 95 263
296 297 989
297 988 989
94 988 989
296 297 987
297 987 990
26 987 990
95 296 991
296 989 991
94 989 991
298 299 993
299 992 993
94 992 993
298 299 995
299 994 995
33 994 995
95 298 991
298 991 993
94 991 993
95 293 300
293 300 985
300 985 996
32 985 996
25 95 293
300 997 998
96 997 998
95 300 998
300 301 997
301 997 999
96 997 999
300 301 996
301 996 1000
32 996 1000
298 998 1001
96 998 1001
95 298 998
298 302 1001
302 1001 1002
96 1001 1002
298 302 995
302 995 1003
33 995 1003
275 924 1005
88 924 1005
275 1004 1005
304 1004 1005
275 925 1006
27 925 1006
275 1004 1006
304 1004 1006
303 1005 1008
88 1005 1008
303 1005 1007
304 1005 1007
303 1009 1010
98 1009 1010
303 1007 1009
304 1007 1009
274 919 1012
88 919 1012
274 1011 1012
305 1011 1012
274 920 1013
26 920 1013
274 1011 1013
305 1011 1013
303 1008 1012
88 1008 1012
303 1012 1014
305 1012 1014
303 1010 1015
98 1010 1015
303 1014 1015
305 1014 1015
307 1016 1018
304 1016 1018
307 1017 1018
97 1017 1018
307 1006 1016
304 1006 1016
307 1006 1019
27 1006 1019
306 1018 1020
304 1018 1020
306 1018 1021
97 1018 1021
306 1009 1020
304 1009 1020
306 1009 1022
98 1009 1022
309 1023 1025
308 1023 1025
309 1024 1025
97 1024 1025
309 1023 1027
308 1023 1027
309 1026 1027
34 1026 1027
306 1021 1025
97 1021 1025
306 1025 1028
308 1025 1028
306 1022 1029
98 1022 1029
306 1028 1029
308 1028 1029
299 992 1031
94 992 1031
299 1030 1031
311 1030 1031
299 994 1032
33 994 1032
299 1030 1032
311 1030 1032
310 1031 1034
94 1031 1034
310 1031 1033
311 1031 1033
310 1035 1036
98 1035 1036
310 1033 1035
311 1033 1035
297 988 1038
94 988 1038
297 1037 1038
305 1037 1038
297 990 1013
26 990 1013
297 1013 1037
305 1013 1037
310 1038 1039
305 1038 1039
310 1034 1038
94 1034 1038
310 1015 1039
305 1015 1039
310 1015 1036
98 1015 1036
312 1040 1042
311 1040 1042
312 1041 1042
99 1041 1042
312 1035 1040
311 1035 1040
312 1035 1043
98 1035 1043
313 1042 1044
311 1042 1044
313 1042 1045
99 1042 1045
313 1032 1044
311 1032 1044
313 1032 1046
33 1032 1046
312 1047 1048
308 1047 1048
312 1041 1048
99 1041 1048
312 1029 1047
308 1029 1047
312 1029 1043
98 1029 1043
314 1048 1049
308 1048 1049
314 1048 1050
99 1048 1050
314 1027 1049
308 1027 1049
314 1027 1051
34 1027 1051
289 976 1053
91 976 1053
289 1052 1053
316 1052 1053
289 977 1054
29 977 1054
289 1052 1054
316 1052 1054
315 1053 1056
91 1053 1056
315 1053 1055
316 1053 1055
315 1057 1058
101 1057 1058
315 1055 1057
316 1055 1057
288 971 1060
91 971 1060
288 1059 1060
317 1059 1060
288 972 1061
28 972 1061
288 1059 1061
317 1059 1061
315 1056 1060
91 1056 1060
315 1060 1062
317 1060 1062
315 1058 1063
101 1058 1063
315 1062 1063
317 1062 1063
319 1064 1066
316 1064 1066
319 1065 1066
100 1065 1066
319 1054 1064
316 1054 1064
319 1054 1067
29 1054 1067
318 1066 1068
316 1066 1068
318 1066 1069
100 1066 1069
318 1057 1068
316 1057 1068
318 1057 1070
101 1057 1070
321 1071 1073
320 1071 1073
321 1072 1073
100 1072 1073
321 1071 1075
320 1071 1075
321 1074 1075
36 1074 1075
318 1069 1073
100 1069 1073
318 1073 1076
320 1073 1076
318 1070 1077
101 1070 1077
318 1076 1077
320 1076 1077
322 1078 1079
101 1078 1079
35 322 1079
317 1063 1078
101 1063 1078
317 322 1078
317 1061 1080
28 1061 1080
317 322 1080
320 1077 1081
101 1077 1081
320 323 1081
320 1075 1082
36 1075 1082
320 323 1082
323 1079 1081
101 1079 1081
35 323 1079
292 1083 1084
102 1083 1084
30 292 1084
292 324 1083
324 1083 1085
102 1083 1085
292 324 983
324 983 1086
29 983 1086
325 1087 1088
102 1087 1088
325 326 1087
325 1089 1090
37 1089 1090
325 326 1089
326 1084 1087
102 1084 1087
30 326 1084
321 1072 1092
100 1072 1092
321 1091 1092
328 1091 1092
321 1074 1093
36 1074 1093
321 1091 1093
328 1091 1093
327 1092 1095
100 1092 1095
327 1092 1094
328 1092 1094
327 1096 1097
102 1096 1097
327 1094 1096
328 1094 1096
319 1065 1099
100 1065 1099
319 1098 1099
324 1098 1099
319 1067 1086
29 1067 1086
319 1086 1098
324 1086 1098
327 1099 1100
324 1099 1100
327 1095 1099
100 1095 1099
327 1085 1100
324 1085 1100
327 1085 1097
102 1085 1097
329 1101 1103
328 1101 1103
329 1102 1103
103 1102 1103
329 1096 1101
328 1096 1101
329 1096 1104
102 1096 1104
330 1103 1105
328 1103 1105
330 1103 1106
103 1103 1106
330 1093 1105
328 1093 1105
330 1093 1107
36 1093 1107
329 1108 1109
325 1108 1109
329 1102 1109
103 1102 1109
329 1088 1108
325 1088 1108
329 1088 1104
102 1088 1104
331 1109 1110
325 1109 1110
331 1109 1111
103 1109 1111
331 1090 1110
325 1090 1110
331 1090 1112
37 1090 1112
30 31 104
104 332 333
332 1113 1114
38 1113 1114
332 333 1113
31 104 333
104 326 334
326 334 1089
334 1089 1115
37 1089 1115
30 104 326
334 1116 1117
105 1116 1117
104 334 1117
334 335 1116
335 1116 1118
105 1116 1118
334 335 1115
335 1115 1119
37 1115 1119
332 1117 1120
105 1117 1120
104 332 1117
332 336 1120
336 1120 1121
105 1120 1121
332 336 1114
336 1114 1122
38 1114 1122
107 295 337
295 337 986
337 986 1123
32 986 1123
31 107 295
337 338 1125
338 1124 1125
106 1124 1125
337 338 1123
338 1123 1126
32 1123 1126
107 337 1127
337 1125 1127
106 1125 1127
339 340 1129
340 1128 1129
106 1128 1129
339 340 1131
340 1130 1131
39 1130 1131
107 339 1127
339 1127 1129
106 1127 1129
107 333 341
333 341 1113
341 1113 1132
38 1113 1132
31 107 333
341 1133 1134
108 1133 1134
107 341 1134
341 342 1133
342 1133 1135
108 1133 1135
341 342 1132
342 1132 1136
38 1132 1136
339 1134 1137
108 1134 1137
107 339 1134
339 343 1137
343 1137 1138
108 1137 1138
339 343 1131
343 1131 1139
39 1131 1139
302 1002 1141
96 1002 1141
302 1140 1141
345 1140 1141
302 1003 1142
33 1003 1142
302 1140 1142
345 1140 1142
344 1141 1144
96 1141 1144
344 1141 1143
345 1141 1143
344 1145 1146
110 1145 1146
344 1143 1145
345 1143 1145
301 999 1148
96 999 1148
301 1147 1148
346 1147 1148
301 1000 1149
32 1000 1149
301 1147 1149
346 1147 1149
344 1144 1148
96 1144 1148
344 1148 1150
346 1148 1150
344 1146 1151
110 1146 1151
344 1150 1151
346 1150 1151
348 1152 1154
345 1152 1154
348 1153 1154
109 1153 1154
348 1142 1152
345 1142 1152
348 1142 1155
33 1142 1155
347 1154 1156
345 1154 1156
347 1154 1157
109 1154 1157
347 1145 1156
345 1145 1156
347 1145 1158
110 1145 1158
350 1159 1161
349 1159 1161
350 1160 1161
109 1160 1161
350 1159 1163
349 1159 1163
350 1162 1163
40 1162 1163
347 1157 1161
109 1157 1161
347 1161 1164
349 1161 1164
347 1158 1165
110 1158 1165
347 1164 1165
349 1164 1165
340 1128 1167
106 1128 1167
340 1166 1167
352 1166 1167
340 1130 1168
39 1130 1168
340 1166 1168
352 1166 1168
351 1167 1170
106 1167 1170
351 1167 1169
352 1167 1169
351 1171 1172
110 1171 1172
351 1169 1171
352 1169 1171
338 1124 1174
106 1124 1174
338 1173 1174
346 1173 1174
338 1126 1149
32 1126 1149
338 1149 1173
346 1149 1173
351 1174 1175
346 1174 1175
351 1170 1174
106 1170 1174
351 1151 1175
346 1151 1175
351 1151 1172
110 1151 1172
353 1176 1178
352 1176 1178
353 1177 1178
111 1177 1178
353 1171 1176
352 1171 1176
353 1171 1179
110 1171 1179
354 1178 1180
352 1178 1180
354 1178 1181
111 1178 1181
354 1168 1180
352 1168 1180
354 1168 1182
39 1168 1182
353 1183 1184
349 1183 1184
353 1177 1184
111 1177 1184
353 1165 1183
349 1165 1183
353 1165 1179
110 1165 1179
355 1184 1185
349 1184 1185
355 1184 1186
111 1184 1186
355 1163 1185
349 1163 1185
355 1163 1187
40 1163 1187
314 1050 1189
99 1050 1189
314 1188 1189
357 1188 1189
314 1051 1190
34 1051 1190
314 1188 1190
357 1188 1190
356 1189 1192
99 1189 1192
356 1189 1191
357 1189 1191
356 1193 1194
113 1193 1194
356 1191 1193
357 1191 1193
313 1045 1196
99 1045 1196
313 1195 1196
358 1195 1196
313 1046 1197
33 1046 1197
313 1195 1197
358 1195 1197
356 1192 1196
99 1192 1196
356 1196 1198
358 1196 1198
356 1194 1199
113 1194 1199
356 1198 1199
358 1198 1199
360 1200 1202
357 1200 1202
360 1201 1202
112 1201 1202
360 1190 1200
357 1190 1200
360 1190 1203
34 1190 1203
359 1202 1204
357 1202 1204
359 1202 1205
112 1202 1205
359 1193 1204
357 1193 1204
359 1193 1206
113 1193 1206
362 1207 1209
361 1207 1209
362 1208 1209
112 1208 1209
362 1207 1211
361 1207 1211
362 1210 1211
41 1210 1211
359 1205 1209
112 1205 1209
359 1209 1212
361 1209 1212
359 1206 1213
113 1206 1213
359 1212 1213
361 1212 1213
350 1160 1215
109 1160 1215
350 1214 1215
364 1214 1215
350 1162 1216
40 1162 1216
350 1214 1216
364 1214 1216
363 1215 1218
109 1215 1218
363 1215 1217
364 1215 1217
363 1219 1220
113 1219 1220
363 1217 1219
364 1217 1219
348 1153 1222
109 1153 1222
348 1221 1222
358 1221 1222
348 1155 1197
33 1155 1197
348 1197 1221
358 1197 1221
363 1222 1223
358 1222 1223
363 1218 1222
109 1218 1222
363 1199 1223
358 1199 1223
363 1199 1220
113 1199 1220
365 1224 1226
364 1224 1226
365 1225 1226
114 1225 1226
365 1219 1224
364 1219 1224
365 1219 1227
113 1219 1227
366 1226 1228
364 1226 1228
366 1226 1229
114 1226 1229
366 1216 1228
364 1216 1228
366 1216 1230
40 1216 1230
365 1231 1232
361 1231 1232
365 1225 1232
114 1225 1232
365 1213 1231
361 1213 1231
365 1213 1227
113 1213 1227
367 1232 1233
361 1232 1233
367 1232 1234
114 1232 1234
367 1211 1233
361 1211 1233
367 1211 1235
41 1211 1235
323 1082 1236
36 1082 1236
323 369 1236
35 323 369
368 1236 1237
36 1236 1237
368 369 1236
43 368 369
35 42 369
42 43 369
331 1111 1239
103 1111 1239
331 1238 1239
371 1238 1239
331 1112 1240
37 1112 1240
331 1238 1240
371 1238 1240
370 1239 1242
103 1239 1242
370 1239 1241
371 1239 1241
370 1243 1244
116 1243 1244
370 1241 1243
371 1241 1243
330 1106 1246
103 1106 1246
330 1245 1246
372 1245 1246
330 1107 1247
36 1107 1247
330 1245 1247
372 1245 1247
370 1242 1246
103 1242 1246
370 1246 1248
372 1246 1248
370 1244 1249
116 1244 1249
370 1248 1249
372 1248 1249
374 1250 1252
371 1250 1252
374 1251 1252
115 1251 1252
374 1240 1250
371 1240 1250
374 1240 1253
37 1240 1253
373 1252 1254
371 1252 1254
373 1252 1255
115 1252 1255
373 1243 1254
371 1243 1254
373 1243 1256
116 1243 1256
376 1257 1259
375 1257 1259
376 1258 1259
115 1258 1259
376 1257 1261
375 1257 1261
376 1260 1261
44 1260 1261
373 1255 1259
115 1255 1259
373 1259 1262
375 1259 1262
373 1256 1263
116 1256 1263
373 1262 1263
375 1262 1263
368 1264 1265
116 1264 1265
43 368 1265
368 372 1264
372 1249 1264
116 1249 1264
368 372 1237
372 1237 1247
36 1237 1247
375 1263 1266
116 1263 1266
375 377 1266
375 1261 1267
44 1261 1267
375 377 1267
377 1265 1266
116 1265 1266
43 377 1265
336 1121 1269
105 1121 1269
336 1268 1269
379 1268 1269
336 1122 1270
38 1122 1270
336 1268 1270
379 1268 1270
378 1269 1272
105 1269 1272
378 1269 1271
379 1269 1271
378 1273 1274
118 1273 1274
378 1271 1273
379 1271 1273
335 1118 1276
105 1118 1276
335 1275 1276
380 1275 1276
335 1119 1277
37 1119 1277
335 1275 1277
380 1275 1277
378 1272 1276
105 1272 1276
378 1276 1278
380 1276 1278
378 1274 1279
118 1274 1279
378 1278 1279
380 1278 1279
382 1280 1282
379 1280 1282
382 1281 1282
117 1281 1282
382 1270 1280
379 1270 1280
382 1270 1283
38 1270 1283
381 1282 1284
379 1282 1284
381 1282 1285
117 1282 1285
381 1273 1284
379 1273 1284
381 1273 1286
118 1273 1286
384 1287 1289
383 1287 1289
384 1288 1289
117 1288 1289
384 1287 1291
383 1287 1291
384 1290 1291
45 1290 1291
381 1285 1289
117 1285 1289
381 1289 1292
383 1289 1292
381 1286 1293
118 1286 1293
381 1292 1293
383 1292 1293
376 1258 1295
115 1258 1295
376 1294 1295
386 1294 1295
376 1260 1296
44 1260 1296
376 1294 1296
386 1294 1296
385 1295 1298
115 1295 1298
385 1295 1297
386 1295 1297
385 1299 1300
118 1299 1300
385 1297 1299
386 1297 1299
374 1251 1302
115 1251 1302
374 1301 1302
380 1301 1302
374 1253 1277
37 1253 1277
374 1277 1301
380 1277 1301
385 1302 1303
380 1302 1303
385 1298 1302
115 1298 1302
385 1279 1303
380 1279 1303
385 1279 1300
118 1279 1300
387 1304 1306
386 1304 1306
387 1305 1306
119 1305 1306
387 1299 1304
386 1299 1304
387 1299 1307
118 1299 1307
388 1306 1308
386 1306 1308
388 1306 1309
119 1306 1309
388 1296 1308
386 1296 1308
388 1296 1310
44 1296 1310
387 1311 1312
383 1311 1312
387 1305 1312
119 1305 1312
387 1293 1311
383 1293 1311
387 1293 1307
118 1293 1307
389 1312 1313
383 1312 1313
389 1312 1314
119 1312 1314
389 1291 1313
383 1291 1313
389 1291 1315
45 1291 1315
343 1138 1317
108 1138 1317
343 1316 1317
391 1316 1317
343 1139 1318
39 1139 1318
343 1316 1318
391 1316 1318
390 1317 1320
108 1317 1320
390 1317 1319
391 1317 1319
390 1321 1322
121 1321 1322
390 1319 1321
391 1319 1321
342 1135 1324
108 1135 1324
342 1323 1324
392 1323 1324
342 1136 1325
38 1136 1325
342 1323 1325
392 1323 1325
390 1320 1324
108 1320 1324
390 1324 1326
392 1324 1326
390 1322 1327
121 1322 1327
390 1326 1327
392 1326 1327
394 1328 1330
391 1328 1330
394 1329 1330
120 1329 1330
394 1318 1328
391 1318 1328
394 1318 1331
39 1318 1331
393 1330 1332
391 1330 1332
393 1330 1333
120 1330 1333
393 1321 1332
391 1321 1332
393 1321 1334
121 1321 1334
396 1335 1337
395 1335 1337
396 1336 1337
120 1336 1337
396 1335 1339
395 1335 1339
396 1338 1339
46 1338 1339
393 1333 1337
120 1333 1337
393 1337 1340
395 1337 1340
393 1334 1341
121 1334 1341
393 1340 1341
395 1340 1341
384 1288 1343
117 1288 1343
384 1342 1343
398 1342 1343
384 1290 1344
45 1290 1344
384 1342 1344
398 1342 1344
397 1343 1346
117 1343 1346
397 1343 1345
398 1343 1345
397 1347 1348
121 1347 1348
397 1345 1347
398 1345 1347
382 1281 1350
117 1281 1350
382 1349 1350
392 1349 1350
382 1283 1325
38 1283 1325
382 1325 1349
392 1325 1349
397 1350 1351
392 1350 1351
397 1346 1350
117 1346 1350
397 1327 1351
392 1327 1351
397 1327 1348
121 1327 1348
399 1352 1354
398 1352 1354
399 1353 1354
122 1353 1354
399 1347 1352
398 1347 1352
399 1347 1355
121 1347 1355
400 1354 1356
398 1354 1356
400 1354 1357
122 1354 1357
400 1344 1356
398 1344 1356
400 1344 1358
45 1344 1358
399 1359 1360
395 1359 1360
399 1353 1360
122 1353 1360
399 1341 1359
395 1341 1359
399 1341 1355
121 1341 1355
401 1360 1361
395 1360 1361
401 1360 1362
122 1360 1362
401 1339 1361
395 1339 1361
401 1339 1363
46 1339 1363
355 1186 1365
111 1186 1365
355 1364 1365
403 1364 1365
355 1187 1366
40 1187 1366
355 1364 1366
403 1364 1366
402 1365 1368
111 1365 1368
402 1365 1367
403 1365 1367
402 1369 1370
124 1369 1370
402 1367 1369
403 1367 1369
354 1181 1372
111 1181 1372
354 1371 1372
404 1371 1372
354 1182 1373
39 1182 1373
354 1371 1373
404 1371 1373
402 1368 1372
111 1368 1372
402 1372 1374
404 1372 1374
402 1370 1375
124 1370 1375
402 1374 1375
404 1374 1375
406 1376 1378
403 1376 1378
406 1377 1378
123 1377 1378
406 1366 1376
403 1366 1376
406 1366 1379
40 1366 1379
405 1378 1380
403 1378 1380
405 1378 1381
123 1378 1381
405 1369 1380
403 1369 1380
405 1369 1382
124 1369 1382
408 1383 1385
407 1383 1385
408 1384 1385
123 1384 1385
408 1383 1387
407 1383 1387
408 1386 1387
47 1386 1387
405 1381 1385
123 1381 1385
405 1385 1388
407 1385 1388
405 1382 1389
124 1382 1389
405 1388 1389
407 1388 1389
396 1336 1391
120 1336 1391
396 1390 1391
410 1390 1391
396 1338 1392
46 1338 1392
396 1390 1392
410 1390 1392
409 1391 1394
120 1391 1394
409 1391 1393
410 1391 1393
409 1395 1396
124 1395 1396
409 1393 1395
410 1393 1395
394 1329 1398
120 1329 1398
394 1397 1398
404 1397 1398
394 1331 1373
39 1331 1373
394 1373 1397
404 1373 1397
409 1398 1399
404 1398 1399
409 1394 1398
120 1394 1398
409 1375 1399
404 1375 1399
409 1375 1396
124 1375 1396
411 1400 1402
410 1400 1402
411 1401 1402
125 1401 1402
411 1395 1400
410 1395 1400
411 1395 1403
124 1395 1403
412 1402 1404
410 1402 1404
412 1402 1405
125 1402 1405
412 1392 1404
410 1392 1404
412 1392 1406
46 1392 1406
411 1407 1408
407 1407 1408
411 1401 1408
125 1401 1408
411 1389 1407
407 1389 1407
411 1389 1403
124 1389 1403
413 1408 1409
407 1408 1409
413 1408 1410
125 1408 1410
413 1387 1409
407 1387 1409
413 1387 1411
47 1387 1411
367 1234 1412
114 1234 1412
367 414 1412
367 1235 1413
41 1235 1413
367 414 1413
126 414 1414
414 1412 1414
114 1412 1414
366 1229 1415
114 1229 1415
366 415 1415
366 1230 1416
40 1230 1416
366 415 1416
126 415 1414
415 1414 1415
114 1414 1415
48 126 416
126 414 416
414 1413 1417
41 1413 1417
414 416 1417
408 1384 1418
123 1384 1418
408 417 1418
408 1386 1419
47 1386 1419
408 417 1419
126 417 1420
417 1418 1420
123 1418 1420
406 1377 1421
123 1377 1421
406 415 1421
406 1379 1416
40 1379 1416
406 415 1416
126 415 1420
415 1420 1421
123 1420 1421
48 126 418
126 417 418
417 1419 1422
47 1419 1422
417 418 1422
