ID=1665030
numvertices=193
numsimplices=348
vertices
-1.500000e+00 -1.500000e+00
-1.125000e+00 -1.500000e+00
-7.500000e-01 -1.500000e+00
-3.750000e-01 -1.500000e+00
0.000000e+00 -1.500000e+00
3.750000e-01 -1.500000e+00
7.500000e-01 -1.500000e+00
1.125000e+00 -1.500000e+00
1.500000e+00 -1.500000e+00
-1.500000e+00 -1.125000e+00
-1.125000e+00 -1.125000e+00
-7.500000e-01 -1.125000e+00
-3.750000e-01 -1.125000e+00
0.000000e+00 -1.125000e+00
3.750000e-01 -1.125000e+00
7.500000e-01 -1.125000e+00
1.125000e+00 -1.125000e+00
1.500000e+00 -1.125000e+00
-1.500000e+00 -7.500000e-01
-1.125000e+00 -7.500000e-01
-7.500000e-01 -7.500000e-01
-3.750000e-01 -7.500000e-01
0.000000e+00 -7.500000e-01
3.750000e-01 -7.500000e-01
7.500000e-01 -7.500000e-01
1.125000e+00 -7.500000e-01
1.500000e+00 -7.500000e-01
-1.500000e+00 -3.750000e-01
-1.125000e+00 -3.750000e-01
-7.500000e-01 -3.750000e-01
-3.750000e-01 -3.750000e-01
0.000000e+00 -3.750000e-01
3.750000e-01 -3.750000e-01
7.500000e-01 -3.750000e-01
1.125000e+00 -3.750000e-01
1.500000e+00 -3.750000e-01
-1.500000e+00 0.000000e+00
-1.125000e+00 0.000000e+00
-7.500000e-01 0.000000e+00
-3.750000e-01 0.000000e+00
0.000000e+00 0.000000e+00
3.750000e-01 0.000000e+00
7.500000e-01 0.000000e+00
1.125000e+00 0.000000e+00
1.500000e+00 0.000000e+00
-1.500000e+00 3.750000e-01
-1.125000e+00 3.750000e-01
-7.500000e-01 3.750000e-01
-3.750000e-01 3.750000e-01
0.000000e+00 3.750000e-01
3.750000e-01 3.750000e-01
7.500000e-01 3.750000e-01
1.125000e+00 3.750000e-01
1.500000e+00 3.750000e-01
-1.500000e+00 7.500000e-01
-1.125000e+00 7.500000e-01
-7.500000e-01 7.500000e-01
-3.750000e-01 7.500000e-01
0.000000e+00 7.500000e-01
3.750000e-01 7.500000e-01
7.500000e-01 7.500000e-01
1.125000e+00 7.500000e-01
1.500000e+00 7.500000e-01
-1.500000e+00 1.125000e+00
-1.125000e+00 1.125000e+00
-7.500000e-01 1.125000e+00
-3.750000e-01 1.125000e+00
0.000000e+00 1.125000e+00
3.750000e-01 1.125000e+00
7.500000e-01 1.125000e+00
1.125000e+00 1.125000e+00
1.500000e+00 1.125000e+00
-1.500000e+00 1.500000e+00
-1.125000e+00 1.500000e+00
-7.500000e-01 1.500000e+00
-3.750000e-01 1.500000e+00
0.000000e+00 1.500000e+00
3.750000e-01 1.500000e+00
7.500000e-01 1.500000e+00
1.125000e+00 1.500000e+00
1.500000e+00 1.500000e+00
-9.375000e-01 -1.312500e+00
-9.375000e-01 -1.125000e+00
-3.750000e-01 -1.312500e+00
-5.625000e-01 -1.312500e+00
-5.625000e-01 -1.125000e+00
0.000000e+00 -1.312500e+00
-1.875000e-01 -1.312500e+00
-1.875000e-01 -1.500000e+00
-1.875000e-01 -1.125000e+00
1.875000e-01 -1.312500e+00
1.875000e-01 -1.125000e+00
5.625000e-01 -1.312500e+00
5.625000e-01 -1.125000e+00
-1.125000e+00 -9.375000e-01
-1.312500e+00 -9.375000e-01
-7.500000e-01 -9.375000e-01
-9.375000e-01 -9.375000e-01
-9.375000e-01 -7.500000e-01
-3.750000e-01 -9.375000e-01
-5.625000e-01 -9.375000e-01
-5.625000e-01 -7.500000e-01
0.000000e+00 -9.375000e-01
-1.875000e-01 -9.375000e-01
-1.875000e-01 -7.500000e-01
3.750000e-01 -9.375000e-01
1.875000e-01 -9.375000e-01
7.500000e-01 -9.375000e-01
5.625000e-01 -9.375000e-01
5.625000e-01 -7.500000e-01
9.375000e-01 -9.375000e-01
9.375000e-01 -7.500000e-01
-1.125000e+00 -5.625000e-01
-1.312500e+00 -5.625000e-01
-1.312500e+00 -3.750000e-01
-7.500000e-01 -5.625000e-01
-9.375000e-01 -5.625000e-01
-9.375000e-01 -3.750000e-01
-5.625000e-01 -5.625000e-01
-1.875000e-01 -5.625000e-01
7.500000e-01 -5.625000e-01
5.625000e-01 -5.625000e-01
1.125000e+00 -5.625000e-01
9.375000e-01 -5.625000e-01
9.375000e-01 -3.750000e-01
1.312500e+00 -5.625000e-01
-1.125000e+00 -1.875000e-01
-1.312500e+00 -1.875000e-01
-1.312500e+00 0.000000e+00
-1.500000e+00 -1.875000e-01
-7.500000e-01 -1.875000e-01
-9.375000e-01 -1.875000e-01
-9.375000e-01 0.000000e+00
-5.625000e-01 -1.875000e-01
1.125000e+00 -1.875000e-01
9.375000e-01 -1.875000e-01
9.375000e-01 0.000000e+00
1.312500e+00 -1.875000e-01
1.312500e+00 0.000000e+00
-1.125000e+00 1.875000e-01
-1.312500e+00 1.875000e-01
-9.375000e-01 1.875000e-01
-9.375000e-01 3.750000e-01
7.500000e-01 1.875000e-01
5.625000e-01 1.875000e-01
1.125000e+00 1.875000e-01
9.375000e-01 1.875000e-01
9.375000e-01 3.750000e-01
1.500000e+00 1.875000e-01
1.312500e+00 1.875000e-01
1.312500e+00 3.750000e-01
-1.125000e+00 5.625000e-01
-1.312500e+00 5.625000e-01
-7.500000e-01 5.625000e-01
-9.375000e-01 5.625000e-01
-9.375000e-01 7.500000e-01
-5.625000e-01 5.625000e-01
-5.625000e-01 7.500000e-01
1.875000e-01 5.625000e-01
1.875000e-01 7.500000e-01
7.500000e-01 5.625000e-01
5.625000e-01 5.625000e-01
5.625000e-01 7.500000e-01
1.125000e+00 5.625000e-01
9.375000e-01 5.625000e-01
9.375000e-01 7.500000e-01
1.312500e+00 5.625000e-01
-7.500000e-01 9.375000e-01
-9.375000e-01 9.375000e-01
-3.750000e-01 9.375000e-01
-5.625000e-01 9.375000e-01
-5.625000e-01 1.125000e+00
0.000000e+00 9.375000e-01
-1.875000e-01 9.375000e-01
-1.875000e-01 1.125000e+00
3.750000e-01 9.375000e-01
1.875000e-01 9.375000e-01
1.875000e-01 1.125000e+00
7.500000e-01 9.375000e-01
5.625000e-01 9.375000e-01
5.625000e-01 1.125000e+00
1.125000e+00 9.375000e-01
9.375000e-01 9.375000e-01
9.375000e-01 1.125000e+00
1.312500e+00 9.375000e-01
-5.625000e-01 1.312500e+00
0.000000e+00 1.312500e+00
-1.875000e-01 1.312500e+00
3.750000e-01 1.312500e+00
1.875000e-01 1.312500e+00
1.875000e-01 1.500000e+00
5.625000e-01 1.312500e+00
9.375000e-01 1.312500e+00
simplices
0 1 10
0 9 10
1 2 81
2 11 81
1 10 81
10 81 82
11 81 82
2 3 84
3 83 84
12 83 84
2 11 84
11 84 85
12 84 85
4 87 88
3 87 88
4 86 87
13 86 87
12 83 87
3 83 87
12 87 89
13 87 89
4 5 90
5 14 90
13 86 90
4 86 90
13 90 91
14 90 91
5 6 92
6 15 92
5 14 92
14 92 93
15 92 93
6 7 16
6 15 16
7 8 17
7 16 17
9 10 95
10 94 95
19 94 95
9 18 95
18 19 95
11 82 97
10 82 97
11 96 97
20 96 97
19 94 97
10 94 97
19 97 98
20 97 98
12 85 100
11 85 100
12 99 100
21 99 100
20 96 100
11 96 100
20 100 101
21 100 101
13 89 103
12 89 103
13 102 103
22 102 103
21 99 103
12 99 103
21 103 104
22 103 104
14 91 106
13 91 106
14 105 106
23 105 106
22 102 106
13 102 106
22 23 106
15 93 108
14 93 108
15 107 108
24 107 108
23 105 108
14 105 108
23 108 109
24 108 109
15 16 110
16 25 110
24 107 110
15 107 110
24 110 111
25 110 111
16 17 26
16 25 26
18 19 113
19 112 113
28 112 113
18 27 113
27 113 114
28 113 114
20 98 116
19 98 116
20 115 116
29 115 116
28 112 116
19 112 116
28 116 117
29 116 117
21 101 118
20 101 118
21 30 118
29 115 118
20 115 118
29 30 118
22 104 119
21 104 119
22 31 119
21 30 119
30 31 119
22 23 32
22 31 32
24 109 121
23 109 121
24 120 121
33 120 121
23 32 121
32 33 121
25 111 123
24 111 123
25 122 123
34 122 123
33 120 123
24 120 123
33 123 124
34 123 124
25 26 125
26 35 125
34 122 125
25 122 125
34 35 125
28 114 127
27 114 127
28 126 127
37 126 127
36 127 129
27 127 129
36 127 128
37 127 128
29 117 131
28 117 131
29 130 131
38 130 131
37 126 131
28 126 131
37 131 132
38 131 132
29 30 133
30 39 133
38 130 133
29 130 133
38 39 133
30 31 40
30 39 40
31 32 41
31 40 41
32 33 42
32 41 42
34 124 135
33 124 135
34 134 135
43 134 135
33 42 135
42 135 136
43 135 136
34 35 137
35 44 137
43 134 137
34 134 137
43 137 138
44 137 138
37 128 140
36 128 140
37 139 140
46 139 140
36 45 140
45 46 140
38 132 141
37 132 141
38 47 141
46 139 141
37 139 141
46 141 142
47 141 142
38 39 48
38 47 48
39 40 49
39 48 49
40 41 50
40 49 50
41 42 144
42 143 144
51 143 144
41 50 144
50 51 144
43 136 146
42 136 146
43 145 146
52 145 146
51 143 146
42 143 146
51 146 147
52 146 147
44 138 149
43 138 149
44 148 149
53 148 149
52 145 149
43 145 149
52 149 150
53 149 150
45 46 152
46 151 152
55 151 152
45 54 152
54 55 152
47 142 154
46 142 154
47 153 154
56 153 154
55 151 154
46 151 154
55 154 155
56 154 155
47 48 156
48 57 156
56 153 156
47 153 156
56 156 157
57 156 157
48 49 58
48 57 58
49 50 158
50 59 158
49 58 158
58 158 159
59 158 159
50 51 161
51 160 161
60 160 161
50 59 161
59 161 162
60 161 162
52 147 164
51 147 164
52 163 164
61 163 164
60 160 164
51 160 164
60 164 165
61 164 165
53 150 166
52 150 166
53 62 166
61 163 166
52 163 166
61 62 166
54 55 64
54 63 64
56 155 168
55 155 168
56 167 168
65 167 168
55 64 168
64 65 168
57 157 170
56 157 170
57 169 170
66 169 170
65 167 170
56 167 170
65 170 171
66 170 171
57 58 173
58 172 173
67 172 173
66 169 173
57 169 173
66 173 174
67 173 174
59 159 176
58 159 176
59 175 176
68 175 176
67 172 176
58 172 176
67 176 177
68 176 177
60 162 179
59 162 179
60 178 179
69 178 179
68 175 179
59 175 179
68 179 180
69 179 180
61 165 182
60 165 182
61 181 182
70 181 182
69 178 182
60 178 182
69 182 183
70 182 183
61 62 184
62 71 184
70 181 184
61 181 184
70 71 184
63 64 73
63 72 73
64 65 74
64 73 74
66 171 185
65 171 185
66 75 185
65 74 185
74 75 185
67 174 187
66 174 187
67 186 187
76 186 187
66 75 187
75 76 187
68 177 189
67 177 189
68 188 189
77 188 189
76 186 189
67 186 189
76 189 190
77 189 190
69 180 191
68 180 191
69 78 191
77 188 191
68 188 191
77 78 191
70 183 192
69 183 192
70 79 192
69 78 192
78 79 192
70 71 80
70 79 80
