ID=8917372
numvertices=186
numsimplices=338
vertices
-1.500000e+00 -1.500000e+00
1.500000e+00 -1.500000e+00
1.500000e+00 1.500000e+00
-1.500000e+00 1.500000e+00
0.000000e+00 -1.500000e+00
1.500000e+00 0.000000e+00
0.000000e+00 1.500000e+00
-1.500000e+00 0.000000e+00
0.000000e+00 0.000000e+00
-1.500000e+00 -7.500000e-01
-7.500000e-01 -1.500000e+00
-7.500000e-01 1.500000e+00
-1.500000e+00 7.500000e-01
1.500000e+00 -7.500000e-01
7.500000e-01 -1.500000e+00
1.500000e+00 7.500000e-01
7.500000e-01 1.500000e+00
6.250000e-01 -6.250000e-01
-6.250000e-01 6.250000e-01
-3.750000e-01 -7.500000e-01
7.500000e-01 3.750000e-01
-7.291667e-01 -1.041667e-01
1.099138e-01 7.607759e-01
-9.375000e-01 -9.375000e-01
9.375000e-01 9.375000e-01
-1.064867e+00 3.158144e-01
-3.750000e-01 1.107143e+00
1.580882e-01 -9.522059e-01
1.107143e+00 -3.750000e-01
1.015625e+00 -1.015625e+00
-1.015625e+00 1.015625e+00
5.208333e-01 -1.041667e-01
-1.089744e+00 -4.567308e-01
4.712911e-01 1.094597e+00
3.074382e-02 -4.841219e-01
-4.036458e-01 2.213542e-01
5.789250e-01 -1.091165e+00
-3.342717e-01 -2.642648e-01
3.273810e-01 2.827381e-01
1.125000e+00 5.625000e-01
-2.181633e-01 -1.140332e+00
1.063337e+00 6.417411e-02
-1.125000e+00 -1.500000e+00
-1.500000e+00 -1.125000e+00
1.500000e+00 1.125000e+00
1.125000e+00 1.500000e+00
-1.115997e+00 -6.921230e-02
-6.913853e-01 -5.034747e-01
6.094702e-01 7.343433e-01
3.750000e-01 -1.500000e+00
-3.750000e-01 -1.500000e+00
-1.125000e+00 1.500000e+00
1.125000e+00 -1.500000e+00
1.500000e+00 -3.750000e-01
-1.500000e+00 -3.750000e-01
-1.500000e+00 3.750000e-01
-3.750000e-01 1.500000e+00
1.500000e+00 -1.125000e+00
-1.500000e+00 1.125000e+00
3.750000e-01 1.500000e+00
1.500000e+00 3.750000e-01
-6.062135e-01 -1.139571e+00
-2.672414e-01 7.453818e-01
9.751259e-02 1.136715e+00
-5.049878e-02 3.993180e-01
-9.792008e-01 6.614242e-01
-7.395241e-01 2.317116e-01
-7.098214e-01 1.162946e+00
9.598214e-01 -6.808036e-01
7.749081e-01 -3.241850e-01
2.250847e-01 -2.287433e-01
3.025081e-01 -6.615515e-01
-1.255097e+00 5.463888e-01
-1.250000e+00 -9.375000e-01
-8.914858e-01 -1.234662e+00
-6.700437e-01 -8.023690e-01
1.218750e+00 8.437500e-01
1.171875e+00 1.171875e+00
8.789062e-01 1.230469e+00
1.875000e-01 -1.257402e+00
-1.227679e+00 -1.227679e+00
-1.167230e-01 -8.728980e-01
7.627583e-01 7.451416e-02
4.377707e-01 -4.140258e-01
7.681145e-01 -8.848157e-01
-7.614851e-01 8.791399e-01
-1.287802e+00 9.375000e-01
-1.222574e+00 1.223431e+00
1.287802e+00 -9.375000e-01
1.222574e+00 -1.223431e+00
9.375000e-01 -1.287802e+00
1.236315e+00 -6.654065e-01
8.750634e-01 6.719067e-01
-1.477364e-01 1.265615e+00
1.303571e+00 -1.875000e-01
-3.823149e-01 4.955686e-01
-1.303912e+00 1.875000e-01
1.304509e+00 1.875000e-01
-8.639423e-02 9.424745e-01
-9.554065e-01 1.284670e+00
5.043676e-01 4.860900e-01
1.537191e-02 -2.420610e-01
-7.102760e-01 -3.038207e-01
-9.094551e-01 -2.804487e-01
-4.906067e-01 -9.447856e-01
-2.965817e-01 -9.451658e-01
3.685066e-01 -1.021685e+00
-2.458615e-01 -8.114490e-01
7.422668e-01 7.031250e-01
9.062817e-01 8.047034e-01
7.734851e-01 8.359216e-01
5.403807e-01 9.144702e-01
7.043956e-01 1.016049e+00
8.125317e-01 5.234534e-01
6.797351e-01 5.546716e-01
1.000032e+00 6.172034e-01
9.375000e-01 4.687500e-01
3.596920e-01 7.475596e-01
2.906025e-01 9.276865e-01
-1.517639e-01 -3.741934e-01
-5.143632e-01 8.122608e-01
-6.932425e-01 7.520700e-01
-4.461207e-01 6.851909e-01
2.342572e-01 -4.490739e-01
2.068264e-02 -9.125519e-01
-3.003755e-02 -1.046269e+00
9.191226e-01 -1.300055e-01
9.410255e-01 -3.495925e-01
1.085240e+00 -1.554129e-01
-3.247781e-01 6.204752e-01
-5.036575e-01 5.602843e-01
-5.715850e-01 2.265329e-01
-7.343454e-01 6.377249e-02
-5.664062e-01 5.859375e-02
-1.170653e-01 1.104045e+00
5.559182e-03 1.039595e+00
2.362563e-01 1.318358e+00
9.289255e-02 -7.672247e-01
2.302981e-01 -8.068787e-01
3.701394e-01 -5.377886e-01
1.666259e-01 -5.728367e-01
2.844019e-01 1.115656e+00
1.037132e-01 9.487457e-01
-5.331926e-01 -6.267374e-01
-3.546358e-01 -5.071324e-01
-1.721281e-01 -6.170610e-01
-2.270723e-01 3.103361e-01
-2.018229e-01 1.106771e-01
-5.682425e-01 9.931414e-01
-3.689588e-01 -2.145533e-02
-5.317192e-01 -1.842157e-01
9.066685e-01 2.195871e-01
1.312500e+00 4.687500e-01
1.312500e+00 6.562500e-01
1.094169e+00 3.133371e-01
-8.593625e-01 4.465679e-01
-5.128285e-01 -3.838698e-01
1.205357e+00 -2.812500e-01
1.303571e+00 -3.750000e-01
-3.211207e-01 9.262623e-01
1.214754e+00 3.750000e-01
-3.929804e-01 3.584614e-01
-1.768178e-01 8.439282e-01
1.175978e-02 8.516252e-01
-7.866379e-02 7.530788e-01
-1.588701e-01 5.723499e-01
-6.822621e-01 4.283558e-01
-8.021004e-01 6.432121e-01
-9.277608e-01 8.124967e-02
1.033482e+00 -5.279018e-01
5.313853e-01 -5.195129e-01
4.637540e-01 -6.432757e-01
8.673648e-01 -5.024943e-01
6.999541e-01 -4.745925e-01
7.924107e-01 -6.529018e-01
4.407165e-01 -8.763580e-01
6.019625e-01 -8.580823e-01
-1.533166e-02 -1.198867e+00
-4.298957e-02 -6.785099e-01
6.063394e-01 -3.691054e-01
1.046907e+00 7.578284e-01
1.183923e+00 1.258371e-01
1.183454e+00 -6.166295e-02
-5.609195e-01 3.636401e-01
1.304040e+00 2.775558e-17
-2.306971e-01 1.024809e+00
simplices
13 57 88
34 70 101
8 70 101
23 32 47
32 47 103
47 102 103
21 102 103
23 74 80
32 46 103
21 46 103
40 104 105
19 104 105
40 61 104
12 72 86
30 67 99
29 89 90
36 79 106
27 79 106
40 81 105
81 105 107
19 105 107
92 108 110
48 108 110
92 109 110
24 109 110
48 111 112
33 111 112
48 110 112
24 110 112
92 108 114
48 108 114
92 113 114
20 113 114
92 115 116
39 115 116
92 113 116
20 113 116
31 69 82
33 117 118
22 117 118
33 111 117
48 111 117
37 101 119
34 101 119
8 37 101
18 120 121
85 120 121
18 120 122
62 120 122
34 70 123
70 83 123
40 81 125
81 124 125
27 124 125
28 126 127
69 126 127
28 126 128
41 126 128
69 82 126
41 82 126
95 122 129
62 122 129
95 122 130
18 122 130
66 131 133
35 131 133
66 132 133
21 132 133
16 45 78
63 134 135
98 134 135
63 93 134
23 73 80
30 67 85
6 63 136
6 59 136
27 124 137
81 124 137
27 137 138
71 137 138
29 68 84
29 84 90
8 38 64
71 123 140
34 123 140
71 123 139
83 123 139
9 32 54
63 118 141
33 118 141
63 118 142
22 118 142
47 75 143
19 75 143
34 144 145
19 144 145
34 119 144
37 119 144
64 146 147
35 146 147
8 64 147
26 67 148
67 85 148
14 36 49
8 37 149
8 147 149
35 147 149
21 149 150
37 149 150
21 133 149
35 133 149
31 70 83
41 82 151
20 82 151
5 53 94
10 50 61
60 152 153
39 152 153
15 60 153
20 151 154
41 151 154
20 116 154
39 116 154
43 73 80
42 74 80
9 43 73
24 76 77
39 76 153
15 76 153
15 44 76
44 76 77
25 66 155
25 65 155
7 55 96
47 144 156
37 144 156
47 143 144
19 143 144
21 102 156
47 102 156
21 150 156
37 150 156
48 100 117
22 100 117
48 100 114
20 100 114
36 49 79
4 49 79
4 40 50
40 50 61
30 86 87
30 87 99
29 88 89
14 52 90
53 94 158
94 157 158
28 157 158
13 88 91
32 46 54
7 46 54
25 72 96
55 72 96
26 120 148
85 120 148
26 120 159
62 120 159
6 63 93
57 88 89
52 89 90
58 86 87
51 87 99
33 136 141
63 136 141
33 59 136
16 33 59
60 97 152
97 152 160
39 152 160
5 60 97
23 47 75
10 42 74
64 95 146
95 146 161
35 146 161
22 38 64
98 162 164
62 162 164
98 163 164
22 163 164
98 135 142
63 135 142
98 142 163
22 142 163
22 64 165
22 164 165
62 164 165
64 95 165
95 129 165
62 129 165
25 65 72
18 155 166
66 155 166
18 155 167
65 155 167
25 66 168
25 46 168
21 132 168
66 132 168
21 46 168
26 56 67
11 56 67
68 91 169
28 91 169
83 139 171
71 139 171
83 170 171
17 170 171
17 172 173
69 172 173
17 172 174
68 172 174
28 127 172
69 127 172
28 169 172
68 169 172
31 38 70
8 38 70
27 138 175
71 138 175
27 106 175
36 106 175
17 171 175
71 171 175
17 175 176
36 175 176
12 58 86
12 55 72
23 32 73
9 32 73
10 61 74
23 61 74
23 61 75
61 75 104
19 75 104
45 77 78
24 77 78
2 44 77
2 45 77
16 33 78
33 78 112
24 78 112
27 79 177
27 125 177
40 125 177
4 79 177
4 40 177
0 43 80
0 42 80
34 137 178
81 137 178
34 137 140
71 137 140
81 145 178
34 145 178
81 107 145
19 107 145
20 38 82
31 38 82
17 170 179
83 170 179
17 173 179
69 173 179
31 83 179
31 69 179
68 84 174
17 84 174
36 84 176
17 84 176
30 65 85
65 85 167
85 121 167
18 121 167
65 72 86
30 65 86
3 51 87
3 58 87
29 68 91
29 88 91
1 52 89
1 57 89
36 84 90
14 36 90
13 53 91
53 91 158
28 91 158
39 115 180
92 115 180
39 76 180
24 109 180
92 109 180
24 76 180
6 56 93
26 56 93
97 154 181
41 154 181
97 154 160
39 154 160
94 128 182
41 128 182
94 128 157
28 128 157
18 130 183
95 130 183
18 166 183
66 166 183
35 161 183
95 161 183
35 131 183
66 131 183
7 46 96
25 46 96
41 181 184
97 181 184
41 182 184
94 182 184
5 97 184
5 94 184
26 93 185
93 134 185
98 134 185
98 159 162
62 159 162
98 159 185
26 159 185
11 67 99
11 51 99
22 38 100
20 38 100
