ID=2183478
numvertices=169
numsimplices=303
vertices
-1.500000e+00 -1.500000e+00
-1.125000e+00 -1.500000e+00
-7.500000e-01 -1.500000e+00
-3.750000e-01 -1.500000e+00
0.000000e+00 -1.500000e+00
3.750000e-01 -1.500000e+00
7.500000e-01 -1.500000e+00
1.125000e+00 -1.500000e+00
1.500000e+00 -1.500000e+00
-1.500000e+00 -1.125000e+00
-1.125000e+00 -1.125000e+00
-7.500000e-01 -1.125000e+00
-3.750000e-01 -1.125000e+00
0.000000e+00 -1.125000e+00
3.750000e-01 -1.125000e+00
7.500000e-01 -1.125000e+00
1.125000e+00 -1.125000e+00
1.500000e+00 -1.125000e+00
-1.500000e+00 -7.500000e-01
-1.125000e+00 -7.500000e-01
-7.500000e-01 -7.500000e-01
-3.750000e-01 -7.500000e-01
0.000000e+00 -7.500000e-01
3.750000e-01 -7.500000e-01
7.500000e-01 -7.500000e-01
1.125000e+00 -7.500000e-01
1.500000e+00 -7.500000e-01
-1.500000e+00 -3.750000e-01
-1.125000e+00 -3.750000e-01
-7.500000e-01 -3.750000e-01
-3.750000e-01 -3.750000e-01
0.000000e+00 -3.750000e-01
3.750000e-01 -3.750000e-01
7.500000e-01 -3.750000e-01
1.125000e+00 -3.750000e-01
1.500000e+00 -3.750000e-01
-1.500000e+00 0.000000e+00
-1.125000e+00 0.000000e+00
-7.500000e-01 0.000000e+00
-3.750000e-01 0.000000e+00
0.000000e+00 0.000000e+00
3.750000e-01 0.000000e+00
7.500000e-01 0.000000e+00
1.125000e+00 0.000000e+00
1.500000e+00 0.000000e+00
-1.500000e+00 3.750000e-01
-1.125000e+00 3.750000e-01
-7.500000e-01 3.750000e-01
-3.750000e-01 3.750000e-01
0.000000e+00 3.750000e-01
3.750000e-01 3.750000e-01
7.500000e-01 3.750000e-01
1.125000e+00 3.750000e-01
1.500000e+00 3.750000e-01
-1.500000e+00 7.500000e-01
-1.125000e+00 7.500000e-01
-7.500000e-01 7.500000e-01
-3.750000e-01 7.500000e-01
0.000000e+00 7.500000e-01
3.750000e-01 7.500000e-01
7.500000e-01 7.500000e-01
1.125000e+00 7.500000e-01
1.500000e+00 7.500000e-01
-1.500000e+00 1.125000e+00
-1.125000e+00 1.125000e+00
-7.500000e-01 1.125000e+00
-3.750000e-01 1.125000e+00
0.000000e+00 1.125000e+00
3.750000e-01 1.125000e+00
7.500000e-01 1.125000e+00
1.125000e+00 1.125000e+00
1.500000e+00 1.125000e+00
-1.500000e+00 1.500000e+00
-1.125000e+00 1.500000e+00
-7.500000e-01 1.500000e+00
-3.750000e-01 1.500000e+00
0.000000e+00 1.500000e+00
3.750000e-01 1.500000e+00
7.500000e-01 1.500000e+00
1.125000e+00 1.500000e+00
1.500000e+00 1.500000e+00
1.875000e-01 -1.312500e+00
1.875000e-01 -1.125000e+00
-5.625000e-01 -9.375000e-01
-5.625000e-01 -7.500000e-01
0.000000e+00 -9.375000e-01
-1.875000e-01 -9.375000e-01
-1.875000e-01 -7.500000e-01
3.750000e-01 -9.375000e-01
1.875000e-01 -9.375000e-01
1.875000e-01 -7.500000e-01
5.625000e-01 -9.375000e-01
5.625000e-01 -7.500000e-01
-7.500000e-01 -5.625000e-01
-9.375000e-01 -5.625000e-01
-3.750000e-01 -5.625000e-01
-5.625000e-01 -5.625000e-01
-5.625000e-01 -3.750000e-01
0.000000e+00 -5.625000e-01
-1.875000e-01 -5.625000e-01
-1.875000e-01 -3.750000e-01
3.750000e-01 -5.625000e-01
1.875000e-01 -5.625000e-01
1.875000e-01 -3.750000e-01
7.500000e-01 -5.625000e-01
5.625000e-01 -5.625000e-01
9.375000e-01 -5.625000e-01
9.375000e-01 -3.750000e-01
-7.500000e-01 -1.875000e-01
-9.375000e-01 -1.875000e-01
-3.750000e-01 -1.875000e-01
-5.625000e-01 -1.875000e-01
-5.625000e-01 0.000000e+00
-1.875000e-01 -1.875000e-01
1.875000e-01 -1.875000e-01
1.125000e+00 -1.875000e-01
9.375000e-01 -1.875000e-01
9.375000e-01 0.000000e+00
1.312500e+00 -1.875000e-01
1.312500e+00 0.000000e+00
-7.500000e-01 1.875000e-01
-9.375000e-01 1.875000e-01
-3.750000e-01 1.875000e-01
-5.625000e-01 1.875000e-01
-5.625000e-01 3.750000e-01
-1.875000e-01 1.875000e-01
7.500000e-01 1.875000e-01
5.625000e-01 1.875000e-01
1.125000e+00 1.875000e-01
9.375000e-01 1.875000e-01
9.375000e-01 3.750000e-01
1.500000e+00 1.875000e-01
1.312500e+00 1.875000e-01
1.312500e+00 3.750000e-01
-7.500000e-01 5.625000e-01
-9.375000e-01 5.625000e-01
-3.750000e-01 5.625000e-01
-5.625000e-01 5.625000e-01
-5.625000e-01 7.500000e-01
-1.875000e-01 5.625000e-01
-1.875000e-01 7.500000e-01
1.875000e-01 5.625000e-01
1.875000e-01 7.500000e-01
7.500000e-01 5.625000e-01
5.625000e-01 5.625000e-01
5.625000e-01 7.500000e-01
1.125000e+00 5.625000e-01
9.375000e-01 5.625000e-01
9.375000e-01 7.500000e-01
1.312500e+00 5.625000e-01
-3.750000e-01 9.375000e-01
-5.625000e-01 9.375000e-01
0.000000e+00 9.375000e-01
-1.875000e-01 9.375000e-01
-1.875000e-01 1.125000e+00
3.750000e-01 9.375000e-01
1.875000e-01 9.375000e-01
1.875000e-01 1.125000e+00
7.500000e-01 9.375000e-01
5.625000e-01 9.375000e-01
5.625000e-01 1.125000e+00
1.125000e+00 9.375000e-01
9.375000e-01 9.375000e-01
9.375000e-01 1.125000e+00
1.312500e+00 9.375000e-01
-1.875000e-01 1.312500e+00
1.875000e-01 1.312500e+00
5.625000e-01 1.312500e+00
9.375000e-01 1.312500e+00
simplices
0 1 10
0 9 10
1 2 11
1 10 11
2 3 12
2 11 12
3 4 13
3 12 13
4 5 81
5 14 81
4 13 81
13 81 82
14 81 82
5 6 15
5 14 15
6 7 16
6 15 16
7 8 17
7 16 17
9 10 19
9 18 19
10 11 20
10 19 20
11 12 83
12 21 83
11 20 83
20 83 84
21 83 84
12 13 86
13 85 86
22 85 86
12 21 86
21 86 87
22 86 87
14 82 89
13 82 89
14 88 89
23 88 89
22 85 89
13 85 89
22 89 90
23 89 90
14 15 91
15 24 91
23 88 91
14 88 91
23 91 92
24 91 92
15 16 25
15 24 25
16 17 26
16 25 26
18 19 28
18 27 28
19 20 94
20 93 94
29 93 94
19 28 94
28 29 94
21 84 96
20 84 96
21 95 96
30 95 96
29 93 96
20 93 96
29 96 97
30 96 97
22 87 99
21 87 99
22 98 99
31 98 99
30 95 99
21 95 99
30 99 100
31 99 100
23 90 102
22 90 102
23 101 102
32 101 102
31 98 102
22 98 102
31 102 103
32 102 103
24 92 105
23 92 105
24 104 105
33 104 105
32 101 105
23 101 105
32 33 105
24 25 106
25 34 106
33 104 106
24 104 106
33 106 107
34 106 107
25 26 35
25 34 35
27 28 37
27 36 37
28 29 109
29 108 109
38 108 109
28 37 109
37 38 109
30 97 111
29 97 111
30 110 111
39 110 111
38 108 111
29 108 111
38 111 112
39 111 112
31 100 113
30 100 113
31 40 113
39 110 113
30 110 113
39 40 113
32 103 114
31 103 114
32 41 114
31 40 114
40 41 114
32 33 42
32 41 42
34 107 116
33 107 116
34 115 116
43 115 116
33 42 116
42 116 117
43 116 117
34 35 118
35 44 118
43 115 118
34 115 118
43 118 119
44 118 119
36 37 46
36 45 46
37 38 121
38 120 121
47 120 121
37 46 121
46 47 121
39 112 123
38 112 123
39 122 123
48 122 123
47 120 123
38 120 123
47 123 124
48 123 124
39 40 125
40 49 125
48 122 125
39 122 125
48 49 125
40 41 50
40 49 50
41 42 127
42 126 127
51 126 127
41 50 127
50 51 127
43 117 129
42 117 129
43 128 129
52 128 129
51 126 129
42 126 129
51 129 130
52 129 130
44 119 132
43 119 132
44 131 132
53 131 132
52 128 132
43 128 132
52 132 133
53 132 133
45 46 55
45 54 55
46 47 135
47 134 135
56 134 135
46 55 135
55 56 135
48 124 137
47 124 137
48 136 137
57 136 137
56 134 137
47 134 137
56 137 138
57 137 138
48 49 139
49 58 139
57 136 139
48 136 139
57 139 140
58 139 140
49 50 141
50 59 141
49 58 141
58 141 142
59 141 142
50 51 144
51 143 144
60 143 144
50 59 144
59 144 145
60 144 145
52 130 147
51 130 147
52 146 147
61 146 147
60 143 147
51 143 147
60 147 148
61 147 148
53 133 149
52 133 149
53 62 149
61 146 149
52 146 149
61 62 149
54 55 64
54 63 64
55 56 65
55 64 65
57 138 151
56 138 151
57 150 151
66 150 151
56 65 151
65 66 151
58 140 153
57 140 153
58 152 153
67 152 153
66 150 153
57 150 153
66 153 154
67 153 154
59 142 156
58 142 156
59 155 156
68 155 156
67 152 156
58 152 156
67 156 157
68 156 157
60 145 159
59 145 159
60 158 159
69 158 159
68 155 159
59 155 159
68 159 160
69 159 160
61 148 162
60 148 162
61 161 162
70 161 162
69 158 162
60 158 162
69 162 163
70 162 163
61 62 164
62 71 164
70 161 164
61 161 164
70 71 164
63 64 73
63 72 73
64 65 74
64 73 74
65 66 75
65 74 75
67 154 165
66 154 165
67 76 165
66 75 165
75 76 165
68 157 166
67 157 166
68 77 166
67 76 166
76 77 166
69 160 167
68 160 167
69 78 167
68 77 167
77 78 167
70 163 168
69 163 168
70 79 168
69 78 168
78 79 168
70 71 80
70 79 80
