ID=3429214
numvertices=620
numsimplices=1174
vertices
-1.5000000000000000e+00 -1.5000000000000000e+00
1.5000000000000000e+00 -1.5000000000000000e+00
1.5000000000000000e+00 1.5000000000000000e+00
-1.5000000000000000e+00 1.5000000000000000e+00
0.0000000000000000e+00 -1.5000000000000000e+00
1.5000000000000000e+00 0.0000000000000000e+00
0.0000000000000000e+00 1.5000000000000000e+00
-1.5000000000000000e+00 0.0000000000000000e+00
0.0000000000000000e+00 0.0000000000000000e+00
-1.5000000000000000e+00 -7.5000000000000000e-01
-7.5000000000000000e-01 -1.5000000000000000e+00
-7.5000000000000000e-01 1.5000000000000000e+00
-1.5000000000000000e+00 7.5000000000000000e-01
1.5000000000000000e+00 -7.5000000000000000e-01
7.5000000000000000e-01 -1.5000000000000000e+00
1.5000000000000000e+00 7.5000000000000000e-01
7.5000000000000000e-01 1.5000000000000000e+00
6.2500000000000000e-01 -6.2500000000000000e-01
-6.2500000000000000e-01 6.2500000000000000e-01
-3.7500000000000000e-01 -7.5000000000000000e-01
7.5000000000000000e-01 3.7500000000000000e-01
-7.2916666666666663e-01 -1.0416666666666667e-01
1.0991379310344827e-01 7.6077586206896552e-01
-9.3750000000000000e-01 -9.3750000000000000e-01
9.3750000000000000e-01 9.3750000000000000e-01
-1.0648674242424243e+00 3.1581439393939398e-01
-3.7500000000000000e-01 1.1071428571428572e+00
1.5808823529411764e-01 -9.5220588235294112e-01
1.1071428571428572e+00 -3.7500000000000000e-01
1.0156250000000000e+00 -1.0156250000000000e+00
-1.0156250000000000e+00 1.0156250000000000e+00
5.2083333333333337e-01 -1.0416666666666667e-01
-1.0897435897435896e+00 -4.5673076923076933e-01
4.7129114737606892e-01 1.0945970491253563e+00
3.0743819266837152e-02 -4.8412190963341856e-01
-4.0364583333333337e-01 2.2135416666666669e-01
5.7892501348625580e-01 -1.0911645235247209e+00
-3.3427169176849469e-01 -2.6426482428720277e-01
3.2738095238095238e-01 2.8273809523809512e-01
1.1250000000000000e+00 5.6250000000000000e-01
-2.1816332916145179e-01 -1.1403316645807258e+00
1.0633370535714286e+00 6.4174107142857123e-02
-1.1250000000000000e+00 -1.5000000000000000e+00
-1.5000000000000000e+00 -1.1250000000000000e+00
1.5000000000000000e+00 1.1250000000000000e+00
1.1250000000000000e+00 1.5000000000000000e+00
-1.1159974055548405e+00 -6.9212297931966871e-02
-6.9138526448664095e-01 -5.0347471493353435e-01
6.0947017071478959e-01 7.3434327642840358e-01
3.7500000000000000e-01 -1.5000000000000000e+00
-3.7500000000000000e-01 -1.5000000000000000e+00
-1.1250000000000000e+00 1.5000000000000000e+00
1.1250000000000000e+00 -1.5000000000000000e+00
1.5000000000000000e+00 -3.7500000000000000e-01
-1.5000000000000000e+00 -3.7500000000000000e-01
-1.5000000000000000e+00 3.7500000000000000e-01
-3.7500000000000000e-01 1.5000000000000000e+00
1.5000000000000000e+00 -1.1250000000000000e+00
-1.5000000000000000e+00 1.1250000000000000e+00
3.7500000000000000e-01 1.5000000000000000e+00
1.5000000000000000e+00 3.7500000000000000e-01
-6.0621349082081744e-01 -1.1395711636069392e+00
-2.6724137931034481e-01 7.4538177339901490e-01
9.7512594118668833e-02 1.1367154545794220e+00
-5.0498781729253220e-02 3.9931801314794640e-01
-9.7920078630808716e-01 6.6142421369191284e-01
-7.3952414772727282e-01 2.3171164772727276e-01
-7.0982142857142860e-01 1.1629464285714286e+00
9.5982142857142860e-01 -6.8080357142857140e-01
7.7490811760945999e-01 -3.2418504314477470e-01
2.2508467451475334e-01 -2.2874329409290012e-01
3.0250806300701372e-01 -6.6155149242045108e-01
-1.2550967206699744e+00 5.4638875811919685e-01
-1.2500000000000000e+00 -9.3750000000000000e-01
-8.9148575520102746e-01 -1.2346619184003425e+00
-6.7004365721640968e-01 -8.0236902835077095e-01
1.2187500000000000e+00 8.4375000000000000e-01
1.1718750000000000e+00 1.1718750000000000e+00
7.6370889750251536e-01 1.1920696325008384e+00
1.8749999999999992e-01 -1.2574022897749704e+00
-1.2276785714285714e+00 -1.2276785714285714e+00
-1.1672295639156788e-01 -8.7289795455103181e-01
7.6275827950549424e-01 7.4514156178531743e-02
4.3777066081124005e-01 -4.1402580347827034e-01
7.6811453066479030e-01 -8.8481573298443972e-01
-1.2878024193548387e+00 9.3750000000000000e-01
-1.2225740708274895e+00 1.2234308549744379e+00
1.2878024193548387e+00 -9.3750000000000000e-01
1.2225740708274895e+00 -1.2234308549744379e+00
9.3750000000000000e-01 -1.2878024193548387e+00
-7.7971326694730936e-01 8.6091173305269053e-01
1.2363150640137208e+00 -6.6540653945049189e-01
8.7506344714319306e-01 6.7190672357159653e-01
1.3035714285714286e+00 -1.8750000000000000e-01
-1.8749999999999997e-01 1.3035714285714286e+00
-3.8231490307343868e-01 4.9556857465865189e-01
-1.3039118401094734e+00 1.8750000000000000e-01
1.3045087681138750e+00 1.8750000000000006e-01
-1.3005960303883479e-01 9.8317412830558981e-01
-9.3750000000000000e-01 1.3067274716177861e+00
3.5092836949045780e-01 5.8193375669336667e-01
3.6805642534425487e-01 8.4837343842570379e-01
-5.0829132055871196e-01 8.7050936138477530e-01
2.5959159774566964e-01 3.0325643713034089e-02
4.8681038910851343e-01 -8.4670080307278139e-01
-1.0937500000000000e+00 -7.2248931623931623e-01
-1.5000000000000000e+00 -5.6250000000000000e-01
-8.7167112729598561e-01 -3.1909144615125007e-01
1.0099988892574712e+00 3.2375222148505767e-01
5.6250000000000000e-01 1.5000000000000000e+00
-8.5721533364848801e-01 4.4776551660601027e-01
-1.5000000000000000e+00 -1.8750000000000000e-01
-1.2680538862179487e+00 -2.8125000000000000e-01
-4.7168237010987962e-01 -3.6130129890120322e-02
-4.3476224581443867e-01 -5.0041391021701398e-01
-1.6125781383094318e-01 -6.3364956319724741e-01
-7.5659560554061783e-02 -2.4784184390961878e-01
9.6895094254468461e-01 -1.6701229522879765e-01
6.9678154065442710e-01 9.5977208348690157e-01
5.2692956316178630e-01 1.4069692443803591e-01
-9.0947414783524116e-01 5.8372044783748384e-02
-5.1432291666666674e-01 1.3035714285714286e+00
9.3750000000000000e-01 1.5000000000000000e+00
-2.4032471942399733e-01 4.0467913599377417e-02
6.9721650962007525e-02 -7.2126246363595281e-01
1.5000000000000000e+00 1.3125000000000000e+00
-9.0374673899547431e-01 -5.9244421443167083e-01
1.8750000000000000e-01 1.5000000000000000e+00
3.0161719624091654e-01 1.2684331527692858e+00
4.2337645445832417e-01 -1.2688538170367116e+00
-4.9283005124302720e-01 -9.4346603264084050e-01
5.1919601898326306e-01 4.1816623869724945e-01
-5.6709903829781128e-01 3.7200592959348810e-01
3.6504500443759391e-01 -1.0321687322529520e+00
7.1062135086130462e-01 -1.2762673439301635e+00
1.2972890118213182e-01 5.3565811153201826e-01
-7.3688496091296227e-02 6.3118404093626423e-01
-1.2749602532775097e+00 -5.8684803079927816e-01
1.0744409275812139e-01 2.0649643896177416e-01
-5.6541847814995339e-01 -3.0535879020856638e-01
-4.1244258086334745e-01 -1.2696436189048352e+00
7.2088327691493537e-03 -1.1207615328724663e+00
-1.8750000000000000e-01 -1.5000000000000000e+00
-9.0015927333786799e-02 -1.3086011647867279e+00
1.3125000000000000e+00 6.5625000000000000e-01
1.2816317694133395e+00 4.0701353882667901e-01
1.3125000000000000e+00 1.5000000000000000e+00
5.0729154587058389e-01 1.2994592694608298e+00
-1.1779635165663340e+00 7.4976191629156630e-01
1.1097248997841220e+00 -8.3027890424270612e-01
2.3193542755918917e-01 -4.3559179525218561e-01
-1.0937500000000000e+00 -1.0714285714285714e+00
-5.6250000000000000e-01 -1.5000000000000000e+00
9.7250525792320253e-01 1.2772358985165733e+00
-1.9430551549378913e-01 -4.2391774575318630e-01
-1.0133713028446734e-01 1.9657819730274897e-01
9.2196987855544910e-01 -4.7418054889741124e-01
8.3278477408420981e-01 -1.1104441772386278e+00
5.6250000000000000e-01 -1.5000000000000000e+00
7.2405419755531208e-01 -1.2620002513655101e-01
1.3183593750000000e+00 1.0253906250000000e+00
-2.4554481219210395e-01 3.4699247088406937e-01
1.8910654638209662e-01 9.5156254694350473e-01
1.3035714285714286e+00 -4.6156002228942722e-01
1.3125000000000000e+00 -1.5000000000000000e+00
-1.3125000000000000e+00 1.5000000000000000e+00
-1.5000000000000000e+00 1.3125000000000000e+00
1.5000000000000000e+00 -1.3125000000000000e+00
-1.3034346422046850e+00 -9.2838991129596173e-03
-1.0725400142904888e+00 -2.6091668721263273e-01
-1.1174138452665821e+00 1.2688407240077648e-01
-7.8900522469774670e-01 -1.0666497359431681e+00
-7.0869402132409831e-01 -1.3075833460641135e+00
7.1016551939655792e-01 5.6657219119825208e-01
-1.3125000000000000e+00 -1.5000000000000000e+00
-1.5000000000000000e+00 -1.3125000000000000e+00
1.0390783617857982e+00 7.7348508535739480e-01
-5.6137464236953094e-01 -6.4440078768901599e-01
-2.9541546349465664e-01 -9.5807358446589208e-01
-9.2692446146502361e-01 -1.3400034084766396e-01
-6.3660758567398190e-01 6.6786432163170539e-02
-4.4823141013354684e-01 6.9146366725160746e-01
-3.1121137620418304e-01 9.2921402566059252e-01
5.7454501485826870e-03 1.3068127845984308e+00
1.3123168258230400e+00 -2.0688277198421812e-05
-5.6250000000000000e-01 1.5000000000000000e+00
-9.3750000000000000e-01 1.5000000000000000e+00
1.5000000000000000e+00 1.8750000000000000e-01
-1.8750000000000000e-01 1.5000000000000000e+00
1.5000000000000000e+00 -5.6250000000000000e-01
1.5000000000000000e+00 -1.8750000000000000e-01
9.3750000000000000e-01 -1.5000000000000000e+00
1.5000000000000000e+00 -9.3750000000000000e-01
1.8750000000000000e-01 -1.5000000000000000e+00
-9.3750000000000000e-01 -1.5000000000000000e+00
-1.5000000000000000e+00 -9.3750000000000000e-01
-1.5000000000000000e+00 1.8750000000000000e-01
-1.5000000000000000e+00 5.6250000000000000e-01
-1.5000000000000000e+00 9.3750000000000000e-01
1.5000000000000000e+00 5.6250000000000000e-01
1.5000000000000000e+00 9.3750000000000000e-01
9.0650886557448795e-01 4.8386818435982193e-01
-1.3153523311372155e+00 3.7182033808401238e-01
1.3078125000000000e+00 1.3078125000000000e+00
-1.0015259254503089e-01 8.0745477544650457e-01
-1.0302137239260103e+00 4.9064679374605208e-01
-8.0453962043489236e-01 6.1949227508325733e-01
-1.0205602488957453e+00 8.3614425009766535e-01
-5.5604100251830824e-01 1.0532629134615794e+00
-1.0614380371743799e+00 -1.3205158641336654e+00
-1.3167133503442705e+00 -7.6603446712569412e-01
9.1648509256822619e-01 1.6926796165456209e-01
-8.8374751524072093e-02 1.1559949010857595e+00
5.8454177023954124e-01 -2.8730743098826272e-01
1.1408485417046668e+00 -1.0233202309684412e-01
5.3642269048402180e-01 8.9225826174182055e-01
-8.5348540211883972e-01 -7.7153952451770969e-01
9.3936694302714197e-01 -8.6034868529148190e-01
3.0458373784878368e-01 -8.4378957637701746e-01
9.1849097143928682e-01 1.1111299891085142e+00
6.0246913351853315e-01 -4.5642948346677847e-01
7.8338052281142823e-01 -7.0708293456000215e-01
-8.8559539798720499e-01 1.1367628228782027e+00
1.0915398740876316e+00 -5.5587120367933862e-01
-7.6529797907066055e-01 1.3272548648411511e+00
7.6584025921385734e-01 8.0340199498783382e-01
-2.3489932294189769e-01 5.7907354921541077e-01
2.9509189167198485e-01 1.0923403050877081e+00
-9.1303214795566912e-01 2.3184361073227752e-01
-4.4169891955073765e-01 -1.1038592707304387e+00
7.5910937324497474e-01 -5.2128417687507334e-01
-1.3922424360619123e-01 -9.2967873764541853e-02
1.1474609375000000e+00 1.0009765625000000e+00
1.1443359375000000e+00 1.3353515625000001e+00
1.1222275069754881e-01 3.7150811175783038e-01
5.4525973381944870e-01 5.8170054040641916e-01
-3.5091145833333337e-01 1.3352906858766234e+00
-2.5781881889623720e-01 -1.3436599988185167e+00
4.6803902590406354e-01 -6.8108203133653256e-01
1.6075935039090361e-01 -5.8182240438249866e-01
1.1706094206650524e+00 2.8449429162818063e-01
6.1315731779970728e-01 2.8194267006241192e-01
3.1753176808546058e-02 9.0504840430158850e-01
-1.3390226773887484e+00 6.9453300950460173e-01
6.9530777684352729e-02 -1.5669526105777112e-01
7.2784953806281139e-02 -3.2309142643194766e-01
3.5071372101678300e-01 -1.1364400996915944e-01
-6.5660874481713083e-01 -9.6733117071346331e-01
4.5090891971286640e-01 7.1121669062565585e-01
-2.9832816295214848e-01 -1.0849799661452721e-01
2.6559900965790240e-01 4.3812493237369543e-01
9.1037878817555951e-01 -8.2384971725367739e-03
8.2150135250473144e-01 1.3489128622989752e+00
6.5812125214748041e-01 1.3640563429503358e+00
-7.3994965279596547e-01 -6.5715137399902857e-01
-5.6445362265532739e-01 2.1087903797109606e-01
3.7727965430085852e-01 -2.6875100537084462e-01
-1.3750000000000000e+00 -1.0312500000000000e+00
-1.0937500000000000e+00 -9.1331845238095233e-01
9.3086931054556366e-01 -3.1836472853749531e-01
-7.0765374299591266e-01 1.0033408685829355e+00
4.2855666231003875e-01 2.0638375969097345e-02
-1.3760197458531598e+00 -4.6875000000000000e-01
6.0646540802108007e-01 1.1764371840677335e+00
3.0055153266046625e-01 -1.3637832902610731e+00
1.6031633378082652e-01 -1.1060065695604833e+00
6.1848843581280927e-02 -1.3540452368702103e+00
-7.2068501752716418e-01 -2.6449608045684631e-01
-2.8782462015804150e-01 -5.4612325896459712e-01
-2.5384645900284597e-01 1.9243317001065219e-01
-1.0558986962114376e+00 1.1824681894449194e+00
-1.0966929878663159e+00 1.3398753532247523e+00
7.5222748924524119e-01 2.2458080383650819e-01
6.3440892354879497e-01 -4.8247832763523707e-03
-8.4375000000000000e-01 -1.3795990063197898e+00
-9.3971109731931624e-01 -1.0899858920454759e+00
2.1978077899126294e-01 6.5701552419186571e-01
-6.9492533290638914e-01 4.7587395734038018e-01
-5.2023604556124803e-01 -7.8906246534263236e-01
-1.1198713212637961e+00 6.1043617169975428e-01
-1.1654391233321886e+00 4.2659938016549470e-01
-5.6139348211793882e-01 -1.2821700764462978e+00
1.6086076857523485e-01 1.3429699050524775e+00
6.4278264313773192e-01 -7.8452858933553804e-01
6.1376075557316623e-01 -9.3845193063377119e-01
1.1718750000000000e+00 7.0312500000000000e-01
1.3593750000000000e+00 7.9687500000000000e-01
-8.6645620715349692e-01 9.8586283393774155e-01
-1.3770879234613371e+00 1.2187500000000000e+00
-1.3602938071195410e+00 1.0692841840775988e+00
1.3770879234613371e+00 -1.2187500000000000e+00
1.3602938071195410e+00 -1.0692841840775988e+00
1.1763770886056322e+00 -1.0624865298144186e+00
1.0564730937583859e+00 -1.1746510097376968e+00
1.0966991948222873e+00 -1.3360696171028568e+00
-1.1763770886056322e+00 1.0624865298144186e+00
-1.1995655050399747e+00 -1.3725967126731520e+00
-1.3464537431548045e+00 -1.3259060276157781e+00
-1.3638392857142858e+00 -1.1763392857142858e+00
-1.2388392857142858e+00 -1.0825892857142856e+00
-1.3037345542984413e+00 1.3499458733703091e+00
1.3037345542984413e+00 -1.3499458733703091e+00
-2.3707721676373594e-01 1.1631922134043453e+00
5.6787994475606196e-01 -1.2384236778592859e+00
2.9542785799488441e-01 -1.1598851159027073e+00
-1.2334567157732543e+00 -4.4904379063296751e-01
4.9807342824405021e-03 -9.6696084566492413e-01
-1.6156967562112282e-01 -1.0088426764179221e+00
-2.5075621904231138e-01 -8.2173555364441386e-01
-1.1527900508177997e+00 8.9049048694419664e-01
4.7024104189989568e-01 2.7224720217179527e-01
-5.7944567453615847e-01 -1.4954283996753159e-01
-1.3822110705620290e+00 8.3052003073231362e-01
8.4375000000000000e-01 -1.3939012096774193e+00
1.3429946698367272e+00 -7.8613802883620587e-01
1.3600652391893124e+00 -5.9321779727644275e-01
1.3581311893363064e+00 1.1682837503279120e+00
-7.9385405102809670e-01 -9.2228125713398090e-01
-8.9249372432903284e-01 7.7420467107363633e-01
-6.4108255473523879e-01 7.8314001836202218e-01
3.4526619867134328e-01 -5.2419648832532639e-01
1.1182994509273354e+00 4.1865653374204248e-01
3.5070654766121406e-01 1.4116446058574728e-01
7.1040983275643022e-01 -1.0408283915846348e+00
-9.4189154063027658e-01 -4.4940996426554464e-01
-5.0138805848576584e-01 5.6453941989147316e-01
-4.2605817049077371e-01 3.6103446774719861e-01
1.1016059634724809e+00 -6.9301053494679898e-01
-4.6875000000000000e-01 -1.3970171239982043e+00
1.1701554334653923e+00 -2.4437201873245162e-01
-2.8400641596255244e-03 1.0400343373729146e+00
-1.2417844594703169e+00 -1.3954810768724299e-01
1.3604729763748513e+00 -3.2453001114471358e-01
-1.3994537716376918e+00 -6.5625000000000000e-01
-7.7202298169675521e-01 2.9570680168691577e-02
9.0628172357159642e-01 8.0470336178579827e-01
9.9009100053583454e-01 5.9449406232636692e-01
2.3327587109812442e-01 8.2139929105546372e-01
8.8333723719901425e-01 -9.8422932424591625e-01
-4.3516382575419588e-01 9.8517501041691036e-01
-3.8433887100869912e-01 8.1454837662845747e-01
-9.3749999999999986e-02 1.4017857142857144e+00
-1.4019559200547367e+00 9.3750000000000000e-02
-1.2029746089364608e+00 2.8628024101974825e-01
1.1730969246006611e+00 1.4700796588437051e-01
1.4022543840569375e+00 2.8125000000000000e-01
-4.4105704682500868e-01 -1.7313393060771193e-01
5.1976933203632625e-01 -1.3682776544674426e+00
4.9235117787542626e-01 -5.4308303850548223e-01
8.2308010521994956e-01 1.0128288482115861e+00
6.5181645854026038e-01 -1.3982337049345062e+00
1.4022133115402851e+00 4.6875000000000000e-01
4.2662984535977316e-01 9.6856876141536463e-01
1.3549805666502923e-01 -3.3649273446087397e-02
-6.5625000000000000e-01 1.4046477316708486e+00
-3.8098942583625212e-01 7.7636547178042137e-02
-9.9898726851851849e-01 -8.1790388431013428e-01
-1.1912357267589369e+00 -8.1592506165508916e-01
-1.1351668311300669e+00 -5.8895546932411402e-01
4.9150671850871264e-01 -9.9089372486464544e-01
2.8125000000000000e-01 1.4033212223668956e+00
-1.4060343986757957e+00 4.6875000000000000e-01
-1.3781630780768119e+00 -1.2437135425036787e-01
1.4022543840569375e+00 9.7647067540817006e-02
1.4017857142857142e+00 -9.8137797577429145e-02
1.4016741071428571e+00 1.4016741071428571e+00
-9.5136700375699634e-01 -7.0517404937090256e-01
-1.0463686342592593e+00 -7.7019660027472525e-01
-9.9874836949773715e-01 -6.5746676533549353e-01
-7.9671752745740254e-01 -7.1434544925836918e-01
-8.2184819589571989e-01 -6.2479779421534976e-01
-8.7861607055715707e-01 -6.8199186947469026e-01
-7.2280698475743876e-01 -1.0169904533283156e+00
-6.9760935775928212e-01 -1.1031104497750537e+00
3.9421072944795904e-01 -1.1505112746448318e+00
-3.6855719152269717e-01 -1.0309664275981654e+00
-4.6726448539688242e-01 -1.0236626516856395e+00
-3.9412275736884195e-01 -9.5076980855336624e-01
6.1660211556922451e-01 9.2601517261436106e-01
5.7294643059940564e-01 8.1330076908511206e-01
6.5312585568460835e-01 8.4705767995765258e-01
9.4829993305516125e-01 5.3918112334309443e-01
9.3257722383951380e-01 6.3320039294898178e-01
8.9078615635884051e-01 5.7788745396570929e-01
1.2261205950391960e+00 3.4575391522742982e-01
1.2375590943894637e+00 2.3599714581409034e-01
1.2930702687636071e+00 2.9725676941333956e-01
8.4650257004999840e-01 -1.4660616018267433e-01
8.7192953007707230e-01 -2.4559866918678619e-01
6.5981784505567376e-01 6.5045773381332783e-01
-5.4465698243439276e-01 7.3730184280681477e-01
8.2648534031633511e-02 -1.0364837076127036e+00
6.0947835257949279e-03 -1.0438611892686951e+00
8.3762583274987937e-02 -1.1133840512164748e+00
9.3966486536012206e-01 -8.7625396200667213e-02
-5.7468693764697543e-01 8.2682468987339874e-01
-4.7826136534612940e-01 7.8098651431819133e-01
9.3133241111235554e-02 9.9579844215820967e-01
4.7336264979521654e-02 1.0883748959761683e+00
1.4330957025038271e-01 1.0441390007614633e+00
8.1534484788279071e-02 -9.5958336400893263e-01
1.5920228453747209e-01 -1.0291062259567121e+00
5.5263373704093943e-01 -9.6467282774920826e-01
5.9634288452971096e-01 -1.0148082270792460e+00
5.0385691893004536e-01 9.9342765543358835e-01
5.8403634401524807e-01 1.0271845663061290e+00
-5.0653304840213764e-01 -8.6626424899173649e-01
-4.4761802278062401e-01 -7.6953123267131618e-01
-4.3391502562151363e-01 -8.4673301632042031e-01
-4.6818732118476547e-01 -6.9720039384450794e-01
-4.0488112290721934e-01 -6.2520695510850699e-01
-6.3184737275711045e-01 1.0283018910222574e+00
-6.0797253177731236e-01 9.3692511498385533e-01
-5.3216616153851004e-01 9.6188613742317730e-01
9.6324199091284868e-01 2.4651009156980988e-01
9.8991107306982740e-01 1.1672103439870961e-01
1.0366679714144498e+00 1.9396316431395738e-01
8.7999944462873558e-01 3.4937611074252883e-01
-9.1125314789545508e-01 1.4510782775801295e-01
-8.2449914778125699e-01 1.4504184625551059e-01
-7.8152819589131328e-01 -4.1128308054239221e-01
7.3131089993414222e-01 8.8158703923736770e-01
6.8765521496432347e-01 7.6887263570811870e-01
9.7354416384574635e-02 -1.1890819113237183e+00
-3.2993112435609473e-01 -1.1220954676555821e+00
-3.1530295501239963e-01 -1.2049876417427805e+00
-6.7436814886557572e-01 8.9324044347247877e-01
1.2918668134695183e-01 1.2398426798159496e+00
1.9956489517979270e-01 1.2025743036743539e+00
1.9630224289532683e-01 1.1145278798335649e+00
1.1444544357961939e+00 3.5157541268511155e-01
-7.9756600174105763e-01 -5.4795946468260259e-01
-2.0568198437460697e-01 8.6833440055354849e-01
-2.2063548962150892e-01 9.5619407698309122e-01
2.4209921902704074e-01 1.0219514260156064e+00
-2.8922637775726390e-01 8.3729789952980371e-01
-1.0152229966111257e+00 1.7936384156652702e-01
-9.8894978609904671e-01 2.7382900233583574e-01
-1.0911406347545032e+00 2.2134923317008523e-01
1.0256806513295302e+00 -6.1833738755395506e-01
5.5541083452089768e-01 -7.3280531033603524e-01
5.6479651612312265e-01 -8.1561469620415972e-01
9.2641959455050638e-01 -3.9627263871745327e-01
1.0190060838442103e+00 -3.4668236426874766e-01
1.0145563678491532e+00 -4.2459027444870562e-01
3.3481437114318879e-01 -9.3797915431498469e-01
2.3133598657145066e-01 -8.9799772936497924e-01
2.6156661986585578e-01 -9.9218730730294658e-01
3.8631138187642361e-01 -7.6243580385677501e-01
-1.2330979900182233e+00 -7.0138654622718366e-01
-1.1843551266387549e+00 -6.5466867351929725e-01
-7.4884962301092250e-01 -1.1871165410036408e+00
-5.8842239518918937e-01 -8.7819681802804783e-01
-5.9513985138882886e-01 -7.9571574684670165e-01
-6.6332620101677020e-01 -8.8485009953211713e-01
3.4528838175215140e-02 -1.2374033848713384e+00
-2.0606920994311226e-01 -9.1548576950846194e-01
8.4053962590021192e-01 -4.9773236288624229e-01
8.4843899808245449e-01 -3.9918279602109297e-01
6.2827169935544913e-01 -8.6149025998465456e-01
6.9093764311897821e-01 -9.1163383180910551e-01
7.0544858690126111e-01 -8.3467216115998888e-01
4.7198500896192486e-01 -1.0616666278888365e+00
-9.9988051760191621e-01 7.4878423189478904e-01
-1.0785821514372107e+00 7.0559306499173957e-01
1.1975556513295302e+00 -5.0871561298438295e-01
1.0541952257315850e+00 5.0657529803420465e-01
8.2045185317852520e-01 7.3765435927971512e-01
1.0641491700924033e+00 3.7120437761355007e-01
1.0903041549612618e+00 3.0412325655661915e-01
-3.7318760097918946e-01 9.5719451803875144e-01
-4.0508191287709794e-01 1.0461589337798838e+00
-3.4310568810209152e-01 1.0181784414017248e+00
-1.2104242437356336e+00 5.8800086643908435e-02
1.0915479069290661e+00 2.3538009368471408e-01
1.1182169890860449e+00 1.0559103651361382e-01
-1.3793737576203602e-01 1.2297831648285942e+00
-9.0877274925708643e-02 1.3051921065849297e+00
3.6086086851587901e-01 1.0304545332515365e+00
4.4896049636792101e-01 1.0315829052703605e+00
2.7858148586317577e-01 8.9996799268460426e-01
-4.0975134838144750e-01 8.9986169352268397e-01
-4.4631509578370554e-01 8.4252886900661639e-01
-4.7172757315645392e-01 9.2784218590084278e-01
-1.6272598414390402e-01 1.1595935572450524e+00
-1.8356840990128537e-01 1.0731831708549675e+00
-1.0921717728145344e-01 1.0695845146956746e+00
5.5028557234083986e-01 -8.9257636685327624e-01
-9.2623633531867910e-01 -7.9472170441392198e-01
-1.1144584155650334e+00 -6.5572239278171507e-01
-1.1167056254107113e+00 2.8835887234404806e-02
-9.0678133396313110e-01 -3.8425070520839733e-01
-8.1663840255845876e-01 -4.7644233959953952e-01
9.5825387741597956e-01 4.0381020292243980e-01
-8.3087747704169024e-01 5.3362889584463380e-01
-8.9187020337148981e-01 6.4045824438758503e-01
-9.1820805997828758e-01 5.5459486514896161e-01
-9.9973223787775622e-01 -1.9745851403014836e-01
-1.0214609335099321e+00 -1.0160631938981542e-01
-1.0942687099226647e+00 -1.6506449257229980e-01
1.1555019875850294e+00 -1.7335202091464788e-01
1.0695531880050384e+00 -2.0569215698062465e-01
1.0548997421246757e+00 -1.3467215916282088e-01
1.0256136649401131e+00 -5.5285260134690449e-02
8.5167012960692867e-01 8.7045099749391697e-01
-9.1819930465013244e-01 -3.7814148031957789e-02
-1.0127357766950409e+00 -5.4201265741092436e-03
-8.9929779438050461e-01 -2.2654589349945703e-01
-9.7210557079323723e-01 -2.9000406668194140e-01
-3.6295572916666669e-01 1.2212167715097402e+00
-4.4466145833333337e-01 1.2053571428571428e+00
3.9569706347864853e-01 -8.4524518972489937e-01
-9.2281913981287544e-01 -5.2092708934860776e-01
-1.0158175651869330e+00 -4.5307036674815698e-01
-9.9674516436953198e-01 -5.2458749183122011e-01
4.5689212972983700e-03 1.1463551778325907e+00
5.1629022133625760e-02 1.2217641195889264e+00
-3.3520773174732832e-01 -8.5403679223294604e-01
-7.1722474031683103e-01 3.5379280253382650e-01
-7.9836974068788047e-01 3.3973858216664155e-01
4.8915855380861306e-01 -9.1879726396871342e-01
4.2592769677305364e-01 -9.3943476766286671e-01
-1.1843117734516606e+00 -5.1899962997854077e-01
-1.1124552104368282e+00 -5.2284311927744165e-01
-1.0547724819615122e-01 -1.1305465987265961e+00
-7.7180421425986731e-02 -1.0648021046451941e+00
-1.8986650239128730e-01 -1.0745871704993240e+00
-7.8294470669341157e-02 -9.8790176104142313e-01
9.4959418579928534e-01 -7.7057612836002665e-01
1.0347731641777753e+00 -7.5554123783563876e-01
8.6137373291928510e-01 -7.8371580992574197e-01
8.7160097569142847e-01 -6.9394325299428683e-01
1.0993413656152444e+00 -4.6543560183966931e-01
7.7574752673810932e-01 -7.9594933377222099e-01
8.5374073684596619e-01 -8.7258220913796081e-01
1.1042986159532134e-01 9.2830547562254662e-01
1.4951016974277245e-01 8.5616920450623513e-01
1.1386491453041248e+00 -3.0968600936622581e-01
1.0380468998437709e+00 -2.7100614761439884e-01
-1.0134439965509117e+00 9.2628058592262433e-02
-7.2523139792261371e-01 -9.4480621392372210e-01
-7.3194885412225319e-01 -8.6232514274237593e-01
-8.9549270105941980e-01 -8.5451976225885484e-01
-7.0499665500618758e-01 -7.2976020117489981e-01
-7.6176452966762476e-01 -7.8695427643424032e-01
-2.5678939632805420e-01 -1.0492026245233088e+00
-3.4777512360644108e-01 8.7188120114452494e-01
1.2222099851380477e+00 -1.4491601154842207e-01
8.0833719248552294e-01 5.2522018777903701e-01
7.9261448326987549e-01 6.1923945738492425e-01
-4.9153213115144367e-02 9.4411126630358910e-01
-9.4371452878724915e-01 4.6920615517603115e-01
-1.0475405740842172e+00 4.0323059384272303e-01
-9.6104137894545616e-01 3.8178995527270210e-01
-1.0047072551170486e+00 5.7603550371898249e-01
-7.1039791084127413e-01 8.2202587570735641e-01
-7.4368350497161106e-01 9.3212630081781300e-01
-9.3584725531855995e-01 7.1781444238277459e-01
-8.7947496574126482e-01 8.8003375250568894e-01
-8.3610349563817110e-01 8.1755820206316343e-01
-5.3518195959248749e-01 1.1784171710165041e+00
-4.6552050125915412e-01 1.0802028853022183e+00
-6.3293121554486842e-01 1.1081046710165041e+00
9.8685792087349400e-01 2.7967804985160175e-02
1.1020927976380477e+00 -1.9078957976993501e-02
-2.7414429648395949e-01 1.0462031195324690e+00
-3.0603860838186797e-01 1.1351675352736013e+00
1.2265826837638534e+00 -5.1176355687021273e-02
1.1569727331526640e+00 2.2337971393763194e-02
4.8152626792189746e-01 9.3041351157859253e-01
3.9734313535201404e-01 9.0847109992053421e-01
4.5223955791413833e-01 8.7031585008376222e-01
4.9366580509844410e-01 8.0173747618373814e-01
1.8715269440539561e-01 -7.8252602000648519e-01
7.7124494802820154e-01 -6.1418355571753769e-01
7.0419026140571406e-01 -6.6604146728000102e-01
-7.8705497507470479e-01 9.9460185126033851e-01
1.0067548763215404e+00 -5.1502587628837493e-01
9.4089565356343885e-01 -5.7749206016299137e-01
7.3800288930520763e-01 6.8498709309304295e-01
-8.8512374080207856e-01 3.3980456366914391e-01
-5.4952177103192235e-01 -1.0415185981238899e+00
8.5946540090820167e-01 -6.0104387415182237e-01
1.1718531726328567e+00 2.1575112875627556e-01
1.4456556324460267e-02 9.7254137083725156e-01
-6.6449833599230151e-02 1.0116042328392523e+00
-5.7471939803007899e-01 -9.5539860167715185e-01
9.1343194037189290e-01 8.0514732241012660e-02
8.3962168603686016e-01 1.2189105891654692e-01
-6.1570914979297031e-01 -7.2338490801989352e-01
9.4991012654512419e-01 -2.4268851188314650e-01
-7.9662457049155888e-01 1.0700518457305690e+00
2.6268066910921023e-01 -1.0690876509067175e+00
-8.2380473949609390e-01 -1.9924821065225512e-01
-7.4973247667064080e-01 5.4768311621181875e-01
7.1308158297458002e-01 -7.4580576194777004e-01
7.3926218171061020e-01 -9.6282206228453726e-01
-9.4350822802462109e-01 9.1100354201770339e-01
-1.1529983650318716e+00 -3.5498023892280012e-01
-1.0811418020170391e+00 -3.5882372822170105e-01
3.7351192622224014e-02 -8.4411165465043847e-01
-2.2849256955788971e-01 -9.8345813044190711e-01
-8.2366972657346826e-01 -8.4691039082584529e-01
-8.4851667238196260e-01 6.9684847307844677e-01
-7.9212644369110086e-01 7.4020200406797398e-01
-7.2281108758506551e-01 7.0131614672263975e-01
1.0124041582509116e+00 4.5126235905093220e-01
-1.0072157774603827e+00 -3.5516332573908871e-01
1.2368634310184103e+00 -3.5296602051093939e-01
-4.5607407841848809e-02 1.0980146192293372e+00
-1.1571622368804029e+00 -2.0023239744993787e-01
-8.4947372158088941e-01 -5.2214830339486193e-02
9.5707090446449561e-01 7.2269590446449561e-01
7.9687353497772229e-01 -1.0125288579152756e+00
-4.9560241413625206e-01 1.0192189619392449e+00
7.9446018221690351e-01 9.0811542159971004e-01
3.0786819587093489e-01 9.6006565417943468e-01
-1.0937500000000000e+00 -8.1790388431013428e-01
-1.0194567850627707e+00 -5.9069984187789237e-01
4.2827586147315327e-01 -1.0115312285587987e+00
simplices
34 116 154
105 366 367
356 366 367
105 366 368
126 366 368
254 369 371
216 369 371
254 370 371
126 370 371
80 151 209
47 139 267
247 372 373
171 372 373
61 247 373
148 243 312
99 222 224
88 293 294
133 304 374
129 304 374
130 375 376
229 375 376
130 375 377
178 375 377
215 378 380
118 378 380
215 379 380
48 379 380
33 147 263
336 381 383
201 381 383
336 382 383
92 382 383
240 384 386
145 384 386
240 385 386
97 385 386
159 387 388
117 387 388
69 159 388
173 235 389
48 235 389
123 231 249
18 319 390
18 181 390
71 124 239
141 391 392
306 391 392
141 391 393
265 391 393
82 159 251
159 251 387
251 387 394
117 387 394
102 390 395
319 390 395
102 390 396
181 390 396
113 249 355
63 397 398
330 397 398
63 397 399
162 397 399
80 298 299
99 222 270
27 391 400
306 391 400
27 391 401
265 391 401
91 223 327
359 402 403
284 402 403
36 359 403
38 138 234
83 150 320
215 378 405
118 378 405
215 404 405
33 404 405
278 406 408
130 406 408
278 407 408
19 407 408
114 177 410
177 409 410
19 409 410
8 123 231
208 412 413
102 412 413
208 411 412
260 411 412
129 264 347
37 231 249
37 114 139
70 246 353
211 414 416
108 414 416
211 415 416
41 415 416
140 281 328
39 144 285
211 414 417
108 414 417
20 211 417
43 195 257
151 209 275
76 160 232
76 144 286
77 160 232
77 203 316
228 418 419
120 418 419
66 228 419
47 114 139
107 267 420
47 267 420
225 380 421
118 380 421
225 380 422
48 380 422
100 131 235
265 393 423
141 393 423
79 265 423
140 229 425
229 424 425
40 424 425
30 270 295
30 222 270
89 293 294
13 189 315
54 111 112
25 280 343
55 196 202
319 412 426
260 412 426
319 395 412
102 395 412
94 188 341
57 167 290
88 292 293
58 166 288
99 270 271
128 282 428
282 427 428
63 427 428
128 227 428
227 428 429
63 428 429
321 384 430
240 384 430
145 321 384
254 370 431
126 370 431
47 254 431
64 136 226
100 250 276
98 204 432
98 432 433
182 432 433
227 399 434
162 399 434
227 399 429
63 399 429
22 135 276
62 204 432
62 432 435
182 432 435
72 148 279
202 280 343
25 436 437
228 436 437
25 436 438
170 436 438
66 180 255
67 222 224
223 327 439
68 327 439
104 440 441
283 440 441
104 238 440
69 213 220
259 442 444
156 442 444
259 443 444
28 443 444
31 246 261
70 244 245
218 445 447
133 445 447
218 446 447
27 446 447
71 238 448
71 218 448
9 106 333
105 357 449
105 449 450
137 449 450
61 172 451
61 373 451
171 373 451
74 209 275
74 172 451
74 171 451
75 452 453
278 452 453
75 452 454
247 452 454
78 153 252
78 153 219
122 153 252
79 266 455
79 423 455
141 423 455
141 143 455
143 266 455
34 115 124
178 308 456
81 308 456
119 241 310
82 119 273
230 457 458
156 457 458
69 230 458
83 213 256
283 460 461
84 460 461
283 459 460
284 459 460
36 374 462
133 374 462
36 129 374
85 289 295
85 295 309
87 291 292
91 149 314
89 134 157
89 134 313
148 207 464
207 463 464
65 463 464
18 277 325
53 163 189
91 223 465
91 163 465
39 336 466
39 321 466
225 335 467
92 335 467
321 430 469
240 430 469
321 468 469
108 468 469
259 442 458
156 442 458
69 259 458
339 470 472
182 470 472
339 471 472
26 471 472
66 132 255
95 325 326
96 170 473
96 168 473
96 202 343
344 416 474
108 416 474
344 416 475
41 416 475
187 345 363
183 212 477
212 476 477
94 476 477
62 136 204
11 186 224
64 138 234
135 250 276
33 478 479
352 478 479
33 227 478
162 337 480
101 337 480
102 481 482
340 481 482
102 481 483
339 481 483
212 485 486
98 485 486
212 484 485
302 484 485
38 234 250
8 138 155
284 441 459
283 441 459
284 441 487
104 441 487
17 283 440
17 238 440
216 366 371
126 366 371
216 366 488
356 366 488
137 358 450
358 450 489
105 450 489
137 262 305
137 210 333
46 473 490
170 473 490
46 168 473
324 420 491
107 420 491
324 420 492
47 420 492
39 145 321
201 417 493
108 417 493
20 201 417
33 128 147
78 253 263
18 181 325
206 494 496
110 494 496
206 495 496
65 495 496
7 196 342
168 331 362
54 106 262
169 498 499
46 498 499
169 497 498
179 497 498
35 255 355
113 311 346
81 115 124
34 115 154
37 116 154
114 154 268
116 244 245
8 231 244
214 501 502
117 501 502
214 500 501
329 500 501
117 394 503
251 394 503
117 502 503
214 502 503
225 335 504
24 335 504
78 118 349
119 261 273
103 246 261
179 505 506
120 505 506
179 498 506
46 498 506
179 497 508
169 497 508
179 507 508
107 507 508
121 236 510
236 509 510
26 509 510
56 121 236
45 122 233
122 153 233
8 123 155
64 138 155
104 238 448
104 448 511
218 448 511
34 124 239
77 203 233
77 153 233
126 431 492
47 431 492
126 492 512
324 492 512
324 512 514
126 512 514
324 513 514
32 513 514
183 212 516
212 515 516
63 515 516
183 427 516
63 427 516
183 282 427
59 109 147
128 282 360
284 323 403
36 323 403
178 308 517
19 308 517
178 377 408
130 377 408
178 408 517
19 408 517
131 241 310
20 131 241
110 518 519
66 518 519
110 277 518
66 132 518
132 277 518
359 402 487
284 402 487
359 487 520
104 487 520
218 445 521
133 445 521
218 511 521
104 511 521
303 347 350
134 303 350
22 135 136
64 135 136
95 161 226
64 161 226
137 210 449
210 357 449
32 522 523
358 522 523
32 305 522
103 246 353
38 310 322
139 311 346
21 267 311
141 143 524
40 143 524
307 524 525
141 524 525
307 524 526
40 524 526
306 392 525
141 392 525
306 525 527
307 525 527
40 143 237
140 237 425
40 237 425
142 143 237
4 142 143
60 187 345
15 144 199
39 144 145
146 203 365
125 203 365
16 122 252
16 252 253
72 148 243
148 279 464
65 279 464
149 217 529
217 528 529
68 528 529
29 149 217
70 246 256
34 116 245
23 151 275
73 210 357
10 152 172
10 194 274
77 219 232
77 153 219
37 114 154
115 154 268
35 255 326
123 155 269
68 530 531
221 530 531
68 528 530
217 528 530
28 465 532
223 465 532
28 163 465
29 292 293
84 530 533
221 530 533
84 530 534
217 530 534
158 347 350
129 303 347
31 261 273
69 220 230
44 160 200
155 161 269
64 155 161
242 535 536
162 535 536
22 242 536
22 136 204
93 329 332
329 501 538
117 501 538
329 537 538
28 537 538
1 164 301
52 191 294
3 165 300
51 186 271
3 166 300
166 288 300
1 167 301
167 290 301
111 112 362
46 168 331
112 331 362
137 358 522
137 305 522
170 506 539
120 506 539
170 490 506
46 490 506
120 418 436
228 418 436
120 436 539
170 436 539
247 454 541
75 454 541
247 540 541
317 540 541
356 488 542
216 488 542
23 356 542
152 172 281
61 172 281
131 173 235
20 131 173
0 175 297
174 296 297
0 174 297
80 296 297
76 144 285
24 219 232
47 114 177
254 369 544
216 369 544
254 543 544
75 543 544
178 424 545
40 424 545
178 375 424
229 375 424
81 307 527
81 306 527
139 267 311
120 334 419
66 334 419
66 180 334
21 180 334
95 181 325
62 136 226
182 481 546
340 481 546
182 470 481
339 470 481
340 435 546
182 435 546
62 340 435
6 127 282
6 183 282
329 500 547
214 500 547
93 329 547
5 190 364
67 224 354
56 121 185
99 186 271
99 186 224
5 184 363
5 187 363
302 476 484
212 476 484
94 302 476
6 188 341
91 314 315
13 314 315
93 190 364
53 163 332
89 191 294
14 158 350
87 149 314
57 290 291
79 265 304
4 143 266
74 209 274
42 174 296
73 195 257
9 210 333
96 196 342
96 196 202
72 202 280
12 243 312
85 148 312
58 288 289
144 199 351
60 199 351
15 200 286
15 144 286
92 383 548
201 383 548
92 548 549
173 548 549
20 201 548
20 173 548
55 197 361
55 202 361
44 125 316
125 203 316
22 204 242
98 204 550
204 242 550
205 551 553
110 551 553
205 552 553
25 552 553
205 496 551
110 496 551
205 496 554
65 496 554
90 426 555
319 426 555
90 426 556
260 426 556
207 318 463
318 463 557
65 463 557
90 558 559
318 558 559
90 287 558
30 222 287
26 560 561
208 560 561
26 510 560
121 510 560
67 560 562
208 560 562
67 121 560
42 194 209
194 209 274
9 195 210
73 195 210
82 119 272
41 503 563
251 503 563
41 503 564
214 503 564
26 565 566
302 565 566
26 472 565
182 472 565
98 485 565
302 485 565
98 433 565
182 433 565
69 159 213
31 159 213
93 547 567
214 547 567
93 184 567
41 475 568
344 475 568
41 564 568
214 564 568
352 569 571
215 569 571
352 570 571
101 570 571
48 248 572
48 379 572
215 379 572
317 372 540
247 372 540
171 317 372
23 171 317
29 157 338
29 217 338
71 218 573
71 124 573
27 446 573
218 446 573
27 124 573
78 219 349
24 219 349
83 213 220
17 238 348
17 230 574
17 574 575
221 574 575
17 220 230
90 287 576
90 556 576
260 556 576
260 411 562
208 411 562
67 260 562
223 444 577
156 444 577
223 444 532
28 444 532
223 577 578
156 577 578
223 439 578
68 439 578
11 185 354
11 224 354
48 422 579
225 422 579
48 389 579
173 389 579
92 467 579
225 467 579
92 549 579
173 549 579
62 181 226
95 181 226
352 404 569
215 404 569
352 404 479
33 404 479
33 128 227
228 519 580
110 519 580
66 228 519
228 553 580
110 553 580
228 437 553
25 437 553
229 376 581
130 376 581
61 229 581
152 281 328
221 531 582
68 531 582
221 574 582
230 574 582
156 578 582
68 578 582
156 457 582
230 457 582
37 116 231
116 231 244
24 176 232
76 176 232
146 203 233
45 146 233
135 234 250
64 135 234
48 235 248
100 235 248
94 188 236
56 188 236
50 152 328
50 142 237
83 320 348
71 239 320
150 239 320
34 150 239
240 469 474
108 469 474
240 474 583
344 474 583
344 385 583
240 385 583
97 344 385
119 241 272
20 241 272
242 397 535
162 397 535
242 397 584
330 397 584
330 550 584
242 550 584
330 550 585
98 550 585
12 197 243
72 202 361
70 244 353
8 244 353
34 150 245
70 150 245
31 213 256
31 246 256
247 581 586
130 581 586
61 247 581
130 406 452
278 406 452
130 452 586
247 452 586
101 248 572
101 571 572
215 571 572
100 248 276
123 249 355
37 139 346
38 131 250
100 131 250
251 415 587
211 415 587
251 415 563
41 415 563
251 587 588
211 587 588
82 251 588
147 253 263
78 252 253
16 109 253
109 147 253
177 254 589
254 543 589
75 543 589
47 177 254
35 269 355
132 255 326
70 150 256
83 150 256
80 297 298
73 257 299
73 151 258
23 151 258
259 538 590
117 538 590
259 443 538
28 443 538
259 388 590
117 388 590
69 259 388
67 260 591
67 222 591
287 576 591
260 576 591
222 287 591
119 261 322
103 261 322
112 262 305
54 112 262
118 263 405
33 263 405
78 118 263
4 193 266
49 193 264
265 304 592
133 304 592
265 447 592
133 447 592
265 401 447
27 401 447
193 264 266
79 264 266
21 267 593
21 179 593
107 267 593
107 507 593
179 507 593
114 268 410
19 268 410
19 115 268
35 161 269
123 269 355
86 270 271
86 270 295
86 271 300
86 288 300
211 272 588
82 272 588
20 211 272
31 159 273
82 159 273
10 172 274
74 172 274
74 171 275
23 171 275
101 248 276
162 337 536
22 337 536
18 277 594
18 206 594
110 277 594
110 494 594
206 494 594
177 278 409
278 407 409
19 407 409
177 278 589
278 453 589
75 453 589
205 280 552
25 280 552
205 279 554
65 279 554
205 279 280
72 279 280
140 229 281
61 229 281
59 127 360
127 282 360
283 533 595
221 533 595
283 461 533
84 461 533
283 575 595
221 575 595
17 283 575
217 338 534
84 338 534
284 460 596
84 460 596
284 323 596
76 176 285
39 285 336
160 200 286
76 160 286
30 287 597
30 207 597
318 558 597
287 558 597
207 318 597
86 289 295
86 288 289
58 198 289
85 198 289
88 291 292
88 290 291
57 192 291
87 192 291
87 149 292
29 149 292
29 157 293
89 157 293
88 294 301
88 290 301
30 207 309
30 295 309
42 209 296
80 209 296
43 175 298
175 297 298
257 298 299
43 257 298
80 151 299
73 151 299
51 271 300
51 165 300
52 294 301
52 164 301
94 236 302
236 302 509
302 509 566
26 509 566
36 134 303
36 129 303
79 264 304
129 264 304
32 305 598
32 598 599
169 598 599
112 305 598
112 169 598
27 400 600
306 400 600
27 124 600
81 306 600
81 124 600
307 456 601
178 456 601
81 307 456
307 545 601
178 545 601
307 526 545
40 526 545
81 115 308
19 115 308
85 148 309
148 207 309
38 131 310
119 310 322
113 180 311
21 180 311
85 198 312
12 198 312
14 191 313
89 191 313
87 192 314
13 192 314
163 189 315
91 163 315
77 160 316
44 160 316
317 544 602
216 544 602
317 541 544
75 541 544
317 542 602
216 542 602
23 317 542
318 495 603
206 495 603
318 495 557
65 495 557
318 603 604
206 603 604
318 559 604
90 559 604
319 604 605
206 604 605
319 555 604
90 555 604
18 319 605
18 206 605
71 238 320
238 320 348
336 466 606
321 466 606
336 381 606
201 381 606
108 468 606
321 468 606
108 493 606
201 493 606
38 138 322
103 138 322
36 134 323
134 157 323
107 491 607
324 491 607
107 508 607
169 508 607
32 513 607
324 513 607
32 599 607
169 599 607
132 277 325
132 325 326
35 161 326
95 161 326
149 327 529
68 327 529
91 149 327
50 237 328
140 237 328
28 537 608
329 537 608
28 163 608
329 332 608
163 332 608
330 515 609
212 515 609
330 398 515
63 398 515
330 486 609
212 486 609
330 486 585
98 486 585
112 331 610
112 169 610
46 331 610
46 499 610
169 499 610
53 190 332
93 190 332
137 262 333
106 262 333
120 334 611
120 505 611
179 505 611
21 334 611
21 179 611
176 335 612
92 335 612
24 176 335
176 285 336
176 336 612
336 382 612
92 382 612
22 276 337
101 276 337
84 338 613
84 596 613
323 596 613
157 338 613
157 323 613
339 561 614
208 561 614
339 471 561
26 471 561
339 413 614
208 413 614
339 413 483
102 413 483
181 340 396
340 396 482
102 396 482
62 181 340
183 341 477
94 341 477
6 183 341
7 168 342
96 168 342
96 170 343
170 343 438
25 343 438
184 344 568
184 567 568
214 567 568
97 184 344
144 145 351
145 345 386
97 345 386
37 249 346
113 249 346
49 264 347
49 158 347
17 220 348
83 220 348
118 349 615
118 421 615
225 421 615
349 504 615
225 504 615
24 349 504
14 313 350
134 313 350
145 345 351
60 345 351
227 434 616
162 434 616
227 478 616
352 478 616
101 570 616
352 570 616
101 480 616
162 480 616
103 138 353
8 138 353
67 121 354
121 185 354
180 255 355
113 180 355
258 356 617
356 367 617
105 367 617
23 258 356
73 258 357
258 357 617
105 357 617
105 489 618
358 489 618
105 368 618
126 368 618
32 523 618
358 523 618
32 514 618
126 514 618
359 521 619
133 521 619
359 520 521
104 520 521
359 462 619
133 462 619
36 359 462
128 147 360
59 147 360
72 243 361
197 243 361
7 168 362
7 111 362
97 345 363
97 184 363
5 184 364
93 184 364
2 125 365
2 146 365
