ID=4843849
numvertices=289
numsimplices=530
vertices
-1.5000000000000000e+00 -1.5000000000000000e+00
1.5000000000000000e+00 -1.5000000000000000e+00
1.5000000000000000e+00 1.5000000000000000e+00
-1.5000000000000000e+00 1.5000000000000000e+00
0.0000000000000000e+00 -1.5000000000000000e+00
1.5000000000000000e+00 0.0000000000000000e+00
0.0000000000000000e+00 1.5000000000000000e+00
-1.5000000000000000e+00 0.0000000000000000e+00
0.0000000000000000e+00 0.0000000000000000e+00
-1.5000000000000000e+00 -7.5000000000000000e-01
-7.5000000000000000e-01 -1.5000000000000000e+00
-7.5000000000000000e-01 1.5000000000000000e+00
-1.5000000000000000e+00 7.5000000000000000e-01
1.5000000000000000e+00 -7.5000000000000000e-01
7.5000000000000000e-01 -1.5000000000000000e+00
1.5000000000000000e+00 7.5000000000000000e-01
7.5000000000000000e-01 1.5000000000000000e+00
6.2500000000000000e-01 -6.2500000000000000e-01
-6.2500000000000000e-01 6.2500000000000000e-01
-3.7500000000000000e-01 -7.5000000000000000e-01
7.5000000000000000e-01 3.7500000000000000e-01
-7.2916666666666663e-01 -1.0416666666666667e-01
1.0991379310344827e-01 7.6077586206896552e-01
-9.3750000000000000e-01 -9.3750000000000000e-01
9.3750000000000000e-01 9.3750000000000000e-01
-1.0648674242424243e+00 3.1581439393939398e-01
-3.7500000000000000e-01 1.1071428571428572e+00
1.5808823529411764e-01 -9.5220588235294112e-01
1.1071428571428572e+00 -3.7500000000000000e-01
1.0156250000000000e+00 -1.0156250000000000e+00
-1.0156250000000000e+00 1.0156250000000000e+00
1.0613839285714286e+00 -6.9531250000000000e-01
-5.5208333333333326e-01 -4.2708333333333331e-01
-1.8750000000000000e-01 -3.7500000000000000e-01
-8.3333333333333326e-01 -5.2083333333333337e-01
-6.5625000000000000e-01 -8.4375000000000000e-01
-1.1145833333333333e+00 -4.2708333333333331e-01
-1.1145833333333333e+00 -5.2083333333333336e-02
-1.5000000000000000e+00 -3.7500000000000000e-01
-1.2187500000000000e+00 -8.4375000000000000e-01
-8.9701704545454541e-01 1.0582386363636365e-01
-1.2824337121212122e+00 1.5790719696969699e-01
-8.4375000000000000e-01 -1.2187500000000000e+00
-5.6250000000000000e-01 -1.1250000000000000e+00
-1.0402462121212122e+00 6.6571969696969702e-01
-6.9531250000000000e-01 1.0613839285714286e+00
5.8685661764705888e-01 -9.8391544117647056e-01
8.8281250000000000e-01 -1.2578125000000000e+00
4.5404411764705882e-01 -1.2261029411764706e+00
-1.8750000000000000e-01 -1.1250000000000000e+00
-3.7500000000000000e-01 -1.5000000000000000e+00
-1.0845588235294118e-01 -8.5110294117647056e-01
7.9044117647058820e-02 -1.2261029411764706e+00
5.2370689655172409e-01 8.4913793103448276e-01
8.4375000000000000e-01 6.5625000000000000e-01
4.2995689655172414e-01 5.6788793103448276e-01
1.1250000000000000e+00 5.6250000000000000e-01
1.1250000000000000e+00 1.8750000000000000e-01
1.5000000000000000e+00 3.7500000000000000e-01
8.4375000000000000e-01 1.2187500000000000e+00
4.2995689655172414e-01 1.1303879310344827e+00
1.2187500000000000e+00 8.4375000000000000e-01
9.2857142857142860e-01 0.0000000000000000e+00
1.3035714285714286e+00 -1.8750000000000000e-01
3.7500000000000000e-01 1.8750000000000000e-01
-2.5754310344827586e-01 6.9288793103448276e-01
-3.1250000000000000e-01 3.1250000000000000e-01
-8.2031250000000000e-01 8.2031250000000000e-01
-5.0000000000000000e-01 8.6607142857142860e-01
3.9154411764705882e-01 -7.8860294117647056e-01
7.9044117647058820e-02 -4.7610294117647056e-01
6.8750000000000000e-01 -1.2500000000000000e-01
8.6607142857142860e-01 -5.0000000000000000e-01
-6.7708333333333326e-01 2.6041666666666669e-01
-8.4493371212121215e-01 4.7040719696969702e-01
5.4956896551724137e-02 1.1303879310344827e+00
3.7500000000000000e-01 1.5000000000000000e+00
-1.3254310344827586e-01 9.3395935960591137e-01
-1.2187500000000000e+00 -1.2187500000000000e+00
1.2187500000000000e+00 1.2187500000000000e+00
-1.5000000000000000e+00 3.7500000000000000e-01
-1.8750000000000000e-01 1.3035714285714286e+00
-3.7500000000000000e-01 1.5000000000000000e+00
3.7500000000000000e-01 -1.5000000000000000e+00
8.2031250000000000e-01 -8.2031250000000000e-01
1.5000000000000000e+00 -3.7500000000000000e-01
1.1250000000000000e+00 -1.5000000000000000e+00
1.0385044642857144e+00 -8.5546875000000000e-01
1.2578125000000000e+00 -8.8281250000000000e-01
1.0842633928571428e+00 -5.3515625000000000e-01
1.3035714285714286e+00 -5.6250000000000000e-01
-4.5833333333333331e-01 -2.3958333333333334e-01
-6.4062500000000000e-01 -2.6562500000000000e-01
-2.8125000000000000e-01 -5.6250000000000000e-01
-4.6354166666666663e-01 -5.8854166666666663e-01
-3.6458333333333331e-01 -5.2083333333333336e-02
-7.4479166666666663e-01 -6.8229166666666674e-01
-5.1562500000000000e-01 -7.9687500000000000e-01
-6.0416666666666663e-01 -6.3541666666666674e-01
-7.9687500000000000e-01 -8.9062500000000000e-01
-8.8541666666666663e-01 -7.2916666666666674e-01
-6.9270833333333326e-01 -4.7395833333333337e-01
-7.8125000000000000e-01 -3.1250000000000000e-01
-1.1145833333333333e+00 -2.3958333333333331e-01
-1.3072916666666665e+00 -2.6041666666666668e-02
-1.3072916666666665e+00 -2.1354166666666666e-01
-9.2187500000000000e-01 -7.8125000000000000e-02
-9.2187500000000000e-01 -2.6562500000000000e-01
-1.3072916666666665e+00 -4.0104166666666663e-01
-1.5000000000000000e+00 -1.8750000000000000e-01
-1.5000000000000000e+00 -5.6250000000000000e-01
-1.3072916666666665e+00 -5.8854166666666663e-01
-9.7395833333333326e-01 -4.7395833333333337e-01
-1.0260416666666665e+00 -6.8229166666666663e-01
-1.1666666666666665e+00 -6.3541666666666663e-01
-1.0781250000000000e+00 -8.9062500000000000e-01
-1.3593750000000000e+00 -7.9687500000000000e-01
-1.0058001893939394e+00 2.6870265151515155e-02
-9.8094223484848486e-01 2.1081912878787881e-01
-1.0897253787878789e+00 1.3186553030303033e-01
-8.1309185606060597e-01 8.2859848484848758e-04
-1.1985085227272727e+00 5.2911931818181823e-02
-1.1736505681818183e+00 2.3686079545454547e-01
-1.3912168560606060e+00 7.8953598484848495e-02
-6.0937500000000000e-01 -9.8437500000000000e-01
-7.5000000000000000e-01 -1.0312500000000000e+00
-4.6875000000000000e-01 -9.3750000000000000e-01
-7.0312500000000000e-01 -1.1718750000000000e+00
-8.9062500000000000e-01 -1.0781250000000000e+00
-6.5625000000000000e-01 -1.3125000000000000e+00
-7.9687500000000000e-01 -1.3593750000000000e+00
-1.0279356060606060e+00 8.4067234848484851e-01
-1.2578125000000000e+00 8.8281250000000000e-01
-1.0525568181818183e+00 4.9076704545454553e-01
-1.2824337121212122e+00 5.3290719696969702e-01
-8.5546875000000000e-01 1.0385044642857144e+00
-8.8281250000000000e-01 1.2578125000000000e+00
-5.3515625000000000e-01 1.0842633928571428e+00
-5.6250000000000000e-01 1.3035714285714286e+00
7.3483455882352944e-01 -1.1208639705882353e+00
8.1640625000000000e-01 -1.3789062500000000e+00
6.6842830882352944e-01 -1.2419577205882353e+00
9.4921875000000000e-01 -1.1367187500000000e+00
8.0124080882352944e-01 -9.9977022058823528e-01
5.2045036764705888e-01 -1.1050091911764706e+00
6.0202205882352944e-01 -1.3630514705882353e+00
3.0606617647058820e-01 -1.0891544117647058e+00
3.7247242647058826e-01 -9.6806066176470584e-01
-2.8125000000000000e-01 -1.3125000000000000e+00
-5.6250000000000000e-01 -1.5000000000000000e+00
-4.6875000000000000e-01 -1.3125000000000000e+00
-1.8750000000000000e-01 -1.5000000000000000e+00
-9.3750000000000000e-02 -1.3125000000000000e+00
-3.7500000000000000e-01 -1.1250000000000000e+00
-2.8125000000000000e-01 -9.3750000000000000e-01
-1.4797794117647059e-01 -9.8805147058823528e-01
2.4816176470588230e-02 -9.0165441176470584e-01
-1.4705882352941180e-02 -1.0386029411764706e+00
-2.4172794117647059e-01 -8.0055147058823528e-01
-5.4227941176470590e-02 -1.1755514705882353e+00
1.1856617647058823e-01 -1.0891544117647058e+00
3.9522058823529410e-02 -1.3630514705882353e+00
6.8372844827586210e-01 7.5269396551724133e-01
7.9687500000000000e-01 5.1562500000000000e-01
6.3685344827586210e-01 6.1206896551724133e-01
8.9062500000000000e-01 7.9687500000000000e-01
7.3060344827586210e-01 8.9331896551724133e-01
4.7683189655172409e-01 7.0851293103448276e-01
5.8997844827586210e-01 4.7144396551724138e-01
2.6993534482758619e-01 6.6433189655172420e-01
3.1681034482758619e-01 8.0495689655172420e-01
1.3125000000000000e+00 2.8125000000000000e-01
1.5000000000000000e+00 5.6250000000000000e-01
1.3125000000000000e+00 4.6875000000000000e-01
1.5000000000000000e+00 1.8750000000000000e-01
1.3125000000000000e+00 9.3750000000000000e-02
1.1250000000000000e+00 3.7500000000000000e-01
1.3125000000000000e+00 6.5625000000000000e-01
9.3750000000000000e-01 2.8125000000000000e-01
9.3750000000000000e-01 4.6875000000000000e-01
4.7683189655172409e-01 9.8976293103448265e-01
6.8372844827586210e-01 1.0339439655172413e+00
2.6993534482758619e-01 9.4558189655172409e-01
6.3685344827586210e-01 1.1745689655172413e+00
8.9062500000000000e-01 1.0781250000000000e+00
5.8997844827586210e-01 1.3151939655172413e+00
7.9687500000000000e-01 1.3593750000000000e+00
9.8437500000000000e-01 6.0937500000000000e-01
1.0312500000000000e+00 7.5000000000000000e-01
1.1718750000000000e+00 7.0312500000000000e-01
1.0781250000000000e+00 8.9062500000000000e-01
1.3593750000000000e+00 7.9687500000000000e-01
1.0267857142857144e+00 9.3750000000000000e-02
1.0178571428571428e+00 -1.8750000000000000e-01
1.1160714285714286e+00 -9.3750000000000000e-02
8.3928571428571430e-01 1.8750000000000000e-01
1.2142857142857144e+00 0.0000000000000000e+00
1.2053571428571428e+00 -2.8125000000000000e-01
1.4017857142857144e+00 -9.3750000000000000e-02
2.4245689655172414e-01 4.7413793103448276e-01
5.6250000000000000e-01 2.8125000000000000e-01
5.4956896551724137e-02 3.8038793103448276e-01
-1.0129310344827586e-01 5.3663793103448276e-01
-7.3814655172413784e-02 7.2683189655172420e-01
-4.6875000000000000e-01 4.6875000000000000e-01
-4.4127155172413790e-01 6.5894396551724133e-01
-7.5781250000000000e-01 9.4084821428571430e-01
-7.2265625000000000e-01 7.2265625000000000e-01
-6.6015625000000000e-01 8.4319196428571430e-01
-9.1796875000000000e-01 9.1796875000000000e-01
-5.9765625000000000e-01 9.6372767857142860e-01
-5.6250000000000000e-01 7.4553571428571430e-01
-4.3750000000000000e-01 9.8660714285714290e-01
3.5202205882352944e-01 -5.5055147058823528e-01
3.1250000000000000e-01 -3.1250000000000000e-01
5.0827205882352944e-01 -7.0680147058823528e-01
1.1856617647058823e-01 -7.1415441176470584e-01
2.7481617647058820e-01 -8.7040441176470584e-01
-1.4797794117647059e-01 -6.1305147058823528e-01
7.1875000000000000e-01 1.2500000000000000e-01
6.5625000000000000e-01 -3.7500000000000000e-01
8.0803571428571430e-01 -6.2500000000000000e-02
8.9732142857142860e-01 -2.5000000000000000e-01
7.7678571428571430e-01 -3.1250000000000000e-01
9.8660714285714290e-01 -4.3750000000000000e-01
7.4553571428571430e-01 -5.6250000000000000e-01
-7.0312500000000000e-01 7.8125000000000000e-02
-5.2083333333333326e-01 1.0416666666666666e-01
-6.5104166666666663e-01 4.4270833333333337e-01
-7.8705018939393934e-01 1.8312026515151517e-01
-8.7097537878787878e-01 2.8811553030303033e-01
-7.6100852272727271e-01 3.6541193181818188e-01
-9.5490056818181823e-01 3.9311079545454553e-01
-7.3496685606060608e-01 5.4770359848484851e-01
2.4245689655172414e-01 1.1303879310344827e+00
2.7478448275862068e-02 1.3151939655172413e+00
2.1497844827586207e-01 1.3151939655172413e+00
8.2435344827586202e-02 9.4558189655172409e-01
4.0247844827586210e-01 1.3151939655172413e+00
1.8750000000000000e-01 1.5000000000000000e+00
5.6250000000000000e-01 1.5000000000000000e+00
-1.9504310344827586e-01 8.1342364532019706e-01
-2.5377155172413790e-01 1.0205511083743843e+00
-3.1627155172413790e-01 9.0001539408866993e-01
-1.1314655172413791e-02 8.4736761083743839e-01
-3.7877155172413790e-01 7.7947967980295574e-01
-1.3593750000000000e+00 -9.8437500000000000e-01
-1.5000000000000000e+00 -1.1250000000000000e+00
-1.0781250000000000e+00 -1.0781250000000000e+00
-9.8437500000000000e-01 -1.3593750000000000e+00
-1.1250000000000000e+00 -1.5000000000000000e+00
1.3593750000000000e+00 9.8437500000000000e-01
1.5000000000000000e+00 1.1250000000000000e+00
1.0781250000000000e+00 1.0781250000000000e+00
9.8437500000000000e-01 1.3593750000000000e+00
1.1250000000000000e+00 1.5000000000000000e+00
-9.3027935606060608e-01 7.4301609848484851e-01
-8.3262310606060608e-01 6.4535984848484851e-01
-9.4258996212121215e-01 5.6806344696969702e-01
-1.2824337121212122e+00 3.4540719696969702e-01
-1.5000000000000000e+00 1.8750000000000000e-01
-3.8793103448275856e-02 1.0321736453201971e+00
-1.6002155172413793e-01 1.1187653940886699e+00
-6.6271551724137928e-02 1.2169796798029555e+00
-2.8125000000000000e-01 1.2053571428571428e+00
-9.3750000000000000e-02 1.4017857142857144e+00
-3.7500000000000000e-01 1.3035714285714286e+00
-1.8750000000000000e-01 1.5000000000000000e+00
2.6654411764705882e-01 -1.2261029411764706e+00
2.2702205882352941e-01 -1.3630514705882353e+00
4.1452205882352944e-01 -1.3630514705882353e+00
1.8750000000000000e-01 -1.5000000000000000e+00
5.6250000000000000e-01 -1.5000000000000000e+00
7.0358455882352944e-01 -9.0211397058823528e-01
7.2265625000000000e-01 -7.2265625000000000e-01
6.0592830882352944e-01 -8.0445772058823528e-01
9.1796875000000000e-01 -9.1796875000000000e-01
4.8920036764705888e-01 -8.8625919117647056e-01
9.4084821428571430e-01 -7.5781250000000000e-01
8.4319196428571430e-01 -6.6015625000000000e-01
9.6372767857142860e-01 -5.9765625000000000e-01
1.3035714285714286e+00 -3.7500000000000000e-01
1.5000000000000000e+00 -1.8750000000000000e-01
1.0703125000000000e+00 -1.2578125000000000e+00
9.3750000000000000e-01 -1.5000000000000000e+00
1.2578125000000000e+00 -1.2578125000000000e+00
1.5000000000000000e+00 -1.1250000000000000e+00
-1.1250000000000000e+00 1.5000000000000000e+00
-1.5000000000000000e+00 1.1250000000000000e+00
simplices
31 87 88
29 87 88
13 31 88
31 89 90
28 89 90
13 31 90
32 91 92
21 91 92
32 33 91
32 93 94
19 93 94
32 33 93
33 91 95
21 91 95
8 33 95
35 96 98
34 96 98
35 97 98
19 97 98
35 96 100
34 96 100
35 99 100
23 99 100
32 94 98
19 94 98
32 98 101
34 98 101
32 92 102
21 92 102
32 101 102
34 101 102
37 103 105
36 103 105
37 104 105
7 104 105
37 103 107
36 103 107
37 106 107
21 106 107
38 105 108
36 105 108
38 105 109
7 105 109
38 108 111
36 108 111
38 110 111
9 110 111
34 100 113
23 100 113
34 112 113
36 112 113
34 102 107
21 102 107
34 107 112
36 107 112
39 113 114
36 113 114
39 113 115
23 113 115
39 111 114
36 111 114
39 111 116
9 111 116
40 117 119
37 117 119
40 118 119
25 118 119
40 106 117
37 106 117
40 106 120
21 106 120
41 119 121
37 119 121
41 119 122
25 119 122
41 104 121
37 104 121
41 104 123
7 104 123
35 99 125
23 99 125
35 124 125
43 124 125
35 97 126
19 97 126
35 124 126
43 124 126
42 125 128
23 125 128
42 125 127
43 125 127
42 129 130
10 129 130
42 127 129
43 127 129
44 131 132
30 131 132
12 44 132
44 133 134
25 133 134
12 44 134
45 135 136
30 135 136
11 45 136
45 137 138
26 137 138
11 45 138
47 139 141
46 139 141
47 140 141
14 140 141
47 139 143
46 139 143
47 142 143
29 142 143
48 141 144
46 141 144
48 141 145
14 141 145
48 144 147
46 144 147
48 146 147
27 146 147
50 148 150
49 148 150
50 149 150
10 149 150
50 148 152
49 148 152
50 151 152
4 151 152
43 129 150
10 129 150
43 150 153
49 150 153
49 126 153
43 126 153
49 126 154
19 126 154
51 155 157
49 155 157
51 156 157
27 156 157
51 154 155
49 154 155
51 154 158
19 154 158
52 157 159
49 157 159
52 157 160
27 157 160
52 152 159
49 152 159
52 152 161
4 152 161
54 162 164
53 162 164
54 163 164
20 163 164
54 162 166
53 162 166
54 165 166
24 165 166
55 164 167
53 164 167
55 164 168
20 164 168
55 167 170
53 167 170
55 169 170
22 169 170
58 171 173
57 171 173
58 172 173
15 172 173
58 171 175
57 171 175
58 174 175
5 174 175
56 173 177
15 173 177
56 173 176
57 173 176
57 176 179
56 176 179
57 178 179
20 178 179
53 166 181
24 166 181
53 180 181
60 180 181
53 170 182
22 170 182
53 180 182
60 180 182
59 181 184
24 181 184
59 181 183
60 181 183
59 185 186
16 185 186
59 183 185
60 183 185
54 165 188
24 165 188
54 187 188
56 187 188
54 163 179
20 163 179
54 179 187
56 179 187
61 188 189
56 188 189
61 188 190
24 188 190
61 177 189
56 177 189
61 177 191
15 177 191
62 192 194
57 192 194
62 193 194
28 193 194
62 178 192
57 178 192
62 178 195
20 178 195
63 194 196
57 194 196
63 194 197
28 194 197
63 175 196
57 175 196
63 175 198
5 175 198
55 169 199
22 169 199
55 64 199
55 168 200
20 168 200
55 64 200
64 199 201
22 199 201
8 64 201
65 202 203
22 202 203
65 66 202
65 204 205
18 204 205
65 66 204
66 201 202
22 201 202
8 66 201
67 206 208
45 206 208
67 207 208
18 207 208
67 135 206
45 135 206
67 135 209
30 135 209
68 208 210
45 208 210
68 208 211
18 208 211
68 137 210
45 137 210
68 137 212
26 137 212
70 213 214
17 213 214
8 70 214
69 213 215
17 213 215
69 70 213
69 216 217
27 216 217
69 70 216
33 93 218
19 93 218
33 70 218
8 33 70
51 158 218
19 158 218
51 70 218
51 156 216
27 156 216
51 70 216
8 64 71
64 200 219
20 200 219
64 71 219
71 214 220
17 214 220
8 71 214
62 193 222
28 193 222
62 221 222
71 221 222
62 195 219
20 195 219
62 219 221
71 219 221
72 222 223
71 222 223
72 222 224
28 222 224
72 220 223
71 220 223
72 220 225
17 220 225
66 73 227
73 226 227
21 226 227
66 73 204
73 204 228
18 204 228
66 95 227
21 95 227
8 66 95
40 118 230
25 118 230
40 229 230
73 229 230
40 120 226
21 120 226
40 226 229
73 226 229
74 230 231
73 230 231
74 230 232
25 230 232
74 228 231
73 228 231
74 228 233
18 228 233
75 234 236
60 234 236
75 235 236
6 235 236
75 182 234
60 182 234
75 182 237
22 182 237
76 236 238
60 236 238
76 236 239
6 236 239
76 185 238
60 185 238
76 185 240
16 185 240
77 241 243
65 241 243
77 242 243
26 242 243
77 203 241
65 203 241
77 203 244
22 203 244
68 243 245
65 243 245
68 212 243
26 212 243
68 205 245
65 205 245
68 205 211
18 205 211
78 246 247
9 246 247
0 78 247
39 116 246
9 116 246
39 78 246
39 115 248
23 115 248
39 78 248
78 249 250
10 249 250
0 78 250
42 130 249
10 130 249
42 78 249
42 128 248
23 128 248
42 78 248
79 251 252
15 251 252
2 79 252
61 191 251
15 191 251
61 79 251
61 190 253
24 190 253
61 79 253
79 254 255
16 254 255
2 79 255
59 186 254
16 186 254
59 79 254
59 184 253
24 184 253
59 79 253
67 256 257
44 256 257
67 207 257
18 207 257
67 131 256
44 131 256
67 131 209
30 131 209
74 257 258
44 257 258
74 233 257
18 233 257
74 133 258
44 133 258
74 133 232
25 133 232
80 134 259
25 134 259
12 80 134
41 122 259
25 122 259
41 80 259
41 123 260
7 123 260
41 80 260
77 261 262
75 261 262
77 242 262
26 242 262
77 237 261
75 237 261
77 237 244
22 237 244
81 262 263
75 262 263
81 262 264
26 262 264
81 235 263
75 235 263
81 235 265
6 235 265
82 138 266
26 138 266
11 82 138
81 264 266
26 264 266
81 82 266
81 265 267
6 265 267
81 82 267
52 268 269
48 268 269
52 161 269
4 161 269
52 146 268
48 146 268
52 146 160
27 146 160
83 269 270
48 269 270
83 269 271
4 269 271
83 145 270
48 145 270
83 145 272
14 145 272
84 273 275
46 273 275
84 274 275
17 274 275
84 143 273
46 143 273
84 143 276
29 143 276
69 275 277
46 275 277
69 215 275
17 215 275
69 147 277
46 147 277
69 147 217
27 147 217
84 278 279
31 278 279
84 274 279
17 274 279
84 87 278
31 87 278
84 87 276
29 87 276
72 279 280
31 279 280
72 225 279
17 225 279
72 89 280
31 89 280
72 89 224
28 89 224
85 90 281
28 90 281
13 85 90
63 197 281
28 197 281
63 85 281
63 198 282
5 198 282
63 85 282
47 142 283
29 142 283
47 86 283
47 140 284
14 140 284
47 86 284
86 283 285
29 283 285
1 86 285
29 88 286
13 88 286
29 285 286
1 285 286
30 136 287
11 136 287
3 30 287
30 132 288
12 132 288
3 30 288
