ID=4931050
numvertices=31
numsimplices=44
vertices
-1.5000000000000000e+00 -1.5000000000000000e+00
1.5000000000000000e+00 -1.5000000000000000e+00
1.5000000000000000e+00 1.5000000000000000e+00
-1.5000000000000000e+00 1.5000000000000000e+00
0.0000000000000000e+00 -1.5000000000000000e+00
1.5000000000000000e+00 0.0000000000000000e+00
0.0000000000000000e+00 1.5000000000000000e+00
-1.5000000000000000e+00 0.0000000000000000e+00
0.0000000000000000e+00 0.0000000000000000e+00
-1.5000000000000000e+00 -7.5000000000000000e-01
-7.5000000000000000e-01 -1.5000000000000000e+00
-7.5000000000000000e-01 1.5000000000000000e+00
-1.5000000000000000e+00 7.5000000000000000e-01
1.5000000000000000e+00 -7.5000000000000000e-01
7.5000000000000000e-01 -1.5000000000000000e+00
1.5000000000000000e+00 7.5000000000000000e-01
7.5000000000000000e-01 1.5000000000000000e+00
6.2500000000000000e-01 -6.2500000000000000e-01
-6.2500000000000000e-01 6.2500000000000000e-01
-3.7500000000000000e-01 -7.5000000000000000e-01
7.5000000000000000e-01 3.7500000000000000e-01
-7.2916666666666663e-01 -1.0416666666666667e-01
1.0991379310344827e-01 7.6077586206896552e-01
-9.3750000000000000e-01 -9.3750000000000000e-01
9.3750000000000000e-01 9.3750000000000000e-01
-1.0648674242424243e+00 3.1581439393939398e-01
-3.7500000000000000e-01 1.1071428571428572e+00
1.5808823529411764e-01 -9.5220588235294112e-01
1.1071428571428572e+00 -3.7500000000000000e-01
1.0156250000000000e+00 -1.0156250000000000e+00
-1.0156250000000000e+00 1.0156250000000000e+00
simplices
13 28 29
8 19 21
19 21 23
7 9 21
9 21 23
7 21 25
10 19 23
12 25 30
11 26 30
14 27 29
4 10 19
4 19 27
20 22 24
5 15 20
16 22 24
15 20 24
5 20 28
8 20 22
8 18 22
18 26 30
8 17 27
8 19 27
8 17 20
17 20 28
8 18 21
18 21 25
6 16 22
18 22 26
0 9 23
0 10 23
2 15 24
2 16 24
18 25 30
7 12 25
6 22 26
6 11 26
4 14 27
17 27 29
17 28 29
5 13 28
1 14 29
1 13 29
3 11 30
3 12 30
