ID=5484356
numvertices=101
numsimplices=168
vertices
-1.5000000000000000e+00 -1.5000000000000000e+00
1.5000000000000000e+00 -1.5000000000000000e+00
1.5000000000000000e+00 1.5000000000000000e+00
-1.5000000000000000e+00 1.5000000000000000e+00
0.0000000000000000e+00 -1.5000000000000000e+00
1.5000000000000000e+00 0.0000000000000000e+00
0.0000000000000000e+00 1.5000000000000000e+00
-1.5000000000000000e+00 0.0000000000000000e+00
0.0000000000000000e+00 0.0000000000000000e+00
-1.5000000000000000e+00 -7.5000000000000000e-01
-7.5000000000000000e-01 -1.5000000000000000e+00
-7.5000000000000000e-01 1.5000000000000000e+00
-1.5000000000000000e+00 7.5000000000000000e-01
1.5000000000000000e+00 -7.5000000000000000e-01
7.5000000000000000e-01 -1.5000000000000000e+00
1.5000000000000000e+00 7.5000000000000000e-01
7.5000000000000000e-01 1.5000000000000000e+00
6.2500000000000000e-01 -6.2500000000000000e-01
-6.2500000000000000e-01 6.2500000000000000e-01
-3.7500000000000000e-01 -7.5000000000000000e-01
7.5000000000000000e-01 3.7500000000000000e-01
-7.2916666666666663e-01 -1.0416666666666667e-01
1.0991379310344827e-01 7.6077586206896552e-01
-9.3750000000000000e-01 -9.3750000000000000e-01
9.3750000000000000e-01 9.3750000000000000e-01
-1.0648674242424243e+00 3.1581439393939398e-01
-3.7500000000000000e-01 1.1071428571428572e+00
1.5808823529411764e-01 -9.5220588235294112e-01
1.1071428571428572e+00 -3.7500000000000000e-01
1.0156250000000000e+00 -1.0156250000000000e+00
-1.0156250000000000e+00 1.0156250000000000e+00
5.2083333333333337e-01 -1.0416666666666667e-01
-1.0897435897435896e+00 -4.5673076923076933e-01
4.7129114737606892e-01 1.0945970491253563e+00
3.0743819266837152e-02 -4.8412190963341856e-01
-4.0364583333333337e-01 2.2135416666666669e-01
5.7892501348625580e-01 -1.0911645235247209e+00
-3.3427169176849469e-01 -2.6426482428720277e-01
3.2738095238095238e-01 2.8273809523809512e-01
1.1250000000000000e+00 5.6250000000000000e-01
-2.1816332916145179e-01 -1.1403316645807258e+00
1.0633370535714286e+00 6.4174107142857123e-02
-1.1250000000000000e+00 -1.5000000000000000e+00
-1.5000000000000000e+00 -1.1250000000000000e+00
1.5000000000000000e+00 1.1250000000000000e+00
1.1250000000000000e+00 1.5000000000000000e+00
-1.1159974055548405e+00 -6.9212297931966871e-02
-6.9138526448664095e-01 -5.0347471493353435e-01
6.0947017071478959e-01 7.3434327642840358e-01
3.7500000000000000e-01 -1.5000000000000000e+00
-3.7500000000000000e-01 -1.5000000000000000e+00
-1.1250000000000000e+00 1.5000000000000000e+00
1.1250000000000000e+00 -1.5000000000000000e+00
1.5000000000000000e+00 -3.7500000000000000e-01
-1.5000000000000000e+00 -3.7500000000000000e-01
-1.5000000000000000e+00 3.7500000000000000e-01
-3.7500000000000000e-01 1.5000000000000000e+00
1.5000000000000000e+00 -1.1250000000000000e+00
-1.5000000000000000e+00 1.1250000000000000e+00
3.7500000000000000e-01 1.5000000000000000e+00
1.5000000000000000e+00 3.7500000000000000e-01
-6.0621349082081744e-01 -1.1395711636069392e+00
-2.6724137931034481e-01 7.4538177339901490e-01
9.7512594118668833e-02 1.1367154545794220e+00
-5.0498781729253220e-02 3.9931801314794640e-01
-9.7920078630808716e-01 6.6142421369191284e-01
-7.3952414772727282e-01 2.3171164772727276e-01
-7.0982142857142860e-01 1.1629464285714286e+00
9.5982142857142860e-01 -6.8080357142857140e-01
7.7490811760945999e-01 -3.2418504314477470e-01
2.2508467451475334e-01 -2.2874329409290012e-01
3.0250806300701372e-01 -6.6155149242045108e-01
-1.2550967206699744e+00 5.4638875811919685e-01
-1.2500000000000000e+00 -9.3750000000000000e-01
-8.9148575520102746e-01 -1.2346619184003425e+00
-6.7004365721640968e-01 -8.0236902835077095e-01
1.2187500000000000e+00 8.4375000000000000e-01
1.1718750000000000e+00 1.1718750000000000e+00
8.7890625000000000e-01 1.2304687500000000e+00
1.8749999999999992e-01 -1.2574022897749704e+00
-1.2276785714285714e+00 -1.2276785714285714e+00
-1.1672295639156788e-01 -8.7289795455103181e-01
7.6275827950549424e-01 7.4514156178531743e-02
4.3777066081124005e-01 -4.1402580347827034e-01
7.6811453066479030e-01 -8.8481573298443972e-01
-7.6148508972554541e-01 8.7913991027445459e-01
-1.2878024193548387e+00 9.3750000000000000e-01
-1.2225740708274895e+00 1.2234308549744379e+00
1.2878024193548387e+00 -9.3750000000000000e-01
1.2225740708274895e+00 -1.2234308549744379e+00
9.3750000000000000e-01 -1.2878024193548387e+00
1.2363150640137208e+00 -6.6540653945049189e-01
8.7506344714319306e-01 6.7190672357159653e-01
-1.4773641990896819e-01 1.2656152839390800e+00
1.3035714285714286e+00 -1.8750000000000000e-01
-3.8231490307343868e-01 4.9556857465865189e-01
-1.3039118401094734e+00 1.8750000000000000e-01
1.3045087681138750e+00 1.8750000000000006e-01
-8.6394230927968135e-02 9.4247454443472800e-01
-9.5540653786274587e-01 1.2846704117338741e+00
5.0436759966115963e-01 4.8608996591462639e-01
simplices
13 57 88
8 34 70
23 32 47
21 32 47
23 74 80
21 32 46
19 40 61
12 72 86
30 67 99
29 89 90
27 36 79
19 40 81
24 48 92
24 33 48
20 48 92
20 39 92
31 69 82
22 33 48
8 34 37
18 62 85
34 70 83
27 40 81
28 41 69
41 69 82
18 62 95
21 35 66
16 45 78
63 93 98
23 73 80
30 67 85
6 59 63
27 71 81
29 68 84
29 84 90
8 38 64
34 71 83
9 32 54
22 33 63
19 47 75
19 34 37
8 35 64
26 67 85
14 36 49
8 35 37
21 35 37
31 70 83
20 41 82
5 53 94
10 50 61
15 39 60
20 39 41
43 73 80
42 74 80
9 43 73
24 76 77
15 39 76
15 44 76
44 76 77
25 65 66
7 55 96
19 37 47
21 37 47
22 48 100
20 48 100
36 49 79
4 49 79
4 40 50
40 50 61
30 86 87
30 87 99
29 88 89
14 52 90
28 53 94
13 88 91
32 46 54
7 46 54
25 72 96
55 72 96
26 62 85
6 63 93
57 88 89
52 89 90
58 86 87
51 87 99
33 59 63
16 33 59
39 60 97
5 60 97
23 47 75
10 42 74
35 64 95
22 38 64
22 62 98
22 63 98
22 62 64
62 64 95
25 65 72
18 65 66
25 46 66
21 46 66
26 56 67
11 56 67
28 68 91
17 71 83
17 68 69
28 68 69
31 38 70
8 38 70
27 36 71
17 36 71
12 58 86
12 55 72
23 32 73
9 32 73
10 61 74
23 61 74
23 61 75
19 61 75
45 77 78
24 77 78
2 44 77
2 45 77
16 33 78
24 33 78
27 40 79
4 40 79
0 43 80
0 42 80
34 71 81
19 34 81
20 38 82
31 38 82
17 69 83
31 69 83
17 68 84
17 36 84
30 65 85
18 65 85
65 72 86
30 65 86
3 51 87
3 58 87
29 68 91
29 88 91
1 52 89
1 57 89
36 84 90
14 36 90
13 53 91
28 53 91
39 76 92
24 76 92
6 56 93
26 56 93
39 41 97
28 41 94
18 66 95
35 66 95
7 46 96
25 46 96
41 94 97
5 94 97
26 93 98
26 62 98
11 67 99
11 51 99
22 38 100
20 38 100
