ID=8751930
numvertices=38
numsimplices=58
vertices
-1.5000000000000000e+00 -1.5000000000000000e+00
1.5000000000000000e+00 -1.5000000000000000e+00
1.5000000000000000e+00 1.5000000000000000e+00
-1.5000000000000000e+00 1.5000000000000000e+00
0.0000000000000000e+00 -1.5000000000000000e+00
1.5000000000000000e+00 0.0000000000000000e+00
0.0000000000000000e+00 1.5000000000000000e+00
-1.5000000000000000e+00 0.0000000000000000e+00
0.0000000000000000e+00 0.0000000000000000e+00
-1.5000000000000000e+00 -7.5000000000000000e-01
-7.5000000000000000e-01 -1.5000000000000000e+00
-7.5000000000000000e-01 1.5000000000000000e+00
-1.5000000000000000e+00 7.5000000000000000e-01
1.5000000000000000e+00 -7.5000000000000000e-01
7.5000000000000000e-01 -1.5000000000000000e+00
1.5000000000000000e+00 7.5000000000000000e-01
7.5000000000000000e-01 1.5000000000000000e+00
6.2500000000000000e-01 -6.2500000000000000e-01
-6.2500000000000000e-01 6.2500000000000000e-01
-3.7500000000000000e-01 -7.5000000000000000e-01
7.5000000000000000e-01 3.7500000000000000e-01
-7.2916666666666663e-01 -1.0416666666666667e-01
1.0991379310344827e-01 7.6077586206896552e-01
-9.3750000000000000e-01 -9.3750000000000000e-01
9.3750000000000000e-01 9.3750000000000000e-01
-1.0648674242424243e+00 3.1581439393939398e-01
-3.7500000000000000e-01 1.1071428571428572e+00
1.5808823529411764e-01 -9.5220588235294112e-01
1.1071428571428572e+00 -3.7500000000000000e-01
1.0156250000000000e+00 -1.0156250000000000e+00
-1.0156250000000000e+00 1.0156250000000000e+00
5.2083333333333337e-01 -1.0416666666666667e-01
-1.0897435897435896e+00 -4.5673076923076933e-01
4.7129114737606892e-01 1.0945970491253563e+00
3.0743819266837152e-02 -4.8412190963341856e-01
-2.0679519460566748e-01 4.1820480539433258e-01
5.7892501348625580e-01 -1.0911645235247209e+00
-3.6415115563133471e-01 -3.2402375201288253e-01
simplices
13 28 29
8 31 34
19 23 32
8 21 37
9 23 32
21 25 32
10 19 23
12 25 30
11 26 30
14 29 36
4 10 19
4 19 27
20 24 33
5 15 20
20 22 33
15 20 24
5 20 28
8 20 22
8 22 35
18 26 30
17 27 34
19 27 34
17 28 31
20 28 31
18 26 35
18 21 25
16 24 33
22 26 35
0 9 23
0 10 23
2 15 24
2 16 24
18 25 30
7 12 25
6 22 26
6 11 26
17 27 36
17 29 36
17 28 29
5 13 28
1 14 29
1 13 29
3 11 30
3 12 30
8 20 31
17 31 34
7 25 32
7 9 32
6 16 33
6 22 33
8 34 37
19 34 37
18 21 35
8 21 35
4 27 36
4 14 36
21 32 37
19 32 37
