meshID=6063945
degree=1
Calculation Start Time:1.4387254847215519e+09
Calculation End Time:1.4387254848418131e+09
Calculation Elapsed Time:1.2026119232177734e-01
1.5000000000000000e+00 1.5000000000000000e+00 -4.0061509279258653e-02
1.5000000000000000e+00 1.4062500000000000e+00 -1.8817907513585887e-02
1.4487525904477843e+00 1.4487525904477843e+00 -1.6407444264829856e-02
1.4062500000000000e+00 1.5000000000000000e+00 -1.8817907513585887e-02
1.5000000000000000e+00 1.3125000000000000e+00 2.3330889532769826e-03
1.4529120469839467e+00 1.3593750000000000e+00 3.5195532474126367e-03
1.4016741071428571e+00 1.4016741071428571e+00 6.0813116926859753e-03
1.3213116576993575e+00 1.4183914902322858e+00 2.1198150040000051e-02
1.3125000000000000e+00 1.5000000000000000e+00 2.3330889532769826e-03
1.4050311560977393e+00 1.2640350999926915e+00 3.8493019467827523e-02
1.5000000000000000e+00 1.2187500000000000e+00 2.3282701639602429e-02
1.3772682090047308e+00 1.3322183981381264e+00 2.9180835406759923e-02
1.3078125000000000e+00 1.3078125000000000e+00 5.3199193238182320e-02
1.2402297668085061e+00 1.4056117739802803e+00 4.3987128459826191e-02
1.2187500000000000e+00 1.5000000000000000e+00 2.3282701639602429e-02
1.3355167785891908e+00 1.2387222251735066e+00 6.3562335979431825e-02
1.2658468658604358e+00 1.2138406341395642e+00 8.9287948331908243e-02
1.2208063461403427e+00 1.2903110427799069e+00 8.0573911578063928e-02
1.1443359375000000e+00 1.3353515625000001e+00 8.7299994009010284e-02
1.1558791918439957e+00 1.4201667789799000e+00 5.9978838688434274e-02
1.1250000000000000e+00 1.5000000000000000e+00 4.3902936429068271e-02
1.4293308684287052e+00 1.1927711476103071e+00 4.8769427798098827e-02
1.5000000000000000e+00 1.1250000000000000e+00 4.3902936429068271e-02
1.3581311893363064e+00 1.1682837503279120e+00 7.4915731026866134e-02
1.2836182860432555e+00 1.1335917405288529e+00 1.0551745443612359e-01
1.1718750000000000e+00 1.1718750000000000e+00 1.2777501859544857e-01
1.1571757342985365e+00 1.2472738488696546e+00 1.0991662609146312e-01
1.0806508936227339e+00 1.2405653779131487e+00 1.3273374677465091e-01
1.0474681367709853e+00 1.3205078608355718e+00 1.1626522701007874e-01
1.0968339500502813e+00 1.3850096490022819e+00 8.4254548360954876e-02
1.0781250000000000e+00 1.4527653052713525e+00 6.8217241465371614e-02
1.0312500000000000e+00 1.5000000000000000e+00 6.4045199814526554e-02
1.4079510297303459e+00 1.0774358060799574e+00 8.1942029216800896e-02
1.5000000000000000e+00 1.0312500000000000e+00 6.4045199814526554e-02
1.3439325847808437e+00 1.1014131678557992e+00 9.5567510660970023e-02
1.3183593750000000e+00 1.0253906250000000e+00 1.2253749625268913e-01
1.4018071339818849e+00 9.6620870189589558e-01 1.0946633308788550e-01
1.5000000000000000e+00 9.3750000000000000e-01 8.3539549081038195e-02
1.2237548828125000e+00 1.0772705078125000e+00 1.3888623126132102e-01
1.1397603343149498e+00 1.0927363564690853e+00 1.6070425177953324e-01
1.0624507164242247e+00 1.1719660986383096e+00 1.5941596877477848e-01
9.9183897879442418e-01 1.1791138308650182e+00 1.7730724172078555e-01
9.7250525792320253e-01 1.2772358985165733e+00 1.4940135561292325e-01
9.8465259123588267e-01 1.3427598252499617e+00 1.2456453887618173e-01
1.0312500000000000e+00 1.4055306105427048e+00 9.3413747356021593e-02
9.8437500000000000e-01 1.4527653052713523e+00 8.8936128752231267e-02
9.3750000000000000e-01 1.5000000000000000e+00 8.3539549081038195e-02
1.3180930397727273e+00 9.0740411931818188e-01 1.5158117192999412e-01
1.2395685369318181e+00 9.6657492897727271e-01 1.6375838300038084e-01
1.1474609375000000e+00 1.0009765625000000e+00 1.8507985342012059e-01
1.0917083784156518e+00 1.0425007534387392e+00 1.9118038019370542e-01
1.0547951301334577e+00 1.1014076153380774e+00 1.8416917742862995e-01
9.8543168006693738e-01 1.0892858235106906e+00 2.0978160598051449e-01
9.1849097143928682e-01 1.1111299891085142e+00 2.2239686729742283e-01
8.9225779544469730e-01 1.1779698150195859e+00 2.0563565641845638e-01
8.6425808272557358e-01 1.2440890855708555e+00 1.8887986374352869e-01
9.0461804036528159e-01 1.3056102240014926e+00 1.5667059733397753e-01
9.2676590132566072e-01 1.3757760911261876e+00 1.2712599877629358e-01
8.5928465770420848e-01 1.4205307079547134e+00 1.2656046131258961e-01
8.4375000000000000e-01 1.5000000000000000e+00 1.0219491533492477e-01
1.4026539511813052e+00 8.7601326893792453e-01 1.2915423064565226e-01
1.5000000000000000e+00 8.4375000000000000e-01 1.0219491533492477e-01
1.2187500000000000e+00 8.4375000000000000e-01 2.0354042088633736e-01
1.0992927807874449e+00 8.8436125503095331e-01 2.3714156739290335e-01
1.0358992943156846e+00 9.9100678130196640e-01 2.2627697303666289e-01
9.5257646824613185e-01 1.0270061229779557e+00 2.4202723704454718e-01
8.6039557732301608e-01 1.0725711178120161e+00 2.5458179450900681e-01
8.3339008054250818e-01 1.1368561434153610e+00 2.3768164283505966e-01
7.6370889750251536e-01 1.1920696325008384e+00 2.3478308642490078e-01
7.6371684520494854e-01 1.2811357910790002e+00 1.9940000948743983e-01
8.2150135250473144e-01 1.3489128622989752e+00 1.6049268877746117e-01
7.9677205470799273e-01 1.4494423027868746e+00 1.2915091933071160e-01
7.5000000000000000e-01 1.5000000000000000e+00 1.1980068691378727e-01
1.3593750000000000e+00 7.9687500000000000e-01 1.6215872799465195e-01
1.4339622786983601e+00 8.0748816390491962e-01 1.3258329096645627e-01
1.5000000000000000e+00 7.5000000000000000e-01 1.1980068691378727e-01
1.2890625000000000e+00 8.2031250000000000e-01 1.8303188820947763e-01
1.1708394207905541e+00 9.2306441466429934e-01 1.9963451375948754e-01
1.1350441225721197e+00 7.9352695914262672e-01 2.4974067038982103e-01
1.2020085817147466e+00 7.7678554085737328e-01 2.2744244368085115e-01
1.2656250000000000e+00 7.5000000000000000e-01 2.0871462595835083e-01
1.3359375000000000e+00 7.2656250000000000e-01 1.8621022469597925e-01
1.4062500000000000e+00 7.0312500000000000e-01 1.6358706568158451e-01
1.5000000000000000e+00 6.5625000000000000e-01 1.3613004851672125e-01
1.0390783617857982e+00 7.7348508535739480e-01 2.9497905091543897e-01
1.0032269431313190e+00 8.6474385631825779e-01 2.7997083976766346e-01
9.3750000000000000e-01 9.3750000000000000e-01 2.7935220137120453e-01
8.6496645337741018e-01 9.9793153018279546e-01 2.8197691873675856e-01
7.9219240687376435e-01 1.0580732243838298e+00 2.8138184063851379e-01
7.6518691009325646e-01 1.1223582499871747e+00 2.6288462201730106e-01
6.8847630605082555e-01 1.1826616526004954e+00 2.5781154712901677e-01
6.7778319597858561e-01 1.2577223633573560e+00 2.2866321891027824e-01
7.2312287973415845e-01 1.3381370969409561e+00 1.8610143825166378e-01
7.4429299838187724e-01 1.4048367594517472e+00 1.5607211367290455e-01
6.7891283144827341e-01 1.4315558844064999e+00 1.5836127004528641e-01
6.5625000000000000e-01 1.5000000000000000e+00 1.3613004851672125e-01
1.1718750000000000e+00 7.0312500000000000e-01 2.5872436581030406e-01
1.2421875000000000e+00 6.7968750000000000e-01 2.3474680372150419e-01
1.3125000000000000e+00 6.5625000000000000e-01 2.1038047914985764e-01
1.3908175285424960e+00 5.7851005708499192e-01 1.9282950259500203e-01
1.4511084929329945e+00 6.0937500000000000e-01 1.6298919759185948e-01
1.5000000000000000e+00 5.6250000000000000e-01 1.5094540951882321e-01
1.1061940076262105e+00 7.2906940781206298e-01 2.7974300542743136e-01
1.0688322077108914e+00 6.6914277798014177e-01 3.1331793051955115e-01
9.7234032213734822e-01 6.9804092684695596e-01 3.4879935038988952e-01
9.7552326697812708e-01 8.0118876151058671e-01 3.1266092149668312e-01
9.0628172357159642e-01 8.0470336178579827e-01 3.4030106884918693e-01
8.8337215287707538e-01 8.8015678739671066e-01 3.2100931431557639e-01
8.1432944842315580e-01 9.1825104979300143e-01 3.3172437790479875e-01
7.9450978090282753e-01 9.8677663082176081e-01 3.1007619116220186e-01
7.2415344681168226e-01 1.0452484897115215e+00 3.0767810268687440e-01
6.9277084010732892e-01 1.1069648238718117e+00 2.8965570717959083e-01
6.0646540802108007e-01 1.1764371840677335e+00 2.8049566889992322e-01
5.9724345835950421e-01 1.2978147763821388e+00 2.2869663113918615e-01
6.5812125214748041e-01 1.3640563429503358e+00 1.8904128088974279e-01
6.0937500000000000e-01 1.4439239021977677e+00 1.6574887112217951e-01
5.6250000000000000e-01 1.5000000000000000e+00 1.5094540951882321e-01
1.2028391404755683e+00 6.1467861984147731e-01 2.6664751287724275e-01
1.1353400344265012e+00 6.4069119687929554e-01 2.9077153943606510e-01
1.0620409543386296e+00 5.9745296131767001e-01 3.3672412737486435e-01
9.9009100053583454e-01 5.9449406232636692e-01 3.7312553483473232e-01
9.3617499893105149e-01 6.3854633067776723e-01 3.8574701587456312e-01
8.7506344714319306e-01 6.7190672357159653e-01 4.0394842701565559e-01
8.8686900817775094e-01 7.3919920028244157e-01 3.7318362078143613e-01
8.3606005184161203e-01 8.0415407326995803e-01 3.7016949033637331e-01
7.6584025921385734e-01 8.0340199498783382e-01 3.9983561635847353e-01
7.3600369608092286e-01 8.8365954870172880e-01 3.7587360272580217e-01
6.9678154065442710e-01 9.5977208348690157e-01 3.5499165287373541e-01
6.5693136188703360e-01 1.0286664149279476e+00 3.3543728095782843e-01
6.1088571662816038e-01 1.0935837793630194e+00 3.1782631733710753e-01
5.3683687244429479e-01 1.1388888784603100e+00 3.1435379864416624e-01
5.5112394598892300e-01 1.2360857954849476e+00 2.6547501374583354e-01
5.0729154587058389e-01 1.2994592694608298e+00 2.4485449288209904e-01
5.5609502654104848e-01 1.3938935234470631e+00 1.9523254225731732e-01
5.1562500000000000e-01 1.4526041162523551e+00 1.7710072938740815e-01
4.6875000000000000e-01 1.5000000000000000e+00 1.6400609531113261e-01
1.3091213415251530e+00 5.8433567237896267e-01 2.2626869472180666e-01
1.3353141800251012e+00 5.1727584042576435e-01 2.2692364322176631e-01
1.4022133115402851e+00 4.6875000000000000e-01 2.0547916669239155e-01
1.4511066557701424e+00 5.1562500000000000e-01 1.7774198662121771e-01
1.5000000000000000e+00 4.6875000000000000e-01 1.6400609531113261e-01
1.1250000000000000e+00 5.6250000000000000e-01 3.1492991876204141e-01
1.2550177603170454e+00 5.3683947936590903e-01 2.5966645444975284e-01
1.3364819033312851e+00 4.4850823560029873e-01 2.3781524357669281e-01
1.4061675077474185e+00 3.7500086168167335e-01 2.1614424045913536e-01
1.5000000000000000e+00 3.7500000000000000e-01 1.7507820260904056e-01
1.4511066557701424e+00 4.2385428681555076e-01 1.9034352972240065e-01
1.0222674546433737e+00 4.8329579627692704e-01 3.8730773850444183e-01
9.2327976580042170e-01 5.5808482864858833e-01 4.1944414653428042e-01
8.4825762878558786e-01 5.7077546856945138e-01 4.5573227097015651e-01
7.7805262914520668e-01 6.0674915494733972e-01 4.7983865643032358e-01
7.5284453684318176e-01 6.8149806911077881e-01 4.6024112329554712e-01
6.9635906666920477e-01 7.4916444983722419e-01 4.5537450323676137e-01
6.5312585568460835e-01 8.4705767995765258e-01 4.2504392260531093e-01
6.1660211556922451e-01 9.2601517261436106e-01 3.9860223958894875e-01
5.7815168071294765e-01 1.0173426573090614e+00 3.6429704187002393e-01
4.7129114737606892e-01 1.0945970491253563e+00 3.5207574912259781e-01
4.8418130112681418e-01 1.1979261466032876e+00 2.9679142234036898e-01
4.1809183594416927e-01 1.2620522038996627e+00 2.7749768432975541e-01
3.9433594105418790e-01 1.3510220082744178e+00 2.3893521845945129e-01
4.6567284166500278e-01 1.4084632361195843e+00 2.0306576914238034e-01
3.9234852077627330e-01 1.4265078672655254e+00 2.0490054640782460e-01
3.7500000000000000e-01 1.5000000000000000e+00 1.7507820260904056e-01
8.1861774975375967e-01 7.3613090812525594e-01 4.0552911260220059e-01
1.1366653591953175e+00 4.8987880520415872e-01 3.2586897458114839e-01
1.1182994509273354e+00 4.1865653374204248e-01 3.5054798587851410e-01
1.2032266079644429e+00 4.5858154172912130e-01 2.9926398949887345e-01
1.2816317694133395e+00 4.0701353882667901e-01 2.6995420010728027e-01
1.3536703693824730e+00 3.3023497440942112e-01 2.4578335124003059e-01
1.4022543840569375e+00 2.8125000000000000e-01 2.2802750498482824e-01
1.4530833234076872e+00 3.2812500000000000e-01 2.0034394620929943e-01
1.5000000000000000e+00 2.8125000000000000e-01 1.8394614603807805e-01
1.0423854291319181e+00 3.9604018658791518e-01 3.9692662992786581e-01
9.6401211800483988e-01 4.0753200832031616e-01 4.3986996040071374e-01
9.0650886557448795e-01 4.8386818435982193e-01 4.5228946013737170e-01
7.9071933538600270e-01 4.8339453570195984e-01 5.2243333891543320e-01
7.1016551939655792e-01 5.6657219119825208e-01 5.3575027844391410e-01
6.3325151760621723e-01 6.3451275973124877e-01 5.4482003761255271e-01
6.0947017071478959e-01 7.3434327642840358e-01 5.0265833459806497e-01
5.8044034524965715e-01 8.3264927135889755e-01 4.6087895065548934e-01
5.3642269048402180e-01 8.9225826174182055e-01 4.4337816336652652e-01
5.0954595939130243e-01 9.7072725161555040e-01 4.0841975454900398e-01
4.6663868403266301e-01 1.0253181936509135e+00 3.9010428453900131e-01
3.8368788717811286e-01 1.0547139004253994e+00 3.9226101627461007e-01
3.8211803605294814e-01 1.1772827851574512e+00 3.2599424120370896e-01
3.0161719624091654e-01 1.2684331527692858e+00 2.9081585850476860e-01
2.9843526392763325e-01 1.3364309930332590e+00 2.5756467308123876e-01
2.8125000000000000e-01 1.4022982662237342e+00 2.2815249573194327e-01
3.2896819419213075e-01 1.4503400435240275e+00 2.0140905003340120e-01
2.8125000000000000e-01 1.5000000000000000e+00 1.8394614603807805e-01
1.1928181420542752e+00 3.7043246196293272e-01 3.1999300302691369e-01
1.0974203564214828e+00 3.3323678603451906e-01 3.7773352272441607e-01
1.0099988892574712e+00 3.2375222148505767e-01 4.3126423424730087e-01
9.3845406311651636e-01 3.2572813604065715e-01 4.7564723001459941e-01
8.4732784078670487e-01 4.0028351464419576e-01 5.1498494961230312e-01
7.5000000000000000e-01 3.7500000000000000e-01 5.9044836893267139e-01
7.0470306975212682e-01 4.5386173100444926e-01 5.9036724227546766e-01
6.1962740768975766e-01 4.8600385650274763e-01 6.3257458989979076e-01
6.3539825341821521e-01 5.5943643449515645e-01 5.8376345630933379e-01
5.4525973381944870e-01 5.8170054040641916e-01 6.2467011426651997e-01
5.3716846361826254e-01 6.7493089580237253e-01 5.7131391541247112e-01
5.2052369006111932e-01 7.8905133452060283e-01 5.0925675478301435e-01
4.4883483505019917e-01 8.8337823541702787e-01 4.7713399233960591e-01
4.2662984535977316e-01 9.6856876141536463e-01 4.3277014676235287e-01
3.0846107609592704e-01 9.5178498318285387e-01 4.7053530736140498e-01
2.7144950995581507e-01 1.0191780368363852e+00 4.3469642465186026e-01
2.9509189167198485e-01 1.0923403050877081e+00 3.8697535753405998e-01
3.0254304538387300e-01 1.1881278734671554e+00 3.3245936721026387e-01
2.3122930715414003e-01 1.2544232925838779e+00 3.0570441677900806e-01
2.3113748926815103e-01 1.3261918280432479e+00 2.6912377482696465e-01
1.8754076091667926e-01 1.4062091945421389e+00 2.3357247596002381e-01
1.8750000000000000e-01 1.5000000000000000e+00 1.9042500299161971e-01
2.3635254669221006e-01 1.4511491331118671e+00 2.0930942003086744e-01
1.2930702687636073e+00 2.9725676941333956e-01 2.7906710310034571e-01
1.3494303134061776e+00 2.3849466511289649e-01 2.5701472351607030e-01
1.3964715517164119e+00 1.8944853377040849e-01 2.3802257165770968e-01
1.4511271920284687e+00 2.3437500000000000e-01 2.0940750627883242e-01
1.5000000000000000e+00 1.8750000000000000e-01 1.9042500299161971e-01
1.1706094206650524e+00 2.8449429162818063e-01 3.4444370539584174e-01
1.2356610404501587e+00 2.5420969819278288e-01 3.1335251602763142e-01
1.3045087681138750e+00 1.8750000000000006e-01 2.8363483335040229e-01
1.3084940047504712e+00 9.3743037221901471e-02 2.8661254353578597e-01
1.4022543840569375e+00 9.7647067540817006e-02 2.3977230375130953e-01
1.4474472128710458e+00 1.4657676237469849e-01 2.1642851608210664e-01
1.5000000000000000e+00 9.3750000000000000e-02 1.9437239398047110e-01
1.0853137414346268e+00 2.6546059423551227e-01 3.9534738136683284e-01
9.9303867657187628e-01 1.9810697172962563e-01 4.6254813176417608e-01
9.4925647070602437e-01 2.5497593200332258e-01 4.8245150694683181e-01
8.7075843627649552e-01 3.0249306572427698e-01 5.2638189542732572e-01
7.8731065005892664e-01 3.0032642537554444e-01 5.8734774445272442e-01
7.0158140028690619e-01 2.9905690003077251e-01 6.5506399985227703e-01
6.8173623399409655e-01 3.6511599928482696e-01 6.4523286595723217e-01
6.1539734661819867e-01 3.8400481187784685e-01 6.8835049954942296e-01
5.1919601898326306e-01 4.1816623869724945e-01 7.4536735284403621e-01
4.5010426538202059e-01 5.1302205875795825e-01 7.3089979991285914e-01
5.3187218984998819e-01 4.9999007804317236e-01 6.8440473928514056e-01
4.5094412579252624e-01 6.1211759834187651e-01 6.5696506976159497e-01
4.5090891971286640e-01 7.1121669062565585e-01 5.8806859844346371e-01
4.3519017459956616e-01 7.9532423611025360e-01 5.3736800232373483e-01
3.6805642534425487e-01 8.4837343842570379e-01 5.2393393963609503e-01
2.9285547438285930e-01 8.7391362052429633e-01 5.2626159121197047e-01
3.8801800348641169e-01 9.1301541039683287e-01 4.7635500339751952e-01
1.8910654638209662e-01 9.5156254694350473e-01 4.9128636393807484e-01
2.0198975885010717e-01 1.0521480639098457e+00 4.2392803483527597e-01
1.9778230159400148e-01 1.1199165208071131e+00 3.8365277708699064e-01
1.3655617651602012e-01 1.2017655774082476e+00 3.4172423030502519e-01
1.5217470145703418e-01 1.2760082974899565e+00 3.0061634034507773e-01
1.3994470619709432e-01 1.3486850139272235e+00 2.6428984437413644e-01
9.3750000000000000e-02 1.4061091117914932e+00 2.3803509890258007e-01
9.3750000000000000e-02 1.5000000000000000e+00 1.9437239398047110e-01
1.4062500000000000e-01 1.4530842168224085e+00 2.1409951412499295e-01
2.2478065759083699e-01 8.9109233390997078e-01 5.2794218649477342e-01
2.2238364190795756e-01 1.1832019101284699e+00 3.4493418754190530e-01
1.2040788283877906e+00 1.8977807771447283e-01 3.3658019366622788e-01
1.1361723440910938e+00 2.1905386156613182e-01 3.7178746779202371e-01
1.0647902461836973e+00 1.9974173511652876e-01 4.1676696747245334e-01
1.0219317298135477e+00 1.3240954660911503e-01 4.5029459526734306e-01
9.1648509256822619e-01 1.6926796165456209e-01 5.1888498363247504e-01
8.5830842166858889e-01 2.2375996705604009e-01 5.5238755298298114e-01
7.5222748924524119e-01 2.2458080383650819e-01 6.3531649485756980e-01
6.7036242826566217e-01 2.2336850150047649e-01 7.0761622883254782e-01
6.1315731779970728e-01 2.8194267006241192e-01 7.3793389570255330e-01
5.4366031878334498e-01 3.3452362168334437e-01 7.6975801672749755e-01
4.7397144912047051e-01 3.4603909845902880e-01 8.0969624412881147e-01
4.4191592489524895e-01 4.0898024658095827e-01 7.9840182441584850e-01
3.6702431199261326e-01 4.3014251749536275e-01 8.2478516539102498e-01
3.7273600213023811e-01 5.0749721154248073e-01 7.7686192659479303e-01
3.5092836949045780e-01 5.8193375669336667e-01 7.3362277929976671e-01
3.7996899264765449e-01 6.6277657108891475e-01 6.5368678638674793e-01
3.2489068231821305e-01 7.2869544671650033e-01 6.2451468194003890e-01
3.1023513105959316e-01 8.0160500318704708e-01 5.7429113125513953e-01
2.3327587109812442e-01 8.2139929105546372e-01 5.7833736394978597e-01
1.3707550361992343e-01 8.6133065194695513e-01 5.6335897058702478e-01
1.0648075549216583e-01 9.4166496408864198e-01 5.0697112777727193e-01
1.0432486656139944e-01 1.0248535186467880e+00 4.5074525990837350e-01
1.4066378729011961e-01 1.0832049181382566e+00 4.1076165442883339e-01
9.7512594118668833e-02 1.1367154545794220e+00 3.8141090412047612e-01
6.5931766070814385e-02 1.2294804192034152e+00 3.2964614784060481e-01
8.1550291011828452e-02 1.3037231392851241e+00 2.8943397306287938e-01
7.3886168026231214e-04 1.3998966228431826e+00 2.4255869532462560e-01
4.4087253022566386e-02 1.4502709920790533e+00 2.1824767272872292e-01
0.0000000000000000e+00 1.5000000000000000e+00 1.9569843739850631e-01
1.2531636694086710e+00 1.3881687046501917e-01 3.1366705067197009e-01
1.2516841769089198e+00 3.7571978552176116e-02 3.1817320701196644e-01
1.3123168258230400e+00 -2.0688277198421812e-05 2.8634643279267319e-01
1.4061579919115927e+00 3.8089493636261772e-03 2.3947349710753643e-01
1.3573242477930514e+00 4.8774092294789330e-02 2.6304235262316539e-01
1.5000000000000000e+00 0.0000000000000000e+00 1.9569843739850631e-01
1.2025894964146091e+00 8.9333345041565621e-02 3.4389951153195153e-01
1.2066362358194889e+00 -1.7747183745263878e-02 3.4313589540934070e-01
1.2734434562180663e+00 -9.2150982175471893e-02 3.0507976114883439e-01
1.3611645546197892e+00 -4.5328510760184682e-02 2.6113406858113597e-01
1.4510990878865628e+00 -4.6875000000000000e-02 2.1783022002679184e-01
1.5000000000000000e+00 -9.3750000000000000e-02 1.9437239398047110e-01
1.1305628285532585e+00 1.4063471941902561e-01 3.8218228018440470e-01
1.0633370535714286e+00 6.4174107142857123e-02 4.2795039549697900e-01
9.6278521385846905e-01 7.8816956775968269e-02 4.9422209715696030e-01
8.5595766582450306e-01 6.7725645243514071e-02 5.7438120141172233e-01
8.1987655222862366e-01 1.5392519705578250e-01 5.9430601239718106e-01
7.4356073089819985e-01 1.4856980383209090e-01 6.5899940163014636e-01
6.5458790209748130e-01 1.4232621664210302e-01 7.4246745819864945e-01
6.0695615048669027e-01 1.9365389237259684e-01 7.7078038464618492e-01
5.4512956732259843e-01 2.2652922768131195e-01 8.0716681289358339e-01
4.7024104189989568e-01 2.7224720217179527e-01 8.3949676796431449e-01
4.0349670406192306e-01 3.4130042045844955e-01 8.4894312695612917e-01
2.7765710510465125e-01 3.7824121112659875e-01 8.8308556674333005e-01
2.4551302124681373e-01 4.7646035968063793e-01 8.4422087278819324e-01
2.8873391647241342e-01 5.3867861590088761e-01 7.9149104495856759e-01
3.0015672580979863e-01 6.5205937396001989e-01 6.9622159746880030e-01
2.4156792912580913e-01 7.3797273070758096e-01 6.4348527081351747e-01
1.6764365438015524e-01 7.9912779306418580e-01 6.0811600401498855e-01
1.0991379310344827e-01 7.6077586206896552e-01 6.4947622579136621e-01
6.5199394458687915e-02 8.2679988442291386e-01 5.9712246303062078e-01
3.1753176808546058e-02 9.0504840430158850e-01 5.3790682522848821e-01
3.0657816648345208e-02 9.7966673431887707e-01 4.8419498409317646e-01
4.9904450769115982e-02 1.0860478939996745e+00 4.1395163196988960e-01
3.7024481991505542e-03 1.1380008724207320e+00 3.8306564305887059e-01
-4.0337305685143397e-02 1.2307939157790300e+00 3.2963298524977641e-01
5.7454501485826870e-03 1.3068127845984308e+00 2.8913414333617687e-01
-4.3906883150330984e-02 1.3508187550564068e+00 2.6632910029530660e-01
-9.2477084095184778e-02 1.4005706581947543e+00 2.4065006254090734e-01
-9.3750000000000000e-02 1.5000000000000000e+00 1.9437239398047110e-01
-4.6874999999999986e-02 1.4508772848975386e+00 2.1792148064128000e-01
1.1342548298539319e+00 6.9605172142675434e-02 3.8404383695851219e-01
1.1095000288625074e+00 -1.5630763521159774e-02 4.0010723425581418e-01
1.1408485417046668e+00 -1.0233202309684412e-01 3.7837647903767802e-01
1.2120934444801006e+00 -1.6167559348036087e-01 3.3415452370084830e-01
1.3035714285714286e+00 -1.8750000000000000e-01 2.8380482839909665e-01
1.3362337919197080e+00 -1.2474512453733164e-01 2.7113796463869549e-01
1.4017857142857142e+00 -9.8137797577429145e-02 2.3999573950010492e-01
1.4528890191698567e+00 -1.4062500000000000e-01 2.1417130535867149e-01
1.5000000000000000e+00 -1.8750000000000000e-01 1.9042500299161971e-01
1.2070008552306895e+00 -9.5351192921274641e-02 3.4088987098318196e-01
1.0051626160579825e+00 1.7256739558146821e-02 4.6705594212435653e-01
9.1037878817555951e-01 -8.2384971725367739e-03 5.3416972895401948e-01
7.9764249665892406e-01 -3.6301411132346972e-02 6.2309764659636824e-01
7.6275827950549424e-01 7.4514156178531743e-02 6.5185166107630510e-01
6.8458176863779774e-01 6.9990924817472780e-02 7.2556810327628074e-01
5.9159478151316425e-01 7.6005449861332550e-02 8.0264486921537592e-01
5.2692956316178630e-01 1.4069692443803591e-01 8.3818232558304795e-01
4.6392917134201339e-01 1.8605244113393346e-01 8.6611443419793965e-01
3.9467102194258463e-01 2.2111639707109432e-01 8.9181966976799409e-01
3.2738095238095238e-01 2.8273809523809512e-01 9.0159906916504429e-01
2.5317252668426254e-01 2.6810500501991208e-01 9.2952857837485514e-01
1.7489638278840539e-01 3.6726499963157389e-01 9.1352486300765323e-01
1.4648030227421793e-01 4.4989716797919527e-01 8.8098584511327627e-01
1.2972890118213182e-01 5.3565811153201826e-01 8.3441045040676987e-01
5.5802487397229275e-02 6.4258197746912349e-01 7.6418223260695672e-01
-4.5458424437022915e-03 7.4169404951548357e-01 6.7229357251690069e-01
-1.4491435203820284e-02 8.2961424787817861e-01 5.9681542769084428e-01
-5.7497912374692421e-02 8.8881980017711082e-01 5.4891820252801360e-01
-4.1384999203592274e-02 9.6020066967875617e-01 4.9747679719456883e-01
-8.8374963447842014e-02 1.0549955483552422e+00 4.3195180750848139e-01
-8.8374751524072093e-02 1.1559949010857595e+00 3.7043092087232443e-01
-1.6004755953560629e-01 1.2149320398038750e+00 3.3263638939987406e-01
-9.0856269968996206e-02 1.3039398182582453e+00 2.8898229436767531e-01
-1.4412240754847788e-01 1.3561206833171182e+00 2.6034515508151557e-01
-1.7491656411514078e-01 1.4169052177199217e+00 2.2920923197247953e-01
-1.8750000000000000e-01 1.5000000000000000e+00 1.9042500299161971e-01
2.1754410761459347e-01 5.6458553208128182e-01 7.9618951148998818e-01
2.1978077899126294e-01 6.5701552419186571e-01 7.2112898302375950e-01
1.3533997930738428e-01 6.7765178125121828e-01 7.2282166083213617e-01
-5.9761384759532410e-03 1.0446824887204098e+00 4.4109987487850849e-01
1.0259180934562087e+00 -5.4539602403379329e-02 4.5231762619766586e-01
1.0682129438910219e+00 -1.7005400505392354e-01 4.1739847978853728e-01
1.1408318274162306e+00 -1.7751880887120494e-01 3.7321684497220431e-01
1.1701554334653923e+00 -2.4437201873245162e-01 3.4939454804617143e-01
1.2587862350580801e+00 -2.6736468697703492e-01 2.9953891953956269e-01
1.3320955218635229e+00 -2.5598455978342383e-01 2.6388375645071960e-01
1.4017857142857144e+00 -1.9679052021739019e-01 2.3496109662848749e-01
1.4341064949589004e+00 -2.5854039657984196e-01 2.1524749291778453e-01
1.5000000000000000e+00 -2.8125000000000000e-01 1.8394614603807805e-01
9.4904136099652292e-01 -7.9068661694939757e-02 5.0355772141389810e-01
8.7538384841852923e-01 -1.1202738715921810e-01 5.5524389620699488e-01
8.0258630051203672e-01 -1.4972932671885647e-01 6.0763969284248287e-01
7.2405419755531208e-01 -1.2620002513655101e-01 6.7817216552548176e-01
7.2002228200166085e-01 1.6258897951530737e-04 6.9395092548821102e-01
6.3440892354879497e-01 -4.8247832763523707e-03 7.7298256072695160e-01
5.3043663932756413e-01 -5.5064141571217057e-04 8.4772440595568022e-01
5.0106857798353210e-01 6.9387492623882996e-02 8.6262138625525142e-01
4.3874295346882941e-01 1.1262338221689942e-01 8.9152711375452554e-01
3.5070654766121406e-01 1.4116446058574728e-01 9.2578480895675075e-01
3.2181856478779725e-01 2.0911326573284694e-01 9.2341997674539511e-01
2.3469601365362697e-01 1.9475900144818797e-01 9.5235850000406952e-01
1.7761543218073933e-01 2.7158972077593557e-01 9.4588148402434569e-01
1.0711689910130752e-01 2.7721857181018639e-01 9.5481717274588274e-01
1.0852843971757666e-01 3.9064400158176465e-01 9.1412189657652032e-01
5.9537293788700138e-02 4.4115290396753537e-01 8.9545487098419907e-01
2.0639426989764051e-02 5.4118083868149247e-01 8.4065290928987479e-01
-7.3688496091296227e-02 6.3118404093626423e-01 7.7212480339072864e-01
-8.2926056127216555e-02 7.1384889461210999e-01 6.9537257989962065e-01
-1.0015259254503089e-01 8.0745477544650457e-01 6.1049283318861569e-01
-1.3057278810301715e-01 8.9268205844918913e-01 5.4025582471875966e-01
-1.3005960303883479e-01 9.8317412830558981e-01 4.7613740039181701e-01
-1.6641474305290421e-01 1.0833807267935203e+00 4.0837241482516917e-01
-2.3707721676373594e-01 1.1631922134043453e+00 3.5435748185284799e-01
-2.2560943500804101e-01 1.2293294582423224e+00 3.1936269046223492e-01
-1.8749999999999997e-01 1.3035714285714286e+00 2.8389883232310037e-01
-2.5514423962154120e-01 1.3918731226481604e+00 2.3519929065833553e-01
-2.8125000000000000e-01 1.5000000000000000e+00 1.8394614603807805e-01
1.5531026777151530e-01 6.0575492776492434e-01 7.8034587729624838e-01
9.6895094254468461e-01 -1.6701229522879765e-01 4.8180840716444617e-01
8.4900850433932562e-01 -2.1730075721706582e-01 5.5968266891962770e-01
9.6713887539437571e-01 -2.4702341987992976e-01 4.7151464054502007e-01
1.0447515003598189e+00 -2.6655145360761706e-01 4.1937786535425636e-01
1.1150285740402497e+00 -2.9829187286419778e-01 3.7320799651900971e-01
1.2331277725066305e+00 -3.5526079089218981e-01 3.0142699694852898e-01
1.3604729763748513e+00 -3.2453001114471358e-01 2.4296389139004404e-01
1.4380641534789853e+00 -3.2812500000000000e-01 2.0698387456405334e-01
1.5000000000000000e+00 -3.7500000000000000e-01 1.7507820260904056e-01
7.2130168300010322e-01 -1.9461876793453434e-01 6.6658692652557983e-01
7.7064100514856348e-01 -2.4209857408792645e-01 6.1478243146130929e-01
6.1610179713020985e-01 -1.7367739180133032e-01 7.6828037795456738e-01
6.4429553665686323e-01 -9.1315437731112808e-02 7.5930544069960404e-01
5.7834911089866625e-01 -5.7244287004049363e-02 8.1377846956534816e-01
5.2083333333333337e-01 -1.0416666666666667e-01 8.4727914198594811e-01
4.3479830095250527e-01 -9.1399893848259514e-02 8.9587750105320851e-01
4.2855666231003875e-01 2.0638375969097345e-02 9.0327916206842596e-01
3.4562169350413247e-01 5.2474570550506076e-02 9.3690557924738360e-01
2.8396684929192512e-01 1.0315787989056588e-01 9.5326873457577566e-01
2.0723670027385810e-01 1.0650029611662565e-01 9.7247654829649965e-01
1.4034868973414091e-01 1.3954124621773700e-01 9.8021961105351829e-01
1.0744409275812139e-01 2.0649643896177416e-01 9.7253019882546088e-01
1.1854030437485681e-02 2.3381997015257866e-01 9.7220764424079409e-01
5.3706909543117562e-02 3.2357695989380691e-01 9.4467640962035726e-01
-5.0498781729253220e-02 3.9931801314794640e-01 9.1542066691736745e-01
-8.2964010474816607e-02 5.1316370981056469e-01 8.5427160780362643e-01
-1.4769653863639312e-01 5.6560760381023001e-01 8.1134072434882643e-01
-2.0150409600842006e-01 6.2921113350547153e-01 7.5065934268787271e-01
-1.6514205331219095e-01 7.2647190358566716e-01 6.6939238655539224e-01
-2.0724058042289556e-01 7.8425635900948443e-01 6.1240912420610460e-01
-2.1307973059016566e-01 8.5551106831940948e-01 5.5599951991432572e-01
-2.1880913188104800e-01 9.5006273314011525e-01 4.8787911325455524e-01
-2.0131278083736301e-01 1.0201411886474365e+00 4.4418815272408196e-01
-2.6925559396419058e-01 1.0446541723611438e+00 4.1922955047698446e-01
-2.8484986490597236e-01 1.1125239956561475e+00 3.7702689485102797e-01
-3.2101976966847384e-01 1.1720322487793260e+00 3.3867453455811941e-01
-2.8845768185545440e-01 1.2529036611209221e+00 3.0031530624132574e-01
-2.7982596794530540e-01 1.3243121283016843e+00 2.6531170007684968e-01
-3.3719616348578013e-01 1.4214126488403596e+00 2.1363920748101783e-01
-3.7500000000000000e-01 1.5000000000000000e+00 1.7507820260904056e-01
-1.4393446711831341e-02 4.6998052891283965e-01 8.8255942073866112e-01
8.5203991819728364e-01 -2.9853054520461986e-01 5.3979897742947403e-01
7.7490811760945999e-01 -3.2418504314477470e-01 5.8836988962588466e-01
6.8950463405856821e-01 -2.5526238574418403e-01 6.7780858214981854e-01
5.8454177023954124e-01 -2.8730743098826272e-01 7.5879203932576156e-01
5.2876560838110209e-01 -2.1061813490118958e-01 8.2222073231225890e-01
4.3963628350760831e-01 -1.7824234435354797e-01 8.8031222012588761e-01
3.5071372101678300e-01 -1.1364400996915944e-01 9.2956168428388430e-01
3.5830930321344723e-01 -3.0273849694345469e-02 9.3311196394397289e-01
2.5959159774566964e-01 3.0325643713034089e-02 9.6524222748139266e-01
1.7022776700930997e-01 -7.9067094501298063e-03 9.8537302139072969e-01
1.2376297976269719e-01 6.6804566596732839e-02 9.9006054093781604e-01
2.7542283891922266e-02 9.7019527933620286e-02 9.9490131862288445e-01
-5.2422250557941759e-02 1.5847715099750295e-01 9.8597003010139972e-01
-7.6226152758389010e-02 2.7909537213885316e-01 9.5723317268381891e-01
-1.1672544914781331e-01 3.7666398755485075e-01 9.1896649014015763e-01
-1.3554228412139174e-01 4.4408136717256003e-01 8.8567490003121674e-01
-2.0076059837032947e-01 5.0138247022071802e-01 8.4161202504322496e-01
-2.6212554606326538e-01 5.6494204340644638e-01 7.8238781029153559e-01
-3.2915825472121962e-01 6.2249282201878620e-01 7.1004051284695613e-01
-2.3483832684307560e-01 6.8703299128918038e-01 6.8763117230517246e-01
-2.6724137931034481e-01 7.4538177339901490e-01 6.2899035296677663e-01
-2.9714006584150399e-01 8.2846897612364190e-01 5.5743197426934099e-01
-3.1121137620418304e-01 9.2921402566059252e-01 4.8435205260792979e-01
-3.5445865588456232e-01 1.0211876901729335e+00 4.1792246116823567e-01
-3.7500000000000000e-01 1.1071428571428572e+00 3.6479439195466762e-01
-3.8766746221118042e-01 1.2238259114450274e+00 3.0131155879491750e-01
-3.5091145833333337e-01 1.3352906858766234e+00 2.5182954174542294e-01
-4.4923203656462590e-01 1.4050275353986292e+00 2.0702920193115160e-01
-4.6875000000000000e-01 1.5000000000000000e+00 1.6400609531113261e-01
9.3086931054556366e-01 -3.1836472853749531e-01 4.8154747480017740e-01
1.0036504968997950e+00 -3.2727357616388753e-01 4.3361887965823209e-01
1.1071428571428572e+00 -3.7500000000000000e-01 3.6457801100356796e-01
1.1814555835908322e+00 -4.7251924326850420e-01 3.0713983737083222e-01
1.3035714285714286e+00 -4.6156002228942722e-01 2.5056998656027840e-01
1.4041527194624834e+00 -4.2187500000000000e-01 2.1106214686689354e-01
1.5000000000000000e+00 -4.6875000000000000e-01 1.6400609531113261e-01
1.3351744821734342e+00 -3.9435399708244911e-01 2.4610575127296799e-01
1.6204903097502187e-02 1.6501914320953581e-01 9.8615723061284266e-01
-1.0403244638620843e-02 2.9883464375319557e-01 9.5424820051907344e-01
8.5553646891147850e-01 -3.9222414380587012e-01 5.1177297979036285e-01
9.2888324447811110e-01 -3.9168658068070855e-01 4.6501795677875307e-01
1.0016918360899096e+00 -4.0057181830509753e-01 4.1905602888962357e-01
1.0726898230804651e+00 -4.6313648756328607e-01 3.6506204535278924e-01
1.1656962520432206e+00 -5.4569305408752555e-01 2.9920344376187602e-01
1.2573693064408937e+00 -5.5933468174563328e-01 2.5400385961954314e-01
1.3439359729969880e+00 -5.2218928059690661e-01 2.2241122387220813e-01
1.4165428743459172e+00 -5.1640643647788753e-01 1.9205977243419853e-01
1.5000000000000000e+00 -5.6250000000000000e-01 1.5094540951882321e-01
6.6845486713476276e-01 -3.6392363054675347e-01 6.5610755054415282e-01
7.5056036530734938e-01 -4.2141616812839217e-01 5.7217228614773696e-01
4.7786017183814794e-01 -3.1210159169259244e-01 8.2112255640298060e-01
5.3126172887921486e-01 -3.9195209127967556e-01 7.5108889857975969e-01
5.9599434978484644e-01 -3.5902468591927023e-01 7.1825622860167904e-01
4.6658180476094419e-01 -2.4293506783279417e-01 8.5046103513511762e-01
3.7727965430085852e-01 -2.6875100537084462e-01 8.8624655686935394e-01
3.1551084936253199e-01 -2.1389386549194792e-01 9.2450111857122497e-01
2.6625659733224427e-01 -1.4757109627851139e-01 9.5253881596510992e-01
2.7932150755148960e-01 -5.8008388263055891e-02 9.5844380237460236e-01
1.9362431876499306e-01 -9.2720343898649610e-02 9.7668447361986277e-01
9.4103000112164256e-02 -5.2017604785395105e-02 9.9420259211203044e-01
0.0000000000000000e+00 0.0000000000000000e+00 1.0000000000000000e+00
6.0957348850547398e-02 3.5114358587820041e-02 9.9752252277433751e-01
-4.7452842427193553e-02 6.5890268639578226e-02 9.9669789818389010e-01
-1.0925833021053782e-01 9.5060681278550191e-02 9.8945746960365255e-01
-1.2197316394298985e-01 2.0470613280568414e-01 9.7119408280192798e-01
-1.4796249197858527e-01 3.0726807734171663e-01 9.4004969528967564e-01
-1.8666558062010175e-01 3.7391546748393778e-01 9.0848400326479528e-01
-2.9004180284921971e-01 4.5176058354987131e-01 8.4367536869974702e-01
-3.1513712974144098e-01 5.1798386537757712e-01 7.9522405941145313e-01
-3.6683497846918722e-01 5.6104809023011692e-01 7.4206275948914824e-01
-3.8680559183434127e-01 6.6023988131642319e-01 6.5298670650564017e-01
-3.0156597549332698e-01 6.8563331686055340e-01 6.6644230871088017e-01
-3.5921331260644862e-01 7.2338037615819040e-01 6.1583164003091984e-01
-3.8433887100869912e-01 8.1454837662845747e-01 5.4187752963067881e-01
-3.4889506602812315e-01 8.7259543931710937e-01 5.1305386270452791e-01
-3.7374240288198574e-01 9.5596564304368015e-01 4.5317514229862249e-01
-4.3516382575419588e-01 9.8517501041691036e-01 4.2058785628284218e-01
-4.6569950637005991e-01 1.0808043570655517e+00 3.6025169578649557e-01
-4.3360679822394038e-01 1.1396256919771346e+00 3.3625788025911640e-01
-4.5877039323828406e-01 1.2513497379782168e+00 2.7590048104502407e-01
-4.3335524381175516e-01 1.3232333801181457e+00 2.4610725914634010e-01
-5.1432291666666674e-01 1.3035714285714286e+00 2.4182549028528869e-01
-5.4379876454779930e-01 1.4072736558938932e+00 1.9168260526563244e-01
-5.6250000000000000e-01 1.5000000000000000e+00 1.5094540951882321e-01
9.2196987855544910e-01 -4.7418054889741124e-01 4.4600059217214277e-01
8.4373025071657959e-01 -5.0876392865217857e-01 4.8046139491408207e-01
7.5910937324497474e-01 -5.2128417687507334e-01 5.2645337963802885e-01
6.7666753638528987e-01 -4.3956904883352810e-01 6.1615692512929698e-01
6.0246913351853315e-01 -4.5642948346677847e-01 6.6102137392847815e-01
5.2464139298697021e-01 -4.7082208048967655e-01 7.0927990052451373e-01
4.3777066081124005e-01 -4.1402580347827034e-01 7.9808488432438240e-01
4.0518508902414396e-01 -3.4236278609737558e-01 8.4771030802281699e-01
3.2951609376323443e-01 -3.7387061639273733e-01 8.6697168705162098e-01
2.8971379250619705e-01 -2.9237445491858827e-01 9.1136331753189104e-01
2.2508467451475334e-01 -2.2874329409290012e-01 9.4710791080326029e-01
1.5053816970541772e-01 -1.6148613319152819e-01 9.7532583696352004e-01
6.9530777684352729e-02 -1.5669526105777112e-01 9.8519646066997524e-01
1.6253363513993247e-02 -8.1724498231279530e-02 9.9652242050208162e-01
-7.2387533919154826e-02 -4.2327612370295482e-02 9.9647800686424237e-01
-1.1895425272657048e-01 2.7408479686672167e-02 9.9252136551286818e-01
-1.6572070550929238e-01 1.3356823208728905e-01 9.7708555159851718e-01
-1.9460955786635031e-01 2.4591781306172325e-01 9.4955334194873064e-01
-2.3706781284602785e-01 3.1279826181803300e-01 9.1975871809731591e-01
-3.1306530434092084e-01 3.5224483861954686e-01 8.8199415467667130e-01
-3.8226888202553033e-01 4.0835727554454015e-01 8.2892390322923593e-01
-3.8231490307343868e-01 4.9556857465865189e-01 7.7990198275087064e-01
-4.5355523601813952e-01 5.1883790113968797e-01 7.2463430792468908e-01
-4.2791873507889167e-01 5.8926102527192747e-01 6.8676531260374496e-01
-4.4823141013354684e-01 6.9146366725160746e-01 6.0272227935450973e-01
-4.6376093719949069e-01 8.0388668307361244e-01 5.2137513881785946e-01
-4.2209032120369888e-01 8.9618625480967284e-01 4.7713983719054426e-01
-5.2716019955644944e-01 9.6319409061931971e-01 4.0736893883586595e-01
-4.9727587925517325e-01 1.0224413396876455e+00 3.8375681836298620e-01
-5.2473278105818344e-01 1.1125055216581838e+00 3.3029365254615345e-01
-4.9264007291206396e-01 1.1713268565697668e+00 3.0834665103868408e-01
-5.5830687232718612e-01 1.2163211844744721e+00 2.7298722243151247e-01
-6.2780676269780900e-01 1.2551333388528811e+00 2.4089082119300148e-01
-5.7284058503121804e-01 1.3429787874528953e+00 2.1394468717627740e-01
-6.3386917266900200e-01 1.3783732635158865e+00 1.8779355636288569e-01
-6.0499195010325235e-01 1.4431811146675144e+00 1.6690930391178899e-01
-6.5625000000000000e-01 1.5000000000000000e+00 1.3613004851672125e-01
9.9790011545086788e-01 -4.7644100433184311e-01 4.0219795767410216e-01
1.0915398740876316e+00 -5.5587120367933862e-01 3.3294941244894111e-01
1.1568314224797340e+00 -6.2001786769251077e-01 2.8596899167407652e-01
1.2363150640137208e+00 -6.6540653945049189e-01 2.4044627182680209e-01
1.3198987044845345e+00 -6.6652624276311501e-01 2.0514551642349038e-01
1.3600652391893124e+00 -5.9321779727644275e-01 2.0283958581211323e-01
1.4304099006986803e+00 -6.2389631501003151e-01 1.6868743810442433e-01
1.5000000000000000e+00 -6.5625000000000000e-01 1.3613004851672125e-01
8.6749720316916212e-01 -5.9093802122851280e-01 4.3756548103964243e-01
7.7641816089404370e-01 -6.1350777174152815e-01 4.7788510038981208e-01
7.0071387283359976e-01 -6.1931702892236395e-01 5.1617256803284339e-01
6.7307437821422877e-01 -5.4859966869930754e-01 5.6646845954047664e-01
5.8288565387462266e-01 -5.4483795824595971e-01 6.2443730432250422e-01
4.9235117787542626e-01 -5.4308303850548223e-01 6.8140997891544686e-01
4.2289713699332510e-01 -5.0179967672867709e-01 7.5455622451732773e-01
3.6425441660670832e-01 -4.4621900472748388e-01 8.1743948999453175e-01
2.9843918763854710e-01 -4.3661896238958420e-01 8.4870367794860346e-01
2.5548199175460895e-01 -3.5956078746764564e-01 8.9746587233428787e-01
1.8468049686589949e-01 -3.3361916481961135e-01 9.2444111058651512e-01
1.2595442790905265e-01 -2.3882169847132795e-01 9.6286015517798496e-01
2.1169161738410568e-02 -2.4087096270969321e-01 9.7032625745910772e-01
-4.0353328229240870e-02 -1.4286979965795407e-01 9.8891851496800243e-01
-1.3922424360619123e-01 -9.2967873764541853e-02 9.8588720675338115e-01
-1.8579096241360687e-01 -2.3231781707574228e-02 9.8231461487861282e-01
-2.4032471942399733e-01 4.0467913599377417e-02 9.6984863623283513e-01
-2.8448382105394110e-01 1.5810490987519132e-01 9.4555369653547794e-01
-2.9240680739803654e-01 2.5611234184016335e-01 9.2136025926042353e-01
-3.6433914400710160e-01 2.9094032792939811e-01 8.8465287753361588e-01
-4.4146757558794419e-01 3.4431566804120428e-01 8.2858499892638782e-01
-4.6348984294308665e-01 4.4012153720346586e-01 7.6907099670852952e-01
-5.2834311147219148e-01 5.1399845096202501e-01 6.7872573449838480e-01
-5.2351234279999237e-01 6.2338177243914616e-01 6.1101706229396036e-01
-5.7320442730283994e-01 6.9015135245833292e-01 5.4481357935656327e-01
-5.3254689385631582e-01 7.6277672717145562e-01 5.1999686708827986e-01
-5.0829132055871196e-01 8.7050936138477530e-01 4.6533954114447318e-01
-6.2767299807889243e-01 9.0735733571318644e-01 4.0405654195973256e-01
-6.2070907005032716e-01 9.9447497944943175e-01 3.6290367763820175e-01
-5.5604100251830824e-01 1.0532629134615794e+00 3.5215531557935859e-01
-6.0281734286726574e-01 1.1503254565724121e+00 2.9336377167967898e-01
-7.0982142857142860e-01 1.1629464285714286e+00 2.6099898750217793e-01
-7.2526805780987924e-01 1.2492507569266667e+00 2.2114921001183246e-01
-6.8028738513394094e-01 1.3143207888127513e+00 2.0472118362904457e-01
-7.2200895986867686e-01 1.4104712194978972e+00 1.5840977042752200e-01
-7.5000000000000000e-01 1.5000000000000000e+00 1.1980068691378727e-01
9.7690415109507855e-01 -5.7089561496234298e-01 3.8670084703832153e-01
1.0350776988287633e+00 -6.3621892691071957e-01 3.3845409709344215e-01
1.1016059634724809e+00 -6.9301053494679898e-01 2.9180709802906424e-01
1.1719233020049029e+00 -6.9366711591761732e-01 2.6089936178655376e-01
1.2827936929924180e+00 -7.3572659352394221e-01 2.0507942382926470e-01
1.3429946698367272e+00 -7.8613802883620587e-01 1.7054848457702684e-01
1.3988915411906513e+00 -6.9386870861722705e-01 1.6818009259009703e-01
1.5000000000000000e+00 -7.5000000000000000e-01 1.1980068691378727e-01
9.5982142857142860e-01 -6.8080357142857140e-01 3.5992198295498679e-01
1.0238625856266992e+00 -7.6648306727969007e-01 3.0350167369201175e-01
1.1464967799911030e+00 -7.5922969041813726e-01 2.5433759401078332e-01
1.2220623140600753e+00 -7.8549777028547574e-01 2.1721914939344558e-01
1.2787269467726057e+00 -8.5120786374216106e-01 1.7926339398663832e-01
1.3938059021847258e+00 -8.9040927712675255e-01 1.2909719980318538e-01
1.5000000000000000e+00 -8.4375000000000000e-01 1.0219491533492477e-01
1.4226343175929073e+00 -8.1184548582065019e-01 1.3578616369911048e-01
8.6505699549078008e-01 -6.7770347608352999e-01 4.0661381226409554e-01
7.8338052281142823e-01 -7.0708293456000215e-01 4.3413008845706907e-01
6.8720137953974281e-01 -6.9882182541823545e-01 4.8436578442821093e-01
6.2500000000000000e-01 -6.2500000000000000e-01 5.5436014481964169e-01
5.0407580472854074e-01 -6.1628974879039089e-01 6.2525741823490177e-01
3.9202611183072383e-01 -6.1408541847089915e-01 6.8515601518265601e-01
3.4526619867134328e-01 -5.2419648832532639e-01 7.7846598749234797e-01
2.7405469624230339e-01 -4.9849950663708958e-01 8.2243070550054065e-01
2.3193542755918917e-01 -4.3559179525218561e-01 8.6975039255634379e-01
1.1997713137719425e-01 -4.2141535323399354e-01 8.9889631660451685e-01
7.2784953806281139e-02 -3.2309142643194766e-01 9.4356466692303975e-01
-1.1059306213422583e-02 -3.1841486035485156e-01 9.4788694919345640e-01
-7.5659560554061783e-02 -2.4784184390961878e-01 9.6584162847966248e-01
-1.1858843441738430e-01 -1.7497971279403898e-01 9.7740415557380833e-01
-2.2623567680727075e-01 -1.9058617980360523e-01 9.5524568913312768e-01
-2.3039074165414022e-01 -9.9294903609727481e-02 9.6801891937977635e-01
-2.7754436748612454e-01 -3.2412011506098723e-02 9.6016591565565146e-01
-3.1731792318913565e-01 3.3844239184077536e-02 9.4771509595288439e-01
-3.8098942583625212e-01 7.7636547178042137e-02 9.2131407453877234e-01
-3.5094667885047204e-01 1.7676408486899706e-01 9.1956015948074310e-01
-4.0364583333333337e-01 2.2135416666666669e-01 8.8773440517530045e-01
-4.6814742026051831e-01 2.4554407275936108e-01 8.4884986966846343e-01
-5.1881867450124819e-01 2.9221344458468013e-01 8.0339186316063960e-01
-5.6709903829781128e-01 3.7200592959348810e-01 7.3485391004537925e-01
-6.0321496877441949e-01 4.5814888441430818e-01 6.6030405662576919e-01
-6.0779393041800867e-01 5.4239877574475515e-01 6.1092941668089307e-01
-6.2500000000000000e-01 6.2500000000000000e-01 5.5489146063668060e-01
-6.8746770857648276e-01 6.9853493925989574e-01 4.8481326842982914e-01
-6.4108255473523879e-01 7.8314001836202218e-01 4.6282923938902293e-01
-6.6844942494615267e-01 8.4892679302982454e-01 4.1835553500091627e-01
-7.1372331649187637e-01 9.1696846874008231e-01 3.6912094668744755e-01
-7.0765374299591266e-01 1.0033408685829355e+00 3.3137877125226711e-01
-7.9552108930877630e-01 1.0715235320729946e+00 2.7507076274578102e-01
-8.1051087949800049e-01 1.1456288453915855e+00 2.4080861234171000e-01
-8.0833670483758857e-01 1.2212037369661657e+00 2.1181995402194970e-01
-7.6529797907066055e-01 1.3272548648411511e+00 1.8120605202070722e-01
-8.0144963451932305e-01 1.4299839541148993e+00 1.3526546718496035e-01
-8.4375000000000000e-01 1.5000000000000000e+00 1.0219491533492477e-01
-5.3407096379946051e-01 4.4356586122526881e-01 7.1973434847991025e-01
-5.7625987424662306e-01 8.2921537046137406e-01 4.6426159951168089e-01
-6.6491749570616587e-01 1.0837387918615744e+00 3.0786877583683658e-01
9.5229384298784181e-01 -7.8702186596920687e-01 3.2716588599946689e-01
1.0116376605683572e+00 -8.4044178805555203e-01 2.8462874013180511e-01
1.1097248997841220e+00 -8.3027890424270612e-01 2.4905427401850905e-01
1.1990880649370128e+00 -8.8565123004844382e-01 1.9959771732377066e-01
1.2878024193548387e+00 -9.3750000000000000e-01 1.5469642156714011e-01
1.3395637024779965e+00 -9.9202288765081004e-01 1.2389298574191905e-01
1.4145669048536238e+00 -9.8687552505048337e-01 1.0065170502293716e-01
1.5000000000000000e+00 -9.3750000000000000e-01 8.3539549081038195e-02
8.8186556788926140e-01 -7.6286021782272928e-01 3.6628697018557860e-01
8.1185732701125701e-01 -7.8471792855541422e-01 3.8838529812992290e-01
7.3896178640941734e-01 -7.9278969847730474e-01 4.1615900872618966e-01
6.4278264313773192e-01 -7.8452858933553804e-01 4.6102947219037310e-01
6.1415722776071358e-01 -7.1532936547829118e-01 5.1070450958327118e-01
5.5322194778350864e-01 -6.7179962114120761e-01 5.6511587826758825e-01
4.6803902590406354e-01 -6.8108203133653256e-01 5.9984297912280493e-01
3.7709970513105889e-01 -6.9408090790250243e-01 6.3083620057463308e-01
3.0250806300701372e-01 -6.6155149242045108e-01 6.8691935639835133e-01
2.5917141883543476e-01 -5.7272821401985985e-01 7.7769696445623937e-01
3.2629439563405715e-01 -5.9117219349218919e-01 7.3759569211014175e-01
1.6757406598140495e-01 -4.9470201380994966e-01 8.5275368656068573e-01
9.7441153703417951e-02 -5.1162776204855953e-01 8.5366401743667841e-01
3.0743819266837152e-02 -4.8412190963341856e-01 8.7446028737146220e-01
3.8352482532358873e-02 -4.0010514677123821e-01 9.1566640137703592e-01
-6.3128966997590755e-02 -3.8429718449681544e-01 9.2104853700206146e-01
-1.3221458568671568e-01 -3.2183825815684058e-01 9.3751770058930672e-01
-1.6924681184818674e-01 -2.4906435138684041e-01 9.5358401074445298e-01
-2.6471402506221275e-01 -2.5021151919275453e-01 9.3130053183632189e-01
-2.9996016429497746e-01 -1.7370077850499713e-01 9.3800423207088357e-01
-3.2175505811362282e-01 -1.0127564864129557e-01 9.4139095256465266e-01
-3.7546858669904803e-01 -1.9797384426097169e-02 9.2662365821950865e-01
-4.3270768006946081e-01 2.5832689679043008e-02 9.0116410034624184e-01
-5.0969565234431569e-01 9.3347390987905718e-02 8.5527574885358082e-01
-4.8156516249453318e-01 1.7797506754069517e-01 8.5814909520752791e-01
-4.1287147625901638e-01 1.4625513956041433e-01 8.9896973155043669e-01
-5.6445362265532739e-01 2.1087903797109606e-01 7.9807401863214567e-01
-5.9190937312291758e-01 2.7975344277051439e-01 7.5589768174487693e-01
-6.5972159708514955e-01 3.0973684070184992e-01 6.8546090557363049e-01
-6.7957248401760839e-01 3.9232884162621323e-01 6.3553130757106868e-01
-6.9492533290638914e-01 4.7587395734038018e-01 5.8792711954469568e-01
-7.0497176332118228e-01 5.7154178388180299e-01 5.3699010238307066e-01
-7.3326381212223657e-01 6.4014431815075756e-01 4.8947135234134048e-01
-7.7530081029280074e-01 7.3847174120551828e-01 4.2455312374995169e-01
-7.7971326694730936e-01 8.6091173305269053e-01 3.6937117352898330e-01
-7.2180113082009334e-01 8.0169925035953804e-01 4.1940576502281529e-01
-7.8677767350455785e-01 9.9208233613475183e-01 3.1062872424024107e-01
-8.6645620715349692e-01 9.8586283393774155e-01 2.8642408168773337e-01
-9.0596807912318944e-01 1.0575151412844392e+00 2.4613770893159745e-01
-8.8559539798720499e-01 1.1367628228782027e+00 2.2282530595234498e-01
-8.9816875042438804e-01 1.2258308733444765e+00 1.8663726023158853e-01
-8.5094105545545484e-01 1.3131496101149578e+00 1.6683237003093920e-01
-8.7597555636366176e-01 1.3962577836469245e+00 1.3146087741463156e-01
-9.3750000000000000e-01 1.5000000000000000e+00 8.3539549081038195e-02
-8.4247181436422003e-01 9.0992848180164609e-01 3.2493155163449933e-01
9.3936694302714197e-01 -8.6034868529148190e-01 3.0630357505408096e-01
1.0265153454429481e+00 -9.1391284129597028e-01 2.5473991585293815e-01
1.1211870905964059e+00 -9.5265846713553093e-01 2.0850328167376328e-01
1.2070688252043409e+00 -9.7371596857459530e-01 1.7282658494744635e-01
1.2749251760156255e+00 -1.0304134672910279e+00 1.3518206855547923e-01
1.3602938071195410e+00 -1.0692841840775988e+00 9.8572460740030468e-02
1.4301469035597705e+00 -1.0971420920387993e+00 7.0711543672231994e-02
1.5000000000000000e+00 -1.0312500000000000e+00 6.4045199814526554e-02
8.5012622586283504e-01 -8.4728313206338735e-01 3.4667132273111800e-01
7.6811453066479030e-01 -8.8481573298443972e-01 3.6298178815540655e-01
6.8803740160646920e-01 -9.0328754244198806e-01 3.8434944657472858e-01
5.7360298040953916e-01 -8.3770758951153412e-01 4.6023732875239093e-01
5.4129354133246299e-01 -7.5665247282276615e-01 5.1948153811054298e-01
4.7024328302180302e-01 -7.7517048181656456e-01 5.3710600809524078e-01
3.9685086324970736e-01 -7.7302372074406323e-01 5.6605519083720357e-01
2.6904591573487513e-01 -7.5306348601847262e-01 6.2268594050913961e-01
2.3327712763467801e-01 -6.4034552728426153e-01 7.3180556667024288e-01
1.6075935039090361e-01 -5.8182240438249866e-01 7.9726979186500146e-01
7.7821555680669383e-02 -5.8105526172595234e-01 8.1013491980782160e-01
-3.3954005710205536e-02 -5.4785034067908467e-01 8.3588703166997524e-01
-8.7074520590183432e-02 -4.4860605783602703e-01 8.8947773032089394e-01
-1.3249826201576992e-01 -3.9158918575984480e-01 9.1055044899156590e-01
-2.2448672646990608e-01 -3.0919736323248281e-01 9.2412266513104502e-01
-2.9135224022482364e-01 -3.1598514517346427e-01 9.0292151383477470e-01
-3.3427169176849469e-01 -2.6426482428720277e-01 9.0466929799053220e-01
-3.7539838963974609e-01 -1.7913133917328614e-01 9.0938881254492598e-01
-4.0757332247761408e-01 -9.9554260999095187e-02 9.0772954998803623e-01
-4.7168237010987962e-01 -3.6130129890120322e-02 8.8102801058856783e-01
-5.5931583608049262e-01 1.3957627938905079e-02 8.2883712521333086e-01
-5.8368511325644834e-01 1.3039740334968203e-01 8.0144133020606534e-01
-6.5191358157539148e-01 2.2192817012004662e-01 7.2509073188444018e-01
-7.3952414772727282e-01 2.3171164772727276e-01 6.4478117058431195e-01
-7.8546646265298925e-01 2.8493471197249959e-01 5.9294765906760183e-01
-7.5867142479229022e-01 3.6136347553732828e-01 5.8885699101801670e-01
-7.7702021937033572e-01 4.3983321204317011e-01 5.4808826145777856e-01
-7.8613030171352838e-01 5.1990308284026709e-01 5.1114558831610590e-01
-8.0453962043489236e-01 6.1949227508325733e-01 4.6089196706205426e-01
-8.3030874645018227e-01 6.8890735602868447e-01 4.1939938959133205e-01
-8.9249372432903284e-01 7.7420467107363633e-01 3.5764989940564668e-01
-8.4998895819920306e-01 8.3561911639754927e-01 3.5161748014017297e-01
-9.1802740499248103e-01 8.8477635154169609e-01 3.0601413760163371e-01
-9.3498670992441668e-01 9.9479279250457830e-01 2.5939586072101489e-01
-9.7464692834723443e-01 1.1019949889001395e+00 2.0868865550239338e-01
-9.4663746144703875e-01 1.1735672663138885e+00 1.9206507558699079e-01
-9.8512059180114364e-01 1.2335651766624491e+00 1.6085249228031687e-01
-9.3750000000000000e-01 1.3067274716177861e+00 1.4818479791879990e-01
-9.8437500000000000e-01 1.4033637358088931e+00 1.0487062512143083e-01
-1.0312500000000000e+00 1.5000000000000000e+00 6.4045199814526554e-02
-1.9402116647394510e-02 -4.3722772440715918e-01 8.9914152105179646e-01
9.5046012391022783e-01 -9.3997709265446416e-01 2.7350706096910010e-01
1.0156250000000000e+00 -1.0156250000000000e+00 2.2492329298007896e-01
1.0976951606156979e+00 -1.0332443298833180e+00 1.9201309966177998e-01
1.1763770886056322e+00 -1.0624865298144186e+00 1.5784898376894144e-01
1.2661946030056412e+00 -1.1238078616355256e+00 1.1326615587803492e-01
1.3686908652904390e+00 -1.1440170920387995e+00 7.7712762048834358e-02
1.4385439617306686e+00 -1.1718750000000000e+00 5.1001892382279410e-02
1.5000000000000000e+00 -1.1250000000000000e+00 4.3902936429068271e-02
8.3535141264829649e-01 -9.2336631288599524e-01 3.2189448433532941e-01
7.4314039590828973e-01 -9.6425650472471458e-01 3.3713201784253988e-01
6.7283939728305675e-01 -9.7948768921615526e-01 3.5361370200339598e-01
6.1376075557316623e-01 -9.3845193063377119e-01 3.9294302832597394e-01
5.3235161457588975e-01 -9.1739047618298042e-01 4.3066759063412169e-01
4.8681038910851343e-01 -8.4670080307278139e-01 4.8675792211355129e-01
3.7928768434445559e-01 -8.4565776579507257e-01 5.2219684554636314e-01
3.0458373784878368e-01 -8.4378957637701746e-01 5.4403703477129695e-01
2.3888357443272490e-01 -8.2222166284442721e-01 5.7565136040058329e-01
1.7008750621241769e-01 -8.1523686760956493e-01 5.9481897597091427e-01
1.8894080174969835e-01 -6.9758978967715723e-01 6.9113664262022800e-01
1.1822441988416814e-01 -6.5349057675533628e-01 7.4764500442056714e-01
4.2748409705131718e-04 -6.1087847387625993e-01 7.9172426223525472e-01
-8.3589509304050971e-02 -5.9972470042137671e-01 7.9582854789131430e-01
-9.8436717113642117e-02 -5.1628117303487087e-01 8.5074318280761230e-01
-1.9483274049431970e-01 -5.2040029615850369e-01 8.3139866188827538e-01
-1.9430551549378913e-01 -4.2391774575318630e-01 8.8461240748942116e-01
-2.5873189477164976e-01 -3.7953705617076244e-01 8.8826202756906336e-01
-3.3294772283260837e-01 -4.0428407255440835e-01 8.5188039215573130e-01
-3.5596489804823539e-01 -3.3448583063055193e-01 8.7258708474564251e-01
-4.1780614240251035e-01 -2.9477128131568597e-01 8.5938810736607352e-01
-4.6181332006046288e-01 -2.1749245706389692e-01 8.5989853386026960e-01
-4.8855900929343182e-01 -1.2799817431693694e-01 8.6309128243178979e-01
-5.5001555297808735e-01 -7.1218409700870858e-02 8.3211226983015196e-01
-6.3017429661867985e-01 -4.7230407502237975e-02 7.7501589950679384e-01
-6.3660758567398190e-01 6.6786432163170539e-02 7.6829054031743615e-01
-6.5066365777409074e-01 1.3230113633009050e-01 7.4775210717042295e-01
-7.1765213362418945e-01 1.3078663038977972e-01 6.8512477663544991e-01
-8.2041037184102417e-01 1.4103302507625340e-01 5.9558199954406099e-01
-8.2628126061634011e-01 2.2768488109418075e-01 5.7566514268206725e-01
-8.4982109720837573e-01 3.1325205435535597e-01 5.3845395955084441e-01
-8.7694008883408925e-01 3.7922127962859903e-01 5.0199532108473222e-01
-8.5721533364848801e-01 4.4776551660601027e-01 4.9369724973695633e-01
-9.1157471283207547e-01 5.5838208216991725e-01 4.2553945925801528e-01
-8.9056836492962643e-01 6.4588085606687107e-01 4.0615674920776151e-01
-9.3317805704953871e-01 7.1576232852263066e-01 3.6074118752460960e-01
-9.5506104986276885e-01 8.0820543734908101e-01 3.1883411913615423e-01
-1.0205602488957453e+00 8.3614425009766535e-01 2.8297182357674872e-01
-9.7875126382246935e-01 9.4130599233720158e-01 2.6316416101993084e-01
-1.0156250000000000e+00 1.0156250000000000e+00 2.2511039814510825e-01
-1.0695964954375481e+00 1.0908793670843602e+00 1.8312978788031220e-01
-1.0558986962114376e+00 1.1824681894449194e+00 1.5795918079552826e-01
-1.0544324498529494e+00 1.2633583092834200e+00 1.3263988608960647e-01
-1.0160534335395379e+00 1.3283107189752807e+00 1.2162653497103060e-01
-1.0690101168857193e+00 1.4219969632205787e+00 7.9632549079054829e-02
-1.1250000000000000e+00 1.5000000000000000e+00 4.3902936429068271e-02
8.8333723719901425e-01 -9.8422932424591625e-01 2.8085869855565354e-01
9.3292748493582089e-01 -1.0696769958500216e+00 2.3310527553787611e-01
1.0125307849503657e+00 -1.1011790051422476e+00 1.9736741693914267e-01
1.0866386630344336e+00 -1.1067329534753056e+00 1.7264460766226067e-01
1.1586924741815388e+00 -1.1546649541683698e+00 1.3659586734201698e-01
1.2225740708274895e+00 -1.2234308549744379e+00 9.8757938197140696e-02
1.2991189288636968e+00 -1.1975852315363302e+00 8.4179409960782409e-02
1.3770879234613371e+00 -1.2187500000000000e+00 5.7050669891168602e-02
1.4262399607132512e+00 -1.2817563100243687e+00 2.8607287579555576e-02
1.5000000000000000e+00 -1.2187500000000000e+00 2.3282701639602429e-02
8.0075357931409308e-01 -1.0243835761599305e+00 2.9252322777499934e-01
7.1040983275643022e-01 -1.0408283915846348e+00 3.1382118307252144e-01
6.3655516079472585e-01 -1.0448061255848498e+00 3.3358594311980255e-01
5.7173144605875670e-01 -1.0091940356970446e+00 3.6995767395419987e-01
4.9150671850871264e-01 -9.9089372486464544e-01 4.0233067217894092e-01
4.6353122889055598e-01 -9.2724793232435543e-01 4.4612342502913838e-01
3.9452171043205719e-01 -9.1881577426230887e-01 4.7097359219666207e-01
2.7510703185432039e-01 -9.5714253436766061e-01 4.7361885320530600e-01
2.1938653540260333e-01 -8.8856585502508489e-01 5.3068831055340371e-01
1.4932996069980381e-01 -8.8242849745525787e-01 5.4608113526027358e-01
8.8980558540203855e-02 -8.2318502363004964e-01 5.9877640752654271e-01
6.9721650962007525e-02 -7.2126246363595281e-01 6.8914392541538660e-01
2.2180765377625006e-03 -6.8669631471743608e-01 7.2694102339183242e-01
-1.0070089382322009e-01 -6.6641969967483250e-01 7.3874495860784772e-01
-1.6125781383094318e-01 -6.3364956319724741e-01 7.5662682250790081e-01
-2.2534424118503721e-01 -5.9104761865265421e-01 7.7452093932298982e-01
-1.4394279079202008e-01 -5.6742077831494919e-01 8.1074911860295107e-01
1.2410084568323891e-01 -7.6376799914610749e-01 6.4495767080700239e-01
-2.8782462015804150e-01 -5.4612325896459712e-01 7.8670602771859244e-01
-3.5381847901534574e-01 -4.8416172023611004e-01 8.0024990632006821e-01
-4.0457320450930334e-01 -4.2823489762725914e-01 8.0804417864820011e-01
-4.5749504377613714e-01 -3.7435419073040910e-01 8.0657127695130004e-01
-4.9260694236586955e-01 -2.8619775428484617e-01 8.2184502540032423e-01
-5.4745930199247128e-01 -2.2520266263907215e-01 8.0596034232596603e-01
-5.7944567453615847e-01 -1.4954283996753159e-01 8.0117391949300343e-01
-6.6308260985301692e-01 -1.5581306109265339e-01 7.3215008195277076e-01
-7.2916666666666663e-01 -1.0416666666666667e-01 6.7730216308665347e-01
-7.0935735018050272e-01 -2.4083388513209888e-02 7.0443746361378123e-01
-7.7202298169675521e-01 2.9570680168691577e-02 6.4701962119758105e-01
-8.3567774944597473e-01 6.8171239403084463e-02 5.9070778494191112e-01
-9.0716125918035317e-01 1.4519175471435017e-01 5.2868694856283116e-01
-9.1303214795566912e-01 2.3184361073227752e-01 5.1180975834003284e-01
-9.4403991119236730e-01 3.5503466702089947e-01 4.6539232835739230e-01
-9.4923964017527174e-01 4.4691588212491978e-01 4.3859928515836821e-01
-9.6501734835555186e-01 5.1434391395284729e-01 4.1003597539905684e-01
-9.9940522001767773e-01 5.7445173236409264e-01 3.7443672069735090e-01
-9.7920078630808716e-01 6.6142421369191284e-01 3.5732650333594479e-01
-9.9574538258327483e-01 7.4976309479807535e-01 3.2131762572606481e-01
-1.1013063111827601e+00 7.9667837868781100e-01 2.6243724311446026e-01
-1.0890723917734952e+00 8.6442540613304730e-01 2.4719016497675422e-01
-1.0604810599775174e+00 9.2705019561700719e-01 2.3821159837744479e-01
-1.1057481199124188e+00 1.0056197510116800e+00 1.9803615705857305e-01
-1.1763770886056322e+00 1.0624865298144186e+00 1.5804496067073365e-01
-1.1548648217433175e+00 1.1557636321830445e+00 1.3747941739012814e-01
-1.1282357054953724e+00 1.2477108214804664e+00 1.1766739630303512e-01
-1.0966929878663159e+00 1.3398753532247523e+00 9.8073217680624408e-02
-1.1572415674058163e+00 1.4117359042170430e+00 6.2115530576783470e-02
-1.2187500000000000e+00 1.5000000000000000e+00 2.3282701639602429e-02
-2.5832700191450564e-01 -4.7181061862847778e-01 8.4300765134800293e-01
-7.0370141689766186e-01 4.5944904829935851e-02 7.0900873166442113e-01
8.6415451054547432e-01 -1.0497773643038959e+00 2.6208819211576340e-01
8.3278477408420981e-01 -1.1104441772386278e+00 2.4808542652164434e-01
9.3721431302716562e-01 -1.1683791759580424e+00 1.9641584346013602e-01
1.0564730937583859e+00 -1.1746510097376968e+00 1.6017561436073111e-01
1.1266476994344559e+00 -1.2428847927258884e+00 1.1944993342310298e-01
1.2013335427986882e+00 -1.3263469250786799e+00 7.5527279861933402e-02
1.2824002264239847e+00 -1.2743419432208860e+00 6.8689277561481812e-02
1.3534408068600092e+00 -1.2951074095323611e+00 4.4458630162175709e-02
1.4072384651045555e+00 -1.3593750000000000e+00 1.4917880757367221e-02
1.5000000000000000e+00 -1.3125000000000000e+00 2.3330889532769826e-03
7.5018504671269670e-01 -1.1146462901649903e+00 2.7022851637183803e-01
6.8010919546375270e-01 -1.1585751848315999e+00 2.7016839956165584e-01
5.7892501348625580e-01 -1.0911645235247209e+00 3.2733363290411199e-01
5.1727007782293510e-01 -1.0566746583403275e+00 3.6037766815298178e-01
4.4501403305984144e-01 -1.0628149957391473e+00 3.7466773565126604e-01
3.6504500443759391e-01 -1.0321687322529520e+00 4.0888299694933539e-01
2.5639961036408693e-01 -1.0614072392503504e+00 4.1110880183905857e-01
1.8285472336274711e-01 -1.0287635749314767e+00 4.4113168991631452e-01
1.5808823529411764e-01 -9.5220588235294112e-01 4.9491798449741348e-01
7.6145481376002230e-02 -9.0366341165452602e-01 5.3738199749486026e-01
8.5854749974755215e-03 -8.3653195912052569e-01 5.9172067409475848e-01
-9.0125094050636859e-03 -7.6857456702326676e-01 6.4973577920145398e-01
-6.3578448106001773e-02 -7.2441061645973515e-01 6.8717037286198646e-01
-1.6990068178683340e-01 -7.0474620722606940e-01 6.8881531757709857e-01
-2.7998011842872456e-01 -6.7005345071923117e-01 6.8748782277498433e-01
-3.2075668355042203e-01 -6.1157951980502701e-01 7.2324659758120335e-01
-3.7402915329032094e-01 -5.6420892948260526e-01 7.3605059362860248e-01
-4.3476224581443867e-01 -5.0041391021701398e-01 7.4871069718263272e-01
-5.2906027987295001e-01 -4.3077620462019084e-01 7.3111359021275157e-01
-5.6541847814995339e-01 -3.0535879020856638e-01 7.6619707243564406e-01
-6.2927184410029469e-01 -2.3256776610393479e-01 7.4157210060252388e-01
-7.3790700125710518e-01 -1.8345241592821848e-01 6.5680150315777497e-01
-8.1746377624169875e-01 -1.8922675907434611e-01 5.9006243384421075e-01
-8.3624318411933263e-01 -6.4744126899417359e-02 5.9069607021998904e-01
-8.6794652871759348e-01 -2.6424337265389120e-04 5.6687575686986624e-01
-9.0947414783524116e-01 5.8372044783748384e-02 5.3423222796149361e-01
-9.9673058981446561e-01 1.4335463698591866e-01 4.6618367146136058e-01
-1.0003612622460556e+00 2.3061687001502046e-01 4.5314359707197716e-01
-9.9380001412949004e-01 3.0260338042725521e-01 4.4499725036988952e-01
-1.0024621500101196e+00 3.9781618250658907e-01 4.1985059484389681e-01
-1.0302137239260103e+00 4.9064679374605208e-01 3.8138843003387596e-01
-1.0871950873367833e+00 5.4144577010746608e-01 3.3900775449384329e-01
-1.0509578102301680e+00 6.3985266611846070e-01 3.3015997206414011e-01
-1.0764914448702898e+00 7.1029722338822099e-01 2.9814411570321037e-01
-1.1779635165663340e+00 7.4976191629156630e-01 2.4423635390284387e-01
-1.2077325064080695e+00 8.2770277494695743e-01 2.1200672387087011e-01
-1.1527900508177997e+00 8.9049048694419664e-01 2.1561987877305336e-01
-1.2002394545527522e+00 9.7159876388827471e-01 1.7577563888278414e-01
-1.2749251760156255e+00 1.0304134672910279e+00 1.3523698825986163e-01
-1.2661946030056412e+00 1.1238078616355256e+00 1.1332814779485860e-01
-1.2225740708274895e+00 1.2234308549744379e+00 9.8793501032277700e-02
-1.1772761412747705e+00 1.3159745067904116e+00 8.4735690266762226e-02
-1.2415194431508332e+00 1.3701749979098616e+00 5.3458022083957092e-02
-1.2656250000000000e+00 1.4413119847164233e+00 2.8458135223887477e-02
-1.3125000000000000e+00 1.5000000000000000e+00 2.3330889532769826e-03
4.2392233427019754e-01 -9.9819253894545656e-01 4.1563723513920414e-01
-7.7054911404200210e-01 -5.1438702425929100e-02 6.4675588868986200e-01
8.5977480023421016e-01 -1.2044364946564157e+00 2.0463459308736423e-01
7.7505189897151805e-01 -1.1935260237702210e+00 2.3126840464124446e-01
6.5637845823955032e-01 -1.2275287495735807e+00 2.4638042928726461e-01
6.0151416009521763e-01 -1.1669025974430736e+00 2.8617163565071785e-01
4.9731600645496693e-01 -1.1244442453829522e+00 3.3039531416905354e-01
4.1898825484079383e-01 -1.1444048104989817e+00 3.3626612804780159e-01
3.2289673404269970e-01 -1.0920261157369302e+00 3.8235911972120512e-01
2.2798581078113819e-01 -1.1259924508982393e+00 3.7661497499384550e-01
1.6031633378082652e-01 -1.1060065695604833e+00 3.9546247510005361e-01
7.6963727631231049e-02 -1.0428345164365842e+00 4.4044626159899447e-01
4.9807342824405021e-03 -9.6696084566492413e-01 4.9309473508034940e-01
-5.7101213085981477e-02 -9.2152097310085856e-01 5.2485072795433629e-01
-6.8041792657249051e-02 -8.0656719676149191e-01 6.1412482945447444e-01
-1.5614802298918551e-01 -7.7503344884686054e-01 6.2988010142246587e-01
-2.3249005753139673e-01 -7.3956002635827411e-01 6.4267046511304460e-01
-3.0426913207191858e-01 -7.3762578706897419e-01 6.2360388000670230e-01
-3.6056281386005212e-01 -6.7071834672487640e-01 6.5584027808801049e-01
-4.3093013531010582e-01 -6.3144427179469831e-01 6.5298838126754688e-01
-5.0198739952925775e-01 -5.7917640545359728e-01 6.5103527755165236e-01
-5.6291342063051586e-01 -5.1538702857209273e-01 6.5386616527606956e-01
-6.1802393981275794e-01 -4.1101528664845910e-01 6.7213131566700579e-01
-6.5415155427505334e-01 -3.2710350597566817e-01 6.8197436932626576e-01
-7.2068501752716418e-01 -2.6449608045684631e-01 6.5000804909409005e-01
-8.0360365016991575e-01 -2.7125797085614273e-01 5.8275013595524905e-01
-8.7168572317331694e-01 -2.4057470736617306e-01 5.3936901539230730e-01
-9.2692446146502361e-01 -1.3400034084766396e-01 5.1521957484346836e-01
-9.1764092000559361e-01 -5.2160533344637390e-02 5.2838306265172608e-01
-9.9714782993353546e-01 -3.0652639261962919e-02 4.7270884655796130e-01
-9.9645587505684896e-01 5.6349839906553664e-02 4.7254907602452428e-01
-1.0556049506155269e+00 9.3897595689690069e-02 4.3185294031395555e-01
-1.1174138452665821e+00 1.2688407240077648e-01 3.9133157873571384e-01
-1.0870778640977836e+00 2.2021927131052771e-01 4.0073756753184642e-01
-1.0648674242424243e+00 3.1581439393939398e-01 3.9980060694186453e-01
-1.0740823591577313e+00 4.0849146692355576e-01 3.7667121663816677e-01
-1.1089319298309539e+00 4.7217817760189429e-01 3.4420124990609202e-01
-1.1613053609765909e+00 5.2314060371786719e-01 3.0684824167529379e-01
-1.1198713212637961e+00 6.1043617169975428e-01 3.0574522191923098e-01
-1.1462070243018285e+00 6.8122914937338774e-01 2.7555715823481775e-01
-1.2355690979436325e+00 6.5529623838739715e-01 2.4318932885779257e-01
-1.2712995459522953e+00 7.1709135666914714e-01 2.1420929540614644e-01
-1.2810092327423865e+00 7.8780927194380412e-01 1.9380807953714119e-01
-1.3095164171076452e+00 8.6151508021432077e-01 1.6561804496128724e-01
-1.2878024193548387e+00 9.3750000000000000e-01 1.5482495289899087e-01
-1.2240405831339256e+00 9.0324139248167734e-01 1.8612565829924924e-01
9.7303713862142160e-01 -1.2280054431995591e+00 1.6591231855660959e-01
1.0307926984773554e+00 -1.2667722058247881e+00 1.3774284515978405e-01
1.0966991948222873e+00 -1.3360696171028568e+00 9.9194395812681038e-02
1.1563543714790578e+00 -1.4101789021429141e+00 6.2761872414771283e-02
1.2656250000000000e+00 -1.4274551326530553e+00 3.2092186631138851e-02
1.3037345542984413e+00 -1.3499458733703091e+00 4.3236375671477263e-02
1.3593750000000000e+00 -1.4293545376291021e+00 9.3749482154888066e-03
1.4312210969921420e+00 -1.4271364559115614e+00 -7.1669135087220909e-03
1.5000000000000000e+00 -1.4062500000000000e+00 -1.8817907513585887e-02
9.0320834350506141e-02 -9.7316802651158585e-01 4.8631952223677466e-01
-1.3602938071195410e+00 1.0692841840775988e+00 9.8536393154707566e-02
-1.3388619056396058e+00 1.1407581036165992e+00 8.7300428213802586e-02
-1.2999192832728659e+00 1.2240047305185695e+00 7.7070859020695867e-02
-1.2443513552196384e+00 1.2914482794798130e+00 7.4111271552115263e-02
-1.3107449693575259e+00 1.3689004115635479e+00 3.6594951673292200e-02
-1.3593750000000000e+00 1.4470719628785513e+00 4.9408249050230547e-03
-1.4062500000000000e+00 1.5000000000000000e+00 -1.8817907513585887e-02
-1.3430197351791309e+00 9.9404234994975038e-01 1.2230096370616923e-01
8.2406067543065231e-01 -1.2820348816425011e+00 1.8473957497843840e-01
9.3750000000000000e-01 -1.2878024193548387e+00 1.5456457729216291e-01
9.9346659781874780e-01 -1.3898844942515594e+00 1.0711743797098680e-01
1.0728829024042417e+00 -1.4163055584406159e+00 8.0448922532474113e-02
1.1250000000000000e+00 -1.5000000000000000e+00 4.3902936429068271e-02
1.2187500000000000e+00 -1.5000000000000000e+00 2.3282701639602429e-02
1.3125000000000000e+00 -1.5000000000000000e+00 2.3330889532769826e-03
1.4062500000000000e+00 -1.5000000000000000e+00 -1.8817907513585887e-02
1.5000000000000000e+00 -1.5000000000000000e+00 -4.0061509279258653e-02
7.1062135086130462e-01 -1.2762673439301635e+00 2.1350041289876859e-01
6.2921381417211453e-01 -1.2952031471883376e+00 2.2330123377874031e-01
5.6787994475606196e-01 -1.2384236778592859e+00 2.6088138887272999e-01
4.8525300877252642e-01 -1.2043701167863738e+00 2.9357603563446710e-01
3.6288553581768551e-01 -1.1974613564782450e+00 3.1852311585635629e-01
2.9542785799488441e-01 -1.1598851159027073e+00 3.4866056724031086e-01
2.3049781165987088e-01 -1.1965068708556339e+00 3.3663026973216226e-01
1.5688323511323835e-01 -1.1847613196655369e+00 3.4984380540470456e-01
8.7106510986363198e-02 -1.1480829118389586e+00 3.7513582344854784e-01
7.2088327691493537e-03 -1.1207615328724663e+00 3.9342681720427647e-01
-1.9327127034151140e-04 -1.0439522838250981e+00 4.4146792554441605e-01
-7.6249300645594043e-02 -9.9603473659796993e-01 4.7134123409073919e-01
-1.2757904910907195e-01 -9.4468623392302642e-01 5.0319570782450296e-01
-1.1672295639156788e-01 -8.7289795455103181e-01 5.5702524337259185e-01
-1.8486323320382458e-01 -8.5026043672404950e-01 5.6502526999976621e-01
-2.5075621904231138e-01 -8.2173555364441386e-01 5.7363251098726409e-01
-3.3907394336921370e-01 -8.3123815841506687e-01 5.4379184002799863e-01
-3.7500000000000000e-01 -7.5000000000000000e-01 5.9028323966665830e-01
-4.6139992039276678e-01 -7.1828950248453605e-01 5.7826112024422283e-01
-5.6137464236953094e-01 -6.4440078768901599e-01 5.7753589472769840e-01
-6.5377597354304695e-01 -5.9921180847498334e-01 5.5182597992669025e-01
-6.9138526448664095e-01 -5.0347471493353435e-01 5.7629376720185110e-01
-6.9295357270142444e-01 -4.2689660691562781e-01 6.1053768371101924e-01
-7.6043081305476112e-01 -3.9065452843554116e-01 5.7669815104624345e-01
-8.7167112729598561e-01 -3.1909144615125007e-01 5.2118281943855571e-01
-9.4636256619780856e-01 -2.4059565326800830e-01 4.8705074684160315e-01
-1.0319512040225067e+00 -1.6049256991810013e-01 4.4147877253947426e-01
-1.0443573560249881e+00 -8.7582663684387607e-02 4.3907978274760406e-01
-1.0822091333135608e+00 2.9085061664504003e-02 4.1720064608707597e-01
-1.1881127712516375e+00 2.8320100446002833e-02 3.5383781229540723e-01
-1.2206942475362590e+00 1.2632825231140984e-01 3.3203343951712067e-01
-1.1469495081738694e+00 1.8808133704457597e-01 3.6885609877414582e-01
-1.1246660787892893e+00 2.8355347607798548e-01 3.7025823705111077e-01
-1.1384091184957847e+00 3.5009500270986788e-01 3.5237329642553272e-01
-1.1654391233321886e+00 4.2659938016549470e-01 3.2433129290874396e-01
-1.2589701798171247e+00 4.5004236119208435e-01 2.7391276460940106e-01
-1.2550967206699744e+00 5.4638875811919685e-01 2.5773355964031713e-01
-1.1935872429705803e+00 5.9194382978645521e-01 2.7616074585130379e-01
-1.2974627464707442e+00 6.1018962289906209e-01 2.2629062057658084e-01
-1.3390226773887484e+00 6.9453300950460173e-01 1.9179303367428630e-01
-1.3474883032741205e+00 7.7154185626496341e-01 1.7213855543531642e-01
-1.3822110705620290e+00 8.3052003073231362e-01 1.4650591345476413e-01
-1.3939012096774195e+00 9.3598373545366420e-01 1.1891867388997418e-01
-1.4207628550331119e+00 1.0157978448271288e+00 9.2236572162653033e-02
-1.4497335890081877e+00 1.0781250000000000e+00 6.9135361556163052e-02
-1.4134588926264915e+00 1.1389869153737571e+00 6.5844453662078015e-02
-1.3770879234613371e+00 1.2187500000000000e+00 5.7077824100255310e-02
-1.3152785901503385e+00 1.2998117414977932e+00 5.3330043637639511e-02
-1.3792103174508670e+00 1.3792103174508670e+00 1.7031780918734300e-02
-1.4302092228379866e+00 1.4312151872108563e+00 -7.9326273128200453e-03
-1.5000000000000000e+00 1.5000000000000000e+00 -4.0061509279258653e-02
8.7848207667843481e-01 -1.3301222005597817e+00 1.5415856474597528e-01
8.4375000000000000e-01 -1.3939012096774193e+00 1.3919567680858427e-01
9.1940320987420276e-01 -1.4215218778239747e+00 1.1332980391428005e-01
9.3750000000000000e-01 -1.5000000000000000e+00 8.3539549081038195e-02
1.0312500000000000e+00 -1.5000000000000000e+00 6.4045199814526554e-02
7.4882349523007341e-01 -1.3671823355791777e+00 1.6947545315712212e-01
6.5625000000000000e-01 -1.4011689141330741e+00 1.7450403218575486e-01
5.6312542363239326e-01 -1.3463702881159232e+00 2.1419439873392365e-01
4.8647419024137684e-01 -1.3198293742180667e+00 2.3930835566476213e-01
4.2337645445832417e-01 -1.2688538170367116e+00 2.7327769100445537e-01
3.1943734030201421e-01 -1.2612952538954287e+00 2.9215776542338978e-01
2.5221338973377622e-01 -1.3018917684973774e+00 2.7929061323528609e-01
1.8749999999999992e-01 -1.2574022897749704e+00 3.0797879576705184e-01
1.1556081847813526e-01 -1.2938746338229568e+00 2.9337695015431270e-01
6.6387425559291044e-02 -1.2299414253375425e+00 3.2941400560164125e-01
-2.6402564029297165e-02 -1.2402645744138343e+00 3.2462040459869618e-01
-1.0084294397612308e-01 -1.1839158440991782e+00 3.5391209618594904e-01
-8.8235974876265791e-02 -1.0814743605981030e+00 4.1529380712501213e-01
-1.6156967562112282e-01 -1.0088426764179221e+00 4.5621225260653386e-01
-2.0419855472657739e-01 -9.1941027315935631e-01 5.1128418096004113e-01
-2.7009154056506413e-01 -8.9088539007972056e-01 5.1927848296807899e-01
-3.7225743895454222e-01 -9.1944329838291750e-01 4.7623718692003120e-01
-4.2547069523198650e-01 -8.5187601671655799e-01 5.0379200336868657e-01
-4.3617892719309137e-01 -7.8313109453449259e-01 5.4496883472765545e-01
-5.2023604556124803e-01 -7.8906246534263236e-01 5.0899824166655905e-01
-5.6947454862454550e-01 -7.2488451724968661e-01 5.2569404051611779e-01
-6.4701546321775072e-01 -7.0184876743804703e-01 5.0194670210302605e-01
-7.3994965279596547e-01 -6.5715137399902857e-01 4.7758325418836634e-01
-7.6305825490658141e-01 -5.6533676214656881e-01 5.0556202795090299e-01
-7.5739672047327355e-01 -4.6594273013879861e-01 5.5036623662832151e-01
-8.5938321906384540e-01 -4.0979055378598006e-01 5.0380712476984613e-01
-9.2499449001000689e-01 -3.7887602427749661e-01 4.7110737272124220e-01
-9.8689818738322332e-01 -3.4108079625295951e-01 4.4148224542229897e-01
-1.0725400142904888e+00 -2.6091668721263273e-01 4.0371653443208477e-01
-1.1392559120871917e+00 -1.7526262342203258e-01 3.7435349179139932e-01
-1.1159974055548405e+00 -6.9212297931966871e-02 3.9526280873191716e-01
-1.2256513363400283e+00 -5.2192074537876859e-02 3.3206157336275227e-01
-1.2472749639139205e+00 6.3072144765581664e-02 3.2019196144040640e-01
-1.3084635263462892e+00 9.4117747553402992e-02 2.8681483103099031e-01
-1.3039118401094734e+00 1.8750000000000000e-01 2.8373607286600022e-01
-1.2524433566128879e+00 2.3704910405896631e-01 3.0628927117107169e-01
-1.1816303506043819e+00 2.4651676937433725e-01 3.4336409013677466e-01
-1.2189960144223251e+00 3.4064549815915274e-01 3.1106624144648454e-01
-1.3153523311372155e+00 3.7182033808401238e-01 2.5877455838695956e-01
-1.3247606462782979e+00 4.3803285452706808e-01 2.4481694012515248e-01
-1.3291245595907855e+00 5.0476792767542789e-01 2.3200999179843179e-01
-1.3679706748638651e+00 5.8028874460894053e-01 2.0208521627229703e-01
-1.4141328358554826e+00 6.5277528419216702e-01 1.6987215364035693e-01
-1.4111714087790825e+00 7.4647080313839276e-01 1.5324952269582950e-01
-1.5000000000000000e+00 8.4375000000000000e-01 1.0219491533492477e-01
-1.4476096639223208e+00 8.9062500000000000e-01 1.1071194629380408e-01
-1.5000000000000000e+00 9.3750000000000000e-01 8.3539549081038195e-02
-1.5000000000000000e+00 1.0312500000000000e+00 6.4045199814526554e-02
-1.5000000000000000e+00 1.1250000000000000e+00 4.3902936429068271e-02
-1.5000000000000000e+00 1.2187500000000000e+00 2.3282701639602429e-02
-1.4134588656878375e+00 1.2985131199444924e+00 2.8055062986538298e-02
-1.4468634245319287e+00 1.3603065671750996e+00 4.8062193428492694e-03
-1.5000000000000000e+00 1.4062500000000000e+00 -1.8817907513585887e-02
6.8630674851035711e-01 -1.3399679461597098e+00 1.9315238690517389e-01
8.4375000000000000e-01 -1.5000000000000000e+00 1.0219491533492477e-01
7.9687500000000000e-01 -1.4469506048387097e+00 1.3001163547441155e-01
7.0312500000000000e-01 -1.4505844570665372e+00 1.4669440943314105e-01
6.5625000000000000e-01 -1.5000000000000000e+00 1.3613004851672125e-01
5.8056688638426235e-01 -1.4232574209646376e+00 1.7893822081302202e-01
5.1562500000000000e-01 -1.4494927263833108e+00 1.7837763621408942e-01
4.6875000000000000e-01 -1.3989854527666215e+00 2.0682575691750649e-01
3.6718877555317986e-01 -1.3230786611055170e+00 2.5563460226923518e-01
3.0055153266046625e-01 -1.3637832902610731e+00 2.4426286884223217e-01
1.8041367215126328e-01 -1.3781936276658491e+00 2.4735155117626809e-01
1.1205420221004626e-01 -1.4106863583588136e+00 2.3512916946726833e-01
6.1848843581280927e-02 -1.3540452368702103e+00 2.6447067512456385e-01
-1.1572731272033579e-02 -1.3229325866132546e+00 2.8096914306739379e-01
-9.0015927333786799e-02 -1.3086011647867279e+00 2.8652686500962254e-01
-1.9247331153697247e-01 -1.2508732425632536e+00 3.1102110012206402e-01
-2.1816332916145179e-01 -1.1403316645807258e+00 3.6962790828192560e-01
-1.6475460478224502e-01 -1.0853954826848791e+00 4.0753006282644388e-01
-2.4068706903051457e-01 -1.0156072654151909e+00 4.4151740553245356e-01
-2.9541546349465664e-01 -9.5807358446589208e-01 4.6889222597143615e-01
-3.9787973978975366e-01 -1.0015437605944060e+00 4.2016447914786875e-01
-4.9283005124302720e-01 -9.4346603264084050e-01 4.2840208364245230e-01
-5.0843588441689369e-01 -8.6660199451097175e-01 4.6751488857209461e-01
-5.9431277281182138e-01 -8.0502714199786585e-01 4.7041887575124414e-01
-6.7004365721640968e-01 -8.0236902835077095e-01 4.4075500761505837e-01
-7.7302625749231113e-01 -7.3786017587734609e-01 4.2563586791237940e-01
-8.0932832062876681e-01 -6.2579774593734894e-01 4.5536227892835018e-01
-8.2678481984317209e-01 -4.9531636967046871e-01 4.9564637639380937e-01
-8.9696207489834245e-01 -5.1876486056917825e-01 4.4670456084838850e-01
-9.4189154063027658e-01 -4.4940996426554464e-01 4.4183573455728509e-01
-1.0234357359631689e+00 -4.1214287626596419e-01 4.0397829486998660e-01
-1.0831458425647686e+00 -3.5904377230335316e-01 3.8111209595060341e-01
-1.1664923429015119e+00 -3.0766634031079521e-01 3.4330196444105970e-01
-1.2117665135284408e+00 -2.1839891612038681e-01 3.2971904407603142e-01
-1.2417844594703169e+00 -1.3954810768724299e-01 3.1962874287081089e-01
-1.1746755529435522e+00 -1.1191889723806515e-01 3.5861554610880136e-01
-1.1484128305670644e+00 -2.4238220387571585e-01 3.6199171338410430e-01
-1.3034346422046850e+00 -9.2838991129596173e-03 2.9100543748793223e-01
-1.3223902357812096e+00 -1.1139857539331935e-01 2.7878463974710949e-01
-1.4019559200547367e+00 9.3750000000000000e-02 2.4001435076121683e-01
-1.4096557788266848e+00 1.8383988252962635e-01 2.3217043216575789e-01
-1.3553139144111366e+00 1.4320341004547837e-01 2.6084839015591454e-01
-1.3970160927479867e+00 -1.4662298024068800e-04 2.4393962428803667e-01
-1.4019559200547367e+00 2.7392976505925271e-01 2.2892095451410438e-01
-1.3097956059453173e+00 2.7965001957724378e-01 2.7262360740896896e-01
-1.4076250511089141e+00 3.7637846129350533e-01 2.1530616137427425e-01
-1.4060343986757957e+00 4.6875000000000000e-01 2.0392631391800473e-01
-1.4469301273120903e+00 5.2172607075422661e-01 1.7853840125486342e-01
-1.4361935667643055e+00 5.8778400714989387e-01 1.7245423917887168e-01
-1.5000000000000000e+00 6.5625000000000000e-01 1.3613004851672125e-01
-1.5000000000000000e+00 7.5000000000000000e-01 1.1980068691378727e-01
-1.5000000000000000e+00 1.3125000000000000e+00 2.3330889532769826e-03
7.5000000000000000e-01 -1.5000000000000000e+00 1.1980068691378727e-01
5.6250000000000000e-01 -1.5000000000000000e+00 1.5094540951882321e-01
4.6875000000000000e-01 -1.5000000000000000e+00 1.6400609531113261e-01
3.7876920039423123e-01 -1.4094869170843360e+00 2.1419537900328983e-01
3.1151001095056025e-01 -1.4348119183401096e+00 2.1016909294518604e-01
2.3437500000000003e-01 -1.4361636369206421e+00 2.1626958794572138e-01
1.8750000000000000e-01 -1.5000000000000000e+00 1.9042500299161971e-01
9.3750000000000000e-02 -1.5000000000000000e+00 1.9437239398047110e-01
3.8988504743624926e-02 -1.4304398019136744e+00 2.2765945907447771e-01
-3.4433070109689622e-02 -1.3993271516567187e+00 2.4272683548227045e-01
-1.5982747768990757e-01 -1.3935693674736251e+00 2.4127424254983834e-01
-2.5781881889623720e-01 -1.3436599988185167e+00 2.5806495960019837e-01
-1.8638662647495954e-01 -1.3245631368290867e+00 2.7343586645644269e-01
-3.1542458449503830e-01 -1.2654847901814583e+00 2.9073689903810612e-01
-3.3791333664766315e-01 -1.1710176345013519e+00 3.3653609107280585e-01
-3.0056693845825344e-01 -1.0677582274534445e+00 4.0046230717278730e-01
-3.7465737920918091e-01 -1.0720304038005732e+00 3.8441806659355848e-01
-4.4169891955073765e-01 -1.1038592707304387e+00 3.5336673785485084e-01
-4.7868514757999697e-01 -1.0274779065661441e+00 3.8586400594437048e-01
-5.6333403244687152e-01 -1.0335326688426960e+00 3.6003393830341401e-01
-5.6937589929578925e-01 -9.5617460239629537e-01 3.9820800551186408e-01
-5.8566111464317483e-01 -8.8030915334051585e-01 4.3300887738830302e-01
-7.0817595742449946e-01 -8.9284653258944557e-01 3.8194539884022782e-01
-7.6814971987209080e-01 -8.2494744164973322e-01 3.8931375881888813e-01
-8.5348540211883972e-01 -7.7153952451770969e-01 3.7555018139878094e-01
-8.6467370427212442e-01 -6.7807908153863095e-01 4.0664361841340896e-01
-9.0374673899547431e-01 -5.9244421443167083e-01 4.1754595732278821e-01
-9.6949634003318219e-01 -5.3337510470998872e-01 4.0204187823334464e-01
-1.0214064238838680e+00 -4.8385562185573328e-01 3.8765586196814900e-01
-1.0897435897435896e+00 -4.5673076923076933e-01 3.5741345140339043e-01
-1.1394887677337504e+00 -4.0430469322173668e-01 3.4185769294664631e-01
-1.2117333002508595e+00 -4.0235438546089175e-01 3.0491849920474745e-01
-1.2463094827195442e+00 -3.4478595466382250e-01 2.9622439514590698e-01
-1.2680538862179487e+00 -2.8125000000000000e-01 2.9308012431557617e-01
-1.3453361024521973e+00 -1.9363709766704193e-01 2.6275104675224159e-01
-1.4102124020019040e+00 -1.6467003452987616e-01 2.3295526980784909e-01
-1.4059259474836583e+00 -9.3750000000000000e-02 2.3812519856854861e-01
-1.3536383297412788e+00 -5.2781271720390710e-02 2.6475735457886984e-01
-2.5987867453697788e-01 -1.2082823563403677e+00 3.2703027322817863e-01
-1.2770884913525731e+00 -1.9812731755105925e-01 2.9680949494720116e-01
-1.4509779600273682e+00 4.6875000000000000e-02 2.1787538992203284e-01
-1.4485684017319556e+00 -4.2465237887533834e-02 2.1905610023222294e-01
-1.5000000000000000e+00 9.3750000000000000e-02 1.9437239398047110e-01
-1.5000000000000000e+00 1.8750000000000000e-01 1.9042500299161971e-01
-1.5000000000000000e+00 2.8125000000000000e-01 1.8394614603807805e-01
-1.5000000000000000e+00 3.7500000000000000e-01 1.7507820260904056e-01
-1.5000000000000000e+00 4.6875000000000000e-01 1.6400609531113261e-01
-1.5000000000000000e+00 5.6250000000000000e-01 1.5094540951882321e-01
-1.4476035712115489e+00 3.2278499573330632e-01 2.0331696054774484e-01
3.7500000000000000e-01 -1.5000000000000000e+00 1.7507820260904056e-01
2.8125000000000000e-01 -1.5000000000000000e+00 1.8394614603807805e-01
0.0000000000000000e+00 -1.5000000000000000e+00 1.9569843739850631e-01
-9.3750000000000000e-02 -1.5000000000000000e+00 1.9437239398047110e-01
-1.8750000000000000e-01 -1.5000000000000000e+00 1.9042500299161971e-01
-2.3831045243915400e-01 -1.4265096347292292e+00 2.2048074214970725e-01
-3.2812500000000000e-01 -1.4369767353064020e+00 2.0749209633548418e-01
-3.6409078288820729e-01 -1.3671508090405970e+00 2.3535250951713529e-01
-4.1244258086334745e-01 -1.2696436189048352e+00 2.7474408833878156e-01
-4.2548006836335589e-01 -1.1864707335968538e+00 3.1372475430206065e-01
-5.0966143666071029e-01 -1.1875671652420980e+00 2.9671005846834547e-01
-6.0621349082081744e-01 -1.1395711636069392e+00 2.9749881153801516e-01
-6.8392866793873608e-01 -1.0688171413052789e+00 3.0899110037819272e-01
-6.5660874481713083e-01 -9.6733117071346331e-01 3.6464404755787422e-01
-7.3508273264561874e-01 -1.0006262841063984e+00 3.2377032046877663e-01
-7.9385405102809670e-01 -9.2228125713398090e-01 3.3734937006218868e-01
-8.3746598078703405e-01 -8.4451189997426646e-01 3.5297472711114813e-01
-9.0942982715120080e-01 -8.4746433511081110e-01 3.2287279154641696e-01
-9.3567830957361431e-01 -7.7654421056638023e-01 3.3785025123115930e-01
-9.5530025723167167e-01 -7.0351253206326891e-01 3.5463950089346941e-01
-1.0196893545383421e+00 -6.0612695042413312e-01 3.5485193991645464e-01
-1.0685626605856577e+00 -5.3792155685794074e-01 3.4912366611777285e-01
-1.1354567336721058e+00 -5.1959773394659925e-01 3.2012197225114980e-01
-1.2038610011476891e+00 -5.0813319334044804e-01 2.8911936721936016e-01
-1.2783896733798001e+00 -4.1051309490786736e-01 2.7089813277722036e-01
-1.3129658558484849e+00 -3.5294466411079811e-01 2.6231768020759133e-01
-1.3889936471382527e+00 -3.1583691788910118e-01 2.3067481215262176e-01
-1.4244028473329144e+00 -2.3428796506047597e-01 2.2166211377609257e-01
-1.5000000000000000e+00 -1.8750000000000000e-01 1.9042500299161971e-01
-1.5000000000000000e+00 -9.3750000000000000e-02 1.9437239398047110e-01
-1.5000000000000000e+00 0.0000000000000000e+00 1.9569843739850631e-01
-5.2424748613567862e-01 -1.1062813755987937e+00 3.3355311669245397e-01
-2.8125000000000000e-01 -1.5000000000000000e+00 1.8394614603807805e-01
-3.7500000000000000e-01 -1.5000000000000000e+00 1.7507820260904056e-01
-4.2187500000000000e-01 -1.4485085619991021e+00 1.9168123294068967e-01
-4.6875000000000000e-01 -1.3970171239982043e+00 2.0766318839044484e-01
-4.5744011222467312e-01 -1.3258843006782748e+00 2.4132549638492018e-01
-4.8819243835547754e-01 -1.2607529982768992e+00 2.6605733474227566e-01
-5.6139348211793882e-01 -1.2821700764462978e+00 2.4242032015871071e-01
-5.9590493854979110e-01 -1.2146742057395936e+00 2.6556435880156037e-01
-6.7171186880590861e-01 -1.2148803916942357e+00 2.4796231173505909e-01
-7.0760968576901884e-01 -1.1443403674168275e+00 2.6933210297822258e-01
-7.8900522469774670e-01 -1.0666497359431681e+00 2.7872835882950936e-01
-8.5859655948879332e-01 -9.9672139575420959e-01 2.8450025409898300e-01
-9.3750000000000000e-01 -9.3750000000000000e-01 2.7911887888736725e-01
-8.6780172370895603e-01 -9.0983612793094393e-01 3.1518193789331517e-01
-9.9898726851851849e-01 -8.1790388431013428e-01 2.9713895989686984e-01
-9.7456946224781049e-01 -8.8095420400228841e-01 2.8537498492398189e-01
-1.0466956734875807e+00 -7.7052140529353896e-01 2.9251654531343407e-01
-1.0274247428470527e+00 -6.9184608354631472e-01 3.2535785038195397e-01
-1.0847074910833552e+00 -6.4649485202192924e-01 3.1235144117822322e-01
-1.1351668311300669e+00 -5.8895546932411402e-01 3.0375757495730127e-01
-1.2049239292126515e+00 -5.7864075498295398e-01 2.7380012192072822e-01
-1.2749602532775097e+00 -5.8684803079927816e-01 2.4079161783313133e-01
-1.2900885354020424e+00 -5.0171574308588462e-01 2.5004069870772472e-01
-1.3418562546147534e+00 -4.3245915799197898e-01 2.3783252145272959e-01
-1.4275209938779803e+00 -4.2187500000000000e-01 2.0097560405038536e-01
-1.5000000000000000e+00 -3.7500000000000000e-01 1.7507820260904056e-01
-1.5000000000000000e+00 -2.8125000000000000e-01 1.8394614603807805e-01
-4.6875000000000000e-01 -1.5000000000000000e+00 1.6400609531113261e-01
-5.4808186302125883e-01 -1.4291656461214481e+00 1.8188813547911256e-01
-6.0937500000000000e-01 -1.3908441153243243e+00 1.8713630388773786e-01
-5.3747041386695238e-01 -1.3576619013931110e+00 2.1387229706912020e-01
-6.3720041237405634e-01 -1.2823762624009398e+00 2.2709341517484680e-01
-7.0869402132409831e-01 -1.3075833460641135e+00 2.0131541356887064e-01
-7.6929610804635939e-01 -1.1939320360154531e+00 2.3253467488668123e-01
-8.5450360268283787e-01 -1.1419589640304646e+00 2.2968667908518070e-01
-8.6178612582276570e-01 -1.0694877374781377e+00 2.5520128460419067e-01
-9.3254534619645058e-01 -1.0143121796675043e+00 2.5301758678423264e-01
-1.0085410817579854e+00 -1.0127288569966362e+00 2.2819505121268727e-01
-1.0169040407936971e+00 -9.3367379747282664e-01 2.5181773021170023e-01
-1.0413733610942317e+00 -8.7057231567540183e-01 2.6325845528723002e-01
-1.0944040784566431e+00 -8.1790388431013428e-01 2.5865230512915871e-01
-1.1418584964421354e+00 -7.6986905258025395e-01 2.5348825655667273e-01
-1.0937500000000000e+00 -7.2248931623931623e-01 2.8690555060838463e-01
-1.1552220713929151e+00 -6.5743790314572059e-01 2.7759935830718319e-01
-1.2158445173142967e+00 -6.9508063756606331e-01 2.4214989453234079e-01
-1.3060139030907365e+00 -6.7406983343401605e-01 2.0935207366315181e-01
-1.3425790841709433e+00 -6.1191257256985454e-01 2.0681005805639627e-01
-1.3818467140900788e+00 -5.4147414751364031e-01 2.0289583126349278e-01
-1.4473941343325361e+00 -5.1562500000000000e-01 1.7923791759701718e-01
-1.5000000000000000e+00 -4.6875000000000000e-01 1.6400609531113261e-01
-5.6250000000000000e-01 -1.5000000000000000e+00 1.5094540951882321e-01
-6.5625000000000000e-01 -1.5000000000000000e+00 1.3613004851672125e-01
-6.9037744959987946e-01 -1.4406496398223065e+00 1.5287165937314959e-01
-7.4567617384228790e-01 -1.4002863004339916e+00 1.5751983442692666e-01
-8.0627826056454910e-01 -1.2866349903853311e+00 1.8723833721767930e-01
-8.9148575520102746e-01 -1.2346619184003425e+00 1.8515662385538847e-01
-9.2787614959800890e-01 -1.1664164796688548e+00 1.9975045261126970e-01
-9.3971109731931624e-01 -1.0899858920454759e+00 2.2347910636770191e-01
-1.0178921730495294e+00 -1.0903495367893972e+00 1.9921939636946989e-01
-1.0937500000000000e+00 -1.0714285714285714e+00 1.8158232794360576e-01
-1.0853870409642883e+00 -9.9237351190476186e-01 2.0892993508435126e-01
-1.0937500000000000e+00 -9.1331845238095233e-01 2.3042500056538914e-01
-1.1718750000000000e+00 -9.2540922619047628e-01 1.9851532782863368e-01
-1.1912357267589369e+00 -8.1592506165508916e-01 2.2159801334839332e-01
-1.2556388500191125e+00 -7.9516560041456985e-01 2.0176245234205420e-01
-1.3167133503442705e+00 -7.6603446712569412e-01 1.8488502235113882e-01
-1.3803303916891030e+00 -7.2790883263280981e-01 1.6861708703352665e-01
-1.3994537716376918e+00 -6.5625000000000000e-01 1.7522613628361006e-01
-1.4497268858188459e+00 -6.0937500000000000e-01 1.6347711798762118e-01
-1.5000000000000000e+00 -5.6250000000000000e-01 1.5094540951882321e-01
-6.7908008896006145e-01 -1.3731254388867300e+00 1.8129447669512030e-01
-7.5000000000000000e-01 -1.5000000000000000e+00 1.1980068691378727e-01
-8.0520439721253234e-01 -1.4398243781108309e+00 1.3094548195589459e-01
-8.4326041308273869e-01 -1.3793379447552090e+00 1.4461442504384839e-01
-8.7644729647383091e-01 -1.3123704882996778e+00 1.6098607848909571e-01
-9.4802382394986440e-01 -1.3338835115137695e+00 1.3630547506710250e-01
-9.9760603962509609e-01 -1.2667504646390912e+00 1.4639124545271784e-01
-1.0298709064467408e+00 -1.1897815068513933e+00 1.6288151577990545e-01
-1.0990515661360838e+00 -1.1818937779331695e+00 1.4571413675966607e-01
-1.1607142857142858e+00 -1.1495535714285712e+00 1.3743595836461234e-01
-1.1662946428571430e+00 -1.0770089285714286e+00 1.5694111983472189e-01
-1.1718750000000000e+00 -1.0044642857142858e+00 1.7603850417741529e-01
-1.2500000000000000e+00 -9.3750000000000000e-01 1.6785737506674006e-01
-1.2193117872810915e+00 -8.7734383374049285e-01 1.9449722617021759e-01
-1.2890766321166662e+00 -8.5399273909272155e-01 1.7483586029742962e-01
-1.3499061214211696e+00 -8.2478462270277908e-01 1.5934653277573263e-01
-1.4116059151130780e+00 -7.9515861768459650e-01 1.4313393670545618e-01
-1.4460517332149085e+00 -7.0706657581847276e-01 1.4768244456039062e-01
-1.5000000000000000e+00 -6.5625000000000000e-01 1.3613004851672125e-01
-8.4375000000000000e-01 -1.5000000000000000e+00 1.0219491533492477e-01
-9.0578122372857683e-01 -1.4276404560815443e+00 1.1418939678033829e-01
-9.8437500000000000e-01 -1.4195780311584221e+00 9.9577878287578664e-02
-1.0614380371743799e+00 -1.3205158641336654e+00 1.1279641247263122e-01
-1.1283433153713411e+00 -1.2450615970286460e+00 1.1841202423687069e-01
-1.2276785714285714e+00 -1.2276785714285714e+00 9.6092399361719413e-02
-1.2794237012987013e+00 -1.1586850649350648e+00 1.0005855209633754e-01
-1.2388392857142858e+00 -1.0825892857142856e+00 1.3270768885350140e-01
-1.2844605171614101e+00 -1.0131247101113172e+00 1.3653656340159312e-01
-1.3268035602853812e+00 -9.4816611168184595e-01 1.3869491439236864e-01
-1.3750000000000000e+00 -8.8742357296510410e-01 1.3639453389481557e-01
-1.4357219571283084e+00 -9.1690010950441136e-01 1.0918405107910105e-01
-1.5000000000000000e+00 -8.4375000000000000e-01 1.0219491533492477e-01
-1.5000000000000000e+00 -7.5000000000000000e-01 1.1980068691378727e-01
-9.3750000000000000e-01 -1.5000000000000000e+00 8.3539549081038195e-02
-1.0312500000000000e+00 -1.5000000000000000e+00 6.4045199814526554e-02
-1.1085271708944910e+00 -1.4048367498370549e+00 7.5629370226736090e-02
-1.1395982274765200e+00 -1.3224309041194997e+00 9.2459470089192725e-02
-1.2189818187073567e+00 -1.3011774005170829e+00 7.8033708230315219e-02
-1.3124038979820534e+00 -1.2461542822256944e+00 6.7946973775513370e-02
-1.3638392857142858e+00 -1.1763392857142858e+00 7.1252860013153368e-02
-1.3189210343228202e+00 -1.0887494202226344e+00 1.0631472826896313e-01
-1.3750000000000000e+00 -1.0312500000000000e+00 1.0303729868515686e-01
-1.4375000000000000e+00 -9.8437500000000000e-01 9.3760132360166462e-02
-1.5000000000000000e+00 -9.3750000000000000e-01 8.3539549081038195e-02
-1.1250000000000000e+00 -1.5000000000000000e+00 4.3902936429068271e-02
-1.1728337705243157e+00 -1.4417680523243745e+00 4.9880338225850543e-02
-1.1995655050399747e+00 -1.3725967126731520e+00 6.3013814659169679e-02
-1.2736033831159363e+00 -1.3511193276608724e+00 5.0477749568116619e-02
-1.3464537431548045e+00 -1.3259060276157781e+00 3.8560208689058371e-02
-1.4185490087140225e+00 -1.2656250000000000e+00 3.4458333756660041e-02
-1.4399151053864170e+00 -1.1718750000000000e+00 5.0579685664382958e-02
-1.4375000000000000e+00 -1.0781250000000000e+00 7.2880004085923114e-02
-1.5000000000000000e+00 -1.0312500000000000e+00 6.4045199814526554e-02
-1.2187500000000000e+00 -1.5000000000000000e+00 2.3282701639602429e-02
-1.2656250000000000e+00 -1.4277954703638800e+00 3.2039631525262111e-02
-1.3593750000000000e+00 -1.4187840794063569e+00 1.2011487651431113e-02
-1.4252104502704530e+00 -1.3622871745646001e+00 9.7283863449610340e-03
-1.5000000000000000e+00 -1.3125000000000000e+00 2.3330889532769826e-03
-1.5000000000000000e+00 -1.2187500000000000e+00 2.3282701639602429e-02
-1.5000000000000000e+00 -1.1250000000000000e+00 4.3902936429068271e-02
-1.3125000000000000e+00 -1.5000000000000000e+00 2.3330889532769826e-03
-1.4062500000000000e+00 -1.5000000000000000e+00 -1.8817907513585887e-02
-1.4336045425775870e+00 -1.4336045425775870e+00 -9.2825790106799942e-03
-1.5000000000000000e+00 -1.4062500000000000e+00 -1.8817907513585887e-02
-1.5000000000000000e+00 -1.5000000000000000e+00 -4.0061509279258653e-02
