meshID=8025359
degree=2
Calculation Start Time:1.4387268973937111e+09
Calculation End Time:1.4387268974948609e+09
Calculation Elapsed Time:1.0114979743957520e-01
1.4062500000000000e+00 1.5000000000000000e+00 -1.8817907513585887e-02
1.5000000000000000e+00 1.5000000000000000e+00 -4.0061509279258653e-02
1.4016741071428571e+00 1.4016741071428571e+00 6.0468970533755122e-03
1.3125000000000000e+00 1.5000000000000000e+00 2.3330889532769826e-03
1.3570870535714286e+00 1.4508370535714286e+00 4.5625906602740768e-03
1.4508370535714286e+00 1.4508370535714286e+00 -1.7394765150217855e-02
1.5000000000000000e+00 1.3125000000000000e+00 2.3330889532769826e-03
1.3078125000000000e+00 1.3078125000000000e+00 5.3186566421307230e-02
1.1443359375000000e+00 1.3353515625000001e+00 8.7454847261676516e-02
1.1250000000000000e+00 1.5000000000000000e+00 4.3902936429068271e-02
1.1346679687500001e+00 1.4176757812500000e+00 6.5685391013133740e-02
1.2284179687500001e+00 1.4176757812500000e+00 4.3576159712269830e-02
1.2260742187500000e+00 1.3215820312500002e+00 7.0604983736930957e-02
1.3101562499999999e+00 1.4039062499999999e+00 2.7650959019304901e-02
1.3547433035714285e+00 1.3547433035714285e+00 2.9207365567288181e-02
1.4508370535714286e+00 1.3570870535714286e+00 4.5633449091586264e-03
1.4039062499999999e+00 1.3101562499999999e+00 2.7653837314236606e-02
1.5000000000000000e+00 1.4062500000000000e+00 -1.8817907513585887e-02
1.2187500000000000e+00 1.5000000000000000e+00 2.3282701639602429e-02
1.5000000000000000e+00 1.1250000000000000e+00 4.3902936429068271e-02
1.3581311893363064e+00 1.1682837503279120e+00 7.4860282433592024e-02
1.1718750000000000e+00 1.1718750000000000e+00 1.2778863695418827e-01
1.3329718446681533e+00 1.2380481251639561e+00 6.4412589099557160e-02
1.2650030946681532e+00 1.1700793751639560e+00 1.0128551226161048e-01
1.2398437499999999e+00 1.2398437499999999e+00 8.9462404277327892e-02
1.1581054687500001e+00 1.2536132812500000e+00 1.0782449141669352e-01
9.7250525792320253e-01 1.2772358985165733e+00 1.4943127147809962e-01
9.3750000000000000e-01 1.5000000000000000e+00 8.3539549081038195e-02
9.5500262896160126e-01 1.3886179492582866e+00 1.1641914240881317e-01
1.0584205977116012e+00 1.3062937305082867e+00 1.1803187733463062e-01
1.0409179687500001e+00 1.4176757812500000e+00 8.7406542024814682e-02
1.0312500000000000e+00 1.5000000000000000e+00 6.4045199814526554e-02
1.4290655946681532e+00 1.2403918751639560e+00 3.7641308575931703e-02
1.4290655946681532e+00 1.1466418751639560e+00 5.9583573613886998e-02
1.5000000000000000e+00 1.2187500000000000e+00 2.3282701639602429e-02
1.0721901289616014e+00 1.2245554492582866e+00 1.4007225501690360e-01
1.3183593750000000e+00 1.0253906250000000e+00 1.2252508497747132e-01
1.1474609375000000e+00 1.0009765625000000e+00 1.8534872064085886e-01
1.2329101562500000e+00 1.0131835937500000e+00 1.5347961424808915e-01
1.1596679687500000e+00 1.0864257812500000e+00 1.5633976647149286e-01
1.2451171875000000e+00 1.0986328125000000e+00 1.2646000673779731e-01
1.3382452821681532e+00 1.0968371876639560e+00 9.8482636799966786e-02
1.4091796875000000e+00 1.0751953125000000e+00 8.2103436124285889e-02
1.5000000000000000e+00 9.3750000000000000e-01 8.3539549081038195e-02
1.4091796875000000e+00 9.8144531250000000e-01 1.0364244626968695e-01
1.5000000000000000e+00 1.0312500000000000e+00 6.4045199814526554e-02
9.1849097143928682e-01 1.1111299891085142e+00 2.2253692018313931e-01
7.6370889750251536e-01 1.1920696325008384e+00 2.3489820717872970e-01
8.2150135250473144e-01 1.3489128622989752e+00 1.6055034863249265e-01
8.9700330521396698e-01 1.3130743804077742e+00 1.5588759516578357e-01
7.9260512500362346e-01 1.2704912473999068e+00 1.9675136383585995e-01
8.6810707771285900e-01 1.2346527655087058e+00 1.9137603376545140e-01
9.4549811468124467e-01 1.1941829438125438e+00 1.8514741882634697e-01
8.4109993447090114e-01 1.1515998108046763e+00 2.2991686045703882e-01
1.0329759544696433e+00 1.0560532758042571e+00 2.0592156842743106e-01
1.0451829857196433e+00 1.1415024945542571e+00 1.7426180456275292e-01
8.7950067625236572e-01 1.4244564311494876e+00 1.2097042383936762e-01
7.5000000000000000e-01 1.5000000000000000e+00 1.1980068691378727e-01
7.8575067625236572e-01 1.4244564311494876e+00 1.4046212838277192e-01
8.4375000000000000e-01 1.5000000000000000e+00 1.0219491533492477e-01
1.2187500000000000e+00 8.4375000000000000e-01 2.0360754212500737e-01
1.1831054687500000e+00 9.2236328125000000e-01 1.9548693857932345e-01
1.2685546875000000e+00 9.3457031250000000e-01 1.6213618156668577e-01
1.3593750000000000e+00 7.9687500000000000e-01 1.6213176785173866e-01
1.2890625000000000e+00 8.2031250000000000e-01 1.8303598463740206e-01
1.3388671875000000e+00 9.1113281250000000e-01 1.4348725410937516e-01
1.4296875000000000e+00 8.6718750000000000e-01 1.2176335685263801e-01
1.5000000000000000e+00 7.5000000000000000e-01 1.1980068691378727e-01
1.4296875000000000e+00 7.7343750000000000e-01 1.4100872481380347e-01
1.5000000000000000e+00 8.4375000000000000e-01 1.0219491533492477e-01
9.3750000000000000e-01 9.3750000000000000e-01 2.7940515960076068e-01
1.0424804687500000e+00 9.6923828125000000e-01 2.3113981028041680e-01
9.2799548571964341e-01 1.0243149945542571e+00 2.5114568337227344e-01
8.2308010521994956e-01 1.0128288482115861e+00 2.9011142334358825e-01
6.9678154065442710e-01 9.5977208348690157e-01 3.5513248248280244e-01
7.5993082293718839e-01 9.8630046584924380e-01 3.2210007460444984e-01
7.9339450136123246e-01 1.1024492403562123e+00 2.6300401918271193e-01
7.3024521907847117e-01 1.0759208579938699e+00 2.9262050312621291e-01
6.0646540802108007e-01 1.1764371840677335e+00 2.8066006082231820e-01
6.5812125214748041e-01 1.3640563429503358e+00 1.8907780657689138e-01
6.3229333008428024e-01 1.2702467635090346e+00 2.3339508310029741e-01
6.8508715276179766e-01 1.1842534082842859e+00 2.5812953642889580e-01
7.1091507482499794e-01 1.2780629877255871e+00 2.1282535719751738e-01
7.3981130232610592e-01 1.3564846026246555e+00 1.7547637052779569e-01
7.0406062607374020e-01 1.4320281714751679e+00 1.5357574476001784e-01
5.6250000000000000e-01 1.5000000000000000e+00 1.5094540951882321e-01
6.1031062607374020e-01 1.4320281714751679e+00 1.7044244572693137e-01
6.5625000000000000e-01 1.5000000000000000e+00 1.3613004851672125e-01
1.0390783617857982e+00 7.7348508535739480e-01 2.9521078219745717e-01
1.0932696496428991e+00 8.8723082392869745e-01 2.3856084937038932e-01
9.8828918089289908e-01 8.5549254267869745e-01 2.8902404359407263e-01
1.1289141808928991e+00 8.0861754267869745e-01 2.4799092106341641e-01
8.7078553832961814e-01 1.0619794186600502e+00 2.5549674163325548e-01
8.8029005260997484e-01 9.7516442410579307e-01 2.8564860882368931e-01
6.5162347433775358e-01 1.0681046337773175e+00 3.1883520085105260e-01
1.3125000000000000e+00 6.5625000000000000e-01 2.1053152052031143e-01
1.1718750000000000e+00 7.0312500000000000e-01 2.5886548807510634e-01
1.2421875000000000e+00 6.7968750000000000e-01 2.3476890161625275e-01
1.1953125000000000e+00 7.7343750000000000e-01 2.3104196380294334e-01
1.2656250000000000e+00 7.5000000000000000e-01 2.0878033525129019e-01
1.3359375000000000e+00 7.2656250000000000e-01 1.8627449094829304e-01
1.4062500000000000e+00 7.0312500000000000e-01 1.6365434015954333e-01
1.5000000000000000e+00 5.6250000000000000e-01 1.5094540951882321e-01
1.4062500000000000e+00 6.0937500000000000e-01 1.8102997827672207e-01
1.5000000000000000e+00 6.5625000000000000e-01 1.3613004851672125e-01
1.1054766808928991e+00 7.3830504267869745e-01 2.7763453697199730e-01
9.9009100053583454e-01 5.9449406232636692e-01 3.7321270612718643e-01
8.7506344714319306e-01 6.7190672357159653e-01 4.0416146681665843e-01
9.3257722383951380e-01 6.3320039294898178e-01 3.8962492405339533e-01
1.0145846811608163e+00 6.8398957384188086e-01 3.3392683228455333e-01
1.0809830002679173e+00 6.4880953116318341e-01 3.1364218117616322e-01
7.6584025921385734e-01 8.0340199498783382e-01 4.0005313133565817e-01
6.0947017071478959e-01 7.3434327642840358e-01 5.0262568758908865e-01
5.3642269048402180e-01 8.9225826174182055e-01 4.4370379692405387e-01
6.1660211556922451e-01 9.2601517261436106e-01 3.9860275900136538e-01
5.7294643059940564e-01 8.1330076908511206e-01 4.7446411125393811e-01
6.5312585568460835e-01 8.4705767995765258e-01 4.2524501340046134e-01
7.3131089993414222e-01 8.8158703923736770e-01 3.7874103980052154e-01
6.8765521496432347e-01 7.6887263570811870e-01 4.4981738502695773e-01
9.0628172357159642e-01 8.0470336178579827e-01 3.4037692006099429e-01
8.3606099139272683e-01 8.0405267838681604e-01 3.7016998518492678e-01
8.9067258535739469e-01 7.3830504267869745e-01 3.7196966836018980e-01
9.7268004267869723e-01 7.8909422357159653e-01 3.1803832765805767e-01
9.5707090446449561e-01 7.2269590446449561e-01 3.4754156472886355e-01
9.2189086178579815e-01 8.7110168089289908e-01 3.0949139057225067e-01
8.5167012960692867e-01 8.7045099749391697e-01 3.3712882507809788e-01
7.9446018221690351e-01 9.0811542159971004e-01 3.4343068911080377e-01
4.7129114737606892e-01 1.0945970491253563e+00 3.5200382139550618e-01
5.0729154587058389e-01 1.2994592694608298e+00 2.4500318714020280e-01
5.5687847694583192e-01 1.2379482267642816e+00 2.6350815986530823e-01
5.3887827769857455e-01 1.1355171165965450e+00 3.1577885715948217e-01
4.8929134662332641e-01 1.1970281592930929e+00 2.9647336345580538e-01
5.0385691893004536e-01 9.9342765543358835e-01 3.9788704526525859e-01
5.8403634401524807e-01 1.0271845663061290e+00 3.5771796163210973e-01
5.8270639900903221e-01 1.3317578062055828e+00 2.1697030140301929e-01
5.3489577293529189e-01 1.3997296347304149e+00 1.9635302443219255e-01
3.7500000000000000e-01 1.5000000000000000e+00 1.7507820260904056e-01
4.4114577293529195e-01 1.3997296347304149e+00 2.1051510373019913e-01
4.6875000000000000e-01 1.5000000000000000e+00 1.6400609531113261e-01
1.1250000000000000e+00 5.6250000000000000e-01 3.1530195369366409e-01
1.1484375000000000e+00 6.3281250000000000e-01 2.8698672520765989e-01
1.2187500000000000e+00 6.0937500000000000e-01 2.6089826265221955e-01
1.2816317694133395e+00 4.0701353882667901e-01 2.6996023163904997e-01
1.1182994509273354e+00 4.1865653374204248e-01 3.5064858768535567e-01
1.0541952257315850e+00 5.0657529803420465e-01 3.6470058154597657e-01
1.0575455002679173e+00 5.7849703116318341e-01 3.4414246766382173e-01
1.1216497254636677e+00 4.9057826687102124e-01 3.3368301788563892e-01
1.2033158847066696e+00 4.8475676941333951e-01 2.9430829321466762e-01
1.2970658847066696e+00 5.3163176941333945e-01 2.4166031917484240e-01
1.4022133115402851e+00 4.6875000000000000e-01 2.0547131063172480e-01
1.4511066557701424e+00 5.1562500000000000e-01 1.7777229446718629e-01
1.3573566557701424e+00 5.6250000000000000e-01 2.0970907918729761e-01
1.3419225404768123e+00 4.3788176941333951e-01 2.3696759765410991e-01
1.5000000000000000e+00 3.7500000000000000e-01 1.7507820260904056e-01
1.4511066557701424e+00 4.2187500000000000e-01 1.9062201478935722e-01
1.5000000000000000e+00 4.6875000000000000e-01 1.6400609531113261e-01
9.0650886557448795e-01 4.8386818435982193e-01 4.5251792532997070e-01
9.4829993305516125e-01 5.3918112334309443e-01 4.1194760633125016e-01
8.9078615635884051e-01 5.7788745396570929e-01 4.3023395531864139e-01
7.1016551939655792e-01 5.6657219119825208e-01 5.3599307737645563e-01
5.4525973381944870e-01 5.8170054040641916e-01 6.2432411191828652e-01
6.2771262660800331e-01 5.7413636580233562e-01 5.8041072003280891e-01
5.7736495226711915e-01 6.5802190841741137e-01 5.6110313656385558e-01
6.5981784505567376e-01 6.5045773381332783e-01 5.2256658988078153e-01
7.3800288930520763e-01 6.8498709309304295e-01 4.6619521764961708e-01
8.2045185317852520e-01 7.3765435927971512e-01 4.0418342197165275e-01
7.9261448326987549e-01 6.1923945738492425e-01 4.6694335119814639e-01
8.0833719248552294e-01 5.2522018777903701e-01 4.9583878833781064e-01
1.0124041582509116e+00 4.5126235905093220e-01 4.0122119174845433e-01
4.5090891971286640e-01 7.1121669062565585e-01 5.8756445819650083e-01
4.9366580509844410e-01 8.0173747618373814e-01 5.1193204346122345e-01
5.3018954521382800e-01 7.2277998352702966e-01 5.4515227571986336e-01
4.9808432676615755e-01 6.4645861551603745e-01 6.0873035390278973e-01
3.6805642534425487e-01 8.4837343842570379e-01 5.2449838811917127e-01
4.2662984535977316e-01 9.6856876141536463e-01 4.3265783183629042e-01
2.9509189167198485e-01 1.0923403050877081e+00 3.8739224161064606e-01
3.0161719624091654e-01 1.2684331527692858e+00 2.9098117696099329e-01
2.9835454395645067e-01 1.1803867289284971e+00 3.3756675941078618e-01
3.8319151952402686e-01 1.0934686771065323e+00 3.7118443075381491e-01
3.6086086851587901e-01 1.0304545332515365e+00 4.1160725048288033e-01
4.4896049636792101e-01 1.0315829052703605e+00 3.9115267840248902e-01
4.8152626792189746e-01 9.3041351157859253e-01 4.3951158296700987e-01
3.9734313535201404e-01 9.0847109992053421e-01 4.7701765854654887e-01
4.5223955791413833e-01 8.7031585008376222e-01 4.8429985277728571e-01
4.0948267252856063e-01 7.7979506452567982e-01 5.5736529961468984e-01
4.0445437105575022e-01 1.2839462111150577e+00 2.6923675457258217e-01
3.8645417180849273e-01 1.1815151009473210e+00 3.2336640126342292e-01
2.8125000000000000e-01 1.4033212223668956e+00 2.2760555058141779e-01
2.9143359812045827e-01 1.3358771875680908e+00 2.5868349558231230e-01
3.9427077293529195e-01 1.3513902459138627e+00 2.3883294242959063e-01
3.2812500000000000e-01 1.4516606111834478e+00 2.0101299068327952e-01
1.8750000000000000e-01 1.5000000000000000e+00 1.9042500299161971e-01
2.3437500000000000e-01 1.4516606111834478e+00 2.0922322192488302e-01
2.8125000000000000e-01 1.5000000000000000e+00 1.8394614603807805e-01
1.1999656101703375e+00 4.1283503628436075e-01 3.0934606148755012e-01
1.1706094206650524e+00 2.8449429162818063e-01 3.4475501498708044e-01
1.3045087681138750e+00 1.8750000000000006e-01 2.8369810765484071e-01
1.2261205950391960e+00 3.4575391522742982e-01 3.0674196157265959e-01
1.2375590943894637e+00 2.3599714581409034e-01 3.1434234936010441e-01
1.2930702687636071e+00 2.9725676941333956e-01 2.7911089904586683e-01
1.4022543840569375e+00 2.8125000000000000e-01 2.2810073052098531e-01
1.5000000000000000e+00 1.8750000000000000e-01 1.9042500299161971e-01
1.4511271920284687e+00 2.3437500000000000e-01 2.0946310824420500e-01
1.4511271920284687e+00 3.2812500000000000e-01 2.0125744926616132e-01
1.5000000000000000e+00 2.8125000000000000e-01 1.8394614603807805e-01
1.1444544357961939e+00 3.5157541268511155e-01 3.4891848704456102e-01
1.0099988892574712e+00 3.2375222148505767e-01 4.3135006768619333e-01
7.5000000000000000e-01 3.7500000000000000e-01 5.9061539314680556e-01
8.7999944462873558e-01 3.4937611074252883e-01 5.0827930769838470e-01
9.5825387741597956e-01 4.0381020292243980e-01 4.4463352447907462e-01
8.2825443278724398e-01 4.2943409217991096e-01 5.1816646126558352e-01
7.3008275969827896e-01 4.7078609559912604e-01 5.6642125707624824e-01
5.1919601898326306e-01 4.1816623869724945e-01 7.4536735284403621e-01
3.5092836949045780e-01 5.8193375669336667e-01 7.3362277929976671e-01
5.3222787640135594e-01 4.9993338955183431e-01 6.8369528002821855e-01
4.4809405165495325e-01 5.8181714854989286e-01 6.8009758920506991e-01
4.3506219423686043e-01 5.0004999769530811e-01 7.4877959838041175e-01
1.3419430767351384e+00 3.4413176941333951e-01 2.4972951337471969e-01
1.3533815760854062e+00 2.3437500000000003e-01 2.5558150789156608e-01
1.4022338477986112e+00 3.7500000000000000e-01 2.1802015537893737e-01
1.0641491700924033e+00 3.7120437761355007e-01 3.8996646288338521e-01
1.0903041549612618e+00 3.0412325655661915e-01 3.8705900528201914e-01
6.1468076918991055e-01 4.9236921494775077e-01 6.3262469892208106e-01
6.3459800949163148e-01 3.9658311934862472e-01 6.6747047327346964e-01
4.0091864460166210e-01 6.4657522365951126e-01 6.5667651560981366e-01
2.1978077899126294e-01 6.5701552419186571e-01 7.2112898302375950e-01
2.8535457424086036e-01 6.1947464044261613e-01 7.3131657769279967e-01
3.3534484935206466e-01 6.8411610740876072e-01 6.5602631774353393e-01
2.9391860216775889e-01 7.5269448130878480e-01 6.1612432584305687e-01
2.3327587109812442e-01 8.2139929105546372e-01 5.7876816874366710e-01
1.8910654638209662e-01 9.5156254694350473e-01 4.9213450963991179e-01
9.7512594118668833e-02 1.1367154545794220e+00 3.8188107513122871e-01
1.4330957025038271e-01 1.0441390007614633e+00 4.3578920485536393e-01
2.4209921902704074e-01 1.0219514260156064e+00 4.3809793912570616e-01
1.9630224289532683e-01 1.1145278798335649e+00 3.8732104596216749e-01
1.9956489517979270e-01 1.2025743036743539e+00 3.3677331659342652e-01
1.6086076857523485e-01 1.3429699050524775e+00 2.6607345031113877e-01
2.3123898240807569e-01 1.3057015289108818e+00 2.7954780163957038e-01
1.2918668134695183e-01 1.2398426798159496e+00 3.2158170090397536e-01
2.1119120874011052e-01 8.8648091899948422e-01 5.3464577366217081e-01
3.0066614822118964e-01 8.3488636474058375e-01 5.5254995859318334e-01
2.7858148586317577e-01 8.9996799268460426e-01 5.1189427902894857e-01
3.0786819587093489e-01 9.6006565417943468e-01 4.6580013414528199e-01
2.2652832504469367e-01 7.3920740762366477e-01 6.4645189903718758e-01
2.2105538428761742e-01 1.3731455637096865e+00 2.4709372608097677e-01
1.7418038428761742e-01 1.4214849525262387e+00 2.2719898212161677e-01
0.0000000000000000e+00 1.5000000000000000e+00 1.9569843739850631e-01
8.0430384287617424e-02 1.4214849525262387e+00 2.3118009926761199e-01
9.3750000000000000e-02 1.5000000000000000e+00 1.9437239398047110e-01
1.1730969246006611e+00 1.4700796588437051e-01 3.5759336291238430e-01
1.0633370535714286e+00 6.4174107142857123e-02 4.2853498366523096e-01
9.1648509256822619e-01 1.6926796165456209e-01 5.1935379566743090e-01
9.6324199091284868e-01 2.4651009156980988e-01 4.7525977884593462e-01
9.8991107306982740e-01 1.1672103439870961e-01 4.7377713468016897e-01
1.0366679714144498e+00 1.9396316431395738e-01 4.3522750379932917e-01
1.0915479069290661e+00 2.3538009368471408e-01 3.9638303575155071e-01
1.1182169890860449e+00 1.0559103651361382e-01 3.9248057872779268e-01
1.1718531726328567e+00 2.1575112875627556e-01 3.5226763998142879e-01
1.2388028463572680e+00 1.6725398294218530e-01 3.1967944962919731e-01
1.3123168258230400e+00 -2.0688277198421812e-05 2.8665220855978529e-01
1.5000000000000000e+00 0.0000000000000000e+00 1.9569843739850631e-01
1.4022543840569375e+00 9.7647067540817006e-02 2.3989477210114313e-01
1.4022543840569375e+00 1.8944853377040849e-01 2.3536832780351769e-01
1.4511271920284687e+00 1.4257353377040849e-01 2.1496085935216927e-01
1.4511271920284687e+00 4.8823533770408503e-02 2.1784926040451946e-01
1.3572856049399888e+00 4.8813189631809292e-02 2.6327951735305355e-01
1.3533815760854062e+00 1.4257353377040854e-01 2.6190254924022849e-01
1.3084127969684576e+00 9.3739655861400817e-02 2.8692064319043786e-01
1.2427068752118506e+00 7.3493638803586045e-02 3.2250821237843524e-01
1.5000000000000000e+00 9.3750000000000000e-02 1.9437239398047110e-01
8.3324254628411309e-01 2.7213398082728102e-01 5.6084541420579959e-01
7.5222748924524119e-01 2.2458080383650819e-01 6.3609645564321160e-01
6.1315731779970728e-01 2.8194267006241192e-01 7.3793389570255330e-01
4.7024104189989568e-01 2.7224720217179527e-01 8.3956338124028129e-01
5.4169917984980143e-01 2.7709493611710356e-01 7.9358704306982653e-01
4.9471853044157937e-01 3.4520672043452238e-01 7.9754993311050160e-01
5.6617666839148517e-01 3.5005445437983068e-01 7.4626125394392362e-01
6.8157865889985358e-01 3.2847133503120596e-01 6.6036578417020309e-01
6.8269240352247418e-01 2.5326173694946008e-01 6.8679592925218169e-01
7.5111374462262059e-01 2.9979040191825412e-01 6.1541362598802574e-01
8.3435629090673369e-01 1.9692438274553514e-01 5.7630893398206773e-01
3.2738095238095238e-01 2.8273809523809512e-01 9.0161346132473896e-01
2.6559900965790240e-01 4.3812493237369543e-01 8.5893213072554597e-01
2.4268989432458266e-01 5.4757022828278057e-01 8.0079239525052093e-01
3.0826368957418010e-01 5.1002934453353110e-01 8.0302152237957491e-01
3.9239751432058273e-01 4.2814558553547244e-01 8.1407342933025129e-01
2.9648998101942736e-01 3.6043151380589528e-01 8.8441099892001029e-01
4.2328848568210775e-01 3.5045216696767229e-01 8.3547000936994187e-01
3.9881099714042401e-01 2.7749264870494517e-01 8.7404097070707998e-01
1.0991379310344827e-01 7.6077586206896552e-01 6.5162179780131035e-01
1.2972890118213182e-01 5.3565811153201826e-01 8.3441045040676987e-01
1.7475484008669739e-01 5.9633681786194193e-01 7.8348142640943697e-01
1.6484728604735560e-01 7.0889569313041556e-01 6.8737914787483090e-01
1.1982134714279005e-01 6.4821698680049189e-01 7.5196913686146583e-01
1.9766395542001711e-01 4.8689152195285684e-01 8.5080291876447167e-01
1.7159483210078635e-01 7.9108757656221462e-01 6.1553779865347968e-01
1.4951016974277245e-01 8.5616920450623513e-01 5.6709462440478664e-01
3.1753176808546058e-02 9.0504840430158850e-01 5.3909394226081286e-01
1.1042986159532134e-01 9.2830547562254662e-01 5.1743815997227660e-01
7.0833484955997172e-02 8.3291213318527701e-01 5.9378326348431310e-01
-2.8400641596255244e-03 1.0400343373729146e+00 4.4486955849529825e-01
9.3133241111235554e-02 9.9579844215820967e-01 4.7147482891676207e-01
4.7336264979521654e-02 1.0883748959761683e+00 4.1329186575781446e-01
-8.8374751524072093e-02 1.1559949010857595e+00 3.7096080557024647e-01
5.7454501485826870e-03 1.3068127845984308e+00 2.8947943615353761e-01
-4.1314650687744703e-02 1.2314038428420950e+00 3.2955756949802295e-01
4.5689212972983700e-03 1.1463551778325907e+00 3.7861339834995023e-01
5.1629022133625760e-02 1.2217641195889264e+00 3.3467049197944571e-01
8.3303109361908767e-02 1.3248913448254540e+00 2.7879359441164220e-01
2.8727250742913435e-03 1.4034063922992153e+00 2.4098283798739031e-01
-9.3749999999999986e-02 1.4017857142857144e+00 2.4026470404554295e-01
-1.8750000000000000e-01 1.5000000000000000e+00 1.9042500299161971e-01
-1.4062500000000000e-01 1.4508928571428572e+00 2.1516855825859499e-01
-4.6874999999999993e-02 1.4508928571428572e+00 2.1799121427277948e-01
-9.3750000000000000e-02 1.5000000000000000e+00 1.9437239398047110e-01
1.4456556324460267e-02 9.7254137083725156e-01 4.9048241084872518e-01
-4.5607407841848809e-02 1.0980146192293372e+00 4.0737619825170668e-01
-4.4002274925708650e-02 1.3542992494420725e+00 2.6486050341172562e-01
1.1408485417046668e+00 -1.0233202309684412e-01 3.7925549566708711e-01
9.1037878817555951e-01 -8.2384971725367739e-03 5.3553255231413899e-01
7.6275827950549424e-01 7.4514156178531743e-02 6.5361602723152534e-01
8.3656853384052687e-01 3.3137829502997485e-02 5.9278211308841344e-01
9.1343194037189290e-01 8.0514732241012660e-02 5.3063032031117652e-01
9.8685792087349400e-01 2.7967804985160175e-02 4.8039087107470146e-01
1.0256136649401131e+00 -5.5285260134690449e-02 4.5346541226136583e-01
1.1020927976380477e+00 -1.9078957976993501e-02 4.0536267124148656e-01
1.1569727331526640e+00 2.2337971393763194e-02 3.7222321631404520e-01
1.2265826837638534e+00 -5.1176355687021273e-02 3.3202222689002198e-01
1.3035714285714286e+00 -1.8750000000000000e-01 2.8423238453919913e-01
1.2222099851380477e+00 -1.4491601154842207e-01 3.3034492940643156e-01
1.3079441271972343e+00 -9.3760344138599211e-02 2.8719903043218298e-01
1.4017857142857142e+00 -9.8137797577429145e-02 2.4012483050771605e-01
1.5000000000000000e+00 -1.8750000000000000e-01 1.9042500299161971e-01
1.4508928571428572e+00 -1.4281889878871457e-01 2.1507080556012859e-01
1.4508928571428572e+00 -4.9068898788714573e-02 2.1796013084229071e-01
1.5000000000000000e+00 -9.3750000000000000e-02 1.9437239398047110e-01
8.3962168603686016e-01 1.2189105891654692e-01 5.8356572791675954e-01
7.5749288437536766e-01 1.4954748000751997e-01 6.4732244267063210e-01
5.2692956316178630e-01 1.4069692443803591e-01 8.3818232558304795e-01
4.9858530253084099e-01 2.0647206330491558e-01 8.4189190706101968e-01
5.7004344048074684e-01 2.1131979725022393e-01 7.9397381521999677e-01
6.3957852620351374e-01 1.8263886413727204e-01 7.4671437251869499e-01
6.4484392133364032e-01 1.0760554030828383e-01 7.5670163526585310e-01
1.4061584129115201e+00 -1.0344138599210906e-05 2.3965616140173507e-01
1.3570512700543771e+00 -4.9079242927313783e-02 2.6340647364588343e-01
1.3526785714285714e+00 -1.4281889878871457e-01 2.6227834020843316e-01
3.5070654766121406e-01 1.4116446058574728e-01 9.2581565414320932e-01
4.1047379478055490e-01 2.0670583137877127e-01 8.8813510406495122e-01
3.3904375002108322e-01 2.1195127791192120e-01 9.1658387033764932e-01
1.0744409275812139e-01 2.0649643896177416e-01 9.7258345171978489e-01
1.1222275069754881e-01 3.7150811175783038e-01 9.2164454520417904e-01
1.0983342172783510e-01 2.8900227535980227e-01 9.5100699487880347e-01
2.1980185153925058e-01 3.2712310349796275e-01 9.1906344787385508e-01
2.1741252256953689e-01 2.4461726709993464e-01 9.4493078459033697e-01
2.2907532020966773e-01 1.7383044977376072e-01 9.5776169917275888e-01
4.3881805541150021e-01 1.4093069251189161e-01 8.8745549418153258e-01
1.8891088017772562e-01 4.0481652206576291e-01 8.9467103608703957e-01
1.2097582593984031e-01 4.5358311164492432e-01 8.8296501084056644e-01
-5.0498781729253220e-02 3.9931801314794640e-01 9.1561348087777084e-01
-7.3688496091296227e-02 6.3118404093626423e-01 7.7212480339072864e-01
-6.2093638910274723e-02 5.1525102704210535e-01 8.5478696710872704e-01
2.8020202545417795e-02 5.8342107623414119e-01 8.1168634093171121e-01
1.8112648506076023e-02 6.9597995150261482e-01 7.1783273753048715e-01
-1.0015259254503089e-01 8.0745477544650457e-01 6.1192295560041643e-01
-1.3005960303883479e-01 9.8317412830558981e-01 4.7726411919712336e-01
-1.1510609779193284e-01 8.9531445187604719e-01 5.4129429428480280e-01
-3.4199707868242418e-02 8.5625158987404659e-01 5.7667172443538117e-01
4.8806002792086897e-03 7.8411531875773499e-01 6.3706998423450112e-01
-8.6920544318163567e-02 7.1931940819138440e-01 6.8922014478295002e-01
3.9615059726439299e-02 4.6748806233998230e-01 8.8311129457870685e-01
3.0861984484147793e-02 3.8541306245288842e-01 9.2222790524055720e-01
-4.9153213115144367e-02 9.4411126630358910e-01 5.0982908901812973e-01
-6.6449833599230151e-02 1.0116042328392523e+00 4.6229652591619774e-01
-1.0921717728145344e-01 1.0695845146956746e+00 4.2231514374349072e-01
-2.3707721676373594e-01 1.1631922134043453e+00 3.5493155155652806e-01
-1.6272598414390402e-01 1.1595935572450524e+00 3.6422924207327756e-01
-1.8356840990128537e-01 1.0731831708549675e+00 4.1372667153204723e-01
-1.8749999999999997e-01 1.3035714285714286e+00 2.8422529523014428e-01
-1.4062499999999997e-01 1.3526785714285716e+00 2.6238484987649474e-01
-1.8750000000000000e-01 1.4017857142857144e+00 2.3575223281453220e-01
-3.5091145833333337e-01 1.3352906858766234e+00 2.5213919650942024e-01
-3.7500000000000000e-01 1.5000000000000000e+00 1.7507820260904056e-01
-3.6295572916666669e-01 1.4176453429383118e+00 2.1253162605412493e-01
-2.6920572916666669e-01 1.4176453429383118e+00 2.2207160614744492e-01
-2.6920572916666669e-01 1.3194310572240260e+00 2.6909974417805654e-01
-2.1228860838186797e-01 1.2333818209878871e+00 3.1895338949077057e-01
-1.3793737576203602e-01 1.2297831648285942e+00 3.2661343360444989e-01
-9.0877274925708643e-02 1.3051921065849297e+00 2.8871562739124929e-01
-2.8125000000000000e-01 1.5000000000000000e+00 1.8394614603807805e-01
9.6895094254468461e-01 -1.6701229522879765e-01 4.8323169068681154e-01
7.2405419755531208e-01 -1.2620002513655101e-01 6.8247785829062024e-01
8.4650257004999840e-01 -1.4660616018267433e-01 5.7524139747072423e-01
8.1721649286543574e-01 -6.7219261154543894e-02 6.0704500995552435e-01
7.4340623853040322e-01 -2.5842934479009635e-02 6.7300405627134730e-01
6.3440892354879497e-01 -4.8247832763523707e-03 7.7298256072695160e-01
5.8066924335529069e-01 6.7936070580841779e-02 8.1130014183114074e-01
6.9858360152714460e-01 3.4844686451089686e-02 7.1467950824372239e-01
6.7923156055205358e-01 -6.5512404206451685e-02 7.3099426266224043e-01
1.1701554334653923e+00 -2.4437201873245162e-01 3.5021575127632787e-01
1.1555019875850294e+00 -1.7335202091464788e-01 3.6573047007638027e-01
1.0695531880050384e+00 -2.0569215698062465e-01 4.1353672256997409e-01
1.0548997421246757e+00 -1.3467215916282088e-01 4.2977844285436578e-01
9.3966486536012206e-01 -8.7625396200667213e-02 5.1112945192020109e-01
1.2368634310184103e+00 -2.1593600936622581e-01 3.1676808984934085e-01
1.3604729763748513e+00 -3.2453001114471358e-01 2.4333353954274797e-01
1.2653142049201218e+00 -2.8445101493858260e-01 2.9471781090874272e-01
1.3320222024731398e+00 -2.5601500557235679e-01 2.6418358116280127e-01
1.4302364881874257e+00 -2.5601500557235679e-01 2.1738083255363200e-01
1.5000000000000000e+00 -3.7500000000000000e-01 1.7507820260904056e-01
1.4302364881874257e+00 -3.4976500557235679e-01 2.0836111377504696e-01
1.5000000000000000e+00 -2.8125000000000000e-01 1.8394614603807805e-01
1.4017857142857144e+00 -1.8750000000000000e-01 2.3575456608603812e-01
4.2855666231003875e-01 2.0638375969097345e-02 9.0333268201083439e-01
5.3148279292941680e-01 7.9067963463724869e-03 8.4703218556999571e-01
4.7774311273591252e-01 8.0667650203566629e-02 8.7478811631390840e-01
3.8963160498562643e-01 8.0901418277422310e-02 9.1741058033850165e-01
2.5959159774566964e-01 3.0325643713034089e-02 9.6526175541337811e-01
3.4407413002785420e-01 2.5482009841065717e-02 9.3859664404899468e-01
3.0514907270344183e-01 8.5745052149390683e-02 9.4843651841339804e-01
1.8351784525189552e-01 1.1841104133740413e-01 9.7585860951445880e-01
1.3549805666502923e-01 -3.3649273446087397e-02 9.9022699498180744e-01
1.9754482720534944e-01 -1.6618148665266536e-03 9.8029244596485487e-01
1.2147107471157531e-01 8.6423582757843384e-02 9.8882543573257320e-01
0.0000000000000000e+00 0.0000000000000000e+00 1.0000334997461213e+00
-1.0133713028446734e-01 1.9657819730274897e-01 9.7526899131357836e-01
3.0534812368270270e-03 2.0153731813226156e-01 9.7947607712102502e-01
-5.0668565142233668e-02 9.8289098651374487e-02 9.9386716898825445e-01
5.3722046379060695e-02 1.0324821948088708e-01 9.9320377914447777e-01
6.7749028332514616e-02 -1.6824636723043698e-02 9.9756052486008973e-01
2.8472655514434085e-02 3.0290722605486031e-01 9.5259462537414419e-01
-7.5917956006860271e-02 2.9794810522534770e-01 9.5155840101822731e-01
-2.4554481219210395e-01 3.4699247088406937e-01 9.0529642370984487e-01
-2.3489932294189769e-01 5.7907354921541077e-01 7.8070233295444003e-01
-1.5429390951659697e-01 6.0512879507583750e-01 7.8103298960808898e-01
-1.4269905233557545e-01 4.8919578118167861e-01 8.6042109930927191e-01
-2.4022206756700082e-01 4.6303301004974007e-01 8.5316691793465160e-01
-1.4802179696067858e-01 3.7315524201600792e-01 9.1588466139602209e-01
-1.7344097123828564e-01 2.7178533409340916e-01 9.4659968395708549e-01
-2.6724137931034481e-01 7.4538177339901490e-01 6.3129305301531624e-01
-3.1121137620418304e-01 9.2921402566059252e-01 4.8544379382977709e-01
-2.0568198437460697e-01 8.6833440055354849e-01 5.4917916051624416e-01
-2.2063548962150892e-01 9.5619407698309122e-01 4.8448735783439634e-01
-2.7414429648395949e-01 1.0462031195324690e+00 4.1829434175702673e-01
-3.7500000000000000e-01 1.1071428571428572e+00 3.6540582981787473e-01
-3.4310568810209152e-01 1.0181784414017248e+00 4.2277960145181376e-01
-3.0603860838186797e-01 1.1351675352736013e+00 3.6149790518201369e-01
-2.9399433754853466e-01 1.2492414496404844e+00 3.0184151126600672e-01
-3.6295572916666669e-01 1.2212167715097402e+00 3.0684053173404047e-01
-5.1432291666666674e-01 1.3035714285714286e+00 2.4200176789391986e-01
-4.3261718750000006e-01 1.3194310572240260e+00 2.4825253582248019e-01
-4.4466145833333337e-01 1.2053571428571428e+00 3.0110406181427718e-01
-1.8369698592768785e-01 7.7641827442275968e-01 6.2531206696216224e-01
-2.8922637775726390e-01 8.3729789952980371e-01 5.5427688013642340e-01
-1.7046493770082052e-01 6.8828290716763951e-01 7.0513001972368039e-01
-2.5107035112612125e-01 6.6222766130721289e-01 7.0598739605249716e-01
-4.4466145833333337e-01 1.4017857142857144e+00 2.0917310803352143e-01
-5.6250000000000000e-01 1.5000000000000000e+00 1.5094540951882321e-01
-5.3841145833333337e-01 1.4017857142857144e+00 1.9496316325666666e-01
-4.6875000000000000e-01 1.5000000000000000e+00 1.6400609531113261e-01
7.7490811760945999e-01 -3.2418504314477470e-01 5.9027011439460464e-01
7.4948115758238609e-01 -2.2519253414066287e-01 6.3855185883781418e-01
8.7192953007707230e-01 -2.4559866918678619e-01 5.3898219620691734e-01
9.3086931054556366e-01 -3.1836472853749531e-01 4.8277757724461606e-01
1.1071428571428572e+00 -3.7500000000000000e-01 3.6541834633393727e-01
1.0190060838442103e+00 -3.4668236426874766e-01 4.2159470812265171e-01
9.4991012654512419e-01 -2.4268851188314650e-01 4.8517737308893794e-01
1.0380468998437709e+00 -2.7100614761439884e-01 4.2384941074829324e-01
1.1386491453041248e+00 -3.0968600936622581e-01 3.5902070771091316e-01
1.3035714285714286e+00 -4.6156002228942722e-01 2.5102938595836460e-01
1.5000000000000000e+00 -5.6250000000000000e-01 1.5094540951882321e-01
1.4017857142857144e+00 -5.1203001114471358e-01 1.9919165440874248e-01
1.5000000000000000e+00 -4.6875000000000000e-01 1.6400609531113261e-01
1.4017857142857144e+00 -4.1828001114471358e-01 2.1279077294890822e-01
1.3320222024731398e+00 -3.9304501671707037e-01 2.4814343250324816e-01
1.2368634310184103e+00 -3.5296602051093939e-01 3.0034663970035291e-01
1.2053571428571428e+00 -4.1828001114471358e-01 3.0586183241863518e-01
8.5288871407751188e-01 -3.2127488584113501e-01 5.3476058199453846e-01
5.8454177023954124e-01 -2.8730743098826272e-01 7.5879203932576156e-01
6.7972494392450056e-01 -3.0574623706651871e-01 6.7068807233313843e-01
6.5429798389742666e-01 -2.0675372806240688e-01 7.2742494059528862e-01
5.2083333333333337e-01 -1.0416666666666667e-01 8.4729912668672935e-01
3.5071372101678300e-01 -1.1364400996915944e-01 9.2958027286238865e-01
2.2508467451475334e-01 -2.2874329409290012e-01 9.4714020029606316e-01
2.4310588884090611e-01 -7.3646641707623417e-02 9.6719992709680347e-01
1.8029136558989128e-01 -1.3119628376949377e-01 9.7482437321745630e-01
2.8789919776576817e-01 -1.7119365203102976e-01 9.4223499480230821e-01
5.5268755178643736e-01 -1.9573704882746470e-01 8.1007621728861334e-01
6.2244376544432267e-01 -1.1518334590160884e-01 7.7414246472235537e-01
5.7762112844106417e-01 -5.4495724971509521e-02 8.1448391508875184e-01
4.7469499782168606e-01 -4.1764145348784663e-02 8.7915892488579961e-01
3.8963519166341087e-01 -4.6502817000031046e-02 9.1979449086656240e-01
4.3577352717505818e-01 -1.0890533831791305e-01 8.9344337274349395e-01
3.0515265938122632e-01 -4.1659183128062674e-02 9.5139180516423827e-01
6.9530777684352729e-02 -1.5669526105777112e-01 9.8521365168195851e-01
1.4730772609955303e-01 -1.9271927757533563e-01 9.7013386389828693e-01
1.0251441717469098e-01 -9.5172267251929260e-02 9.9016818461181677e-01
3.4765388842176365e-02 -7.8347630528885562e-02 9.9631973609336955e-01
-1.3922424360619123e-01 -9.2967873764541853e-02 9.8590093696683356e-01
-2.4032471942399733e-01 4.0467913599377417e-02 9.6985633236010282e-01
-1.8977448151509430e-01 -2.6249980082582218e-02 9.8147673671429481e-01
-6.9612121803095617e-02 -4.6483936882270926e-02 9.9649053989990088e-01
-1.2016235971199866e-01 2.0233956799688708e-02 9.9254803123106972e-01
-1.7083092485423235e-01 1.1852305545106320e-01 9.7814573578786912e-01
-2.5384645900284597e-01 1.9243317001065219e-01 9.4792063834779206e-01
-1.7759179464365665e-01 1.9450568365670057e-01 9.6469098342447712e-01
-2.4708558921342166e-01 1.1645054180501480e-01 9.6197088465107650e-01
-3.4846732960919252e-02 -1.2483156741115649e-01 9.9156582483445055e-01
-2.4969563559747496e-01 2.6971282044736078e-01 9.3000380862118126e-01
-4.0364583333333337e-01 2.2135416666666669e-01 8.8777623587962939e-01
-4.2605817049077371e-01 3.6103446774719861e-01 8.2955890912144337e-01
-3.8231490307343868e-01 4.9556857465865189e-01 7.7990198275087064e-01
-4.0418653678210620e-01 4.2830152120292525e-01 8.0820235734582413e-01
-3.3580149134143883e-01 3.5401346931563399e-01 8.7287560508698725e-01
-4.1485200191205351e-01 2.9119431720693267e-01 8.6203462003329645e-01
-3.2459532276271863e-01 2.8417331877536800e-01 9.0215486549525381e-01
-3.2874614616808967e-01 2.0689366833865944e-01 9.2147760763949216e-01
-3.0860711300766819e-01 5.3732106193703133e-01 7.8488707862974361e-01
-3.1392985763277131e-01 4.2128052277136063e-01 8.5086471640335226e-01
-4.4823141013354684e-01 6.9146366725160746e-01 6.0323053455974951e-01
-4.1527315660349273e-01 5.9351612095512962e-01 6.8941048698938934e-01
-3.4156536653772229e-01 6.3526860823350906e-01 6.9265207411442276e-01
-3.5773639472194585e-01 7.1842272032531118e-01 6.2114005775878900e-01
-3.8433887100869912e-01 8.1454837662845747e-01 5.4283077938244306e-01
-4.3516382575419588e-01 9.8517501041691036e-01 4.2114396075785521e-01
-3.7318760097918946e-01 9.5719451803875144e-01 4.5326383075204729e-01
-4.0508191287709794e-01 1.0461589337798838e+00 3.9337146713910726e-01
-5.5604100251830824e-01 1.0532629134615794e+00 3.5263863427356285e-01
-5.3518195959248749e-01 1.1784171710165041e+00 2.9609359255765960e-01
-4.6552050125915412e-01 1.0802028853022183e+00 3.6111486081498445e-01
-4.9560241413625206e-01 1.0192189619392449e+00 3.8643647425920968e-01
-3.4777512360644108e-01 8.7188120114452494e-01 5.1473832152681931e-01
-4.0975134838144750e-01 8.9986169352268397e-01 4.7932299272643952e-01
-3.2579012515952199e-01 7.7996507501373613e-01 5.8622518391894174e-01
-4.1628514057112298e-01 7.5300602194003252e-01 5.7386626503857352e-01
-7.0982142857142860e-01 1.1629464285714286e+00 2.6114270285059088e-01
-6.5625000000000000e-01 1.4046477316708486e+00 1.7323868200256040e-01
-6.8303571428571430e-01 1.2837970801211385e+00 2.1680985902646427e-01
-5.8528645833333337e-01 1.3541095801211385e+00 2.0705317112911814e-01
-6.1207217261904767e-01 1.2332589285714286e+00 2.5403034827044485e-01
-6.3293121554486842e-01 1.1081046710165041e+00 3.0571960239432538e-01
-6.0937500000000000e-01 1.4523238658354243e+00 1.6251931567952951e-01
-7.5000000000000000e-01 1.5000000000000000e+00 1.1980068691378727e-01
-7.0312500000000000e-01 1.4523238658354243e+00 1.4605855526893688e-01
-6.5625000000000000e-01 1.5000000000000000e+00 1.3613004851672125e-01
6.0246913351853315e-01 -4.5642948346677847e-01 6.6319130164794671e-01
5.9350545187903725e-01 -3.7186845722752060e-01 7.1376826008802285e-01
6.8868862556399657e-01 -3.9030726330577659e-01 6.3050386254940671e-01
7.5910937324497474e-01 -5.2128417687507334e-01 5.2777237793059162e-01
9.2196987855544910e-01 -4.7418054889741124e-01 4.4712962189861949e-01
9.2641959455050638e-01 -3.9627263871745327e-01 4.6649949030062632e-01
1.0145563678491532e+00 -4.2459027444870562e-01 4.0691618668394169e-01
1.0915398740876316e+00 -5.5587120367933862e-01 3.3358902856154699e-01
1.2363150640137208e+00 -6.6540653945049189e-01 2.4073029631718904e-01
1.1639274690506762e+00 -6.1063887156491525e-01 2.8563535531678180e-01
1.1975556513295302e+00 -5.0871561298438295e-01 2.9251916033493441e-01
1.2699432462925748e+00 -5.6348328086995958e-01 2.4789356364991560e-01
1.3600652391893124e+00 -5.9321779727644275e-01 2.0312272982562943e-01
1.5000000000000000e+00 -7.5000000000000000e-01 1.1980068691378727e-01
1.4300326195946562e+00 -5.7785889863822137e-01 1.7676376326132517e-01
1.4300326195946562e+00 -6.7160889863822137e-01 1.6041092698430484e-01
1.5000000000000000e+00 -6.5625000000000000e-01 1.3613004851672125e-01
8.4053962590021192e-01 -4.9773236288624229e-01 4.8761666173453622e-01
7.6700874542721742e-01 -4.2273461000992402e-01 5.6189756326520401e-01
8.4843899808245449e-01 -3.9918279602109297e-01 5.1543181006716254e-01
6.8078925338175389e-01 -4.8885683017092590e-01 5.9206328128373775e-01
1.0993413656152444e+00 -4.6543560183966931e-01 3.5109622441185606e-01
1.0067548763215404e+00 -5.1502587628837493e-01 3.8798340673686516e-01
1.3318183338803706e+00 -5.2738890978293496e-01 2.2708620208371535e-01
1.2981901516015166e+00 -6.2931216836346726e-01 2.2224280464987092e-01
4.3777066081124005e-01 -4.1402580347827034e-01 7.9808488432438240e-01
2.3193542755918917e-01 -4.3559179525218561e-01 8.6976895659442477e-01
7.2784953806281139e-02 -3.2309142643194766e-01 9.4359824745381105e-01
7.1157865745316934e-02 -2.3989334374485938e-01 9.6818786491542130e-01
1.4893481416051724e-01 -2.7591736026242386e-01 9.4957255196050605e-01
1.5236019068273515e-01 -3.7934161084206663e-01 9.1262605407629394e-01
2.2851005103697125e-01 -3.3216754467254284e-01 9.1512178361204755e-01
3.7727965430085852e-01 -2.6875100537084462e-01 8.8636674915718028e-01
4.8091071227019988e-01 -2.7802921817955367e-01 8.3151947701917073e-01
4.0752515755604929e-01 -3.4138840442455748e-01 8.4698122959329625e-01
5.1115621552539059e-01 -3.5066661723326653e-01 7.8469882559357651e-01
5.2011989716488660e-01 -4.3522764347252441e-01 7.3488243340723614e-01
4.4905649381709595e-01 -1.8645883601875565e-01 8.7383142987147544e-01
3.6399668765882076e-01 -1.9119750767000204e-01 9.1156454759615702e-01
3.0118216440780593e-01 -2.4874714973187237e-01 9.2055100855025895e-01
3.0460754093002385e-01 -3.5217140031151511e-01 8.8497997198308975e-01
-7.5659560554061783e-02 -2.4784184390961878e-01 9.6592008472810964e-01
-3.3427169176849469e-01 -2.6426482428720277e-01 9.0485539585952568e-01
-2.9832816295214848e-01 -1.0849799661452721e-01 9.4829675559974824e-01
-2.1877620327916986e-01 -1.0073293518953452e-01 9.7056161506977612e-01
-2.6932644118807292e-01 -3.4015041507574895e-02 9.6244804796321626e-01
-3.8098942583625212e-01 7.7636547178042137e-02 9.2135782306829073e-01
-3.3965879439420033e-01 -1.5430724718242535e-02 9.4042213719443468e-01
-3.1065707263012471e-01 5.9052230388709777e-02 9.4868594240191007e-01
-3.1741794241954902e-01 1.3503485859434716e-01 9.3862209477219560e-01
-3.9231762958479277e-01 1.4949535692235441e-01 9.0760014090767260e-01
-5.6445362265532739e-01 2.1087903797109606e-01 7.9807401863214567e-01
-5.6709903829781128e-01 3.7200592959348810e-01 7.3485391004537925e-01
-5.6577633047656928e-01 2.9144248378229209e-01 7.7133547987842255e-01
-4.9525589657305058e-01 2.8595675285914735e-01 8.2033549990468924e-01
-4.8404972799433038e-01 2.1611660231888136e-01 8.4793247079632306e-01
-4.7272152424578973e-01 1.4425779257456911e-01 8.6932390384496494e-01
-1.4373033738903224e-03 -2.8546663517078319e-01 9.5838757001710029e-01
-3.0643914348545270e-03 -2.0226855248369496e-01 9.7932529946963209e-01
-1.0744190208012651e-01 -1.7040485883708031e-01 9.7949906674897813e-01
-2.3674796768734296e-01 -1.7861634902587231e-01 9.5501130865376693e-01
-3.1629992736032159e-01 -1.8638141045086498e-01 9.3017005208198433e-01
-2.0496562616127822e-01 -2.5605333409841080e-01 9.4468290033714630e-01
-5.0138805848576584e-01 5.6453941989147316e-01 6.6371210818357373e-01
-6.2500000000000000e-01 6.2500000000000000e-01 5.5551152006686300e-01
-6.4108255473523879e-01 7.8314001836202218e-01 4.6344184634441055e-01
-5.4465698243439276e-01 7.3730184280681477e-01 5.3077950085009917e-01
-6.3304127736761939e-01 7.0407000918101104e-01 5.0874694055558545e-01
-5.3661570506677347e-01 6.5823183362580373e-01 5.8272345965554495e-01
-4.7480973430965634e-01 6.2800154357154025e-01 6.3410308992016851e-01
-5.6319402924288298e-01 5.9476970994573652e-01 6.0754055604794965e-01
-4.6372311448826975e-01 4.6278694381933588e-01 7.5550586875262449e-01
-4.4185148077960223e-01 5.3005399727506253e-01 7.2374721340092263e-01
-4.9657860439429247e-01 3.6652019867034336e-01 7.8681168879501828e-01
-5.3424354839178856e-01 4.6827267474248063e-01 7.0377875294106007e-01
-5.0829132055871196e-01 8.7050936138477530e-01 4.6613425377577150e-01
-5.7468693764697543e-01 8.2682468987339874e-01 4.6687997752065885e-01
-4.7826136534612940e-01 7.8098651431819133e-01 5.3145324897058022e-01
-4.4631509578370554e-01 8.4252886900661639e-01 5.0404681797469042e-01
-4.7172757315645392e-01 9.2784218590084278e-01 4.4435280900137269e-01
-5.3216616153851004e-01 9.6188613742317730e-01 4.0721137958343911e-01
-7.0765374299591266e-01 1.0033408685829355e+00 3.3197652571369601e-01
-6.3184737275711045e-01 1.0283018910222574e+00 3.4365243822998082e-01
-6.0797253177731236e-01 9.3692511498385533e-01 3.9635897273925658e-01
-7.0873758578367063e-01 1.0831436485771819e+00 2.9602544326305996e-01
-8.8559539798720499e-01 1.1367628228782027e+00 2.2302106620694298e-01
-7.6529797907066055e-01 1.3272548648411511e+00 1.8129699930505053e-01
-8.2544668852893277e-01 1.2320088438596768e+00 2.0347881336807330e-01
-7.3755970382104463e-01 1.2451006467062897e+00 2.2010707785655259e-01
-7.9770841327931685e-01 1.1498546257248157e+00 2.4291328272906129e-01
-7.9662457049155888e-01 1.0700518457305690e+00 2.7550322063482707e-01
-7.1077398953533022e-01 1.3659512982559998e+00 1.7790141570874107e-01
-7.5764898953533022e-01 1.4136274324205755e+00 1.5017594923828961e-01
-9.3750000000000000e-01 1.5000000000000000e+00 8.3539549081038195e-02
-8.5139898953533022e-01 1.4136274324205755e+00 1.3077983277042698e-01
-8.4375000000000000e-01 1.5000000000000000e+00 1.0219491533492477e-01
6.2500000000000000e-01 -6.2500000000000000e-01 5.5574702729348502e-01
4.9235117787542626e-01 -5.4308303850548223e-01 6.8402152500472635e-01
5.5867558893771307e-01 -5.8404151925274106e-01 6.1684923062964758e-01
5.4741015569697971e-01 -4.9975626098613035e-01 6.7559258332259098e-01
6.1373456675926663e-01 -5.4071474173338929e-01 6.0872868635579513e-01
6.9205468662248737e-01 -5.7314208843753667e-01 5.4455913744508433e-01
7.8338052281142823e-01 -7.0708293456000215e-01 4.3504854123442982e-01
9.5982142857142860e-01 -6.8080357142857140e-01 3.6092065613813085e-01
1.1016059634724809e+00 -6.9301053494679898e-01 2.9234826676778070e-01
1.0965729187800561e+00 -6.2444086931306875e-01 3.1336325097374368e-01
1.1689605137431007e+00 -6.7920853719864538e-01 2.6644509655762449e-01
1.1097248997841220e+00 -8.3027890424270612e-01 2.4956931917542868e-01
1.3429946698367272e+00 -7.8613802883620587e-01 1.7071172281211519e-01
1.2263597848104246e+00 -8.0820846653945599e-01 2.1007283755071118e-01
1.2896548669252241e+00 -7.2577228414334893e-01 2.0492566450518682e-01
1.1730199818989213e+00 -7.4784272184659906e-01 2.4699306950284236e-01
1.1056654316283014e+00 -7.6164471959475255e-01 2.7116982320622524e-01
1.0307136960219547e+00 -6.8690705318768519e-01 3.2604056288688477e-01
1.0256806513295302e+00 -6.1833738755395506e-01 3.4894259876047212e-01
9.4089565356343885e-01 -5.7749206016299137e-01 4.0433361348008534e-01
8.5946540090820167e-01 -6.0104387415182237e-01 4.3927050975349508e-01
7.7124494802820154e-01 -6.1418355571753769e-01 4.8137785712186820e-01
7.0419026140571406e-01 -6.6604146728000102e-01 4.9293972349899207e-01
4.6506091934333316e-01 -4.7855442099187628e-01 7.4478453760041485e-01
3.4526619867134328e-01 -5.2419648832532639e-01 7.7846598749234797e-01
2.8860081311526620e-01 -4.7989414178875600e-01 8.2849935627376359e-01
3.9151842974129170e-01 -4.6911114590179837e-01 7.9161104840926444e-01
3.3485304418521461e-01 -4.2480879936522797e-01 8.4107723948622470e-01
8.7160097569142847e-01 -6.9394325299428683e-01 3.9812205965525038e-01
1.3515299545130199e+00 -6.8967791305632431e-01 1.8790687705499515e-01
1.4214973349183637e+00 -7.6806901441810294e-01 1.4515071602536725e-01
1.5000000000000000e+00 -9.3750000000000000e-01 8.3539549081038195e-02
1.4214973349183637e+00 -8.6181901441810294e-01 1.2580217604185778e-01
1.5000000000000000e+00 -8.4375000000000000e-01 1.0219491533492477e-01
4.1880868827338480e-01 -5.3363976341540431e-01 7.3472980443743952e-01
1.6075935039090361e-01 -5.8182240438249866e-01 7.9726979186500146e-01
3.0743819266837152e-02 -4.8412190963341856e-01 8.7461757645427030e-01
-1.9430551549378913e-01 -4.2391774575318630e-01 8.8467814421220881e-01
-1.3498253802392546e-01 -3.3587979483140251e-01 9.3218264189622979e-01
-8.1780848113475996e-02 -4.5401982769330240e-01 8.8723045988242788e-01
-2.2457870643612314e-02 -3.6598187677151867e-01 9.3035096061698763e-01
5.1764386536559147e-02 -4.0360666803268308e-01 9.1346707976043084e-01
1.3133962341301317e-01 -4.5985685244280206e-01 8.7822638230875694e-01
1.9634738897504639e-01 -5.0870709981734219e-01 8.3825103008472979e-01
2.5301277453112347e-01 -5.5300944635391258e-01 7.9382938227770450e-01
9.5751584828870376e-02 -5.3297215700795864e-01 8.4069751626672684e-01
-2.6428860363114193e-01 -3.4409128502019454e-01 9.0097320801667147e-01
-4.3476224581443867e-01 -5.0041391021701398e-01 7.4871069718263272e-01
-5.6541847814995339e-01 -3.0535879020856638e-01 7.6619707243564406e-01
-5.0009036198219603e-01 -4.0288635021279018e-01 7.6654564030117156e-01
-4.4984508495922404e-01 -2.8481180724788457e-01 8.4647600910493759e-01
-3.8451696879146668e-01 -3.8233936725210838e-01 8.4021622750377756e-01
-3.1453388065411392e-01 -4.6216582798510014e-01 8.2913882152719787e-01
-4.4105704682500868e-01 -1.7313393060771193e-01 8.8067035098272228e-01
-4.7168237010987962e-01 -3.6130129890120322e-02 8.8112143787759412e-01
-4.2633589797306587e-01 2.0753208643960908e-02 9.0432682500879058e-01
-3.8500526653101408e-01 -7.2314063252323757e-02 9.2007696471508393e-01
-3.6969260488857858e-01 -1.4081596361111956e-01 9.1842160377626636e-01
-3.8766436929675169e-01 -2.1869937744745735e-01 8.9548138957872614e-01
-5.0323776248748109e-01 -2.3924636040813915e-01 8.3036915491728880e-01
-4.5636970846744418e-01 -1.0463203024891612e-01 8.8361690083391342e-01
-6.3660758567398190e-01 6.6786432163170539e-02 7.6829054031743615e-01
-7.3952414772727282e-01 2.3171164772727276e-01 6.4651786098168307e-01
-6.0053060416465465e-01 1.3883273506713328e-01 7.8745696081463024e-01
-6.5198888519130005e-01 2.2129534284918440e-01 7.2521642619308313e-01
-6.8806586670062742e-01 1.4924903994522165e-01 7.1013385157795705e-01
-5.0879850575511698e-01 7.2211489670606338e-02 8.5785172454271608e-01
-5.5414497789193073e-01 1.5328151136525109e-02 8.3227903449497476e-01
-6.5331159301254205e-01 3.0185878866038041e-01 6.9430917763191247e-01
-6.9492533290638914e-01 4.7587395734038018e-01 5.8806322744817718e-01
-5.9815669569607754e-01 5.2020668861592667e-01 6.2951945137915466e-01
-6.5996266645319457e-01 5.5043697867019015e-01 5.7458132615222557e-01
-8.0453962043489236e-01 6.1949227508325733e-01 4.6116958454134394e-01
-7.4973247667064080e-01 5.4768311621181875e-01 5.2196626789547995e-01
-7.1476981021744623e-01 6.2224613754162861e-01 5.0810134009308605e-01
-7.2281108758506551e-01 7.0131614672263975e-01 4.6668466532483160e-01
-7.7971326694730936e-01 8.6091173305269053e-01 3.6967712085504900e-01
-6.7436814886557572e-01 8.9324044347247877e-01 3.9492556685165842e-01
-7.1039791084127413e-01 8.2202587570735641e-01 4.1514618474841031e-01
-7.4368350497161106e-01 9.3212630081781300e-01 3.5182867675515261e-01
-8.6645620715349692e-01 9.8586283393774155e-01 2.8656123547372497e-01
-8.2308473705040308e-01 9.2338728349521604e-01 3.2688408597550378e-01
-7.8705497507470479e-01 9.9460185126033851e-01 3.0985558937933566e-01
-8.7602580257035090e-01 1.0613128284079720e+00 2.5433475294076696e-01
-1.0156250000000000e+00 1.0156250000000000e+00 2.2524447027651590e-01
-1.0558986962114376e+00 1.1824681894449194e+00 1.5809001292001901e-01
-9.3750000000000000e-01 1.3067274716177861e+00 1.4831308244381608e-01
-8.5139898953533022e-01 1.3169911682294686e+00 1.6544694338766328e-01
-9.1154769899360244e-01 1.2217451472479945e+00 1.8476393510349248e-01
-9.7074704709932136e-01 1.1596155061615612e+00 1.9015910000698463e-01
-9.9669934810571881e-01 1.2445978305313528e+00 1.5415149218436586e-01
-1.0966929878663159e+00 1.3398753532247523e+00 9.8080238698102909e-02
-1.0170964939331579e+00 1.3233014124212692e+00 1.2308020434434509e-01
-1.0170964939331579e+00 1.4199376766123761e+00 9.2150348637841509e-02
-1.1250000000000000e+00 1.5000000000000000e+00 4.3902936429068271e-02
-1.1108464939331579e+00 1.4199376766123761e+00 7.0606089959370941e-02
-1.0312500000000000e+00 1.5000000000000000e+00 6.4045199814526554e-02
-6.3101218560210026e-01 4.2393994346693414e-01 6.5765472337389508e-01
-7.1722474031683103e-01 3.5379280253382650e-01 6.2335749104665605e-01
-7.9212644369110086e-01 7.4020200406797398e-01 4.1658700641129143e-01
-1.0357618481057189e+00 1.0990465947224597e+00 1.9110528873289287e-01
-9.5061019899360244e-01 1.0761939114391015e+00 2.2541789778906640e-01
-9.4104060357674846e-01 1.0007439169688708e+00 2.5555357413794272e-01
-9.3750000000000000e-01 1.4033637358088931e+00 1.1549630517994040e-01
4.6803902590406354e-01 -6.8108203133653256e-01 6.0135234997097842e-01
6.4278264313773192e-01 -7.8452858933553804e-01 4.6203889193955006e-01
5.5541083452089768e-01 -7.3280531033603524e-01 5.2875894380262101e-01
6.3389132156886596e-01 -7.0476429466776902e-01 5.0808738653571772e-01
5.4651951295203172e-01 -6.5304101566826622e-01 5.8107011402511488e-01
4.8019510188974490e-01 -6.1208253492100739e-01 6.4255039726444263e-01
4.0665261228770344e-01 -6.0263925983092947e-01 6.8778743873649628e-01
3.0250806300701372e-01 -6.6155149242045108e-01 6.8920866488292587e-01
6.9721650962007525e-02 -7.2126246363595281e-01 6.9180584181782612e-01
1.1524050067645557e-01 -6.5154243400922573e-01 7.4980803122477524e-01
2.3163370669895866e-01 -6.2168694840147487e-01 7.4823202558308255e-01
1.8611485698451063e-01 -6.9140697802820195e-01 6.9808140696020882e-01
7.1308158297458002e-01 -7.4580576194777004e-01 4.5033384872834281e-01
7.6811453066479030e-01 -8.8481573298443972e-01 3.6380754358266582e-01
7.0544858690126111e-01 -8.3467216115998888e-01 4.1122168518348118e-01
7.7574752673810932e-01 -7.9594933377222099e-01 3.9976256620685130e-01
9.3936694302714197e-01 -8.6034868529148190e-01 3.0696041605123070e-01
1.0245459214056321e+00 -8.4531379476709401e-01 2.7848636070803334e-01
9.4959418579928534e-01 -7.7057612836002665e-01 3.3471637230279144e-01
1.0347731641777753e+00 -7.5554123783563876e-01 3.0300362265427827e-01
8.6137373291928510e-01 -7.8371580992574197e-01 3.6799055669640407e-01
8.5374073684596619e-01 -8.7258220913796081e-01 3.3589539356814274e-01
1.0156250000000000e+00 -1.0156250000000000e+00 2.2526701846211231e-01
9.7749597151357093e-01 -9.3798684264574095e-01 2.6505792906953130e-01
1.0626749498920609e+00 -9.2295195212135306e-01 2.3903568092619051e-01
1.1763770886056322e+00 -1.0624865298144186e+00 1.5815569226179083e-01
1.2878024193548387e+00 -9.3750000000000000e-01 1.5484193075051958e-01
1.3602938071195410e+00 -1.0692841840775988e+00 9.8565343088095947e-02
1.2320897539802353e+00 -9.9999326490720930e-01 1.5745367182711814e-01
1.3240481132371897e+00 -1.0033920920387995e+00 1.2624220183541976e-01
1.4301469035597705e+00 -1.0033920920387995e+00 9.1997223596291297e-02
1.5000000000000000e+00 -1.1250000000000000e+00 4.3902936429068271e-02
1.4301469035597705e+00 -1.0971420920387995e+00 7.0726749509109274e-02
1.5000000000000000e+00 -1.0312500000000000e+00 6.4045199814526554e-02
1.3153985445957830e+00 -8.6181901441810294e-01 1.6358014077039126e-01
1.1987636595694804e+00 -8.8388945212135306e-01 2.0056565319320424e-01
1.1430509941948772e+00 -9.4638271702856236e-01 2.0304380105054701e-01
1.0960010443028161e+00 -1.0390557649072094e+00 1.9108924036447156e-01
1.3939012096774195e+00 -9.3750000000000000e-01 1.1867778003674619e-01
3.2388713083917853e-01 -5.9287399037288879e-01 7.3729068759621041e-01
3.8527354445553863e-01 -6.7131676187849187e-01 6.4587168358454683e-01
5.0232735114422340e-02 -6.0269218663468571e-01 7.9639111025451903e-01
-1.6125781383094318e-01 -6.3364956319724741e-01 7.5662682250790081e-01
-4.5768081434467825e-02 -6.7745601341660011e-01 7.3413802013483487e-01
-6.5256997282053017e-02 -5.5888573641533301e-01 8.2667300544847899e-01
-1.7778166466236617e-01 -5.2878365447521691e-01 8.2992862733473194e-01
-2.8782462015804150e-01 -5.4612325896459712e-01 7.8670602771859244e-01
-2.4106506782591530e-01 -4.8502050235889171e-01 8.4062045262152363e-01
-3.6129343298624006e-01 -5.2326858459080561e-01 7.7178821166259870e-01
-3.7500000000000000e-01 -7.5000000000000000e-01 5.8992931152037131e-01
-5.6137464236953094e-01 -6.4440078768901599e-01 5.7597614420840870e-01
-4.9806844409198481e-01 -5.7240734895301504e-01 6.5662973235501643e-01
-4.6818732118476547e-01 -6.9720039384450794e-01 5.8826328195479383e-01
-4.0488112290721934e-01 -6.2520695510850699e-01 6.6892059393972603e-01
-3.3141231007902072e-01 -6.4806162948229851e-01 6.8569818806879967e-01
-2.2454121699449234e-01 -5.8988641108092232e-01 7.7563861681372048e-01
-6.9138526448664095e-01 -5.0347471493353435e-01 5.7603176474391005e-01
-7.2068501752716418e-01 -2.6449608045684631e-01 6.5235861397706640e-01
-6.4305174783855878e-01 -2.8492743533270637e-01 7.1084513517115733e-01
-7.0603514100690257e-01 -3.8398539769519036e-01 6.1878512235345751e-01
-6.2840187131829717e-01 -4.0441675257105036e-01 6.6672033676645770e-01
-5.6307375515053981e-01 -5.0194431257527417e-01 6.6009847661475674e-01
-6.2637995342808594e-01 -5.7393775131127511e-01 5.8025746015373780e-01
-5.7944567453615847e-01 -1.4954283996753159e-01 8.0117391949300343e-01
-5.1025136068058363e-01 -1.6133838528762176e-01 8.4475645860590842e-01
-5.2556402232301902e-01 -9.2836484928825957e-02 8.4567360459323138e-01
-6.0802663010507019e-01 -4.1378203902180527e-02 7.9283760085209232e-01
-7.2916666666666663e-01 -1.0416666666666667e-01 6.8084874003178841e-01
-6.5006534603166133e-01 -2.0701946021218895e-01 7.3113472697047455e-01
-6.5430617060141261e-01 -1.2685475331709914e-01 7.4551412238385739e-01
-6.8288712617032421e-01 -1.8690117251748066e-02 7.3028477488439514e-01
-7.7202298169675521e-01 2.9570680168691577e-02 6.4792891995925039e-01
-9.0947414783524116e-01 5.8372044783748384e-02 5.3499024599955902e-01
-9.1303214795566912e-01 2.3184361073227752e-01 5.1246111563123586e-01
-9.1125314789545508e-01 1.4510782775801295e-01 5.2658899489384059e-01
-8.2627814784147091e-01 2.3177762922977513e-01 5.7624989884836320e-01
-8.2449914778125699e-01 1.4504184625551059e-01 5.9295386280141271e-01
-8.4074856476599824e-01 4.3971362476219980e-02 5.8915380859160416e-01
-7.5577356471201407e-01 1.3064116394798217e-01 6.5236118986872782e-01
-7.0431528368536855e-01 4.8178556165931058e-02 7.0825052622145290e-01
-7.5059482418171086e-01 -3.7297993248987547e-02 6.6643467010523694e-01
-5.7243207634305593e-01 -2.2745081508804899e-01 7.8777385377363207e-01
-8.5721533364848801e-01 4.4776551660601027e-01 4.9435933418292943e-01
-9.7920078630808716e-01 6.6142421369191284e-01 3.5799401548587462e-01
-1.0205602488957453e+00 8.3614425009766535e-01 2.8300866701648542e-01
-8.9249372432903284e-01 7.7420467107363633e-01 3.5809624033754861e-01
-9.5652698661238911e-01 8.0517446058565079e-01 3.1959980056172838e-01
-9.3584725531855995e-01 7.1781444238277459e-01 3.5928026153127551e-01
-8.4851667238196260e-01 6.9684847307844677e-01 4.0792744188684582e-01
-8.9187020337148981e-01 6.4045824438758503e-01 4.0791555298519533e-01
-8.3087747704169024e-01 5.3362889584463380e-01 4.8008160070670786e-01
-9.1820805997828758e-01 5.5459486514896161e-01 4.2382151624408931e-01
-7.7607033327743857e-01 4.6181973697319523e-01 5.4076881133160182e-01
-7.9836974068788047e-01 3.3973858216664155e-01 5.6829351851547316e-01
-8.8512374080207856e-01 3.3980456366914391e-01 5.0798744909164861e-01
-8.3610349563817110e-01 8.1755820206316343e-01 3.6510949780276791e-01
-8.7947496574126482e-01 8.8003375250568894e-01 3.2294684601014501e-01
-9.4350822802462109e-01 9.1100354201770339e-01 2.8706847553464521e-01
-1.0180926244478727e+00 9.2588462504883262e-01 2.5434472939365405e-01
-1.1527900508177997e+00 8.9049048694419664e-01 2.1566457972118658e-01
-1.1763770886056322e+00 1.0624865298144186e+00 1.5814667139165139e-01
-1.1161378924085348e+00 1.1224773596296691e+00 1.5909925958383597e-01
-1.0960010443028161e+00 1.0390557649072094e+00 1.9108354322458321e-01
-1.1645835697117159e+00 9.7648850837930756e-01 1.8679384664422727e-01
-1.0842075254088999e+00 9.5305774347209837e-01 2.2181706057548620e-01
-1.0866751498567724e+00 8.6331736852093099e-01 2.4857616849352523e-01
-1.0762958420388768e+00 1.2611717713348358e+00 1.2758217729752885e-01
-1.2225740708274895e+00 1.2234308549744379e+00 9.8826171220220360e-02
-1.1596335293469027e+00 1.2816531040995951e+00 9.9287340766404483e-02
-1.1392363835194637e+00 1.2029495222096787e+00 1.2808040321248040e-01
-1.1994755797165608e+00 1.1429586923944282e+00 1.2806576639011738e-01
-1.3037345542984413e+00 1.3499458733703091e+00 4.3277929916695060e-02
-1.3125000000000000e+00 1.5000000000000000e+00 2.3330889532769826e-03
-1.3081172771492207e+00 1.4249729366851547e+00 2.2704539260424574e-02
-1.2143672771492207e+00 1.4249729366851547e+00 4.4913486316563278e-02
-1.2002137710823786e+00 1.3449106132975306e+00 7.0704910009477456e-02
-1.2631543125629654e+00 1.2866883641723734e+00 7.0508980228284862e-02
-1.2187500000000000e+00 1.5000000000000000e+00 2.3282701639602429e-02
4.8681038910851343e-01 -8.4670080307278139e-01 4.8766728889418043e-01
5.6479651612312265e-01 -8.1561469620415972e-01 4.7704379662475249e-01
4.7742470750628851e-01 -7.6389141720465692e-01 5.4265999983712987e-01
3.0458373784878368e-01 -8.4378957637701746e-01 5.4528677370223777e-01
1.5808823529411764e-01 -9.5220588235294112e-01 4.9538634641486229e-01
4.9807342824405021e-03 -9.6696084566492413e-01 4.9394680420236281e-01
8.1534484788279071e-02 -9.5958336400893263e-01 4.9689868405337423e-01
3.7351192622224014e-02 -8.4411165465043847e-01 5.8589535848524277e-01
1.1390494312806258e-01 -8.3673417299444697e-01 5.8646694323785409e-01
1.8715269440539561e-01 -7.8252602000648519e-01 6.1936582683093988e-01
3.0354590042789870e-01 -7.5267053439873433e-01 6.1376175593157678e-01
3.8631138187642361e-01 -7.6243580385677501e-01 5.7839059173351182e-01
3.9569706347864853e-01 -8.4524518972489937e-01 5.1850432332502283e-01
6.1376075557316623e-01 -9.3845193063377119e-01 3.9367777488451267e-01
6.2827169935544913e-01 -8.6149025998465456e-01 4.2797369647541222e-01
6.9093764311897821e-01 -9.1163383180910551e-01 3.8014737888999850e-01
7.1040983275643022e-01 -1.0408283915846348e+00 3.1426273837233892e-01
6.6208529416479822e-01 -9.8964016110920294e-01 3.5283909993704027e-01
7.3926218171061020e-01 -9.6282206228453726e-01 3.3972700553009355e-01
8.8333723719901425e-01 -9.8422932424591625e-01 2.8142123495551885e-01
8.3278477408420981e-01 -1.1104441772386278e+00 2.4850897194931343e-01
8.5806100564161203e-01 -1.0473367507422719e+00 2.6542487015714528e-01
9.4948111859950712e-01 -9.9992716212295818e-01 2.5301772083749557e-01
9.2420488704210491e-01 -1.0630345886193138e+00 2.3848851621444467e-01
1.0564730937583859e+00 -1.1746510097376968e+00 1.6043477299887668e-01
1.2225740708274895e+00 -1.2234308549744379e+00 9.8830962237887010e-02
1.1395235822929377e+00 -1.1990409323560673e+00 1.2917097490082532e-01
1.1164250911820091e+00 -1.1185687697760578e+00 1.6020917799451062e-01
1.1994755797165608e+00 -1.1429586923944282e+00 1.2807298604934397e-01
1.2683354478625866e+00 -1.0658853569460087e+00 1.2811493542640998e-01
1.2914339389735152e+00 -1.1463575195260183e+00 9.9919220331138148e-02
1.3770879234613371e+00 -1.2187500000000000e+00 5.7121311353001518e-02
1.5000000000000000e+00 -1.3125000000000000e+00 2.3330889532769826e-03
1.4385439617306686e+00 -1.2656250000000000e+00 2.9178364471602106e-02
1.4385439617306686e+00 -1.1718750000000000e+00 5.1034545782127905e-02
1.5000000000000000e+00 -1.2187500000000000e+00 2.3282701639602429e-02
5.5028557234083986e-01 -8.9257636685327624e-01 4.3930981996803187e-01
-1.1672295639156788e-01 -8.7289795455103181e-01 5.5707424489665203e-01
-2.9541546349465664e-01 -9.5807358446589208e-01 4.6867858064825607e-01
-4.9283005124302720e-01 -9.4346603264084050e-01 4.2797063295612392e-01
-3.9412275736884195e-01 -9.5076980855336624e-01 4.5087218846668181e-01
-3.3520773174732832e-01 -8.5403679223294604e-01 5.2878526684004878e-01
-2.5075621904231138e-01 -8.2173555364441386e-01 5.7315383896435568e-01
-2.7308584126848401e-01 -8.8990456905515303e-01 5.1898466794988063e-01
-1.8373958771693963e-01 -8.4731675409772289e-01 5.6730719987979117e-01
-2.0600701643662728e-01 -7.2769255842083069e-01 6.5906565449899523e-01
-1.3899038511125553e-01 -7.5327375887413961e-01 6.5106714689951306e-01
-2.3500652714780176e-02 -7.9708020909349231e-01 6.2505998010096286e-01
-5.5871111054563688e-02 -9.1992940010797797e-01 5.2641762364681999e-01
2.3133598657145066e-01 -8.9799772936497924e-01 5.2274838646914545e-01
9.1135209011307805e-01 -9.2228900476869913e-01 2.9489116354106354e-01
8.2572588393190227e-01 -9.3452252861517793e-01 3.2139307374047527e-01
7.9687353497772229e-01 -1.0125288579152756e+00 2.9914655969807896e-01
1.0360490468791930e+00 -1.0951380048688484e+00 1.9230161581848507e-01
9.4462893392129788e-01 -1.1425475934881621e+00 2.0371845573477404e-01
1.3686908652904390e+00 -1.1440170920387995e+00 7.7812679102976928e-02
1.2998309971444133e+00 -1.2210904274872190e+00 7.7971353627060938e-02
-2.6812890691547159e-01 -6.9182478159862371e-01 6.7156053743717703e-01
-3.1287810952115569e-01 -7.8586777682220688e-01 5.8370616272402165e-01
-5.2023604556124803e-01 -7.8906246534263236e-01 5.0837943320532286e-01
-5.0653304840213764e-01 -8.6626424899173649e-01 4.6786251132309320e-01
-4.4761802278062401e-01 -7.6953123267131618e-01 5.4903119759180297e-01
-4.3391502562151363e-01 -8.4673301632042031e-01 5.0404463082554307e-01
-5.4080534396538948e-01 -7.1673162651582412e-01 5.4289848442594779e-01
-6.7004365721640968e-01 -8.0236902835077095e-01 4.4008219546354038e-01
-5.9513985138882886e-01 -7.9571574684670165e-01 4.7441490076262738e-01
-6.1570914979297031e-01 -7.2338490801989352e-01 5.0477188475785362e-01
-7.3994965279596547e-01 -6.5715137399902857e-01 4.7720284809139391e-01
-9.0374673899547431e-01 -5.9244421443167083e-01 4.1795408641181375e-01
-8.2184819589571989e-01 -6.2479779421534976e-01 4.4871480540889913e-01
-7.1566745864130321e-01 -5.8031304446628140e-01 5.2561178005370235e-01
-7.9756600174105763e-01 -5.4795946468260259e-01 4.9263518086054631e-01
-9.4189154063027658e-01 -4.4940996426554464e-01 4.4191140538074641e-01
-8.7167112729598561e-01 -3.1909144615125007e-01 5.2179262690856876e-01
-7.9617807241157490e-01 -2.9179376330404816e-01 5.8376940486613482e-01
-7.8152819589131328e-01 -4.1128308054239221e-01 5.5509238695413810e-01
-9.0678133396313110e-01 -3.8425070520839733e-01 4.8137430850109048e-01
-8.1663840255845876e-01 -4.7644233959953952e-01 5.0864879111794059e-01
-9.2281913981287544e-01 -5.2092708934860776e-01 4.3136199323225144e-01
-6.5066214758274821e-01 -6.5077608084402228e-01 5.2623397434226504e-01
-7.0499665500618758e-01 -7.2976020117489981e-01 4.6022932143146938e-01
-7.2492584209691535e-01 -1.8433137356175650e-01 6.6931578727021013e-01
-9.2692446146502361e-01 -1.3400034084766396e-01 5.1627682823313825e-01
-1.1159974055548405e+00 -6.9212297931966871e-02 3.9563852727560750e-01
-1.1174138452665821e+00 1.2688407240077648e-01 3.9176660209357544e-01
-1.0648674242424243e+00 3.1581439393939398e-01 4.0020519061852633e-01
-1.0152229966111257e+00 1.7936384156652702e-01 4.5100023188622018e-01
-9.8894978609904671e-01 2.7382900233583574e-01 4.5415141870018250e-01
-1.0911406347545032e+00 2.2134923317008523e-01 3.9863394329235768e-01
-8.2380473949609390e-01 -1.9924821065225512e-01 5.8426586596577956e-01
-8.2804556406584506e-01 -1.1908350375716531e-01 5.9342740159066354e-01
-8.4947372158088941e-01 -5.2214830339486193e-02 5.8165778062510531e-01
-9.1819930465013244e-01 -3.7814148031957789e-02 5.2929721689594489e-01
-1.0214609335099321e+00 -1.0160631938981542e-01 4.5382077300521584e-01
-1.0127357766950409e+00 -5.4201265741092436e-03 4.6310973775362213e-01
-1.0134439965509117e+00 9.2628058592262433e-02 4.5984079860076399e-01
-1.1167056254107113e+00 2.8835887234404806e-02 3.9633765906263002e-01
-8.9929779438050461e-01 -2.2654589349945703e-01 5.2283360356659370e-01
-9.6104137894545616e-01 3.8178995527270210e-01 4.4887629645208960e-01
-1.0302137239260103e+00 4.9064679374605208e-01 3.8178511274378407e-01
-9.4371452878724915e-01 4.6920615517603115e-01 4.3588335880654511e-01
-1.0475405740842172e+00 4.0323059384272303e-01 3.9306860066167504e-01
-1.0047072551170486e+00 5.7603550371898249e-01 3.7172565825367387e-01
-1.1198713212637961e+00 6.1043617169975428e-01 3.0606782945063760e-01
-1.1779635165663340e+00 7.4976191629156630e-01 2.4444192478574292e-01
-1.1489174189150650e+00 6.8009904399566024e-01 2.7494542648461573e-01
-1.0495360537859417e+00 6.3593019269583362e-01 3.3231615930628056e-01
-1.0785821514372107e+00 7.0559306499173957e-01 2.9893160899853100e-01
-1.0992618827310396e+00 7.9295308319461588e-01 2.6467716735140590e-01
-9.9988051760191621e-01 7.4878423189478904e-01 3.2021931647208640e-01
-1.0750425225949032e+00 5.5054148272290315e-01 3.4313837003000830e-01
-1.1653767836920670e+00 8.2012620161788141e-01 2.3060240228358955e-01
-1.2878024193548387e+00 9.3750000000000000e-01 1.5482563654906126e-01
-1.3602938071195410e+00 1.0692841840775988e+00 9.8559641752204150e-02
-1.2683354478625866e+00 1.0658853569460087e+00 1.2810350025432360e-01
-1.2320897539802353e+00 9.9999326490720930e-01 1.5742937441256763e-01
-1.3240481132371897e+00 1.0033920920387995e+00 1.2623257537585936e-01
-1.2202962350863191e+00 9.1399524347209837e-01 1.8463061068846348e-01
-1.2328829679605864e+00 8.4363095814578315e-01 1.9850253693782896e-01
-1.2914339389735152e+00 1.1463575195260183e+00 9.9912814732821154e-02
-1.3770879234613371e+00 1.2187500000000000e+00 5.7118549417307200e-02
-1.5000000000000000e+00 1.3125000000000000e+00 2.3330889532769826e-03
-1.4385439617306686e+00 1.2656250000000000e+00 2.9177260479653536e-02
-1.3404112388798892e+00 1.2843479366851547e+00 5.0683065871632835e-02
-1.4018672771492207e+00 1.3312229366851547e+00 2.3101269983416932e-02
-1.5000000000000000e+00 1.5000000000000000e+00 -4.0061509279258653e-02
-1.4018672771492207e+00 1.4249729366851547e+00 3.5980750866794627e-04
-1.4062500000000000e+00 1.5000000000000000e+00 -1.8817907513585887e-02
-1.2998309971444133e+00 1.2210904274872190e+00 7.7967165764783061e-02
-1.3686908652904390e+00 1.1440170920387995e+00 7.7808624351027506e-02
-1.5000000000000000e+00 1.4062500000000000e+00 -1.8817907513585887e-02
4.9150671850871264e-01 -9.9089372486464544e-01 4.0294464613063374e-01
5.7892501348625580e-01 -1.0911645235247209e+00 3.2781116794232823e-01
5.5263373704093943e-01 -9.6467282774920826e-01 3.9949126104902571e-01
5.3521586599748416e-01 -1.0410291241946832e+00 3.6442471391777559e-01
5.9634288452971096e-01 -1.0148082270792460e+00 3.6065999920798042e-01
6.4466742312134295e-01 -1.0659964575546779e+00 3.2204166799702949e-01
7.1062135086130462e-01 -1.2762673439301635e+00 2.1374641734126743e-01
9.3750000000000000e-01 -1.2878024193548387e+00 1.5482181081931326e-01
1.0966991948222873e+00 -1.3360696171028568e+00 9.9239369527568011e-02
1.0765861442903366e+00 -1.2553603134202769e+00 1.2932530605890813e-01
1.1596366328248884e+00 -1.2797502360386472e+00 9.9846713006700893e-02
1.3037345542984413e+00 -1.3499458733703091e+00 4.3279753374644001e-02
1.5000000000000000e+00 -1.5000000000000000e+00 -4.0061509279258653e-02
1.4018672771492207e+00 -1.4249729366851547e+00 3.6030391574843999e-04
1.4018672771492207e+00 -1.3312229366851547e+00 2.3102430569323044e-02
1.5000000000000000e+00 -1.4062500000000000e+00 -1.8817907513585887e-02
4.8915855380861306e-01 -9.1879726396871342e-01 4.4426194027455057e-01
3.6504500443759391e-01 -1.0321687322529520e+00 4.0980726086689989e-01
3.3481437114318879e-01 -9.3797915431498469e-01 4.7422416965686937e-01
2.6156661986585578e-01 -9.9218730730294658e-01 4.5388646414121031e-01
1.6031633378082652e-01 -1.1060065695604833e+00 3.9570655085915529e-01
7.2088327691493537e-03 -1.1207615328724663e+00 3.9362049211947814e-01
8.2648534031633511e-02 -1.0364837076127036e+00 4.4472457428813861e-01
6.0947835257949279e-03 -1.0438611892686951e+00 4.4192829340873535e-01
8.3762583274987937e-02 -1.1133840512164748e+00 3.9628446169355436e-01
4.2592769677305364e-01 -9.3943476766286671e-01 4.5042040591665500e-01
4.2827586147315327e-01 -1.0115312285587987e+00 4.0761144049330666e-01
1.5920228453747209e-01 -1.0291062259567121e+00 4.4376873918332788e-01
2.6268066910921023e-01 -1.0690876509067175e+00 4.0604762828521479e-01
-1.6156967562112282e-01 -1.0088426764179221e+00 4.5619906096040225e-01
-2.1816332916145179e-01 -1.1403316645807258e+00 3.6941741710405873e-01
-4.4169891955073765e-01 -1.1038592707304387e+00 3.5310019344736837e-01
-3.6855719152269717e-01 -1.0309664275981654e+00 4.0902555497505683e-01
-4.6726448539688242e-01 -1.0236626516856395e+00 3.9036942900710403e-01
-6.0621349082081744e-01 -1.1395711636069392e+00 2.9731620434504685e-01
-6.5660874481713083e-01 -9.6733117071346331e-01 3.6433474060234683e-01
-6.3141111781897408e-01 -1.0534511671602012e+00 3.3095434510440780e-01
-5.7471939803007899e-01 -9.5539860167715185e-01 3.9650807242514846e-01
-5.4952177103192235e-01 -1.0415185981238899e+00 3.5950351958700993e-01
-5.2395620518577757e-01 -1.1217152171686888e+00 3.2561051230370514e-01
-7.8294470669341157e-02 -9.8790176104142313e-01 4.7706099901780091e-01
-7.7180421425986731e-02 -1.0648021046451941e+00 4.2652213170228809e-01
-1.8986650239128730e-01 -1.0745871704993240e+00 4.1150959347289656e-01
-2.2849256955788971e-01 -9.8345813044190711e-01 4.6409497096174246e-01
-1.3914631600634536e-01 -9.4087031548447697e-01 5.0479771527365658e-01
-2.0606920994311226e-01 -9.1548576950846194e-01 5.1371425332893816e-01
7.1051559180886747e-01 -1.1585478677573993e+00 2.6282688204804944e-01
6.4477318217378021e-01 -1.1837159337274423e+00 2.6841527077876753e-01
7.7159730342032007e-01 -1.0756362844116314e+00 2.8076772745370016e-01
7.7170306247275722e-01 -1.1933557605843956e+00 2.3245526157037399e-01
8.8514238704210491e-01 -1.1991232982967333e+00 2.0007328213033010e-01
8.2406067543065231e-01 -1.2820348816425011e+00 1.8489669717913387e-01
9.9698654687919297e-01 -1.2312267145462679e+00 1.5854171151301555e-01
1.0170995974111436e+00 -1.3119360182288478e+00 1.2676121943351643e-01
1.2002168745603643e+00 -1.3430077452365830e+00 7.1243277716792938e-02
1.2631543125629654e+00 -1.2866883641723734e+00 7.0512381338980940e-02
1.3404112388798892e+00 -1.2843479366851547e+00 5.0685526996936736e-02
-3.2993112435609473e-01 -1.1220954676555821e+00 3.6431699613106255e-01
-2.5678939632805420e-01 -1.0492026245233088e+00 4.1833335886986078e-01
-5.8842239518918937e-01 -8.7819681802804783e-01 4.3254933294284059e-01
-6.6332620101677020e-01 -8.8485009953211713e-01 4.0196574277887631e-01
-7.9385405102809670e-01 -9.2228125713398090e-01 3.3717511570879583e-01
-7.2523139792261371e-01 -9.4480621392372210e-01 3.5171924262962911e-01
-7.3194885412225319e-01 -8.6232514274237593e-01 3.8670238793562955e-01
-8.5348540211883972e-01 -7.7153952451770969e-01 3.7523782433383968e-01
-7.9671752745740254e-01 -7.1434544925836918e-01 4.2433199751348194e-01
-8.7861607055715707e-01 -6.8199186947469026e-01 3.9824076611748277e-01
-9.9898726851851849e-01 -8.1790388431013428e-01 2.9711901391031986e-01
-1.0937500000000000e+00 -7.2248931623931623e-01 2.8694932363069964e-01
-9.5136700375699634e-01 -7.0517404937090256e-01 3.5578718712871044e-01
-1.0463686342592593e+00 -7.7019660027472525e-01 2.9291222126139482e-01
-9.9874836949773715e-01 -6.5746676533549353e-01 3.4928886329246028e-01
-1.1351668311300669e+00 -5.8895546932411402e-01 3.0381791111738271e-01
-1.1144584155650334e+00 -6.5572239278171507e-01 2.9626431912958551e-01
-1.0194567850627707e+00 -5.9069984187789237e-01 3.5938470410385248e-01
-1.0897435897435896e+00 -4.5673076923076933e-01 3.5767165446306387e-01
-1.0158175651869330e+00 -4.5307036674815698e-01 3.9869336782099069e-01
-9.9674516436953198e-01 -5.2458749183122011e-01 3.9001593186753530e-01
-1.1124552104368282e+00 -5.2284311927744165e-01 3.3075403443987161e-01
-7.6176452966762476e-01 -7.8695427643424032e-01 4.0852689215318266e-01
-8.2366972657346826e-01 -8.4691039082584529e-01 3.5725194853788228e-01
-9.2623633531867910e-01 -7.9472170441392198e-01 3.3525167969774305e-01
-1.0725400142904888e+00 -2.6091668721263273e-01 4.0420289732987941e-01
-9.9973223787775622e-01 -1.9745851403014836e-01 4.5867851456945119e-01
-1.0942687099226647e+00 -1.6506449257229980e-01 4.0258539506020907e-01
-1.2417844594703169e+00 -1.3954810768724299e-01 3.1992355589724325e-01
-1.3034346422046850e+00 -9.2838991129596173e-03 2.9126439455615077e-01
-1.3039118401094734e+00 1.8750000000000000e-01 2.8408603587417464e-01
-1.2104242437356336e+00 5.8800086643908435e-02 3.4089342325552580e-01
-1.2106628426880277e+00 1.5719203620038824e-01 3.3588633264253587e-01
-1.3036732411570791e+00 8.9108050443520187e-02 2.8961478032361587e-01
-1.0072157774603827e+00 -3.5516332573908871e-01 4.2644827636427923e-01
-9.7210557079323723e-01 -2.9000406668194140e-01 4.6158092505904352e-01
-1.0811418020170391e+00 -3.5882372822170105e-01 3.8265431120641713e-01
-1.2097160238797628e+00 -3.9248098522463241e-02 3.4168186178498583e-01
-1.2726095508375010e+00 -7.4416003400101308e-02 3.0638665259977133e-01
-1.1788909325125787e+00 -1.0438020280960493e-01 3.5692876439018389e-01
-1.1571622368804029e+00 -2.0023239744993787e-01 3.6214965291832862e-01
-1.2029746089364608e+00 2.8628024101974825e-01 3.2716397863962782e-01
-1.1654391233321886e+00 4.2659938016549470e-01 3.2469086270701941e-01
-1.1842068661343248e+00 3.5643981059262148e-01 3.2709324891334690e-01
-1.1339210165894427e+00 3.0104731747957114e-01 3.6295588894454062e-01
-1.1151532737873064e+00 3.7120688705244431e-01 3.6173124154397956e-01
-1.0978264236290993e+00 4.5862308695577336e-01 3.5339942175180461e-01
-1.1426552222979924e+00 5.1851777593262449e-01 3.1717952228827939e-01
-1.2550967206699744e+00 5.4638875811919685e-01 2.5796864672032538e-01
-1.1874840209668851e+00 5.7841246490947551e-01 2.8226252592462936e-01
-1.2165301186181541e+00 6.4807533720538157e-01 2.5324663700264305e-01
-1.3390226773887484e+00 6.9453300950460173e-01 1.9191050696405085e-01
-1.3822110705620290e+00 8.3052003073231362e-01 1.4650028168559587e-01
-1.3606168739753888e+00 7.6252652011845767e-01 1.6915108123036018e-01
-1.2800872935641814e+00 7.9014097351194001e-01 1.9376780340213862e-01
-1.2584930969775412e+00 7.2214746289808396e-01 2.1833329057040815e-01
-1.2970596990293615e+00 6.2046088381189923e-01 2.2452796177912263e-01
-1.1601942271015213e+00 2.0658215671026237e-01 3.5994814834368433e-01
-1.2534432245229672e+00 2.3689012050987412e-01 3.0598294395834319e-01
-1.2102679220010815e+00 4.8649406914234578e-01 2.9081138311122440e-01
-1.3350067449584340e+00 8.8401001536615675e-01 1.5131596062713765e-01
-1.5000000000000000e+00 9.3750000000000000e-01 8.3539549081038195e-02
-1.5000000000000000e+00 1.1250000000000000e+00 4.3902936429068271e-02
-1.4385439617306686e+00 1.1718750000000000e+00 5.1032880616696558e-02
-1.5000000000000000e+00 1.2187500000000000e+00 2.3282701639602429e-02
-1.4301469035597705e+00 1.0033920920387995e+00 9.1996220520927485e-02
-1.4301469035597705e+00 1.0971420920387995e+00 7.0724481149166935e-02
-1.5000000000000000e+00 1.0312500000000000e+00 6.4045199814526554e-02
-1.3939012096774195e+00 9.3750000000000000e-01 1.1868019879013385e-01
-1.4411055352810145e+00 8.8401001536615675e-01 1.1431678170856852e-01
4.7198500896192486e-01 -1.0616666278888365e+00 3.6948245414837416e-01
4.2337645445832417e-01 -1.2688538170367116e+00 2.7359342204380677e-01
2.9542785799488441e-01 -1.1598851159027073e+00 3.4918195509772348e-01
3.3023643121623913e-01 -1.0960269240778295e+00 3.7951963032779995e-01
3.5940215622660432e-01 -1.2143694664697096e+00 3.1077137905740881e-01
3.9421072944795904e-01 -1.1505112746448318e+00 3.3835157653589742e-01
5.0115073397229004e-01 -1.1800091702807163e+00 3.0251491848398981e-01
5.6787994475606196e-01 -1.2384236778592859e+00 2.6113766989122528e-01
6.5181645854026038e-01 -1.3982337049345062e+00 1.7660877047156021e-01
6.0984820164816123e-01 -1.3183286913968959e+00 2.1756303303003541e-01
6.8121890470078250e-01 -1.3372505244323349e+00 1.9535745357921719e-01
6.3925064780868324e-01 -1.2573455108947247e+00 2.3753980310673634e-01
5.7340247912115894e-01 -1.1647941006920033e+00 2.9393723459125265e-01
4.9562819960719307e-01 -1.2536387474479986e+00 2.6835296655066543e-01
8.4375000000000000e-01 -1.3939012096774193e+00 1.3942976848107907e-01
7.7718567543065231e-01 -1.3350842768037914e+00 1.7567641298092540e-01
8.9062500000000000e-01 -1.3408518145161290e+00 1.4770005427152333e-01
9.3750000000000000e-01 -1.5000000000000000e+00 8.3539549081038195e-02
1.1250000000000000e+00 -1.5000000000000000e+00 4.3902936429068271e-02
1.0170995974111436e+00 -1.4180348085514285e+00 9.2758574584572540e-02
1.1108495974111436e+00 -1.4180348085514285e+00 7.1173308140064617e-02
1.0312500000000000e+00 -1.5000000000000000e+00 6.4045199814526554e-02
7.4778322927013019e-01 -1.3960674573059628e+00 1.5875404751875283e-01
9.3750000000000000e-01 -1.3939012096774195e+00 1.1868613919244361e-01
8.9062500000000000e-01 -1.4469506048387095e+00 1.1092835105432479e-01
1.2143672771492207e+00 -1.4249729366851547e+00 4.4915020850606557e-02
1.3125000000000000e+00 -1.5000000000000000e+00 2.3330889532769826e-03
1.3081172771492207e+00 -1.4249729366851547e+00 2.2705476806001754e-02
1.4062500000000000e+00 -1.5000000000000000e+00 -1.8817907513585887e-02
1.2187500000000000e+00 -1.5000000000000000e+00 2.3282701639602429e-02
2.2787209588785545e-01 -1.1329458427315953e+00 3.7299244743643811e-01
1.8749999999999992e-01 -1.2574022897749704e+00 3.0808847114642757e-01
1.7390816689041322e-01 -1.1817044296677268e+00 3.5050410990715503e-01
9.7354416384574635e-02 -1.1890819113237183e+00 3.5125307906518149e-01
6.1848843581280927e-02 -1.3540452368702103e+00 2.6453690684493525e-01
3.4528838175215140e-02 -1.2374033848713384e+00 3.2612424037379700e-01
1.2467442179064042e-01 -1.3057237633225904e+00 2.8684532960767078e-01
2.4146392899744218e-01 -1.2086437028388388e+00 3.2919451573375552e-01
-9.0015927333786799e-02 -1.3086011647867279e+00 2.8672514159791745e-01
-1.4083541876252936e-02 -1.3313232008284692e+00 2.7665941676838540e-01
-4.1403547282318723e-02 -1.2146813488295971e+00 3.3853225932712672e-01
-1.5408962824761929e-01 -1.2244664146837270e+00 3.2805171230354141e-01
-1.0547724819615122e-01 -1.1305465987265961e+00 3.8464861674046563e-01
-4.1244258086334745e-01 -1.2696436189048352e+00 2.7462324334298954e-01
-5.6139348211793882e-01 -1.2821700764462978e+00 2.4243329865018287e-01
-4.8691803149064317e-01 -1.2759068476755666e+00 2.5916230665357753e-01
-5.0154620083433821e-01 -1.1930146735883682e+00 2.9559264699439025e-01
-4.2707075020704255e-01 -1.1867514448176371e+00 3.1309444159478272e-01
-3.1530295501239963e-01 -1.2049876417427805e+00 3.2167646027235097e-01
-2.5781881889623720e-01 -1.3436599988185167e+00 2.5804974761264760e-01
-1.7391737311501199e-01 -1.3261305818026223e+00 2.7347723744287572e-01
-2.3799107402884451e-01 -1.2419958316996214e+00 3.1144313504911758e-01
-3.3513069987979233e-01 -1.3066518088616759e+00 2.6760900560186685e-01
-5.8380348646937819e-01 -1.2108706200266184e+00 2.6980411846208691e-01
-7.0869402132409831e-01 -1.3075833460641135e+00 2.0121575201228889e-01
-7.8900522469774670e-01 -1.0666497359431681e+00 2.7860294695227528e-01
-7.2280698475743876e-01 -1.0169904533283156e+00 3.2026111213795877e-01
-6.9760935775928212e-01 -1.1031104497750537e+00 2.8972117342863946e-01
-7.4884962301092250e-01 -1.1871165410036408e+00 2.4046325444755506e-01
-6.5745375607245782e-01 -1.2235772548355264e+00 2.4756783619174982e-01
-6.3504375172101857e-01 -1.2948767112552058e+00 2.2211055945488092e-01
-7.9142963786292175e-01 -9.9446549653857452e-01 3.0772261663563616e-01
-9.3750000000000000e-01 -9.3750000000000000e-01 2.7907417958029007e-01
-9.6824363425925930e-01 -8.7770194215506714e-01 2.8887163229193902e-01
-8.9549270105941980e-01 -8.5451976225885484e-01 3.2566212461794175e-01
-8.6567702551404835e-01 -9.2989062856699045e-01 3.0797725834589967e-01
-8.6325261234887329e-01 -1.0020748679715841e+00 2.8069367252341493e-01
-1.0937500000000000e+00 -9.1331845238095233e-01 2.3021344808095981e-01
-1.0156250000000000e+00 -9.2540922619047616e-01 2.5489393140538646e-01
-1.0463686342592593e+00 -8.6561116834554330e-01 2.6286238169493281e-01
-1.0937500000000000e+00 -8.1790388431013428e-01 2.5904712796495044e-01
-1.1912357267589369e+00 -8.1592506165508916e-01 2.2130639861169280e-01
-1.2749602532775097e+00 -5.8684803079927816e-01 2.4070607049626128e-01
-1.2330979900182233e+00 -7.0138654622718366e-01 2.3337935058168263e-01
-1.1424928633794684e+00 -7.6920718894720275e-01 2.5336798815647282e-01
-1.1843551266387549e+00 -6.5466867351929725e-01 2.6540284240891793e-01
-1.2050635422037883e+00 -5.8790175006169609e-01 2.7173272667673842e-01
-1.2334567157732543e+00 -4.4904379063296751e-01 2.8626217110499774e-01
-1.2542084845253820e+00 -5.1794591071612284e-01 2.6366795482062944e-01
-1.1843117734516606e+00 -5.1899962997854077e-01 2.9640637618566151e-01
-1.1616001527584219e+00 -4.5288727993186839e-01 3.2120357474313271e-01
-1.1529983650318716e+00 -3.5498023892280012e-01 3.4368395708355848e-01
-1.2680538862179487e+00 -2.8125000000000000e-01 2.9353268739594884e-01
-1.3781630780768119e+00 -1.2437135425036787e-01 2.5057712971746227e-01
-1.3099737687735644e+00 -1.3195973096880542e-01 2.8441020991164678e-01
-1.3407988601407483e+00 -6.6827626681663740e-02 2.7119829527152234e-01
-1.5000000000000000e+00 0.0000000000000000e+00 1.9569843739850631e-01
-1.5000000000000000e+00 1.8750000000000000e-01 1.9042500299161971e-01
-1.3153523311372155e+00 3.7182033808401238e-01 2.5897231173271945e-01
-1.4076761655686076e+00 2.7966016904200619e-01 2.2576620264332278e-01
-1.3096320856233445e+00 2.7966016904200619e-01 2.7289087255349748e-01
-1.2591634700368382e+00 3.2905028955188032e-01 2.9235785715207430e-01
-1.2403957272347022e+00 3.9920985912475354e-01 2.9152140938075194e-01
-1.2852245259035948e+00 4.5910454810160461e-01 2.6002268046052479e-01
-1.4060343986757957e+00 4.6875000000000000e-01 2.0388016996033353e-01
-1.5000000000000000e+00 5.6250000000000000e-01 1.5094540951882321e-01
-1.4530171993378977e+00 5.1562500000000000e-01 1.7700794877826051e-01
-1.3725285380322720e+00 5.8164150475230092e-01 1.9995213149938454e-01
-1.3305655596728849e+00 5.0756937905959842e-01 2.3106473073325504e-01
-1.3606933649065056e+00 4.2028516904200619e-01 2.3104431657551353e-01
-1.1424928633794684e+00 -8.6462175701802080e-01 2.2652690128261524e-01
-1.2507553009956016e+00 -3.6514689531648375e-01 2.9136765206530918e-01
-1.1702969502542189e+00 -2.7108334360631636e-01 3.4666182195817069e-01
-1.2549191728441329e+00 -2.1039905384362151e-01 3.0757189873434376e-01
-1.3231084821473802e+00 -2.0281067712518394e-01 2.7312417199144218e-01
-1.4019559200547367e+00 9.3750000000000000e-02 2.4020315875414683e-01
-1.4509779600273682e+00 1.4062500000000000e-01 2.1513904198916978e-01
-1.4509779600273682e+00 4.6875000000000000e-02 2.1795992842562084e-01
-1.3526952811297108e+00 4.2233050443520194e-02 2.6572369041532923e-01
-1.4017173211023426e+00 -4.6419495564798087e-03 2.4181433457576254e-01
-1.4390815390384060e+00 -6.2185677125183934e-02 2.2327122654234702e-01
-1.3529338800821051e+00 1.4062500000000000e-01 2.6228776624294986e-01
-1.4019559200547367e+00 1.8750000000000000e-01 2.3569032249462724e-01
-1.5000000000000000e+00 7.5000000000000000e-01 1.1980068691378727e-01
-1.4411055352810145e+00 7.9026001536615675e-01 1.3352653515646390e-01
-1.4195113386943743e+00 7.2226650475230092e-01 1.5491358167278257e-01
-1.4195113386943743e+00 6.2851650475230092e-01 1.7233821876804614e-01
-1.5000000000000000e+00 6.5625000000000000e-01 1.3613004851672125e-01
-1.5000000000000000e+00 8.4375000000000000e-01 1.0219491533492477e-01
3.0055153266046625e-01 -1.3637832902610731e+00 2.4429236808384205e-01
5.1976933203632625e-01 -1.3682776544674426e+00 2.1236629758592310e-01
4.1016043234839628e-01 -1.3660304723642578e+00 2.2995427394501003e-01
4.7157289324732521e-01 -1.3185657357520770e+00 2.4245121805545103e-01
3.6196399355939524e-01 -1.3163185536488924e+00 2.5971927367500625e-01
2.9798969532767533e-01 -1.2618342030818903e+00 2.9478440630947900e-01
2.4402576633023310e-01 -1.3105927900180219e+00 2.7585841976980385e-01
1.8120018812087357e-01 -1.3589142635656417e+00 2.5681573362820909e-01
1.8750000000000000e-01 -1.5000000000000000e+00 1.9042500299161971e-01
0.0000000000000000e+00 -1.5000000000000000e+00 1.9569843739850631e-01
-1.8750000000000000e-01 -1.5000000000000000e+00 1.9042500299161971e-01
-2.2265940944811860e-01 -1.4218299994092582e+00 2.2375628828612976e-01
-1.3875796366689341e-01 -1.4043005823933639e+00 2.3713043131530370e-01
-4.5007963666893400e-02 -1.4043005823933639e+00 2.4011278671714195e-01
-9.3750000000000000e-02 -1.5000000000000000e+00 1.9437239398047110e-01
5.4382463839619410e-01 -1.3033506661633643e+00 2.3670143849715894e-01
5.8579289528829337e-01 -1.3832556797009743e+00 1.9470579719268033e-01
5.6250000000000000e-01 -1.5000000000000000e+00 1.5094540951882321e-01
6.0715822927013019e-01 -1.4491168524672531e+00 1.6416230647737864e-01
5.4113466601816307e-01 -1.4341388272337214e+00 1.8096384335234128e-01
7.5000000000000000e-01 -1.5000000000000000e+00 1.1980068691378727e-01
7.0090822927013019e-01 -1.4491168524672531e+00 1.4767529798914500e-01
6.5625000000000000e-01 -1.5000000000000000e+00 1.3613004851672125e-01
7.9687500000000000e-01 -1.4469506048387095e+00 1.3009627704504212e-01
8.4375000000000000e-01 -1.5000000000000000e+00 1.0219491533492477e-01
3.0924421790640463e-02 -1.4270226184351051e+00 2.2941058365433539e-01
1.2467442179064046e-01 -1.4270226184351051e+00 2.2698321338937458e-01
9.3750000000000000e-02 -1.5000000000000000e+00 1.9437239398047110e-01
2.4402576633023312e-01 -1.4318916451305366e+00 2.1753508397606067e-01
-4.6875000000000000e-01 -1.3970171239982043e+00 2.0763517913575555e-01
-5.1507174105896936e-01 -1.3395936002222510e+00 2.2548592468278636e-01
-4.4059629043167370e-01 -1.3333303714515199e+00 2.4031415910640472e-01
-3.6328440944811857e-01 -1.3703385614083605e+00 2.3390467287660824e-01
-3.7500000000000000e-01 -1.5000000000000000e+00 1.7507820260904056e-01
-5.6250000000000000e-01 -1.5000000000000000e+00 1.5094540951882321e-01
-7.5000000000000000e-01 -1.5000000000000000e+00 1.1980068691378727e-01
-6.3559701066204921e-01 -1.4037916730320568e+00 1.7721907971155115e-01
-7.2934701066204921e-01 -1.4037916730320568e+00 1.5937004501625771e-01
-6.5625000000000000e-01 -1.5000000000000000e+00 1.3613004851672125e-01
-5.6194674105896936e-01 -1.3910850382231490e+00 1.9540682378098037e-01
-5.1562500000000000e-01 -1.4485085619991023e+00 1.7879976314701290e-01
-4.2187500000000000e-01 -1.4485085619991023e+00 1.9168799706706796e-01
-3.1640940944811857e-01 -1.4218299994092582e+00 2.1554572966468780e-01
-2.8125000000000000e-01 -1.5000000000000000e+00 1.8394614603807805e-01
-8.9148575520102746e-01 -1.2346619184003425e+00 1.8510705781451045e-01
-9.3971109731931624e-01 -1.0899858920454759e+00 2.2343376894028097e-01
-1.0937500000000000e+00 -1.0714285714285714e+00 1.8144516226176943e-01
-1.0167305486596581e+00 -1.0807072317370237e+00 2.0271740745971489e-01
-9.3860554865965806e-01 -1.0137429460227381e+00 2.5114980207133986e-01
-1.0156250000000000e+00 -1.0044642857142856e+00 2.2851826265441938e-01
-1.0937500000000000e+00 -9.9237351190476186e-01 2.0592001890815365e-01
-1.2500000000000000e+00 -9.3750000000000000e-01 1.6771309900878409e-01
-1.3167133503442705e+00 -7.6603446712569412e-01 1.8502997901410631e-01
-1.3994537716376918e+00 -6.5625000000000000e-01 1.7519477298542763e-01
-1.3580835609909812e+00 -7.1114223356284700e-01 1.8075948521274840e-01
-1.3372070124576008e+00 -6.2154901539963903e-01 2.0716232110520647e-01
-1.2958368018108901e+00 -6.7644124896248614e-01 2.1305360210597096e-01
-1.2539745385516037e+00 -7.9097976439039164e-01 2.0338099970671722e-01
-1.2206178633794684e+00 -8.7671253082754452e-01 1.9414055983794784e-01
-1.2833566751721353e+00 -8.5176723356284700e-01 1.7744370778544791e-01
-8.0008988826256289e-01 -1.2711226322322280e+00 1.9453184026725603e-01
-8.4024548994938708e-01 -1.1506558271717553e+00 2.3025479534053681e-01
-8.6435816100853147e-01 -1.0783178139943219e+00 2.5093097391039998e-01
-9.1559842626017185e-01 -1.1623239052229093e+00 2.0462731817108237e-01
-8.4375000000000000e-01 -1.3795990063197898e+00 1.4440076479052474e-01
-7.9687500000000000e-01 -1.4397995031598949e+00 1.3259733338118126e-01
-7.7622201066204921e-01 -1.3435911761919517e+00 1.7244745821013766e-01
-8.6761787760051368e-01 -1.3071304623600661e+00 1.6494316681142723e-01
-1.1718750000000000e+00 -9.2540922619047616e-01 1.9848664869227534e-01
-1.1718750000000000e+00 -1.0044642857142856e+00 1.7600282692404692e-01
-1.3760197458531598e+00 -4.6875000000000000e-01 2.1694489572035477e-01
-1.3047382308132072e+00 -4.5889689531648375e-01 2.5075546447159858e-01
-1.3254899995653346e+00 -5.2779901539963903e-01 2.2962519249662366e-01
-1.3877367587454259e+00 -5.6250000000000000e-01 1.9677917591675048e-01
-1.3220368160355542e+00 -3.7500000000000000e-01 2.5520716983691394e-01
-1.5000000000000000e+00 -3.7500000000000000e-01 1.7507820260904056e-01
-1.5000000000000000e+00 -1.8750000000000000e-01 1.9042500299161971e-01
-1.3840269431089745e+00 -2.3437500000000000e-01 2.4080669427439677e-01
-1.3840269431089745e+00 -3.2812500000000000e-01 2.3178685973082536e-01
-1.5000000000000000e+00 -2.8125000000000000e-01 1.8394614603807805e-01
-1.4390815390384060e+00 -1.5593567712518394e-01 2.1992328287300464e-01
-1.5000000000000000e+00 -9.3750000000000000e-02 1.9437239398047110e-01
-1.4380098729265800e+00 -4.2187500000000000e-01 1.9628066581131851e-01
-1.5000000000000000e+00 9.3750000000000000e-02 1.9437239398047110e-01
-1.5000000000000000e+00 3.7500000000000000e-01 1.7507820260904056e-01
-1.4076761655686076e+00 3.7341016904200619e-01 2.1579217787364144e-01
-1.5000000000000000e+00 2.8125000000000000e-01 1.8394614603807805e-01
-1.4530171993378977e+00 4.2187500000000000e-01 1.8982549522012379e-01
-1.5000000000000000e+00 4.6875000000000000e-01 1.6400609531113261e-01
3.7500000000000000e-01 -1.5000000000000000e+00 1.7507820260904056e-01
3.3777576633023310e-01 -1.4318916451305366e+00 2.0886839944135183e-01
2.8125000000000000e-01 -1.5000000000000000e+00 1.8394614603807805e-01
4.4738466601816312e-01 -1.4341388272337214e+00 1.9464720571485480e-01
4.6875000000000000e-01 -1.5000000000000000e+00 1.6400609531113261e-01
-4.6875000000000000e-01 -1.5000000000000000e+00 1.6400609531113261e-01
-9.3750000000000000e-01 -1.5000000000000000e+00 8.3539549081038195e-02
-8.9062500000000000e-01 -1.4397995031598949e+00 1.1329693016260112e-01
-8.4375000000000000e-01 -1.5000000000000000e+00 1.0219491533492477e-01
-1.0614380371743799e+00 -1.3205158641336654e+00 1.1272404894582624e-01
-1.2276785714285714e+00 -1.2276785714285714e+00 9.6087980458068295e-02
-1.0775940185871900e+00 -1.1959722177811183e+00 1.4739327962140583e-01
-1.1445583043014755e+00 -1.2740972177811183e+00 1.0535669935444171e-01
-1.1607142857142856e+00 -1.1495535714285714e+00 1.3743385926139190e-01
-1.2388392857142858e+00 -1.0825892857142856e+00 1.3265593221096897e-01
-1.2332589285714286e+00 -1.1551339285714284e+00 1.1450421994701027e-01
-1.1662946428571428e+00 -1.0770089285714284e+00 1.5688444516955208e-01
-1.2444196428571428e+00 -1.0100446428571428e+00 1.5042638798178806e-01
-1.3750000000000000e+00 -1.0312500000000000e+00 1.0298615209963695e-01
-1.5000000000000000e+00 -9.3750000000000000e-01 8.3539549081038195e-02
-1.4375000000000000e+00 -9.8437500000000000e-01 9.3808581130463337e-02
-1.3125000000000000e+00 -9.8437500000000000e-01 1.3458254235292710e-01
-1.3750000000000000e+00 -9.3750000000000000e-01 1.2491625350108931e-01
-1.4083566751721353e+00 -8.5176723356284700e-01 1.3246943626470620e-01
-1.5000000000000000e+00 -7.5000000000000000e-01 1.1980068691378727e-01
-1.5000000000000000e+00 -5.6250000000000000e-01 1.5094540951882321e-01
-1.4497268858188459e+00 -6.0937500000000000e-01 1.6350383477252850e-01
-1.4497268858188459e+00 -7.0312500000000000e-01 1.4699059554400881e-01
-1.5000000000000000e+00 -6.5625000000000000e-01 1.3613004851672125e-01
-1.0005745672468480e+00 -1.2052508780895708e+00 1.6594784206854687e-01
-9.7646189618770363e-01 -1.2775888912670039e+00 1.4817550438113192e-01
-9.5259401858718995e-01 -1.3500574352267276e+00 1.2975898261129112e-01
-9.9946901858718995e-01 -1.4102579320668327e+00 9.9157742192001283e-02
-1.3069196428571428e+00 -1.0569196428571428e+00 1.1813301450814240e-01
-1.4083566751721353e+00 -7.5801723356284700e-01 1.5198255225998697e-01
-1.5000000000000000e+00 -8.4375000000000000e-01 1.0219491533492477e-01
-1.4380098729265800e+00 -5.1562500000000000e-01 1.8321800021147031e-01
-1.5000000000000000e+00 -4.6875000000000000e-01 1.6400609531113261e-01
-1.1250000000000000e+00 -1.5000000000000000e+00 4.3902936429068271e-02
-1.1995655050399747e+00 -1.3725967126731520e+00 6.3003610276138988e-02
-1.3464537431548045e+00 -1.3259060276157781e+00 3.8541812839194493e-02
-1.2730096240973896e+00 -1.3492513701444651e+00 5.1136306418297438e-02
-1.2870661572916879e+00 -1.2767922995221748e+00 6.6716696743888984e-02
-1.2136220382342731e+00 -1.3001376420508617e+00 7.9727219886311290e-02
-1.1305017711071774e+00 -1.3465562884034088e+00 8.7556286413762618e-02
-1.1622827525199875e+00 -1.4362983563365761e+00 5.3854349705113491e-02
-1.0932190185871900e+00 -1.4102579320668327e+00 7.7535893323267477e-02
-1.0312500000000000e+00 -1.5000000000000000e+00 6.4045199814526554e-02
-1.3638392857142858e+00 -1.1763392857142858e+00 7.1192252609400639e-02
-1.3013392857142858e+00 -1.1294642857142856e+00 1.0123416892908065e-01
-1.2957589285714286e+00 -1.2020089285714286e+00 8.3985205693358558e-02
-1.3551465144345451e+00 -1.2511226566650320e+00 5.5041543673613601e-02
-1.3694196428571428e+00 -1.1037946428571428e+00 8.7300470435374283e-02
-1.5000000000000000e+00 -1.1250000000000000e+00 4.3902936429068271e-02
-1.4375000000000000e+00 -1.0781250000000000e+00 7.2808524449640352e-02
-1.5000000000000000e+00 -1.0312500000000000e+00 6.4045199814526554e-02
-1.4319196428571428e+00 -1.1506696428571428e+00 5.7802881862566713e-02
-1.3125000000000000e+00 -1.5000000000000000e+00 2.3330889532769826e-03
-1.3294768715774024e+00 -1.4129530138078890e+00 2.0664267835268410e-02
-1.2560327525199875e+00 -1.4362983563365761e+00 3.1998232109576627e-02
-1.2187500000000000e+00 -1.5000000000000000e+00 2.3282701639602429e-02
-1.5000000000000000e+00 -1.5000000000000000e+00 -4.0061509279258653e-02
-1.5000000000000000e+00 -1.3125000000000000e+00 2.3330889532769826e-03
-1.4232268715774024e+00 -1.3192030138078890e+00 2.0491898556855497e-02
-1.4232268715774024e+00 -1.4129530138078890e+00 -1.8769235525360618e-03
-1.5000000000000000e+00 -1.4062500000000000e+00 -1.8817907513585887e-02
-1.4062500000000000e+00 -1.5000000000000000e+00 -1.8817907513585887e-02
-1.4319196428571428e+00 -1.2444196428571428e+00 3.5904132530830163e-02
-1.5000000000000000e+00 -1.2187500000000000e+00 2.3282701639602429e-02
